node
"(:spade_query_symbols {id_counter: ""0"",graphs: """",predicates: """",metadatas: """"})"
(:spade_query_remote_symbols)
"(:VERTEX {gid: ""1000"",euid: ""1000"",children pid namespace: ""-1"",pid: ""61363"",seen time: ""1690977361.838"",source: ""syscall"",type: ""Process"",net namespace: ""-1"",ipc namespace: ""-1"",ppid: ""59024"",pid namespace: ""-1"",uid: ""1000"",egid: ""1000"",exe: ""/app/cartservice"",mount namespace: ""-1"",name: "".NET ThreadPool"",hash: ""211d27e8c7596547c76fb3f9890ba970"",user namespace: ""-1""})"
"(:VERTEX {memory address: ""7f981a38a000"",size: ""4000"",subtype: ""memory"",tgid: ""61363"",source: ""syscall"",type: ""Artifact"",version: ""0"",hash: ""9f1aac5eb24ee880f1f386ccf0c640d5""})"
"(:VERTEX {memory address: ""7f981a38a000"",size: ""1000"",subtype: ""memory"",tgid: ""61363"",source: ""syscall"",type: ""Artifact"",version: ""0"",hash: ""f7e51070a7543c4ffca4e8ddc37e3dfa""})"
"(:VERTEX {subtype: ""unnamed pipe"",tgid: ""61363"",epoch: ""0"",source: ""syscall"",read fd: ""196"",type: ""Artifact"",version: ""0"",hash: ""8fb7497f03bf1e266b84e12a1895a444"",write fd: ""198""})"
"(:VERTEX {gid: ""1000"",euid: ""1000"",children pid namespace: ""-1"",pid: ""59634"",seen time: ""1690977362.472"",source: ""syscall"",type: ""Process"",net namespace: ""-1"",ipc namespace: ""-1"",ppid: ""58330"",pid namespace: ""-1"",uid: ""1000"",egid: ""1000"",mount namespace: ""-1"",name: ""python"",hash: ""47fb917ded296392a5cc1c1193054f35"",user namespace: ""-1""})"
"(:VERTEX {remote port: ""36086"",epoch: ""0"",source: ""syscall"",type: ""Artifact"",version: ""0"",local port: ""8080"",net namespace: ""-1"",local address: ""0000:0000:0000:0000:0000:0000:0000:0000"",protocol: ""tcp"",subtype: ""network socket"",remote address: ""0000:0000:0000:0000:0000:FFFF:C0A8:2F80"",hash: ""e6488e8b560f6d94073a37f357fa124c""})"
"(:VERTEX {remote port: ""36072"",epoch: ""0"",source: ""syscall"",type: ""Artifact"",version: ""0"",local port: ""8080"",net namespace: ""-1"",local address: ""0000:0000:0000:0000:0000:0000:0000:0000"",protocol: ""tcp"",subtype: ""network socket"",remote address: ""0000:0000:0000:0000:0000:FFFF:C0A8:2F80"",hash: ""ef65675665dfc48c5ee7d6661a3ba98d""})"
"(:VERTEX {gid: ""1000"",euid: ""1000"",children pid namespace: ""-1"",pid: ""60810"",seen time: ""1690977362.483"",source: ""syscall"",type: ""Process"",net namespace: ""-1"",ipc namespace: ""-1"",ppid: ""58654"",pid namespace: ""-1"",uid: ""1000"",egid: ""1000"",mount namespace: ""-1"",name: ""shippingservice"",hash: ""35e32de6e4a192165771f0c964f1b0f0"",user namespace: ""-1""})"
"(:VERTEX {remote port: ""51454"",epoch: ""0"",source: ""syscall"",type: ""Artifact"",version: ""0"",local port: ""50051"",net namespace: ""-1"",local address: ""0000:0000:0000:0000:0000:0000:0000:0000"",protocol: ""tcp"",subtype: ""network socket"",remote address: ""0000:0000:0000:0000:0000:FFFF:C0A8:2F80"",hash: ""7ebb55ec05c120ae77870fadb1e269fd""})"
"(:VERTEX {gid: ""1000"",euid: ""1000"",children pid namespace: ""-1"",pid: ""60791"",seen time: ""1690977362.486"",source: ""syscall"",type: ""Process"",net namespace: ""-1"",ipc namespace: ""-1"",ppid: ""58654"",pid namespace: ""-1"",uid: ""1000"",egid: ""1000"",mount namespace: ""-1"",name: ""shippingservice"",hash: ""1546b4e03a41f22ebe4e61600f91ae97"",user namespace: ""-1""})"
"(:VERTEX {remote port: ""51446"",epoch: ""0"",source: ""syscall"",type: ""Artifact"",version: ""0"",local port: ""50051"",net namespace: ""-1"",local address: ""0000:0000:0000:0000:0000:0000:0000:0000"",protocol: ""tcp"",subtype: ""network socket"",remote address: ""0000:0000:0000:0000:0000:FFFF:C0A8:2F80"",hash: ""3d546c43a0f31425c439a870c6cb98ec""})"
"(:VERTEX {gid: ""1000"",euid: ""1000"",children pid namespace: ""-1"",pid: ""60475"",seen time: ""1690977362.497"",source: ""syscall"",type: ""Process"",net namespace: ""-1"",ipc namespace: ""-1"",ppid: ""58571"",pid namespace: ""-1"",uid: ""1000"",egid: ""1000"",mount namespace: ""-1"",name: ""node"",hash: ""73fd34a243fd6fa9eccb7afacfd5a9ee"",user namespace: ""-1""})"
"(:VERTEX {remote port: ""57912"",epoch: ""0"",source: ""syscall"",type: ""Artifact"",version: ""0"",local port: ""7000"",net namespace: ""-1"",local address: ""0000:0000:0000:0000:0000:0000:0000:0000"",protocol: ""tcp"",subtype: ""network socket"",remote address: ""0000:0000:0000:0000:0000:FFFF:C0A8:2F80"",hash: ""bc6056869f54b1f3718ede5514213367""})"
"(:VERTEX {remote port: ""57926"",epoch: ""0"",source: ""syscall"",type: ""Artifact"",version: ""0"",local port: ""7000"",net namespace: ""-1"",local address: ""0000:0000:0000:0000:0000:0000:0000:0000"",protocol: ""tcp"",subtype: ""network socket"",remote address: ""0000:0000:0000:0000:0000:FFFF:C0A8:2F80"",hash: ""3d04b3c343b0f44ca0a03a5b598fa636""})"
"(:VERTEX {gid: ""1000"",euid: ""1000"",children pid namespace: ""-1"",pid: ""60145"",seen time: ""1690977362.508"",source: ""syscall"",type: ""Process"",net namespace: ""-1"",ipc namespace: ""-1"",ppid: ""58532"",pid namespace: ""-1"",uid: ""1000"",egid: ""1000"",mount namespace: ""-1"",name: ""checkoutservice"",hash: ""3fd3a29ad41c14142db4366913aa311a"",user namespace: ""-1""})"
"(:VERTEX {remote port: ""47400"",epoch: ""0"",source: ""syscall"",type: ""Artifact"",version: ""0"",local port: ""5050"",net namespace: ""-1"",local address: ""0000:0000:0000:0000:0000:0000:0000:0000"",protocol: ""tcp"",subtype: ""network socket"",remote address: ""0000:0000:0000:0000:0000:FFFF:C0A8:2F80"",hash: ""03adceb1e3b3e1359bfe22fff16244c3""})"
"(:VERTEX {gid: ""1000"",euid: ""1000"",children pid namespace: ""-1"",pid: ""60101"",seen time: ""1690977362.508"",source: ""syscall"",type: ""Process"",net namespace: ""-1"",ipc namespace: ""-1"",ppid: ""58532"",pid namespace: ""-1"",uid: ""1000"",egid: ""1000"",mount namespace: ""-1"",name: ""checkoutservice"",hash: ""4467cb28e26787b9dd21ca60c08e3ff6"",user namespace: ""-1""})"
"(:VERTEX {remote port: ""47404"",epoch: ""0"",source: ""syscall"",type: ""Artifact"",version: ""0"",local port: ""5050"",net namespace: ""-1"",local address: ""0000:0000:0000:0000:0000:0000:0000:0000"",protocol: ""tcp"",subtype: ""network socket"",remote address: ""0000:0000:0000:0000:0000:FFFF:C0A8:2F80"",hash: ""76f8ef233052d8f3fd47ed57cacaaaa6""})"
"(:VERTEX {gid: ""1000"",euid: ""1000"",children pid namespace: ""-1"",pid: ""59971"",seen time: ""1690977362.508"",source: ""syscall"",type: ""Process"",net namespace: ""-1"",ipc namespace: ""-1"",ppid: ""58457"",pid namespace: ""-1"",uid: ""1000"",egid: ""1000"",mount namespace: ""-1"",name: ""redis-server"",hash: ""a5a2c669a51d34eec9ba0fb3ee51ec32"",user namespace: ""-1""})"
"(:VERTEX {remote port: ""48234"",epoch: ""0"",source: ""syscall"",type: ""Artifact"",version: ""0"",local port: ""6379"",net namespace: ""-1"",local address: ""0.0.0.0"",protocol: ""tcp"",subtype: ""network socket"",remote address: ""192.168.47.128"",hash: ""0715867e2df92e70219874157c9536b1""})"
"(:VERTEX {remote port: ""48248"",epoch: ""0"",source: ""syscall"",type: ""Artifact"",version: ""0"",local port: ""6379"",net namespace: ""-1"",local address: ""0.0.0.0"",protocol: ""tcp"",subtype: ""network socket"",remote address: ""192.168.47.128"",hash: ""3355215aa973db01e02db817c909ed91""})"
"(:VERTEX {gid: ""1000"",euid: ""1000"",children pid namespace: ""-1"",pid: ""61217"",seen time: ""1690977362.713"",source: ""syscall"",type: ""Process"",net namespace: ""-1"",ipc namespace: ""-1"",ppid: ""58880"",pid namespace: ""-1"",uid: ""1000"",egid: ""1000"",mount namespace: ""-1"",name: ""server"",hash: ""9d7126a12fcb0cd24b0ae1cc8e70495a"",user namespace: ""-1""})"
"(:VERTEX {remote port: ""43008"",epoch: ""0"",source: ""syscall"",type: ""Artifact"",version: ""0"",local port: ""8080"",net namespace: ""-1"",local address: ""0000:0000:0000:0000:0000:0000:0000:0000"",protocol: ""tcp"",subtype: ""network socket"",remote address: ""0000:0000:0000:0000:0000:FFFF:C0A8:2F80"",hash: ""0a675e2837b8710f84c0266038efe89b""})"
"(:VERTEX {remote port: ""43014"",epoch: ""0"",source: ""syscall"",type: ""Artifact"",version: ""0"",local port: ""8080"",net namespace: ""-1"",local address: ""0000:0000:0000:0000:0000:0000:0000:0000"",protocol: ""tcp"",subtype: ""network socket"",remote address: ""0000:0000:0000:0000:0000:FFFF:C0A8:2F80"",hash: ""65d3f2b686e26c3d66416069023d599d""})"
"(:VERTEX {gid: ""1000"",euid: ""1000"",children pid namespace: ""-1"",pid: ""61014"",seen time: ""1690977362.918"",source: ""syscall"",type: ""Process"",net namespace: ""-1"",ipc namespace: ""-1"",ppid: ""58924"",pid namespace: ""-1"",uid: ""1000"",egid: ""1000"",mount namespace: ""-1"",name: ""node"",hash: ""e0fe46c99a19fb72a30b5b6cabd224ea"",user namespace: ""-1""})"
"(:VERTEX {remote port: ""34000"",epoch: ""0"",source: ""syscall"",type: ""Artifact"",version: ""0"",local port: ""50051"",net namespace: ""-1"",local address: ""0000:0000:0000:0000:0000:0000:0000:0000"",protocol: ""tcp"",subtype: ""network socket"",remote address: ""0000:0000:0000:0000:0000:FFFF:C0A8:2F80"",hash: ""b7bcec8ff77f147913ba32123ce81955""})"
"(:VERTEX {gid: ""1000"",euid: ""1000"",children pid namespace: ""-1"",pid: ""110205"",seen time: ""1690977362.918"",source: ""syscall"",type: ""Process"",net namespace: ""-1"",ipc namespace: ""-1"",ppid: ""59024"",pid namespace: ""-1"",uid: ""1000"",egid: ""1000"",mount namespace: ""-1"",name: "".NET ThreadPool"",hash: ""a728e3c7466ba49a3e600325b91c9d2d"",user namespace: ""-1""})"
"(:VERTEX {remote port: ""38034"",epoch: ""0"",source: ""syscall"",type: ""Artifact"",version: ""0"",local port: ""7070"",net namespace: ""-1"",local address: ""0000:0000:0000:0000:0000:0000:0000:0000"",protocol: ""tcp"",subtype: ""network socket"",remote address: ""0000:0000:0000:0000:0000:FFFF:C0A8:2F80"",hash: ""d2ac934b27b60ace4c330c8d777bea7a""})"
"(:VERTEX {remote port: ""38038"",epoch: ""0"",source: ""syscall"",type: ""Artifact"",version: ""0"",local port: ""7070"",net namespace: ""-1"",local address: ""0000:0000:0000:0000:0000:0000:0000:0000"",protocol: ""tcp"",subtype: ""network socket"",remote address: ""0000:0000:0000:0000:0000:FFFF:C0A8:2F80"",hash: ""c6c62326084f10f25e9eb9416d7d6a79""})"
"(:VERTEX {remote port: ""33984"",epoch: ""0"",source: ""syscall"",type: ""Artifact"",version: ""0"",local port: ""50051"",net namespace: ""-1"",local address: ""0000:0000:0000:0000:0000:0000:0000:0000"",protocol: ""tcp"",subtype: ""network socket"",remote address: ""0000:0000:0000:0000:0000:FFFF:C0A8:2F80"",hash: ""453317491d974ceff5f2a4ab22884ff7""})"
"(:VERTEX {gid: ""1000"",euid: ""1000"",children pid namespace: ""-1"",pid: ""61645"",seen time: ""1690977362.922"",source: ""syscall"",type: ""Process"",net namespace: ""-1"",ipc namespace: ""-1"",ppid: ""59160"",pid namespace: ""-1"",uid: ""1000"",egid: ""1000"",mount namespace: ""-1"",name: ""server"",hash: ""0666edab3dd2b3220ab59d712787b12f"",user namespace: ""-1""})"
"(:VERTEX {remote port: ""36546"",epoch: ""0"",source: ""syscall"",type: ""Artifact"",version: ""0"",local port: ""3550"",net namespace: ""-1"",local address: ""0000:0000:0000:0000:0000:0000:0000:0000"",protocol: ""tcp"",subtype: ""network socket"",remote address: ""0000:0000:0000:0000:0000:FFFF:C0A8:2F80"",hash: ""a67de3a9e912e9a26f6f53d2c5269e4c""})"
"(:VERTEX {gid: ""1000"",euid: ""1000"",children pid namespace: ""-1"",pid: ""61592"",seen time: ""1690977362.925"",source: ""syscall"",type: ""Process"",net namespace: ""-1"",ipc namespace: ""-1"",ppid: ""59070"",pid namespace: ""-1"",uid: ""1000"",egid: ""1000"",mount namespace: ""-1"",name: ""python"",hash: ""a49fcca293a7905e857948aa005ecaca"",user namespace: ""-1""})"
"(:VERTEX {remote port: ""44854"",epoch: ""0"",source: ""syscall"",type: ""Artifact"",version: ""0"",local port: ""8080"",net namespace: ""-1"",local address: ""0000:0000:0000:0000:0000:0000:0000:0000"",protocol: ""tcp"",subtype: ""network socket"",remote address: ""0000:0000:0000:0000:0000:FFFF:C0A8:2F80"",hash: ""0615dfcdae5f21b51f22e848efef783d""})"
"(:VERTEX {remote port: ""44870"",epoch: ""0"",source: ""syscall"",type: ""Artifact"",version: ""0"",local port: ""8080"",net namespace: ""-1"",local address: ""0000:0000:0000:0000:0000:0000:0000:0000"",protocol: ""tcp"",subtype: ""network socket"",remote address: ""0000:0000:0000:0000:0000:FFFF:C0A8:2F80"",hash: ""03478f9591292dc4a2d13eabcefee6e2""})"
"(:VERTEX {remote port: ""36556"",epoch: ""0"",source: ""syscall"",type: ""Artifact"",version: ""0"",local port: ""3550"",net namespace: ""-1"",local address: ""0000:0000:0000:0000:0000:0000:0000:0000"",protocol: ""tcp"",subtype: ""network socket"",remote address: ""0000:0000:0000:0000:0000:FFFF:C0A8:2F80"",hash: ""e888434596b37906c77a4ea0e379e04b""})"
"(:VERTEX {gid: ""0"",euid: ""999"",children pid namespace: ""-1"",pid: ""116184"",seen time: ""1690977366.885"",source: ""syscall"",type: ""Process"",net namespace: ""-1"",ipc namespace: ""-1"",ppid: ""116175"",pid namespace: ""-1"",uid: ""999"",egid: ""0"",exe: ""/"",mount namespace: ""-1"",name: ""runc:[2:INIT]"",hash: ""26cf9249690e223da876445a02973965"",user namespace: ""-1""})"
"(:VERTEX {path: ""/proc/116184/attr/apparmor/exec"",subtype: ""file"",permissions: ""0666"",epoch: ""0"",source: ""syscall"",type: ""Artifact"",version: ""0"",hash: ""cd0c635024a38a4136b447ee2c12198f""})"
"(:VERTEX {gid: ""0"",euid: ""999"",children pid namespace: ""-1"",start time: ""1690977366.885"",pid: ""116184"",source: ""syscall"",type: ""Process"",net namespace: ""-1"",ipc namespace: ""-1"",ppid: ""116175"",pid namespace: ""-1"",cwd: ""/"",uid: ""999"",egid: ""0"",exe: ""/usr/bin/check-status"",mount namespace: ""-1"",command line: ""/usr/bin/check-status -r"",name: ""check-status"",hash: ""db75b2e093eac4196db510cbcb8983fb"",user namespace: ""-1""})"
"(:VERTEX {path: ""/usr/bin/check-status"",subtype: ""file"",permissions: ""0755"",epoch: ""0"",source: ""syscall"",type: ""Artifact"",version: ""0"",hash: ""612dfc8e96efef8d513d78ac09097743""})"
"(:VERTEX {path: ""/lib64/ld-linux-x86-64.so.2"",subtype: ""file"",permissions: ""0755"",epoch: ""0"",source: ""syscall"",type: ""Artifact"",version: ""0"",hash: ""02a4195a9866b7c9eba7405c13110dad""})"
"(:VERTEX {path: ""/lib64/libpthread.so.0"",subtype: ""file"",permissions: ""0755"",epoch: ""0"",source: ""syscall"",type: ""Artifact"",version: ""0"",hash: ""55f5e2aa4da1536b8965518933bb5ecc""})"
"(:VERTEX {memory address: ""7fe55abe8000"",size: ""2000"",subtype: ""memory"",tgid: ""116184"",source: ""syscall"",type: ""Artifact"",version: ""0"",hash: ""d3f6d59c6b0ef4e60651cb01805c5065""})"
"(:VERTEX {memory address: ""7fe55a79d000"",size: ""21f4c0"",subtype: ""memory"",tgid: ""116184"",source: ""syscall"",type: ""Artifact"",version: ""0"",hash: ""a07ff4a439953ac1a8de8b60dd44c0ee""})"
"(:VERTEX {memory address: ""7fe55a7b8000"",size: ""1ff000"",subtype: ""memory"",tgid: ""116184"",source: ""syscall"",type: ""Artifact"",version: ""0"",hash: ""309368a4f5181494e4fc6f8ac486c100""})"
"(:VERTEX {memory address: ""7fe55a9b7000"",size: ""2000"",subtype: ""memory"",tgid: ""116184"",source: ""syscall"",type: ""Artifact"",version: ""0"",hash: ""ab03a2505d4ffd665f203f40f763f855""})"
"(:VERTEX {memory address: ""7fe55a9b9000"",size: ""34c0"",subtype: ""memory"",tgid: ""116184"",source: ""syscall"",type: ""Artifact"",version: ""0"",hash: ""c415dc3d2d48dc33e1dd5dad4f58b186""})"
"(:VERTEX {path: ""/lib64/libc.so.6"",subtype: ""file"",permissions: ""0755"",epoch: ""0"",source: ""syscall"",type: ""Artifact"",version: ""0"",hash: ""95ae81684d9c1327fa72d3a6be3ac96a""})"
"(:VERTEX {memory address: ""7fe55a3d7000"",size: ""3c58c0"",subtype: ""memory"",tgid: ""116184"",source: ""syscall"",type: ""Artifact"",version: ""0"",hash: ""89b840df5281eace00f3407f7f264a88""})"
"(:VERTEX {memory address: ""7fe55a593000"",size: ""200000"",subtype: ""memory"",tgid: ""116184"",source: ""syscall"",type: ""Artifact"",version: ""0"",hash: ""52d6a63f53fd8379ac292cfd65c8e697""})"
"(:VERTEX {memory address: ""7fe55a793000"",size: ""6000"",subtype: ""memory"",tgid: ""116184"",source: ""syscall"",type: ""Artifact"",version: ""0"",hash: ""9c5eae65348e003d51afef60474ef897""})"
"(:VERTEX {memory address: ""7fe55a799000"",size: ""38c0"",subtype: ""memory"",tgid: ""116184"",source: ""syscall"",type: ""Artifact"",version: ""0"",hash: ""59f5e1eee4952c046031451d5b2275bf""})"
"(:VERTEX {memory address: ""7fe55abe5000"",size: ""3000"",subtype: ""memory"",tgid: ""116184"",source: ""syscall"",type: ""Artifact"",version: ""0"",hash: ""b1da8580590eca153880f47173295109""})"
"(:VERTEX {memory address: ""7fe55a793000"",size: ""4000"",subtype: ""memory"",tgid: ""116184"",source: ""syscall"",type: ""Artifact"",version: ""0"",hash: ""41280f4c849677591ab647c3531aa122""})"
"(:VERTEX {memory address: ""7fe55a9b7000"",size: ""1000"",subtype: ""memory"",tgid: ""116184"",source: ""syscall"",type: ""Artifact"",version: ""0"",hash: ""27d065d15eec3bcdefb35371fd919787""})"
"(:VERTEX {memory address: ""7fe55abea000"",size: ""1000"",subtype: ""memory"",tgid: ""116184"",source: ""syscall"",type: ""Artifact"",version: ""0"",hash: ""3ab922f1f3e5458602dc56fbe55225a1""})"
"(:VERTEX {path: ""/sys/kernel/mm/transparent_hugepage/hpage_pmd_size"",subtype: ""file"",permissions: ""0444"",epoch: ""0"",source: ""syscall"",type: ""Artifact"",version: ""0"",hash: ""ff24d51b85635ab8e2118892169b5c1d""})"
"(:VERTEX {memory address: ""7fe55aba5000"",size: ""40000"",subtype: ""memory"",tgid: ""116184"",source: ""syscall"",type: ""Artifact"",version: ""0"",hash: ""b818e6afd27c62af7f66761b6ce1c06c""})"
"(:VERTEX {memory address: ""7fe55ab85000"",size: ""20000"",subtype: ""memory"",tgid: ""116184"",source: ""syscall"",type: ""Artifact"",version: ""0"",hash: ""7c60a33b299852374e823ea4150933ea""})"
"(:VERTEX {memory address: ""7fe55aa85000"",size: ""100000"",subtype: ""memory"",tgid: ""116184"",source: ""syscall"",type: ""Artifact"",version: ""0"",hash: ""2c2ba92ff35944c48608dcd2d9ab1acc""})"
"(:VERTEX {memory address: ""7fe559bd7000"",size: ""800000"",subtype: ""memory"",tgid: ""116184"",source: ""syscall"",type: ""Artifact"",version: ""0"",hash: ""2eab3c87d54d212bfc654287cc0f885e""})"
"(:VERTEX {memory address: ""7fe555bd7000"",size: ""4000000"",subtype: ""memory"",tgid: ""116184"",source: ""syscall"",type: ""Artifact"",version: ""0"",hash: ""e5198e37d6cd299a8c325d3728fc9572""})"
"(:VERTEX {memory address: ""7fe535bd7000"",size: ""20000000"",subtype: ""memory"",tgid: ""116184"",source: ""syscall"",type: ""Artifact"",version: ""0"",hash: ""e2db1f6c0bb0507ccf86a466bd3b49ee""})"
"(:VERTEX {memory address: ""c000000000"",size: ""4000000"",subtype: ""memory"",tgid: ""116184"",source: ""syscall"",type: ""Artifact"",version: ""0"",hash: ""4fed1d3566c421305d9c62421e628af7""})"
"(:VERTEX {memory address: ""7fe533bd7000"",size: ""2000000"",subtype: ""memory"",tgid: ""116184"",source: ""syscall"",type: ""Artifact"",version: ""0"",hash: ""4957f2967f0f342b2c082450c9e4bb5a""})"
"(:VERTEX {memory address: ""7fe5339c6000"",size: ""210c10"",subtype: ""memory"",tgid: ""116184"",source: ""syscall"",type: ""Artifact"",version: ""0"",hash: ""7f4349dd0139f5a123492e468e7baf9e""})"
"(:VERTEX {memory address: ""c000000000"",size: ""400000"",subtype: ""memory"",tgid: ""116184"",source: ""syscall"",type: ""Artifact"",version: ""0"",hash: ""3d898ba62f7b6fca10b64addd7c66d0a""})"
"(:VERTEX {memory address: ""7fe55ab85000"",size: ""20000"",subtype: ""memory"",tgid: ""116184"",source: ""syscall"",type: ""Artifact"",version: ""1"",hash: ""fd4be4941fa82a1a248959ec24a8bf5a""})"
"(:VERTEX {memory address: ""7fe55ab05000"",size: ""1000"",subtype: ""memory"",tgid: ""116184"",source: ""syscall"",type: ""Artifact"",version: ""0"",hash: ""d129a4e2879ab91e3274470fa471e52d""})"
"(:VERTEX {memory address: ""7fe559fdd000"",size: ""1000"",subtype: ""memory"",tgid: ""116184"",source: ""syscall"",type: ""Artifact"",version: ""0"",hash: ""57ab64fe9deab5d81d965ba69bb075c8""})"
"(:VERTEX {memory address: ""7fe557c07000"",size: ""1000"",subtype: ""memory"",tgid: ""116184"",source: ""syscall"",type: ""Artifact"",version: ""0"",hash: ""f1d88c2b0b620b3214457b80483373ff""})"
"(:VERTEX {memory address: ""7fe545d57000"",size: ""1000"",subtype: ""memory"",tgid: ""116184"",source: ""syscall"",type: ""Artifact"",version: ""0"",hash: ""36e1426c2acbd87f420dbdab69986f70""})"
"(:VERTEX {memory address: ""7fe5338c6000"",size: ""100000"",subtype: ""memory"",tgid: ""116184"",source: ""syscall"",type: ""Artifact"",version: ""0"",hash: ""a0e9cee22eecc56eac0f32c0e2ec67d1""})"
"(:VERTEX {memory address: ""7fe55aa75000"",size: ""10000"",subtype: ""memory"",tgid: ""116184"",source: ""syscall"",type: ""Artifact"",version: ""0"",hash: ""5aa3dd7ecb319a4592d971a051bdf326""})"
"(:VERTEX {memory address: ""7fe55aa65000"",size: ""10000"",subtype: ""memory"",tgid: ""116184"",source: ""syscall"",type: ""Artifact"",version: ""0"",hash: ""5f7224336a6c6dac4dd73b1019674f92""})"
"(:VERTEX {memory address: ""7fe5330c5000"",size: ""801000"",subtype: ""memory"",tgid: ""116184"",source: ""syscall"",type: ""Artifact"",version: ""0"",hash: ""feff1337647a61a2e2669a63f1a3bc22""})"
"(:VERTEX {memory address: ""7fe5330c6000"",size: ""800000"",subtype: ""memory"",tgid: ""116184"",source: ""syscall"",type: ""Artifact"",version: ""0"",hash: ""5ac52ecae090673901db3d3ebdaff96f""})"
"(:VERTEX {gid: ""0"",euid: ""999"",children pid namespace: ""4026532779"",start time: ""1690977366.889"",ns pid: ""8573"",pid: ""116190"",source: ""syscall"",type: ""Process"",net namespace: ""4026532705"",ipc namespace: ""4026532772"",ppid: ""116184"",pid namespace: ""4026532779"",cwd: ""/"",uid: ""999"",egid: ""0"",exe: ""/usr/bin/check-status"",mount namespace: ""4026532778"",command line: ""/usr/bin/check-status -r"",name: ""check-status"",hash: ""031e65cea3c98c60b9cc5017ad45d1e4"",user namespace: ""4026531837""})"
"(:VERTEX {memory address: ""7fe5328c4000"",size: ""801000"",subtype: ""memory"",tgid: ""116184"",source: ""syscall"",type: ""Artifact"",version: ""0"",hash: ""861b276510b7ad677a74169db1305fd1""})"
"(:VERTEX {memory address: ""7fe5328c5000"",size: ""800000"",subtype: ""memory"",tgid: ""116184"",source: ""syscall"",type: ""Artifact"",version: ""0"",hash: ""65d2644ecc50d1942a2bd63a77e2ffc1""})"
"(:VERTEX {gid: ""0"",euid: ""999"",children pid namespace: ""4026532779"",start time: ""1690977366.889"",ns pid: ""8574"",pid: ""116191"",source: ""syscall"",type: ""Process"",net namespace: ""4026532705"",ipc namespace: ""4026532772"",ppid: ""116184"",pid namespace: ""4026532779"",cwd: ""/"",uid: ""999"",egid: ""0"",exe: ""/usr/bin/check-status"",mount namespace: ""4026532778"",command line: ""/usr/bin/check-status -r"",name: ""check-status"",hash: ""f59b9eb7b1a0b60c7db08cba0b49eba9"",user namespace: ""4026531837""})"
"(:VERTEX {memory address: ""7fe52a8c4000"",size: ""8000000"",subtype: ""memory"",tgid: ""116184"",source: ""syscall"",type: ""Artifact"",version: ""0"",hash: ""3c9c0120e55d352ebeef3b1714c902ce""})"
"(:VERTEX {memory address: ""7fe5220c3000"",size: ""801000"",subtype: ""memory"",tgid: ""116184"",source: ""syscall"",type: ""Artifact"",version: ""0"",hash: ""febd16082c6bb460bd916a5b1152be0a""})"
"(:VERTEX {memory address: ""7fe5220c4000"",size: ""800000"",subtype: ""memory"",tgid: ""116184"",source: ""syscall"",type: ""Artifact"",version: ""0"",hash: ""f39bc268e7220b13eef2b08d6c661a8f""})"
"(:VERTEX {gid: ""0"",euid: ""999"",children pid namespace: ""4026532779"",start time: ""1690977366.889"",ns pid: ""8575"",pid: ""116192"",source: ""syscall"",type: ""Process"",net namespace: ""4026532705"",ipc namespace: ""4026532772"",ppid: ""116184"",pid namespace: ""4026532779"",cwd: ""/"",uid: ""999"",egid: ""0"",exe: ""/usr/bin/check-status"",mount namespace: ""4026532778"",command line: ""/usr/bin/check-status -r"",name: ""check-status"",hash: ""e530f263392d77811bda5f75c0f28a48"",user namespace: ""4026531837""})"
"(:VERTEX {memory address: ""7fe52c000000"",size: ""21000"",subtype: ""memory"",tgid: ""116184"",source: ""syscall"",type: ""Artifact"",version: ""0"",hash: ""8a02752d1efc847cee05a4b85431c553""})"
"(:VERTEX {memory address: ""7fe51a0c3000"",size: ""8000000"",subtype: ""memory"",tgid: ""116184"",source: ""syscall"",type: ""Artifact"",version: ""0"",hash: ""562d0faec9d0ae32b84630f7add3bad9""})"
"(:VERTEX {memory address: ""7fe51c000000"",size: ""21000"",subtype: ""memory"",tgid: ""116184"",source: ""syscall"",type: ""Artifact"",version: ""0"",hash: ""41c55b0d6983f24dfdd2e16f3208a0bf""})"
"(:VERTEX {memory address: ""7fe5320c3000"",size: ""801000"",subtype: ""memory"",tgid: ""116184"",source: ""syscall"",type: ""Artifact"",version: ""0"",hash: ""fa30468d472c0f90303fb5c018824091""})"
"(:VERTEX {memory address: ""7fe5320c4000"",size: ""800000"",subtype: ""memory"",tgid: ""116184"",source: ""syscall"",type: ""Artifact"",version: ""0"",hash: ""c272ebdeb7d34440c3bff54f9bb3bbd4""})"
"(:VERTEX {gid: ""0"",euid: ""999"",children pid namespace: ""4026532779"",start time: ""1690977366.893"",ns pid: ""8576"",pid: ""116193"",source: ""syscall"",type: ""Process"",net namespace: ""4026532705"",ipc namespace: ""4026532772"",ppid: ""116184"",pid namespace: ""4026532779"",cwd: ""/"",uid: ""999"",egid: ""0"",exe: ""/usr/bin/check-status"",mount namespace: ""4026532778"",command line: ""/usr/bin/check-status -r"",name: ""check-status"",hash: ""5de3bb1c24c1b51a354c90bf53b1b493"",user namespace: ""4026531837""})"
"(:VERTEX {memory address: ""7fe5228c4000"",size: ""8000000"",subtype: ""memory"",tgid: ""116184"",source: ""syscall"",type: ""Artifact"",version: ""0"",hash: ""3f487d6477c0eaa5f8454a665139d755""})"
"(:VERTEX {memory address: ""7fe524000000"",size: ""21000"",subtype: ""memory"",tgid: ""116184"",source: ""syscall"",type: ""Artifact"",version: ""0"",hash: ""5267401a4285d2ff23900a3886126e92""})"
"(:VERTEX {memory address: ""7fe514000000"",size: ""8000000"",subtype: ""memory"",tgid: ""116184"",source: ""syscall"",type: ""Artifact"",version: ""0"",hash: ""22986cb5aa298441bfb3bddab9883650""})"
"(:VERTEX {memory address: ""7fe55aa25000"",size: ""40000"",subtype: ""memory"",tgid: ""116184"",source: ""syscall"",type: ""Artifact"",version: ""0"",hash: ""32f8eaa205694d5773b720ad9779ff12""})"
"(:VERTEX {memory address: ""7fe514000000"",size: ""21000"",subtype: ""memory"",tgid: ""116184"",source: ""syscall"",type: ""Artifact"",version: ""0"",hash: ""0bcc36d32222a7b2bec2db871198e4f8""})"
"(:VERTEX {memory address: ""7fe5318c2000"",size: ""801000"",subtype: ""memory"",tgid: ""116184"",source: ""syscall"",type: ""Artifact"",version: ""0"",hash: ""fffb0009e048b6b88114d9ed98196b9f""})"
"(:VERTEX {memory address: ""7fe5318c3000"",size: ""800000"",subtype: ""memory"",tgid: ""116184"",source: ""syscall"",type: ""Artifact"",version: ""0"",hash: ""ff13f9e6621a9e9aa5795fa3e3a5b6d1""})"
"(:VERTEX {gid: ""0"",euid: ""999"",children pid namespace: ""4026532779"",start time: ""1690977366.893"",ns pid: ""8577"",pid: ""116194"",source: ""syscall"",type: ""Process"",net namespace: ""4026532705"",ipc namespace: ""4026532772"",ppid: ""116184"",pid namespace: ""4026532779"",cwd: ""/"",uid: ""999"",egid: ""0"",exe: ""/usr/bin/check-status"",mount namespace: ""4026532778"",command line: ""/usr/bin/check-status -r"",name: ""check-status"",hash: ""43cf8a9fa96fe22de3bb3c104749b616"",user namespace: ""4026531837""})"
"(:VERTEX {path: ""/status/status.json"",subtype: ""file"",permissions: ""0644"",epoch: ""0"",source: ""syscall"",type: ""Artifact"",version: ""0"",hash: ""0a3b17f67cb96eefa209227ea77e7834""})"
"(:VERTEX {memory address: ""7fe518000000"",size: ""4000000"",subtype: ""memory"",tgid: ""116184"",source: ""syscall"",type: ""Artifact"",version: ""0"",hash: ""8b056b4b9db92aa2ddd24db37ad89dda""})"
"(:VERTEX {memory address: ""7fe518000000"",size: ""21000"",subtype: ""memory"",tgid: ""116184"",source: ""syscall"",type: ""Artifact"",version: ""0"",hash: ""d69025b9b7b375868c4ab071b5c3dc9c""})"
"(:VERTEX {remote port: ""43258"",epoch: ""0"",source: ""syscall"",type: ""Artifact"",version: ""0"",local port: ""8080"",net namespace: ""-1"",local address: ""0000:0000:0000:0000:0000:0000:0000:0000"",protocol: ""tcp"",subtype: ""network socket"",remote address: ""0000:0000:0000:0000:0000:FFFF:C0A8:2F80"",hash: ""8ab8ccc39e060cde1cef8483a36aaecf""})"
"(:VERTEX {remote port: ""43264"",epoch: ""0"",source: ""syscall"",type: ""Artifact"",version: ""0"",local port: ""8080"",net namespace: ""-1"",local address: ""0000:0000:0000:0000:0000:0000:0000:0000"",protocol: ""tcp"",subtype: ""network socket"",remote address: ""0000:0000:0000:0000:0000:FFFF:C0A8:2F80"",hash: ""d84baf99670e870447ea786e6f0f938c""})"
"(:VERTEX {remote port: ""40670"",epoch: ""0"",source: ""syscall"",type: ""Artifact"",version: ""0"",local port: ""50051"",net namespace: ""-1"",local address: ""0000:0000:0000:0000:0000:0000:0000:0000"",protocol: ""tcp"",subtype: ""network socket"",remote address: ""0000:0000:0000:0000:0000:FFFF:C0A8:2F80"",hash: ""2455bee95784e16140cdb435bdaa110a""})"
"(:VERTEX {remote port: ""43698"",epoch: ""0"",source: ""syscall"",type: ""Artifact"",version: ""0"",local port: ""6379"",net namespace: ""-1"",local address: ""0.0.0.0"",protocol: ""tcp"",subtype: ""network socket"",remote address: ""192.168.47.128"",hash: ""b350c1b1d914b7ed5ece702ef9aa043b""})"
"(:VERTEX {remote port: ""43710"",epoch: ""0"",source: ""syscall"",type: ""Artifact"",version: ""0"",local port: ""6379"",net namespace: ""-1"",local address: ""0.0.0.0"",protocol: ""tcp"",subtype: ""network socket"",remote address: ""192.168.47.128"",hash: ""6c0fdf99ad49294e64acaa70c91ba728""})"
"(:VERTEX {gid: ""1000"",euid: ""1000"",children pid namespace: ""-1"",pid: ""60169"",seen time: ""1690977367.616"",source: ""syscall"",type: ""Process"",net namespace: ""-1"",ipc namespace: ""-1"",ppid: ""58483"",pid namespace: ""-1"",uid: ""1000"",egid: ""1000"",mount namespace: ""-1"",name: ""grpc-nio-boss-E"",hash: ""19d09197c9a051dd2b88efe5b5834dbf"",user namespace: ""-1""})"
"(:VERTEX {remote port: ""58844"",epoch: ""0"",source: ""syscall"",type: ""Artifact"",version: ""0"",local port: ""9555"",net namespace: ""-1"",local address: ""0000:0000:0000:0000:0000:0000:0000:0000"",protocol: ""tcp"",subtype: ""network socket"",remote address: ""0000:0000:0000:0000:0000:FFFF:C0A8:2F80"",hash: ""4e56eb577f4abd012f9f6c886700ae33""})"
"(:VERTEX {remote port: ""58860"",epoch: ""0"",source: ""syscall"",type: ""Artifact"",version: ""0"",local port: ""9555"",net namespace: ""-1"",local address: ""0000:0000:0000:0000:0000:0000:0000:0000"",protocol: ""tcp"",subtype: ""network socket"",remote address: ""0000:0000:0000:0000:0000:FFFF:C0A8:2F80"",hash: ""18fae9dbc9d32653c6c777bc4a8c82e7""})"
"(:VERTEX {remote port: ""52558"",epoch: ""0"",source: ""syscall"",type: ""Artifact"",version: ""0"",local port: ""8080"",net namespace: ""-1"",local address: ""0000:0000:0000:0000:0000:0000:0000:0000"",protocol: ""tcp"",subtype: ""network socket"",remote address: ""0000:0000:0000:0000:0000:FFFF:C0A8:2F80"",hash: ""adb3627ca0e7f4b66e6851543b2fb3ac""})"
"(:VERTEX {remote port: ""52570"",epoch: ""0"",source: ""syscall"",type: ""Artifact"",version: ""0"",local port: ""8080"",net namespace: ""-1"",local address: ""0000:0000:0000:0000:0000:0000:0000:0000"",protocol: ""tcp"",subtype: ""network socket"",remote address: ""0000:0000:0000:0000:0000:FFFF:C0A8:2F80"",hash: ""40fe4fe480c435a7a94c4f876fffb01f""})"
"(:VERTEX {gid: ""0"",euid: ""999"",children pid namespace: ""-1"",pid: ""116283"",seen time: ""1690977369.042"",source: ""syscall"",type: ""Process"",net namespace: ""-1"",ipc namespace: ""-1"",ppid: ""116272"",pid namespace: ""-1"",uid: ""999"",egid: ""0"",exe: ""/"",mount namespace: ""-1"",name: ""runc:[2:INIT]"",hash: ""8ebba78981ed58ba77b64e6331319220"",user namespace: ""-1""})"
"(:VERTEX {path: ""/proc/116283/attr/apparmor/exec"",subtype: ""file"",permissions: ""0666"",epoch: ""0"",source: ""syscall"",type: ""Artifact"",version: ""0"",hash: ""080a325bcfacb131eeeafb47e5881592""})"
"(:VERTEX {gid: ""0"",euid: ""999"",children pid namespace: ""-1"",start time: ""1690977369.042"",pid: ""116283"",source: ""syscall"",type: ""Process"",net namespace: ""-1"",ipc namespace: ""-1"",ppid: ""116272"",pid namespace: ""-1"",cwd: ""/"",uid: ""999"",egid: ""0"",exe: ""/usr/bin/check-status"",mount namespace: ""-1"",command line: ""/usr/bin/check-status -l"",name: ""check-status"",hash: ""73f7b782b0917fe596f76d8964d0510d"",user namespace: ""-1""})"
"(:VERTEX {memory address: ""7f8554592000"",size: ""2000"",subtype: ""memory"",tgid: ""116283"",source: ""syscall"",type: ""Artifact"",version: ""0"",hash: ""7ad56f49f5aaeb0c2dda79c3c5e2d2b8""})"
"(:VERTEX {memory address: ""7f8554147000"",size: ""21f4c0"",subtype: ""memory"",tgid: ""116283"",source: ""syscall"",type: ""Artifact"",version: ""0"",hash: ""c2bdf3f0ba0aa96d5e3c33ec0f5cdec9""})"
"(:VERTEX {memory address: ""7f8554162000"",size: ""1ff000"",subtype: ""memory"",tgid: ""116283"",source: ""syscall"",type: ""Artifact"",version: ""0"",hash: ""3d11cbf19e04413f14b50e08aa8a5d49""})"
"(:VERTEX {memory address: ""7f8554361000"",size: ""2000"",subtype: ""memory"",tgid: ""116283"",source: ""syscall"",type: ""Artifact"",version: ""0"",hash: ""cefa0b9a5ffca34c7e7e8cc1a4b9b088""})"
"(:VERTEX {memory address: ""7f8554363000"",size: ""34c0"",subtype: ""memory"",tgid: ""116283"",source: ""syscall"",type: ""Artifact"",version: ""0"",hash: ""fd245796be5a9cbb3ea70b77f7da9bab""})"
"(:VERTEX {memory address: ""7f8553d81000"",size: ""3c58c0"",subtype: ""memory"",tgid: ""116283"",source: ""syscall"",type: ""Artifact"",version: ""0"",hash: ""2f02cc10229bdfa20e0c11d7aea45abc""})"
"(:VERTEX {memory address: ""7f8553f3d000"",size: ""200000"",subtype: ""memory"",tgid: ""116283"",source: ""syscall"",type: ""Artifact"",version: ""0"",hash: ""8bddaab8c7f65cb577fc3d15806bb48d""})"
"(:VERTEX {memory address: ""7f855413d000"",size: ""6000"",subtype: ""memory"",tgid: ""116283"",source: ""syscall"",type: ""Artifact"",version: ""0"",hash: ""7f87b93813fd58e30765a45f1e90dac3""})"
"(:VERTEX {memory address: ""7f8554143000"",size: ""38c0"",subtype: ""memory"",tgid: ""116283"",source: ""syscall"",type: ""Artifact"",version: ""0"",hash: ""f9d8ff10590c6f96aa4452c61af96ae4""})"
"(:VERTEX {memory address: ""7f855458f000"",size: ""3000"",subtype: ""memory"",tgid: ""116283"",source: ""syscall"",type: ""Artifact"",version: ""0"",hash: ""512a1f7838d4c20c90534bdac30c6705""})"
"(:VERTEX {memory address: ""7f855413d000"",size: ""4000"",subtype: ""memory"",tgid: ""116283"",source: ""syscall"",type: ""Artifact"",version: ""0"",hash: ""fa1ec1d1b1ffd2ae443769a19d280981""})"
"(:VERTEX {memory address: ""7f8554361000"",size: ""1000"",subtype: ""memory"",tgid: ""116283"",source: ""syscall"",type: ""Artifact"",version: ""0"",hash: ""04ac2db2b18187ecc3cb91e6016536b4""})"
"(:VERTEX {memory address: ""7f8554594000"",size: ""1000"",subtype: ""memory"",tgid: ""116283"",source: ""syscall"",type: ""Artifact"",version: ""0"",hash: ""67b19ccf5821f2dbdb9383851370fcae""})"
"(:VERTEX {memory address: ""7f855454f000"",size: ""40000"",subtype: ""memory"",tgid: ""116283"",source: ""syscall"",type: ""Artifact"",version: ""0"",hash: ""afc104197e86038a463a1ffafad38f52""})"
"(:VERTEX {memory address: ""7f855452f000"",size: ""20000"",subtype: ""memory"",tgid: ""116283"",source: ""syscall"",type: ""Artifact"",version: ""0"",hash: ""f739289c45ed747380801de1a177a586""})"
"(:VERTEX {memory address: ""7f855442f000"",size: ""100000"",subtype: ""memory"",tgid: ""116283"",source: ""syscall"",type: ""Artifact"",version: ""0"",hash: ""4b54181918aca8af41763a3797051b05""})"
"(:VERTEX {memory address: ""7f8553581000"",size: ""800000"",subtype: ""memory"",tgid: ""116283"",source: ""syscall"",type: ""Artifact"",version: ""0"",hash: ""ba0d2b9b85d6eece2be80ef78f896a46""})"
"(:VERTEX {memory address: ""7f854f581000"",size: ""4000000"",subtype: ""memory"",tgid: ""116283"",source: ""syscall"",type: ""Artifact"",version: ""0"",hash: ""65b208fced2ec94cbf81d3fc069fbee6""})"
"(:VERTEX {memory address: ""7f852f581000"",size: ""20000000"",subtype: ""memory"",tgid: ""116283"",source: ""syscall"",type: ""Artifact"",version: ""0"",hash: ""c505acdc428954e41c4ebf052a386c61""})"
"(:VERTEX {memory address: ""c000000000"",size: ""4000000"",subtype: ""memory"",tgid: ""116283"",source: ""syscall"",type: ""Artifact"",version: ""0"",hash: ""2aa8d82f1837209880908ddc21579842""})"
"(:VERTEX {memory address: ""7f852d581000"",size: ""2000000"",subtype: ""memory"",tgid: ""116283"",source: ""syscall"",type: ""Artifact"",version: ""0"",hash: ""5235701f7fe2e26e67ba8d4e49c6cebe""})"
"(:VERTEX {memory address: ""7f852d370000"",size: ""210c10"",subtype: ""memory"",tgid: ""116283"",source: ""syscall"",type: ""Artifact"",version: ""0"",hash: ""25af1403bb46f8d4e2cb5f473721fcc9""})"
"(:VERTEX {memory address: ""c000000000"",size: ""400000"",subtype: ""memory"",tgid: ""116283"",source: ""syscall"",type: ""Artifact"",version: ""0"",hash: ""13785a1199a453b2c719e8bd01946a06""})"
"(:VERTEX {memory address: ""7f855452f000"",size: ""20000"",subtype: ""memory"",tgid: ""116283"",source: ""syscall"",type: ""Artifact"",version: ""1"",hash: ""6b2552b0200b5188222ba1e5c726b5e6""})"
"(:VERTEX {memory address: ""7f85544af000"",size: ""1000"",subtype: ""memory"",tgid: ""116283"",source: ""syscall"",type: ""Artifact"",version: ""0"",hash: ""0b45ac10910f4263bbda1cf6ec2235a5""})"
"(:VERTEX {memory address: ""7f8553987000"",size: ""1000"",subtype: ""memory"",tgid: ""116283"",source: ""syscall"",type: ""Artifact"",version: ""0"",hash: ""ada5cd65f4c43cdcf2935b8975080f89""})"
"(:VERTEX {memory address: ""7f85515b1000"",size: ""1000"",subtype: ""memory"",tgid: ""116283"",source: ""syscall"",type: ""Artifact"",version: ""0"",hash: ""39d50f564a95da3da274bce6bea15993""})"
"(:VERTEX {memory address: ""7f853f701000"",size: ""1000"",subtype: ""memory"",tgid: ""116283"",source: ""syscall"",type: ""Artifact"",version: ""0"",hash: ""06009299bdd2a890e59ba690d41df2ea""})"
"(:VERTEX {memory address: ""7f852d270000"",size: ""100000"",subtype: ""memory"",tgid: ""116283"",source: ""syscall"",type: ""Artifact"",version: ""0"",hash: ""8c52a4b36985286dbf141f993c1f4b4c""})"
"(:VERTEX {memory address: ""7f855441f000"",size: ""10000"",subtype: ""memory"",tgid: ""116283"",source: ""syscall"",type: ""Artifact"",version: ""0"",hash: ""d3aae9758fbe60b0640f18c8db748c0c""})"
"(:VERTEX {memory address: ""7f855440f000"",size: ""10000"",subtype: ""memory"",tgid: ""116283"",source: ""syscall"",type: ""Artifact"",version: ""0"",hash: ""947327128059456238779e09573de0d8""})"
"(:VERTEX {memory address: ""7f852ca6f000"",size: ""801000"",subtype: ""memory"",tgid: ""116283"",source: ""syscall"",type: ""Artifact"",version: ""0"",hash: ""54658c1a585dcb3eb755fe3709dd850a""})"
"(:VERTEX {memory address: ""7f852ca70000"",size: ""800000"",subtype: ""memory"",tgid: ""116283"",source: ""syscall"",type: ""Artifact"",version: ""0"",hash: ""0033d207fa7d677b6ac3d60f3ec381f9""})"
"(:VERTEX {gid: ""0"",euid: ""999"",children pid namespace: ""4026532779"",start time: ""1690977369.045"",ns pid: ""8584"",pid: ""116289"",source: ""syscall"",type: ""Process"",net namespace: ""4026532705"",ipc namespace: ""4026532772"",ppid: ""116283"",pid namespace: ""4026532779"",cwd: ""/"",uid: ""999"",egid: ""0"",exe: ""/usr/bin/check-status"",mount namespace: ""4026532778"",command line: ""/usr/bin/check-status -l"",name: ""check-status"",hash: ""6aee2d9326ccf2fa4b67e3e943dc2614"",user namespace: ""4026531837""})"
"(:VERTEX {memory address: ""7f852c26e000"",size: ""801000"",subtype: ""memory"",tgid: ""116283"",source: ""syscall"",type: ""Artifact"",version: ""0"",hash: ""cbe76d8355c3604921925bea9a68f5ae""})"
"(:VERTEX {memory address: ""7f852c26f000"",size: ""800000"",subtype: ""memory"",tgid: ""116283"",source: ""syscall"",type: ""Artifact"",version: ""0"",hash: ""a5d7d9ce12135e5516bf2381bd905d32""})"
"(:VERTEX {gid: ""0"",euid: ""999"",children pid namespace: ""4026532779"",start time: ""1690977369.045"",ns pid: ""8585"",pid: ""116290"",source: ""syscall"",type: ""Process"",net namespace: ""4026532705"",ipc namespace: ""4026532772"",ppid: ""116283"",pid namespace: ""4026532779"",cwd: ""/"",uid: ""999"",egid: ""0"",exe: ""/usr/bin/check-status"",mount namespace: ""4026532778"",command line: ""/usr/bin/check-status -l"",name: ""check-status"",hash: ""26ef4734aec9f1f186435f17dab0c834"",user namespace: ""4026531837""})"
"(:VERTEX {memory address: ""7f852426e000"",size: ""8000000"",subtype: ""memory"",tgid: ""116283"",source: ""syscall"",type: ""Artifact"",version: ""0"",hash: ""3fa059fb25d075a326f053f07f9080b9""})"
"(:VERTEX {memory address: ""7f8528000000"",size: ""21000"",subtype: ""memory"",tgid: ""116283"",source: ""syscall"",type: ""Artifact"",version: ""0"",hash: ""e13bd72ce4de0953c54c474337c5af7d""})"
"(:VERTEX {memory address: ""7f85543cf000"",size: ""40000"",subtype: ""memory"",tgid: ""116283"",source: ""syscall"",type: ""Artifact"",version: ""0"",hash: ""273a2f01cd1e46e0e0d1bd958402ce41""})"
"(:VERTEX {memory address: ""7f85277ff000"",size: ""801000"",subtype: ""memory"",tgid: ""116283"",source: ""syscall"",type: ""Artifact"",version: ""0"",hash: ""995799a64fa635a551fbbf27287335e5""})"
"(:VERTEX {memory address: ""7f8527800000"",size: ""800000"",subtype: ""memory"",tgid: ""116283"",source: ""syscall"",type: ""Artifact"",version: ""0"",hash: ""49cc3c7c711910f0a702fff868215122""})"
"(:VERTEX {gid: ""0"",euid: ""999"",children pid namespace: ""4026532779"",start time: ""1690977369.045"",ns pid: ""8586"",pid: ""116291"",source: ""syscall"",type: ""Process"",net namespace: ""4026532705"",ipc namespace: ""4026532772"",ppid: ""116283"",pid namespace: ""4026532779"",cwd: ""/"",uid: ""999"",egid: ""0"",exe: ""/usr/bin/check-status"",mount namespace: ""4026532778"",command line: ""/usr/bin/check-status -l"",name: ""check-status"",hash: ""20deb60e8d17403a4c817f532348f9cb"",user namespace: ""4026531837""})"
"(:VERTEX {memory address: ""7f8526ffe000"",size: ""801000"",subtype: ""memory"",tgid: ""116283"",source: ""syscall"",type: ""Artifact"",version: ""0"",hash: ""595974cbc40cef5fa095165f3465a222""})"
"(:VERTEX {memory address: ""7f8526fff000"",size: ""800000"",subtype: ""memory"",tgid: ""116283"",source: ""syscall"",type: ""Artifact"",version: ""0"",hash: ""c868c067c9ec74484600c887213f86f4""})"
"(:VERTEX {memory address: ""7f851effe000"",size: ""8000000"",subtype: ""memory"",tgid: ""116283"",source: ""syscall"",type: ""Artifact"",version: ""0"",hash: ""fc09c7c895a98d6cae91df56bc8378e2""})"
"(:VERTEX {memory address: ""7f8520000000"",size: ""21000"",subtype: ""memory"",tgid: ""116283"",source: ""syscall"",type: ""Artifact"",version: ""0"",hash: ""f15f976bdc48bc76b51180aed6280b16""})"
"(:VERTEX {gid: ""0"",euid: ""999"",children pid namespace: ""4026532779"",start time: ""1690977369.045"",ns pid: ""8587"",pid: ""116292"",source: ""syscall"",type: ""Process"",net namespace: ""4026532705"",ipc namespace: ""4026532772"",ppid: ""116283"",pid namespace: ""4026532779"",cwd: ""/"",uid: ""999"",egid: ""0"",exe: ""/usr/bin/check-status"",mount namespace: ""4026532778"",command line: ""/usr/bin/check-status -l"",name: ""check-status"",hash: ""36826b75bbd17f14cfdeb52cd65c2130"",user namespace: ""4026531837""})"
"(:VERTEX {memory address: ""7f85267fd000"",size: ""801000"",subtype: ""memory"",tgid: ""116283"",source: ""syscall"",type: ""Artifact"",version: ""0"",hash: ""81ff054d084cfbf835833016d5da17ad""})"
"(:VERTEX {memory address: ""7f85267fe000"",size: ""800000"",subtype: ""memory"",tgid: ""116283"",source: ""syscall"",type: ""Artifact"",version: ""0"",hash: ""52144a4e84210f4cd8e8a8883a98bc56""})"
"(:VERTEX {gid: ""0"",euid: ""999"",children pid namespace: ""4026532779"",start time: ""1690977369.045"",ns pid: ""8588"",pid: ""116293"",source: ""syscall"",type: ""Process"",net namespace: ""4026532705"",ipc namespace: ""4026532772"",ppid: ""116283"",pid namespace: ""4026532779"",cwd: ""/"",uid: ""999"",egid: ""0"",exe: ""/usr/bin/check-status"",mount namespace: ""4026532778"",command line: ""/usr/bin/check-status -l"",name: ""check-status"",hash: ""2fac71a3c6387a8c396833afbcf42f38"",user namespace: ""4026531837""})"
"(:VERTEX {memory address: ""7f8518000000"",size: ""8000000"",subtype: ""memory"",tgid: ""116283"",source: ""syscall"",type: ""Artifact"",version: ""0"",hash: ""7ada173c437ca38be5e56566677e468a""})"
"(:VERTEX {memory address: ""7f8510000000"",size: ""8000000"",subtype: ""memory"",tgid: ""116283"",source: ""syscall"",type: ""Artifact"",version: ""0"",hash: ""26d3e1a47bf27d5f239d99065d15c143""})"
"(:VERTEX {memory address: ""7f8518000000"",size: ""21000"",subtype: ""memory"",tgid: ""116283"",source: ""syscall"",type: ""Artifact"",version: ""0"",hash: ""cd527ea1c0df68e706a1a276b586c08b""})"
"(:VERTEX {memory address: ""7f8510000000"",size: ""21000"",subtype: ""memory"",tgid: ""116283"",source: ""syscall"",type: ""Artifact"",version: ""0"",hash: ""176ef9be6b79c8be9ec0388339aa755d""})"
"(:VERTEX {remote port: ""43284"",epoch: ""0"",source: ""syscall"",type: ""Artifact"",version: ""0"",local port: ""8080"",net namespace: ""-1"",local address: ""0000:0000:0000:0000:0000:0000:0000:0000"",protocol: ""tcp"",subtype: ""network socket"",remote address: ""0000:0000:0000:0000:0000:FFFF:C0A8:2F80"",hash: ""75f855c9c17447622c8ca97792becbb7""})"
"(:VERTEX {remote port: ""43280"",epoch: ""0"",source: ""syscall"",type: ""Artifact"",version: ""0"",local port: ""8080"",net namespace: ""-1"",local address: ""0000:0000:0000:0000:0000:0000:0000:0000"",protocol: ""tcp"",subtype: ""network socket"",remote address: ""0000:0000:0000:0000:0000:FFFF:C0A8:2F80"",hash: ""dd10270f3ecf8353a82e8b3f232eee56""})"
"(:VERTEX {gid: ""1000"",euid: ""1000"",children pid namespace: ""-1"",pid: ""60809"",seen time: ""1690977372.480"",source: ""syscall"",type: ""Process"",net namespace: ""-1"",ipc namespace: ""-1"",ppid: ""58654"",pid namespace: ""-1"",uid: ""1000"",egid: ""1000"",mount namespace: ""-1"",name: ""shippingservice"",hash: ""bac460f267ded0b17766d3159accdfa2"",user namespace: ""-1""})"
"(:VERTEX {remote port: ""40674"",epoch: ""0"",source: ""syscall"",type: ""Artifact"",version: ""0"",local port: ""50051"",net namespace: ""-1"",local address: ""0000:0000:0000:0000:0000:0000:0000:0000"",protocol: ""tcp"",subtype: ""network socket"",remote address: ""0000:0000:0000:0000:0000:FFFF:C0A8:2F80"",hash: ""8caac7200cdf97a7685d0cff7bf4dfbd""})"
"(:VERTEX {remote port: ""40682"",epoch: ""0"",source: ""syscall"",type: ""Artifact"",version: ""0"",local port: ""50051"",net namespace: ""-1"",local address: ""0000:0000:0000:0000:0000:0000:0000:0000"",protocol: ""tcp"",subtype: ""network socket"",remote address: ""0000:0000:0000:0000:0000:FFFF:C0A8:2F80"",hash: ""10279a8f4d7dd79c4b5f951713e0efce""})"
"(:VERTEX {remote port: ""39902"",epoch: ""0"",source: ""syscall"",type: ""Artifact"",version: ""0"",local port: ""7000"",net namespace: ""-1"",local address: ""0000:0000:0000:0000:0000:0000:0000:0000"",protocol: ""tcp"",subtype: ""network socket"",remote address: ""0000:0000:0000:0000:0000:FFFF:C0A8:2F80"",hash: ""1b4278bae7179f769cd05b14547ccb19""})"
"(:VERTEX {remote port: ""39912"",epoch: ""0"",source: ""syscall"",type: ""Artifact"",version: ""0"",local port: ""7000"",net namespace: ""-1"",local address: ""0000:0000:0000:0000:0000:0000:0000:0000"",protocol: ""tcp"",subtype: ""network socket"",remote address: ""0000:0000:0000:0000:0000:FFFF:C0A8:2F80"",hash: ""349078f2e0d9bf1ef716b81dc93c9775""})"
"(:VERTEX {gid: ""1000"",euid: ""1000"",children pid namespace: ""-1"",pid: ""86668"",seen time: ""1690977372.509"",source: ""syscall"",type: ""Process"",net namespace: ""-1"",ipc namespace: ""-1"",ppid: ""58532"",pid namespace: ""-1"",uid: ""1000"",egid: ""1000"",mount namespace: ""-1"",name: ""checkoutservice"",hash: ""2d708c9440fb21528a70ab8847adea9c"",user namespace: ""-1""})"
"(:VERTEX {remote port: ""32954"",epoch: ""0"",source: ""syscall"",type: ""Artifact"",version: ""0"",local port: ""5050"",net namespace: ""-1"",local address: ""0000:0000:0000:0000:0000:0000:0000:0000"",protocol: ""tcp"",subtype: ""network socket"",remote address: ""0000:0000:0000:0000:0000:FFFF:C0A8:2F80"",hash: ""7893b9615c224ca4336113a7cfc029cd""})"
"(:VERTEX {remote port: ""32968"",epoch: ""0"",source: ""syscall"",type: ""Artifact"",version: ""0"",local port: ""5050"",net namespace: ""-1"",local address: ""0000:0000:0000:0000:0000:0000:0000:0000"",protocol: ""tcp"",subtype: ""network socket"",remote address: ""0000:0000:0000:0000:0000:FFFF:C0A8:2F80"",hash: ""68a53424f0122b27831472394f13a5c7""})"
"(:VERTEX {remote port: ""43720"",epoch: ""0"",source: ""syscall"",type: ""Artifact"",version: ""0"",local port: ""6379"",net namespace: ""-1"",local address: ""0.0.0.0"",protocol: ""tcp"",subtype: ""network socket"",remote address: ""192.168.47.128"",hash: ""5c1cd982256c6e238b29518cae0be2cb""})"
"(:VERTEX {remote port: ""43716"",epoch: ""0"",source: ""syscall"",type: ""Artifact"",version: ""0"",local port: ""6379"",net namespace: ""-1"",local address: ""0.0.0.0"",protocol: ""tcp"",subtype: ""network socket"",remote address: ""192.168.47.128"",hash: ""29d8e0ee6843ca60aac619dfb7597955""})"
"(:VERTEX {gid: ""1000"",euid: ""1000"",children pid namespace: ""-1"",pid: ""61220"",seen time: ""1690977372.714"",source: ""syscall"",type: ""Process"",net namespace: ""-1"",ipc namespace: ""-1"",ppid: ""58880"",pid namespace: ""-1"",uid: ""1000"",egid: ""1000"",mount namespace: ""-1"",name: ""server"",hash: ""c2dc58d6ececc57171c1819eac8ef2af"",user namespace: ""-1""})"
"(:VERTEX {remote port: ""49716"",epoch: ""0"",source: ""syscall"",type: ""Artifact"",version: ""0"",local port: ""8080"",net namespace: ""-1"",local address: ""0000:0000:0000:0000:0000:0000:0000:0000"",protocol: ""tcp"",subtype: ""network socket"",remote address: ""0000:0000:0000:0000:0000:FFFF:C0A8:2F80"",hash: ""d3c9c64dc8e222b9703893308d6b6085""})"
"(:VERTEX {remote port: ""49718"",epoch: ""0"",source: ""syscall"",type: ""Artifact"",version: ""0"",local port: ""8080"",net namespace: ""-1"",local address: ""0000:0000:0000:0000:0000:0000:0000:0000"",protocol: ""tcp"",subtype: ""network socket"",remote address: ""0000:0000:0000:0000:0000:FFFF:C0A8:2F80"",hash: ""9a227caea7aeb2e723e88d8aa1edf161""})"
"(:VERTEX {remote port: ""60982"",epoch: ""0"",source: ""syscall"",type: ""Artifact"",version: ""0"",local port: ""50051"",net namespace: ""-1"",local address: ""0000:0000:0000:0000:0000:0000:0000:0000"",protocol: ""tcp"",subtype: ""network socket"",remote address: ""0000:0000:0000:0000:0000:FFFF:C0A8:2F80"",hash: ""580fb814414011756c3e9541b27b7532""})"
"(:VERTEX {remote port: ""60984"",epoch: ""0"",source: ""syscall"",type: ""Artifact"",version: ""0"",local port: ""50051"",net namespace: ""-1"",local address: ""0000:0000:0000:0000:0000:0000:0000:0000"",protocol: ""tcp"",subtype: ""network socket"",remote address: ""0000:0000:0000:0000:0000:FFFF:C0A8:2F80"",hash: ""ccc59d81b793d1bbb7293ee0955d8f1f""})"
"(:VERTEX {gid: ""1000"",euid: ""1000"",children pid namespace: ""-1"",pid: ""116067"",seen time: ""1690977372.919"",source: ""syscall"",type: ""Process"",net namespace: ""-1"",ipc namespace: ""-1"",ppid: ""59024"",pid namespace: ""-1"",uid: ""1000"",egid: ""1000"",mount namespace: ""-1"",name: "".NET ThreadPool"",hash: ""a3812fdd59aeb7c3466153b80f137871"",user namespace: ""-1""})"
"(:VERTEX {remote port: ""49694"",epoch: ""0"",source: ""syscall"",type: ""Artifact"",version: ""0"",local port: ""7070"",net namespace: ""-1"",local address: ""0000:0000:0000:0000:0000:0000:0000:0000"",protocol: ""tcp"",subtype: ""network socket"",remote address: ""0000:0000:0000:0000:0000:FFFF:C0A8:2F80"",hash: ""d2e20b09839f07740ae38f879a953c62""})"
"(:VERTEX {remote port: ""52582"",epoch: ""0"",source: ""syscall"",type: ""Artifact"",version: ""0"",local port: ""8080"",net namespace: ""-1"",local address: ""0000:0000:0000:0000:0000:0000:0000:0000"",protocol: ""tcp"",subtype: ""network socket"",remote address: ""0000:0000:0000:0000:0000:FFFF:C0A8:2F80"",hash: ""00b04d2d0dda82676d58cd893c305930""})"
"(:VERTEX {gid: ""1000"",euid: ""1000"",children pid namespace: ""-1"",pid: ""61646"",seen time: ""1690977372.923"",source: ""syscall"",type: ""Process"",net namespace: ""-1"",ipc namespace: ""-1"",ppid: ""59160"",pid namespace: ""-1"",uid: ""1000"",egid: ""1000"",mount namespace: ""-1"",name: ""server"",hash: ""14d56e91853d31cd9c1fabcd1bbc8e41"",user namespace: ""-1""})"
"(:VERTEX {remote port: ""32906"",epoch: ""0"",source: ""syscall"",type: ""Artifact"",version: ""0"",local port: ""3550"",net namespace: ""-1"",local address: ""0000:0000:0000:0000:0000:0000:0000:0000"",protocol: ""tcp"",subtype: ""network socket"",remote address: ""0000:0000:0000:0000:0000:FFFF:C0A8:2F80"",hash: ""371d917ba0506f791f443df54fbe3dad""})"
"(:VERTEX {remote port: ""32916"",epoch: ""0"",source: ""syscall"",type: ""Artifact"",version: ""0"",local port: ""3550"",net namespace: ""-1"",local address: ""0000:0000:0000:0000:0000:0000:0000:0000"",protocol: ""tcp"",subtype: ""network socket"",remote address: ""0000:0000:0000:0000:0000:FFFF:C0A8:2F80"",hash: ""60b98ec20b2439761c7b3cdc76a6e6c7""})"
"(:VERTEX {gid: ""1000"",euid: ""1000"",children pid namespace: ""-1"",pid: ""112511"",seen time: ""1690977372.923"",source: ""syscall"",type: ""Process"",net namespace: ""-1"",ipc namespace: ""-1"",ppid: ""59024"",pid namespace: ""-1"",uid: ""1000"",egid: ""1000"",mount namespace: ""-1"",name: "".NET ThreadPool"",hash: ""1d349d37a2829d5600c4b6fe780d16d5"",user namespace: ""-1""})"
"(:VERTEX {remote port: ""49710"",epoch: ""0"",source: ""syscall"",type: ""Artifact"",version: ""0"",local port: ""7070"",net namespace: ""-1"",local address: ""0000:0000:0000:0000:0000:0000:0000:0000"",protocol: ""tcp"",subtype: ""network socket"",remote address: ""0000:0000:0000:0000:0000:FFFF:C0A8:2F80"",hash: ""396b46f598a2ec43e1a9617a56047164""})"
"(:VERTEX {remote port: ""52586"",epoch: ""0"",source: ""syscall"",type: ""Artifact"",version: ""0"",local port: ""8080"",net namespace: ""-1"",local address: ""0000:0000:0000:0000:0000:0000:0000:0000"",protocol: ""tcp"",subtype: ""network socket"",remote address: ""0000:0000:0000:0000:0000:FFFF:C0A8:2F80"",hash: ""4c158b16a128b2ace27b678a20a28642""})"
"(:VERTEX {gid: ""1000"",euid: ""1000"",children pid namespace: ""-1"",pid: ""61219"",seen time: ""1690977373.617"",source: ""syscall"",type: ""Process"",net namespace: ""-1"",ipc namespace: ""-1"",ppid: ""58880"",pid namespace: ""-1"",uid: ""1000"",egid: ""1000"",mount namespace: ""-1"",name: ""server"",hash: ""f8063d49d48eb91f9fcd950c6234c442"",user namespace: ""-1""})"
"(:VERTEX {remote port: ""53"",epoch: ""0"",source: ""syscall"",type: ""Artifact"",version: ""0"",local port: ""57526"",net namespace: ""-1"",local address: ""10.1.251.204"",protocol: ""udp"",subtype: ""network socket"",remote address: ""10.152.183.10"",hash: ""dc02e90b1f0ab1ca0bd1c806897bf48a""})"
"(:VERTEX {remote port: ""53"",epoch: ""0"",source: ""syscall"",type: ""Artifact"",version: ""0"",local port: ""33056"",net namespace: ""-1"",local address: ""10.1.251.204"",protocol: ""udp"",subtype: ""network socket"",remote address: ""10.152.183.10"",hash: ""3282f8be9caf7fb643af0af084d103bf""})"
"(:VERTEX {remote port: ""53"",epoch: ""0"",source: ""syscall"",type: ""Artifact"",version: ""0"",local port: ""59118"",net namespace: ""-1"",local address: ""10.1.251.204"",protocol: ""udp"",subtype: ""network socket"",remote address: ""10.152.183.10"",hash: ""83db394def0d44803d51249d05406d2f""})"
"(:VERTEX {remote port: ""53"",epoch: ""0"",source: ""syscall"",type: ""Artifact"",version: ""0"",local port: ""34985"",net namespace: ""-1"",local address: ""10.1.251.204"",protocol: ""udp"",subtype: ""network socket"",remote address: ""10.152.183.10"",hash: ""5c30f6ec11f16a518e1aa796f5efb9be""})"
"(:VERTEX {memory address: ""7f97fb224000"",size: ""183000"",subtype: ""memory"",tgid: ""61363"",source: ""syscall"",type: ""Artifact"",version: ""0"",hash: ""357db283f86e9d4621ca679756b5dbfd""})"
"(:VERTEX {memory address: ""7f97fb226000"",size: ""181000"",subtype: ""memory"",tgid: ""61363"",source: ""syscall"",type: ""Artifact"",version: ""0"",hash: ""6fdb59de13ec40060f01ac2ab150a6b1""})"
"(:VERTEX {gid: ""1000"",euid: ""1000"",children pid namespace: ""4026533564"",start time: ""1690977376.177"",ns pid: ""125"",pid: ""116421"",source: ""syscall"",type: ""Process"",net namespace: ""4026533266"",ipc namespace: ""4026533539"",ppid: ""61363"",pid namespace: ""4026533564"",uid: ""1000"",egid: ""1000"",exe: ""/app/cartservice"",mount namespace: ""4026533563"",name: "".NET ThreadPool"",hash: ""1994381c960eb88f76e7ace2755135ff"",user namespace: ""4026531837""})"
"(:VERTEX {memory address: ""7f981a2cc000"",size: ""4000"",subtype: ""memory"",tgid: ""61363"",source: ""syscall"",type: ""Artifact"",version: ""0"",hash: ""65fd4cb9b8e304f992ddf555c7a2fe88""})"
"(:VERTEX {memory address: ""7f981a2cc000"",size: ""1000"",subtype: ""memory"",tgid: ""61363"",source: ""syscall"",type: ""Artifact"",version: ""0"",hash: ""6d6bd75af7582ea2a42c8c51583593dc""})"
"(:VERTEX {path: ""/proc/61363/task/125/comm"",subtype: ""file"",permissions: ""0644"",epoch: ""0"",source: ""syscall"",type: ""Artifact"",version: ""0"",hash: ""b6c8ad643beae17fc67275d7bc267bc4""})"
"(:VERTEX {subtype: ""unnamed pipe"",tgid: ""61363"",epoch: ""1"",source: ""syscall"",read fd: ""196"",type: ""Artifact"",version: ""0"",hash: ""529366396ed37b0549b254169d42c33a"",write fd: ""198""})"
"(:VERTEX {memory address: ""7f981a180000"",size: ""11000"",subtype: ""memory"",tgid: ""61363"",source: ""syscall"",type: ""Artifact"",version: ""0"",hash: ""50cbfbd1f5866190f87aef50ce31d18b""})"
"(:VERTEX {remote port: ""53"",epoch: ""0"",source: ""syscall"",type: ""Artifact"",version: ""0"",local port: ""45342"",net namespace: ""-1"",local address: ""10.1.251.204"",protocol: ""udp"",subtype: ""network socket"",remote address: ""10.152.183.10"",hash: ""753a4df220effda239d331065d7ce09c""})"
"(:VERTEX {remote port: ""53"",epoch: ""0"",source: ""syscall"",type: ""Artifact"",version: ""0"",local port: ""51026"",net namespace: ""-1"",local address: ""10.1.251.204"",protocol: ""udp"",subtype: ""network socket"",remote address: ""10.152.183.10"",hash: ""68626babe28ff2e0056c29b26cfcbea4""})"
"(:VERTEX {gid: ""0"",euid: ""999"",children pid namespace: ""-1"",pid: ""116433"",seen time: ""1690977376.901"",source: ""syscall"",type: ""Process"",net namespace: ""-1"",ipc namespace: ""-1"",ppid: ""116424"",pid namespace: ""-1"",uid: ""999"",egid: ""0"",exe: ""/"",mount namespace: ""-1"",name: ""runc:[2:INIT]"",hash: ""22552785ee6279420871edbd1359b223"",user namespace: ""-1""})"
"(:VERTEX {path: ""/proc/116433/attr/apparmor/exec"",subtype: ""file"",permissions: ""0666"",epoch: ""0"",source: ""syscall"",type: ""Artifact"",version: ""0"",hash: ""250b271534c53dcc170f75e64464d97f""})"
"(:VERTEX {gid: ""0"",euid: ""999"",children pid namespace: ""-1"",start time: ""1690977376.901"",pid: ""116433"",source: ""syscall"",type: ""Process"",net namespace: ""-1"",ipc namespace: ""-1"",ppid: ""116424"",pid namespace: ""-1"",cwd: ""/"",uid: ""999"",egid: ""0"",exe: ""/usr/bin/check-status"",mount namespace: ""-1"",command line: ""/usr/bin/check-status -r"",name: ""check-status"",hash: ""24b8b688b1fb87e039670f547cb827c2"",user namespace: ""-1""})"
"(:VERTEX {memory address: ""7fc2e3a35000"",size: ""2000"",subtype: ""memory"",tgid: ""116433"",source: ""syscall"",type: ""Artifact"",version: ""0"",hash: ""68e9519274909d24691246f32eeb1cdd""})"
"(:VERTEX {memory address: ""7fc2e35ea000"",size: ""21f4c0"",subtype: ""memory"",tgid: ""116433"",source: ""syscall"",type: ""Artifact"",version: ""0"",hash: ""a4989bb62a7a7eecef490b0339373dd0""})"
"(:VERTEX {memory address: ""7fc2e3605000"",size: ""1ff000"",subtype: ""memory"",tgid: ""116433"",source: ""syscall"",type: ""Artifact"",version: ""0"",hash: ""6e6e488143b1259038fa0bcfaa2808eb""})"
"(:VERTEX {memory address: ""7fc2e3804000"",size: ""2000"",subtype: ""memory"",tgid: ""116433"",source: ""syscall"",type: ""Artifact"",version: ""0"",hash: ""cc8ce374855ad62a0640dfd6ba9f9a09""})"
"(:VERTEX {memory address: ""7fc2e3806000"",size: ""34c0"",subtype: ""memory"",tgid: ""116433"",source: ""syscall"",type: ""Artifact"",version: ""0"",hash: ""a3603ae119a0be78cb22d8bea4924f35""})"
"(:VERTEX {memory address: ""7fc2e3224000"",size: ""3c58c0"",subtype: ""memory"",tgid: ""116433"",source: ""syscall"",type: ""Artifact"",version: ""0"",hash: ""2d66787f87eb3e8a773de3725b476440""})"
"(:VERTEX {memory address: ""7fc2e33e0000"",size: ""200000"",subtype: ""memory"",tgid: ""116433"",source: ""syscall"",type: ""Artifact"",version: ""0"",hash: ""fd86110b5644ef4865d8028ea9a8f63f""})"
"(:VERTEX {memory address: ""7fc2e35e0000"",size: ""6000"",subtype: ""memory"",tgid: ""116433"",source: ""syscall"",type: ""Artifact"",version: ""0"",hash: ""2bd79558e10917f618a1de27203796ae""})"
"(:VERTEX {memory address: ""7fc2e35e6000"",size: ""38c0"",subtype: ""memory"",tgid: ""116433"",source: ""syscall"",type: ""Artifact"",version: ""0"",hash: ""924ef4c52995fe28317f52d22cd17ef2""})"
"(:VERTEX {memory address: ""7fc2e3a32000"",size: ""3000"",subtype: ""memory"",tgid: ""116433"",source: ""syscall"",type: ""Artifact"",version: ""0"",hash: ""0d6bb49b7229bf1568ed0ecc517fb8bc""})"
"(:VERTEX {memory address: ""7fc2e35e0000"",size: ""4000"",subtype: ""memory"",tgid: ""116433"",source: ""syscall"",type: ""Artifact"",version: ""0"",hash: ""58fac6007a3b77e38c16a8041a530f16""})"
"(:VERTEX {memory address: ""7fc2e3804000"",size: ""1000"",subtype: ""memory"",tgid: ""116433"",source: ""syscall"",type: ""Artifact"",version: ""0"",hash: ""268c55460aa516881a136a948afaff64""})"
"(:VERTEX {memory address: ""7fc2e3a37000"",size: ""1000"",subtype: ""memory"",tgid: ""116433"",source: ""syscall"",type: ""Artifact"",version: ""0"",hash: ""976cbaa1e8d59f29f367247c210f2a5d""})"
"(:VERTEX {memory address: ""7fc2e39f2000"",size: ""40000"",subtype: ""memory"",tgid: ""116433"",source: ""syscall"",type: ""Artifact"",version: ""0"",hash: ""1266ab13b207285b0902dd45cb5fa3eb""})"
"(:VERTEX {memory address: ""7fc2e39d2000"",size: ""20000"",subtype: ""memory"",tgid: ""116433"",source: ""syscall"",type: ""Artifact"",version: ""0"",hash: ""febdb2be138cee6935cf9e604ce4bb99""})"
"(:VERTEX {memory address: ""7fc2e38d2000"",size: ""100000"",subtype: ""memory"",tgid: ""116433"",source: ""syscall"",type: ""Artifact"",version: ""0"",hash: ""2a399d8e48c9c2062fd9ad5414d4151d""})"
"(:VERTEX {memory address: ""7fc2e2a24000"",size: ""800000"",subtype: ""memory"",tgid: ""116433"",source: ""syscall"",type: ""Artifact"",version: ""0"",hash: ""b0b4dc7e99ddc0cbc677cebbf91a3083""})"
"(:VERTEX {memory address: ""7fc2dea24000"",size: ""4000000"",subtype: ""memory"",tgid: ""116433"",source: ""syscall"",type: ""Artifact"",version: ""0"",hash: ""b99394b3c0b97f66621c56175c678420""})"
"(:VERTEX {memory address: ""7fc2bea24000"",size: ""20000000"",subtype: ""memory"",tgid: ""116433"",source: ""syscall"",type: ""Artifact"",version: ""0"",hash: ""e1882e2c71101a81c48671921c73b7f4""})"
"(:VERTEX {memory address: ""c000000000"",size: ""4000000"",subtype: ""memory"",tgid: ""116433"",source: ""syscall"",type: ""Artifact"",version: ""0"",hash: ""a7d04048d2a89dfb54b966df7275beed""})"
"(:VERTEX {memory address: ""7fc2bca24000"",size: ""2000000"",subtype: ""memory"",tgid: ""116433"",source: ""syscall"",type: ""Artifact"",version: ""0"",hash: ""80d6a48b092db139e09bcfce4fe3b723""})"
"(:VERTEX {memory address: ""7fc2bc813000"",size: ""210c10"",subtype: ""memory"",tgid: ""116433"",source: ""syscall"",type: ""Artifact"",version: ""0"",hash: ""12aa7461477a751a57989cf1a135d386""})"
"(:VERTEX {memory address: ""c000000000"",size: ""400000"",subtype: ""memory"",tgid: ""116433"",source: ""syscall"",type: ""Artifact"",version: ""0"",hash: ""241d1928fcb6d33bea84e3be09b32a05""})"
"(:VERTEX {memory address: ""7fc2e39d2000"",size: ""20000"",subtype: ""memory"",tgid: ""116433"",source: ""syscall"",type: ""Artifact"",version: ""1"",hash: ""53da4a531bc77522ad39e8ab47d4308d""})"
"(:VERTEX {memory address: ""7fc2e3952000"",size: ""1000"",subtype: ""memory"",tgid: ""116433"",source: ""syscall"",type: ""Artifact"",version: ""0"",hash: ""2d27de307ad75a33547006fe8a03241e""})"
"(:VERTEX {memory address: ""7fc2e2e2a000"",size: ""1000"",subtype: ""memory"",tgid: ""116433"",source: ""syscall"",type: ""Artifact"",version: ""0"",hash: ""223e57aa81832a050cc2a364faaac729""})"
"(:VERTEX {memory address: ""7fc2e0a54000"",size: ""1000"",subtype: ""memory"",tgid: ""116433"",source: ""syscall"",type: ""Artifact"",version: ""0"",hash: ""65ecd0a77165edc248d20d41374afc41""})"
"(:VERTEX {memory address: ""7fc2ceba4000"",size: ""1000"",subtype: ""memory"",tgid: ""116433"",source: ""syscall"",type: ""Artifact"",version: ""0"",hash: ""79bb06c205331424ebdb57875cf56d3f""})"
"(:VERTEX {memory address: ""7fc2bc713000"",size: ""100000"",subtype: ""memory"",tgid: ""116433"",source: ""syscall"",type: ""Artifact"",version: ""0"",hash: ""1db73dee88bb5481bc8d1503ee068728""})"
"(:VERTEX {memory address: ""7fc2e38c2000"",size: ""10000"",subtype: ""memory"",tgid: ""116433"",source: ""syscall"",type: ""Artifact"",version: ""0"",hash: ""2841bdff83c600cf22de506c915e08a8""})"
"(:VERTEX {memory address: ""7fc2e38b2000"",size: ""10000"",subtype: ""memory"",tgid: ""116433"",source: ""syscall"",type: ""Artifact"",version: ""0"",hash: ""78098381f58ffaff3d486f92c035eb72""})"
"(:VERTEX {memory address: ""7fc2bbf12000"",size: ""801000"",subtype: ""memory"",tgid: ""116433"",source: ""syscall"",type: ""Artifact"",version: ""0"",hash: ""e0827428b04b411280ca91848af1cf46""})"
"(:VERTEX {memory address: ""7fc2bbf13000"",size: ""800000"",subtype: ""memory"",tgid: ""116433"",source: ""syscall"",type: ""Artifact"",version: ""0"",hash: ""0a94827371609363c3c7c6873863d67d""})"
"(:VERTEX {memory address: ""7fc2b3f12000"",size: ""8000000"",subtype: ""memory"",tgid: ""116433"",source: ""syscall"",type: ""Artifact"",version: ""0"",hash: ""1a1b426fef8a48f5f433a2db2beaee4d""})"
"(:VERTEX {gid: ""0"",euid: ""999"",children pid namespace: ""4026532779"",start time: ""1690977376.908"",ns pid: ""8596"",pid: ""116440"",source: ""syscall"",type: ""Process"",net namespace: ""4026532705"",ipc namespace: ""4026532772"",ppid: ""116433"",pid namespace: ""4026532779"",cwd: ""/"",uid: ""999"",egid: ""0"",exe: ""/usr/bin/check-status"",mount namespace: ""4026532778"",command line: ""/usr/bin/check-status -r"",name: ""check-status"",hash: ""78a365851cdc388067c9ed93ccafc12c"",user namespace: ""4026531837""})"
"(:VERTEX {memory address: ""7fc2b4000000"",size: ""21000"",subtype: ""memory"",tgid: ""116433"",source: ""syscall"",type: ""Artifact"",version: ""0"",hash: ""6b478e649745d3cb37a1a295846d8621""})"
"(:VERTEX {memory address: ""7fc2bb711000"",size: ""801000"",subtype: ""memory"",tgid: ""116433"",source: ""syscall"",type: ""Artifact"",version: ""0"",hash: ""dd96b8ef7d124cf6dd3a8b7560eea450""})"
"(:VERTEX {memory address: ""7fc2bb712000"",size: ""800000"",subtype: ""memory"",tgid: ""116433"",source: ""syscall"",type: ""Artifact"",version: ""0"",hash: ""a75f3470876e0cc737b1d8afe0f560be""})"
"(:VERTEX {gid: ""0"",euid: ""999"",children pid namespace: ""4026532779"",start time: ""1690977376.908"",ns pid: ""8597"",pid: ""116441"",source: ""syscall"",type: ""Process"",net namespace: ""4026532705"",ipc namespace: ""4026532772"",ppid: ""116433"",pid namespace: ""4026532779"",cwd: ""/"",uid: ""999"",egid: ""0"",exe: ""/usr/bin/check-status"",mount namespace: ""4026532778"",command line: ""/usr/bin/check-status -r"",name: ""check-status"",hash: ""b75e167839137a62fc7e329723a8ac2a"",user namespace: ""4026531837""})"
"(:VERTEX {memory address: ""7fc2ac000000"",size: ""8000000"",subtype: ""memory"",tgid: ""116433"",source: ""syscall"",type: ""Artifact"",version: ""0"",hash: ""e92e20346bb986b55ea427b9ce8d57fe""})"
"(:VERTEX {memory address: ""7fc2ac000000"",size: ""21000"",subtype: ""memory"",tgid: ""116433"",source: ""syscall"",type: ""Artifact"",version: ""0"",hash: ""013926579ef8f7db2fa68b259d224038""})"
"(:VERTEX {memory address: ""7fc2e3872000"",size: ""40000"",subtype: ""memory"",tgid: ""116433"",source: ""syscall"",type: ""Artifact"",version: ""0"",hash: ""70fbdf3a09c6d56d32356174447686c1""})"
"(:VERTEX {memory address: ""7fc2baf10000"",size: ""801000"",subtype: ""memory"",tgid: ""116433"",source: ""syscall"",type: ""Artifact"",version: ""0"",hash: ""7b612b1d71c939a043b006610b77e0ef""})"
"(:VERTEX {memory address: ""7fc2baf11000"",size: ""800000"",subtype: ""memory"",tgid: ""116433"",source: ""syscall"",type: ""Artifact"",version: ""0"",hash: ""08b16f339a4bace2a205ed16b1465872""})"
"(:VERTEX {memory address: ""7fc2ba70f000"",size: ""801000"",subtype: ""memory"",tgid: ""116433"",source: ""syscall"",type: ""Artifact"",version: ""0"",hash: ""6a5b5c47bcd985327b65100c3dd55ace""})"
"(:VERTEX {memory address: ""7fc2ba710000"",size: ""800000"",subtype: ""memory"",tgid: ""116433"",source: ""syscall"",type: ""Artifact"",version: ""0"",hash: ""7576a7a9f81c5dcb40499d100906412c""})"
"(:VERTEX {gid: ""0"",euid: ""999"",children pid namespace: ""4026532779"",start time: ""1690977376.908"",ns pid: ""8598"",pid: ""116442"",source: ""syscall"",type: ""Process"",net namespace: ""4026532705"",ipc namespace: ""4026532772"",ppid: ""116433"",pid namespace: ""4026532779"",cwd: ""/"",uid: ""999"",egid: ""0"",exe: ""/usr/bin/check-status"",mount namespace: ""4026532778"",command line: ""/usr/bin/check-status -r"",name: ""check-status"",hash: ""cdca3b95f50b4aaca705fd93c63267ce"",user namespace: ""4026531837""})"
"(:VERTEX {memory address: ""7fc2b0000000"",size: ""4000000"",subtype: ""memory"",tgid: ""116433"",source: ""syscall"",type: ""Artifact"",version: ""0"",hash: ""0a4726abf7fb6f3d271aa401e8b8193e""})"
"(:VERTEX {memory address: ""7fc2b0000000"",size: ""21000"",subtype: ""memory"",tgid: ""116433"",source: ""syscall"",type: ""Artifact"",version: ""0"",hash: ""634d82a06c0186b77970b1332d8d3cb4""})"
"(:VERTEX {gid: ""0"",euid: ""999"",children pid namespace: ""4026532779"",start time: ""1690977376.908"",ns pid: ""8599"",pid: ""116443"",source: ""syscall"",type: ""Process"",net namespace: ""4026532705"",ipc namespace: ""4026532772"",ppid: ""116433"",pid namespace: ""4026532779"",cwd: ""/"",uid: ""999"",egid: ""0"",exe: ""/usr/bin/check-status"",mount namespace: ""4026532778"",command line: ""/usr/bin/check-status -r"",name: ""check-status"",hash: ""f11b11dc2b6329644efb3c4c218c27d3"",user namespace: ""4026531837""})"
"(:VERTEX {memory address: ""7fc2a4000000"",size: ""8000000"",subtype: ""memory"",tgid: ""116433"",source: ""syscall"",type: ""Artifact"",version: ""0"",hash: ""1ca2cadd17c33b128d6f933f6fa857cf""})"
"(:VERTEX {memory address: ""7fc2a4000000"",size: ""21000"",subtype: ""memory"",tgid: ""116433"",source: ""syscall"",type: ""Artifact"",version: ""0"",hash: ""649ec419bf90b04c2c21a0e16f8c3c34""})"
"(:VERTEX {memory address: ""7fc2b9f0e000"",size: ""801000"",subtype: ""memory"",tgid: ""116433"",source: ""syscall"",type: ""Artifact"",version: ""0"",hash: ""ed277e5d09672e803427646a80ef1fcf""})"
"(:VERTEX {memory address: ""7fc2b9f0f000"",size: ""800000"",subtype: ""memory"",tgid: ""116433"",source: ""syscall"",type: ""Artifact"",version: ""0"",hash: ""79fb3854efc40440ec0a600e9dd2b195""})"
"(:VERTEX {gid: ""0"",euid: ""999"",children pid namespace: ""4026532779"",start time: ""1690977376.911"",ns pid: ""8600"",pid: ""116444"",source: ""syscall"",type: ""Process"",net namespace: ""4026532705"",ipc namespace: ""4026532772"",ppid: ""116433"",pid namespace: ""4026532779"",cwd: ""/"",uid: ""999"",egid: ""0"",exe: ""/usr/bin/check-status"",mount namespace: ""4026532778"",command line: ""/usr/bin/check-status -r"",name: ""check-status"",hash: ""e5e874733a8c4ac1f6226f4d1ecc6f5e"",user namespace: ""4026531837""})"
"(:VERTEX {memory address: ""7fc2a8000000"",size: ""4000000"",subtype: ""memory"",tgid: ""116433"",source: ""syscall"",type: ""Artifact"",version: ""0"",hash: ""c8adaa9c30fdf758555ece091c07a84e""})"
"(:VERTEX {memory address: ""7fc2a8000000"",size: ""21000"",subtype: ""memory"",tgid: ""116433"",source: ""syscall"",type: ""Artifact"",version: ""0"",hash: ""78f8ea5ba114945ba431eb7bbce74067""})"
"(:VERTEX {remote port: ""45978"",epoch: ""0"",source: ""syscall"",type: ""Artifact"",version: ""0"",local port: ""8080"",net namespace: ""-1"",local address: ""0000:0000:0000:0000:0000:0000:0000:0000"",protocol: ""tcp"",subtype: ""network socket"",remote address: ""0000:0000:0000:0000:0000:FFFF:C0A8:2F80"",hash: ""693f0ad08a1523db73fead6bb6d94909""})"
"(:VERTEX {remote port: ""45980"",epoch: ""0"",source: ""syscall"",type: ""Artifact"",version: ""0"",local port: ""8080"",net namespace: ""-1"",local address: ""0000:0000:0000:0000:0000:0000:0000:0000"",protocol: ""tcp"",subtype: ""network socket"",remote address: ""0000:0000:0000:0000:0000:FFFF:C0A8:2F80"",hash: ""01283e035778ccaa597feb75e1172892""})"
"(:VERTEX {remote port: ""39424"",epoch: ""0"",source: ""syscall"",type: ""Artifact"",version: ""0"",local port: ""50051"",net namespace: ""-1"",local address: ""0000:0000:0000:0000:0000:0000:0000:0000"",protocol: ""tcp"",subtype: ""network socket"",remote address: ""0000:0000:0000:0000:0000:FFFF:C0A8:2F80"",hash: ""b3ff62ec60e171af58e6a800a19c8525""})"
"(:VERTEX {remote port: ""57612"",epoch: ""0"",source: ""syscall"",type: ""Artifact"",version: ""0"",local port: ""6379"",net namespace: ""-1"",local address: ""0.0.0.0"",protocol: ""tcp"",subtype: ""network socket"",remote address: ""192.168.47.128"",hash: ""428236f6cb6c70c5cc634f7e211fb04a""})"
"(:VERTEX {remote port: ""57616"",epoch: ""0"",source: ""syscall"",type: ""Artifact"",version: ""0"",local port: ""6379"",net namespace: ""-1"",local address: ""0.0.0.0"",protocol: ""tcp"",subtype: ""network socket"",remote address: ""192.168.47.128"",hash: ""a3b865e34391425da88f671bb7ec9792""})"
"(:VERTEX {remote port: ""43038"",epoch: ""0"",source: ""syscall"",type: ""Artifact"",version: ""0"",local port: ""8080"",net namespace: ""-1"",local address: ""0000:0000:0000:0000:0000:0000:0000:0000"",protocol: ""tcp"",subtype: ""network socket"",remote address: ""0000:0000:0000:0000:0000:FFFF:C0A8:2F80"",hash: ""2bfab2babb10f25448c2005db55da7ee""})"
"(:VERTEX {remote port: ""43040"",epoch: ""0"",source: ""syscall"",type: ""Artifact"",version: ""0"",local port: ""8080"",net namespace: ""-1"",local address: ""0000:0000:0000:0000:0000:0000:0000:0000"",protocol: ""tcp"",subtype: ""network socket"",remote address: ""0000:0000:0000:0000:0000:FFFF:C0A8:2F80"",hash: ""c702bea5e4dacfcb31f770c611c1f892""})"
"(:VERTEX {gid: ""0"",euid: ""999"",children pid namespace: ""-1"",pid: ""116532"",seen time: ""1690977379.057"",source: ""syscall"",type: ""Process"",net namespace: ""-1"",ipc namespace: ""-1"",ppid: ""116521"",pid namespace: ""-1"",uid: ""999"",egid: ""0"",exe: ""/"",mount namespace: ""-1"",name: ""runc:[2:INIT]"",hash: ""67fd858dc02a976927b691fc321a8c5c"",user namespace: ""-1""})"
"(:VERTEX {path: ""/proc/116532/attr/apparmor/exec"",subtype: ""file"",permissions: ""0666"",epoch: ""0"",source: ""syscall"",type: ""Artifact"",version: ""0"",hash: ""405adc578f00cd6c22737db8abca0dcb""})"
"(:VERTEX {gid: ""0"",euid: ""999"",children pid namespace: ""-1"",start time: ""1690977379.057"",pid: ""116532"",source: ""syscall"",type: ""Process"",net namespace: ""-1"",ipc namespace: ""-1"",ppid: ""116521"",pid namespace: ""-1"",cwd: ""/"",uid: ""999"",egid: ""0"",exe: ""/usr/bin/check-status"",mount namespace: ""-1"",command line: ""/usr/bin/check-status -l"",name: ""check-status"",hash: ""60ca91ecc3663b83d548a86634b3cf39"",user namespace: ""-1""})"
"(:VERTEX {memory address: ""7fd3ac6f6000"",size: ""2000"",subtype: ""memory"",tgid: ""116532"",source: ""syscall"",type: ""Artifact"",version: ""0"",hash: ""a180cb8ea349ae2098e54ba98ee8da94""})"
"(:VERTEX {memory address: ""7fd3ac2ab000"",size: ""21f4c0"",subtype: ""memory"",tgid: ""116532"",source: ""syscall"",type: ""Artifact"",version: ""0"",hash: ""68f59365e3e5837e108ee60d565e7838""})"
"(:VERTEX {memory address: ""7fd3ac2c6000"",size: ""1ff000"",subtype: ""memory"",tgid: ""116532"",source: ""syscall"",type: ""Artifact"",version: ""0"",hash: ""e1fa2890a50378dcf2714c7e2d2df3e7""})"
"(:VERTEX {memory address: ""7fd3ac4c5000"",size: ""2000"",subtype: ""memory"",tgid: ""116532"",source: ""syscall"",type: ""Artifact"",version: ""0"",hash: ""27e41504442163a8c26c107fabf2d21d""})"
"(:VERTEX {memory address: ""7fd3ac4c7000"",size: ""34c0"",subtype: ""memory"",tgid: ""116532"",source: ""syscall"",type: ""Artifact"",version: ""0"",hash: ""922865883dfd29774b60578a1b2bb787""})"
"(:VERTEX {memory address: ""7fd3abee5000"",size: ""3c58c0"",subtype: ""memory"",tgid: ""116532"",source: ""syscall"",type: ""Artifact"",version: ""0"",hash: ""4c6a244ae4781b90ca01b3941c82f7cd""})"
"(:VERTEX {memory address: ""7fd3ac0a1000"",size: ""200000"",subtype: ""memory"",tgid: ""116532"",source: ""syscall"",type: ""Artifact"",version: ""0"",hash: ""f6af45c9890dd903ff1673f0bac49527""})"
"(:VERTEX {memory address: ""7fd3ac2a1000"",size: ""6000"",subtype: ""memory"",tgid: ""116532"",source: ""syscall"",type: ""Artifact"",version: ""0"",hash: ""bd38ec2ce5cc2dcaca47b54cbe1c28c8""})"
"(:VERTEX {memory address: ""7fd3ac2a7000"",size: ""38c0"",subtype: ""memory"",tgid: ""116532"",source: ""syscall"",type: ""Artifact"",version: ""0"",hash: ""7ad600279dac91cd15e5586026f79749""})"
"(:VERTEX {memory address: ""7fd3ac6f3000"",size: ""3000"",subtype: ""memory"",tgid: ""116532"",source: ""syscall"",type: ""Artifact"",version: ""0"",hash: ""2f42034dcd079645dceb926a884c128f""})"
"(:VERTEX {memory address: ""7fd3ac2a1000"",size: ""4000"",subtype: ""memory"",tgid: ""116532"",source: ""syscall"",type: ""Artifact"",version: ""0"",hash: ""5c0323cf5163b626e76f5127b45bc648""})"
"(:VERTEX {memory address: ""7fd3ac4c5000"",size: ""1000"",subtype: ""memory"",tgid: ""116532"",source: ""syscall"",type: ""Artifact"",version: ""0"",hash: ""4948c642bb456d7442663bcf9d603f99""})"
"(:VERTEX {memory address: ""7fd3ac6f8000"",size: ""1000"",subtype: ""memory"",tgid: ""116532"",source: ""syscall"",type: ""Artifact"",version: ""0"",hash: ""b3afcf6e674a232797a6c2e91a110d6b""})"
"(:VERTEX {memory address: ""7fd3ac6b3000"",size: ""40000"",subtype: ""memory"",tgid: ""116532"",source: ""syscall"",type: ""Artifact"",version: ""0"",hash: ""365a6fe2c03a7f1d00e054df33712a99""})"
"(:VERTEX {memory address: ""7fd3ac693000"",size: ""20000"",subtype: ""memory"",tgid: ""116532"",source: ""syscall"",type: ""Artifact"",version: ""0"",hash: ""ecb2e05c2b5b038fc9a5667c12d411e4""})"
"(:VERTEX {memory address: ""7fd3ac593000"",size: ""100000"",subtype: ""memory"",tgid: ""116532"",source: ""syscall"",type: ""Artifact"",version: ""0"",hash: ""897a8941431bdb9e4eda8437eac49c69""})"
"(:VERTEX {memory address: ""7fd3ab6e5000"",size: ""800000"",subtype: ""memory"",tgid: ""116532"",source: ""syscall"",type: ""Artifact"",version: ""0"",hash: ""9ae67cb284fc02103a0cf836f25ad68d""})"
"(:VERTEX {memory address: ""7fd3a76e5000"",size: ""4000000"",subtype: ""memory"",tgid: ""116532"",source: ""syscall"",type: ""Artifact"",version: ""0"",hash: ""f8cb201553e7bf6f939da098013ecfad""})"
"(:VERTEX {memory address: ""7fd3876e5000"",size: ""20000000"",subtype: ""memory"",tgid: ""116532"",source: ""syscall"",type: ""Artifact"",version: ""0"",hash: ""227d94d62ae9d62b09dbccb1f4af1f06""})"
"(:VERTEX {memory address: ""c000000000"",size: ""4000000"",subtype: ""memory"",tgid: ""116532"",source: ""syscall"",type: ""Artifact"",version: ""0"",hash: ""601a8283466fff302ecec71c09cc74fa""})"
"(:VERTEX {memory address: ""7fd3856e5000"",size: ""2000000"",subtype: ""memory"",tgid: ""116532"",source: ""syscall"",type: ""Artifact"",version: ""0"",hash: ""539f24cb520c1b7da7cc34770f1bef10""})"
"(:VERTEX {memory address: ""7fd3854d4000"",size: ""210c10"",subtype: ""memory"",tgid: ""116532"",source: ""syscall"",type: ""Artifact"",version: ""0"",hash: ""0ded312f591f5f21c72677ed0aaf8f1f""})"
"(:VERTEX {memory address: ""c000000000"",size: ""400000"",subtype: ""memory"",tgid: ""116532"",source: ""syscall"",type: ""Artifact"",version: ""0"",hash: ""0ba812e80f8a5a649865c2659e42aef1""})"
"(:VERTEX {memory address: ""7fd3ac693000"",size: ""20000"",subtype: ""memory"",tgid: ""116532"",source: ""syscall"",type: ""Artifact"",version: ""1"",hash: ""c038504ef23008c8aa2bf13a001cbbb0""})"
"(:VERTEX {memory address: ""7fd3ac613000"",size: ""1000"",subtype: ""memory"",tgid: ""116532"",source: ""syscall"",type: ""Artifact"",version: ""0"",hash: ""a9804658f0525edfe3b070cecd7ece66""})"
"(:VERTEX {memory address: ""7fd3abaeb000"",size: ""1000"",subtype: ""memory"",tgid: ""116532"",source: ""syscall"",type: ""Artifact"",version: ""0"",hash: ""029c63906448fe6ce6697fb4a4c17d41""})"
"(:VERTEX {memory address: ""7fd3a9715000"",size: ""1000"",subtype: ""memory"",tgid: ""116532"",source: ""syscall"",type: ""Artifact"",version: ""0"",hash: ""90f80d20df52d5210b6260139f1188a5""})"
"(:VERTEX {memory address: ""7fd397865000"",size: ""1000"",subtype: ""memory"",tgid: ""116532"",source: ""syscall"",type: ""Artifact"",version: ""0"",hash: ""5b4cdaa1b4e367e68226780d7b57d491""})"
"(:VERTEX {memory address: ""7fd3853d4000"",size: ""100000"",subtype: ""memory"",tgid: ""116532"",source: ""syscall"",type: ""Artifact"",version: ""0"",hash: ""d1cb7c986f92f7292530752e5488e958""})"
"(:VERTEX {memory address: ""7fd3ac583000"",size: ""10000"",subtype: ""memory"",tgid: ""116532"",source: ""syscall"",type: ""Artifact"",version: ""0"",hash: ""d76064299b11c86a246cfe966b12207c""})"
"(:VERTEX {memory address: ""7fd3ac573000"",size: ""10000"",subtype: ""memory"",tgid: ""116532"",source: ""syscall"",type: ""Artifact"",version: ""0"",hash: ""bd0ea4e622e7c6deda99fc40dba9476c""})"
"(:VERTEX {memory address: ""7fd384bd3000"",size: ""801000"",subtype: ""memory"",tgid: ""116532"",source: ""syscall"",type: ""Artifact"",version: ""0"",hash: ""ca9457c7cdbc8c478ceca9d6564e0aba""})"
"(:VERTEX {memory address: ""7fd384bd4000"",size: ""800000"",subtype: ""memory"",tgid: ""116532"",source: ""syscall"",type: ""Artifact"",version: ""0"",hash: ""6b784e7aa9df5e634d20d5ea33d26bec""})"
"(:VERTEX {gid: ""0"",euid: ""999"",children pid namespace: ""4026532779"",start time: ""1690977379.061"",ns pid: ""8607"",pid: ""116538"",source: ""syscall"",type: ""Process"",net namespace: ""4026532705"",ipc namespace: ""4026532772"",ppid: ""116532"",pid namespace: ""4026532779"",cwd: ""/"",uid: ""999"",egid: ""0"",exe: ""/usr/bin/check-status"",mount namespace: ""4026532778"",command line: ""/usr/bin/check-status -l"",name: ""check-status"",hash: ""46ac612b28ea3cae687fb8fc3c60dcd3"",user namespace: ""4026531837""})"
"(:VERTEX {memory address: ""7fd3843d2000"",size: ""801000"",subtype: ""memory"",tgid: ""116532"",source: ""syscall"",type: ""Artifact"",version: ""0"",hash: ""72916b81e70f4620c6f4edce79549127""})"
"(:VERTEX {memory address: ""7fd3843d3000"",size: ""800000"",subtype: ""memory"",tgid: ""116532"",source: ""syscall"",type: ""Artifact"",version: ""0"",hash: ""3fe6863d83685511e3294a541c81afcb""})"
"(:VERTEX {gid: ""0"",euid: ""999"",children pid namespace: ""4026532779"",start time: ""1690977379.061"",ns pid: ""8608"",pid: ""116539"",source: ""syscall"",type: ""Process"",net namespace: ""4026532705"",ipc namespace: ""4026532772"",ppid: ""116532"",pid namespace: ""4026532779"",cwd: ""/"",uid: ""999"",egid: ""0"",exe: ""/usr/bin/check-status"",mount namespace: ""4026532778"",command line: ""/usr/bin/check-status -l"",name: ""check-status"",hash: ""b6e31e54e020156ff9e02e883ff94ac3"",user namespace: ""4026531837""})"
"(:VERTEX {memory address: ""7fd383bd1000"",size: ""801000"",subtype: ""memory"",tgid: ""116532"",source: ""syscall"",type: ""Artifact"",version: ""0"",hash: ""0476960f453c30630a459047a0858c72""})"
"(:VERTEX {memory address: ""7fd383bd2000"",size: ""800000"",subtype: ""memory"",tgid: ""116532"",source: ""syscall"",type: ""Artifact"",version: ""0"",hash: ""fbf85308bbeb7ad455453307de80b69a""})"
"(:VERTEX {memory address: ""7fd37bbd1000"",size: ""8000000"",subtype: ""memory"",tgid: ""116532"",source: ""syscall"",type: ""Artifact"",version: ""0"",hash: ""b26ab72f581cc208850bb0c87edd11e4""})"
"(:VERTEX {gid: ""0"",euid: ""999"",children pid namespace: ""4026532779"",start time: ""1690977379.061"",ns pid: ""8609"",pid: ""116540"",source: ""syscall"",type: ""Process"",net namespace: ""4026532705"",ipc namespace: ""4026532772"",ppid: ""116532"",pid namespace: ""4026532779"",cwd: ""/"",uid: ""999"",egid: ""0"",exe: ""/usr/bin/check-status"",mount namespace: ""4026532778"",command line: ""/usr/bin/check-status -l"",name: ""check-status"",hash: ""bbc2156765f42fcbc1bcb31ed56ae49f"",user namespace: ""4026531837""})"
"(:VERTEX {memory address: ""7fd37c000000"",size: ""21000"",subtype: ""memory"",tgid: ""116532"",source: ""syscall"",type: ""Artifact"",version: ""0"",hash: ""18d3fb5546151ffd150c2de852a148fb""})"
"(:VERTEX {memory address: ""7fd374000000"",size: ""8000000"",subtype: ""memory"",tgid: ""116532"",source: ""syscall"",type: ""Artifact"",version: ""0"",hash: ""92498f1b6bcb27913a36ab43b66800a3""})"
"(:VERTEX {memory address: ""7fd3ac533000"",size: ""40000"",subtype: ""memory"",tgid: ""116532"",source: ""syscall"",type: ""Artifact"",version: ""0"",hash: ""3bd47a9a90ba959ce6a36958aa0195be""})"
"(:VERTEX {memory address: ""7fd36c000000"",size: ""8000000"",subtype: ""memory"",tgid: ""116532"",source: ""syscall"",type: ""Artifact"",version: ""0"",hash: ""3a1aadc71948313c4701af119b11e078""})"
"(:VERTEX {memory address: ""7fd374000000"",size: ""21000"",subtype: ""memory"",tgid: ""116532"",source: ""syscall"",type: ""Artifact"",version: ""0"",hash: ""13e77240eae2d0865c3cf3349e8ffe02""})"
"(:VERTEX {memory address: ""7fd3833d0000"",size: ""801000"",subtype: ""memory"",tgid: ""116532"",source: ""syscall"",type: ""Artifact"",version: ""0"",hash: ""114f1c211ea089ca2db1a42cfdaaea1c""})"
"(:VERTEX {memory address: ""7fd3833d1000"",size: ""800000"",subtype: ""memory"",tgid: ""116532"",source: ""syscall"",type: ""Artifact"",version: ""0"",hash: ""cce281a0e6acd77d1b5ef4d738b19d0f""})"
"(:VERTEX {memory address: ""7fd36c000000"",size: ""21000"",subtype: ""memory"",tgid: ""116532"",source: ""syscall"",type: ""Artifact"",version: ""0"",hash: ""a30a9df16cb8ff58901847d024ece8af""})"
"(:VERTEX {gid: ""0"",euid: ""999"",children pid namespace: ""4026532779"",start time: ""1690977379.061"",ns pid: ""8610"",pid: ""116541"",source: ""syscall"",type: ""Process"",net namespace: ""4026532705"",ipc namespace: ""4026532772"",ppid: ""116532"",pid namespace: ""4026532779"",cwd: ""/"",uid: ""999"",egid: ""0"",exe: ""/usr/bin/check-status"",mount namespace: ""4026532778"",command line: ""/usr/bin/check-status -l"",name: ""check-status"",hash: ""a01aa9f1eb09d1cc2079e44bc4920c13"",user namespace: ""4026531837""})"
"(:VERTEX {memory address: ""7fd382bcf000"",size: ""801000"",subtype: ""memory"",tgid: ""116532"",source: ""syscall"",type: ""Artifact"",version: ""0"",hash: ""2e6261972a3fa56eeeb79f2b1244a689""})"
"(:VERTEX {memory address: ""7fd382bd0000"",size: ""800000"",subtype: ""memory"",tgid: ""116532"",source: ""syscall"",type: ""Artifact"",version: ""0"",hash: ""25ef475e443334cf97786cf0ade328cf""})"
"(:VERTEX {gid: ""0"",euid: ""999"",children pid namespace: ""4026532779"",start time: ""1690977379.061"",ns pid: ""8611"",pid: ""116542"",source: ""syscall"",type: ""Process"",net namespace: ""4026532705"",ipc namespace: ""4026532772"",ppid: ""116532"",pid namespace: ""4026532779"",cwd: ""/"",uid: ""999"",egid: ""0"",exe: ""/usr/bin/check-status"",mount namespace: ""4026532778"",command line: ""/usr/bin/check-status -l"",name: ""check-status"",hash: ""451f8b212b5ffd379be58f0e5b78bcdb"",user namespace: ""4026531837""})"
"(:VERTEX {memory address: ""7fd370000000"",size: ""4000000"",subtype: ""memory"",tgid: ""116532"",source: ""syscall"",type: ""Artifact"",version: ""0"",hash: ""90b935717800a7b141e0b8560746bdf5""})"
"(:VERTEX {memory address: ""7fd370000000"",size: ""21000"",subtype: ""memory"",tgid: ""116532"",source: ""syscall"",type: ""Artifact"",version: ""0"",hash: ""45facc25f8de9167390d19a33b8b1152""})"
"(:VERTEX {gid: ""1000"",euid: ""1000"",children pid namespace: ""-1"",pid: ""61363"",seen time: ""1690977380.202"",source: ""syscall"",type: ""Process"",net namespace: ""-1"",ipc namespace: ""-1"",ppid: ""59024"",pid namespace: ""-1"",uid: ""1000"",egid: ""1000"",exe: ""/app/cartservice"",mount namespace: ""-1"",name: "".NET ThreadPool"",hash: ""a40bcaa87dcb1a76030cc41f48048899"",user namespace: ""-1""})"
"(:VERTEX {memory address: ""7f981a2cc000"",size: ""4000"",subtype: ""memory"",tgid: ""61363"",source: ""syscall"",type: ""Artifact"",version: ""1"",hash: ""5bfbe3baf305f5186fa2f558916488a5""})"
"(:VERTEX {memory address: ""7f981a2cc000"",size: ""1000"",subtype: ""memory"",tgid: ""61363"",source: ""syscall"",type: ""Artifact"",version: ""1"",hash: ""58e751c2513cb9a5ebb922da676f093b""})"
"(:VERTEX {subtype: ""unnamed pipe"",tgid: ""61363"",epoch: ""2"",source: ""syscall"",read fd: ""196"",type: ""Artifact"",version: ""0"",hash: ""567fff15244344f10e8c74319248b8af"",write fd: ""198""})"
"(:VERTEX {remote port: ""53"",epoch: ""0"",source: ""syscall"",type: ""Artifact"",version: ""0"",local port: ""33377"",net namespace: ""-1"",local address: ""10.1.251.204"",protocol: ""udp"",subtype: ""network socket"",remote address: ""10.152.183.10"",hash: ""64d6f19280a3e0b33f28f16765146e26""})"
"(:VERTEX {remote port: ""53"",epoch: ""0"",source: ""syscall"",type: ""Artifact"",version: ""0"",local port: ""50062"",net namespace: ""-1"",local address: ""10.1.251.204"",protocol: ""udp"",subtype: ""network socket"",remote address: ""10.152.183.10"",hash: ""9d25ba8cb0bd6c85ac23f9f753e92587""})"
"(:VERTEX {memory address: ""7efcd4040000"",size: ""7fb000"",subtype: ""memory"",tgid: ""898"",source: ""syscall"",type: ""Artifact"",version: ""0"",hash: ""a27a4b45fea39f236d2e73b3aadf6b15""})"
"(:VERTEX {gid: ""114"",euid: ""110"",children pid namespace: ""-1"",pid: ""898"",seen time: ""1690977381.149"",source: ""syscall"",type: ""Process"",net namespace: ""-1"",ipc namespace: ""-1"",ppid: ""1"",pid namespace: ""-1"",uid: ""110"",egid: ""114"",exe: ""/usr/lib/systemd/systemd-networkd"",mount namespace: ""-1"",name: ""close"",hash: ""bd53c21224f6a6ecf7b0f32f39d1f1c3"",user namespace: ""-1""})"
"(:VERTEX {gid: ""116"",euid: ""112"",children pid namespace: ""-1"",pid: ""759"",seen time: ""1690977381.152"",source: ""syscall"",type: ""Process"",net namespace: ""-1"",ipc namespace: ""-1"",ppid: ""1"",pid namespace: ""-1"",uid: ""112"",egid: ""116"",mount namespace: ""-1"",name: ""sd-resolve"",hash: ""cc628f38a1d1280d6c23ab720e591f3b"",user namespace: ""-1""})"
"(:VERTEX {remote port: ""53"",epoch: ""0"",source: ""syscall"",type: ""Artifact"",version: ""0"",local port: ""56995"",net namespace: ""-1"",local address: ""127.0.0.1"",protocol: ""udp"",subtype: ""network socket"",remote address: ""127.0.0.53"",hash: ""510b49794714f0700911f3ede6fe87cb""})"
"(:VERTEX {gid: ""115"",euid: ""111"",children pid namespace: ""-1"",pid: ""900"",seen time: ""1690977381.152"",source: ""syscall"",type: ""Process"",net namespace: ""-1"",ipc namespace: ""-1"",ppid: ""1"",pid namespace: ""-1"",uid: ""111"",egid: ""115"",mount namespace: ""-1"",name: ""systemd-resolve"",hash: ""0853fb4d358880a461a8a1c5c3ccb90b"",user namespace: ""-1""})"
"(:VERTEX {remote port: ""53"",epoch: ""0"",source: ""syscall"",type: ""Artifact"",version: ""0"",local port: ""58712"",net namespace: ""-1"",local address: ""192.168.47.128"",protocol: ""udp"",subtype: ""network socket"",remote address: ""192.168.47.2"",hash: ""be5828344fc4d667457c3de30a2a7b0c""})"
"(:VERTEX {remote port: ""53"",epoch: ""0"",source: ""syscall"",type: ""Artifact"",version: ""0"",local port: ""38792"",net namespace: ""-1"",local address: ""192.168.47.128"",protocol: ""udp"",subtype: ""network socket"",remote address: ""192.168.47.2"",hash: ""4bd67239c6db5e2206df170f81bef97d""})"
"(:VERTEX {remote port: ""123"",epoch: ""0"",source: ""syscall"",type: ""Artifact"",version: ""0"",local port: ""47990"",net namespace: ""-1"",local address: ""192.168.47.128"",protocol: ""udp"",subtype: ""network socket"",remote address: ""91.189.94.4"",hash: ""444cd29b9b80bd4ef983f7f47be2da28""})"
"(:VERTEX {remote port: """",epoch: ""0"",source: ""syscall"",type: ""Artifact"",version: ""0"",local port: ""0"",net namespace: ""-1"",local address: ""0.0.0.0"",protocol: ""udp"",subtype: ""network socket"",remote address: """",hash: ""16b94d74c651e9a8f25c232327668a42""})"
"(:VERTEX {remote port: ""123"",epoch: ""0"",source: ""syscall"",type: ""Artifact"",version: ""0"",local port: ""49151"",net namespace: ""-1"",local address: ""192.168.47.128"",protocol: ""udp"",subtype: ""network socket"",remote address: ""185.125.190.57"",hash: ""e47cbc143534becb4541d116c8529c46""})"
"(:VERTEX {remote port: """",epoch: ""1"",source: ""syscall"",type: ""Artifact"",version: ""0"",local port: ""0"",net namespace: ""-1"",local address: ""0.0.0.0"",protocol: ""udp"",subtype: ""network socket"",remote address: """",hash: ""725b6567718eda595bfdac31f24c55b6""})"
"(:VERTEX {remote port: ""123"",epoch: ""0"",source: ""syscall"",type: ""Artifact"",version: ""0"",local port: ""50046"",net namespace: ""-1"",local address: ""192.168.47.128"",protocol: ""udp"",subtype: ""network socket"",remote address: ""185.125.190.56"",hash: ""9326f29898cabaf36ee9dc5e0b2f94a7""})"
"(:VERTEX {remote port: """",epoch: ""2"",source: ""syscall"",type: ""Artifact"",version: ""0"",local port: ""0"",net namespace: ""-1"",local address: ""0.0.0.0"",protocol: ""udp"",subtype: ""network socket"",remote address: """",hash: ""389f49f6155b4bdda7618a61b679af9c""})"
"(:VERTEX {remote port: ""123"",epoch: ""0"",source: ""syscall"",type: ""Artifact"",version: ""0"",local port: ""57561"",net namespace: ""-1"",local address: ""192.168.47.128"",protocol: ""udp"",subtype: ""network socket"",remote address: ""185.125.190.58"",hash: ""b360807e978fb5a27a0b2f2dad458f45""})"
"(:VERTEX {remote port: """",epoch: ""3"",source: ""syscall"",type: ""Artifact"",version: ""0"",local port: ""0"",net namespace: ""-1"",local address: ""0.0.0.0"",protocol: ""udp"",subtype: ""network socket"",remote address: """",hash: ""0555d7c1ef9ec7ec859e31ba6111adf0""})"
"(:VERTEX {remote port: ""123"",epoch: ""0"",source: ""syscall"",type: ""Artifact"",version: ""0"",local port: ""52914"",net namespace: ""-1"",local address: ""192.168.47.128"",protocol: ""udp"",subtype: ""network socket"",remote address: ""91.189.91.157"",hash: ""3596eea751ad607616ffd113706d3153""})"
"(:VERTEX {remote port: """",epoch: ""0"",source: ""syscall"",type: ""Artifact"",version: ""0"",local port: ""0"",net namespace: ""-1"",local address: ""0000:0000:0000:0000:0000:0000:0000:0000"",protocol: ""udp"",subtype: ""network socket"",remote address: """",hash: ""0e284b0693023c0a3729563629dd64b7""})"
"(:VERTEX {remote port: """",epoch: ""1"",source: ""syscall"",type: ""Artifact"",version: ""0"",local port: ""0"",net namespace: ""-1"",local address: ""0000:0000:0000:0000:0000:0000:0000:0000"",protocol: ""udp"",subtype: ""network socket"",remote address: """",hash: ""d2a165d27793655377ca8149a29cb964""})"
"(:VERTEX {remote port: ""45982"",epoch: ""0"",source: ""syscall"",type: ""Artifact"",version: ""0"",local port: ""8080"",net namespace: ""-1"",local address: ""0000:0000:0000:0000:0000:0000:0000:0000"",protocol: ""tcp"",subtype: ""network socket"",remote address: ""0000:0000:0000:0000:0000:FFFF:C0A8:2F80"",hash: ""ace71e6315c18c92f0d58f095f653a4d""})"
"(:VERTEX {remote port: ""45994"",epoch: ""0"",source: ""syscall"",type: ""Artifact"",version: ""0"",local port: ""8080"",net namespace: ""-1"",local address: ""0000:0000:0000:0000:0000:0000:0000:0000"",protocol: ""tcp"",subtype: ""network socket"",remote address: ""0000:0000:0000:0000:0000:FFFF:C0A8:2F80"",hash: ""bfcfc293c71c82e4d15c73b08b2935a5""})"
"(:VERTEX {remote port: ""39428"",epoch: ""0"",source: ""syscall"",type: ""Artifact"",version: ""0"",local port: ""50051"",net namespace: ""-1"",local address: ""0000:0000:0000:0000:0000:0000:0000:0000"",protocol: ""tcp"",subtype: ""network socket"",remote address: ""0000:0000:0000:0000:0000:FFFF:C0A8:2F80"",hash: ""b410f6387a31c0ea3dbffa570adadee6""})"
"(:VERTEX {remote port: ""39440"",epoch: ""0"",source: ""syscall"",type: ""Artifact"",version: ""0"",local port: ""50051"",net namespace: ""-1"",local address: ""0000:0000:0000:0000:0000:0000:0000:0000"",protocol: ""tcp"",subtype: ""network socket"",remote address: ""0000:0000:0000:0000:0000:FFFF:C0A8:2F80"",hash: ""cf65b89e2ba197a2b11675f3b5ed0e4b""})"
"(:VERTEX {remote port: ""54270"",epoch: ""0"",source: ""syscall"",type: ""Artifact"",version: ""0"",local port: ""7000"",net namespace: ""-1"",local address: ""0000:0000:0000:0000:0000:0000:0000:0000"",protocol: ""tcp"",subtype: ""network socket"",remote address: ""0000:0000:0000:0000:0000:FFFF:C0A8:2F80"",hash: ""5e8684def3bd35f7d3b24ca0387b2cbc""})"
"(:VERTEX {remote port: ""54276"",epoch: ""0"",source: ""syscall"",type: ""Artifact"",version: ""0"",local port: ""7000"",net namespace: ""-1"",local address: ""0000:0000:0000:0000:0000:0000:0000:0000"",protocol: ""tcp"",subtype: ""network socket"",remote address: ""0000:0000:0000:0000:0000:FFFF:C0A8:2F80"",hash: ""9b8aa921249d2563636393abb20cf1f7""})"
"(:VERTEX {remote port: ""57630"",epoch: ""0"",source: ""syscall"",type: ""Artifact"",version: ""0"",local port: ""6379"",net namespace: ""-1"",local address: ""0.0.0.0"",protocol: ""tcp"",subtype: ""network socket"",remote address: ""192.168.47.128"",hash: ""5d919e97e519ba82e2db1bd41fe51dea""})"
"(:VERTEX {remote port: ""38702"",epoch: ""0"",source: ""syscall"",type: ""Artifact"",version: ""0"",local port: ""5050"",net namespace: ""-1"",local address: ""0000:0000:0000:0000:0000:0000:0000:0000"",protocol: ""tcp"",subtype: ""network socket"",remote address: ""0000:0000:0000:0000:0000:FFFF:C0A8:2F80"",hash: ""c45ad3981e43529e192c0c86e05f6837""})"
"(:VERTEX {remote port: ""57636"",epoch: ""0"",source: ""syscall"",type: ""Artifact"",version: ""0"",local port: ""6379"",net namespace: ""-1"",local address: ""0.0.0.0"",protocol: ""tcp"",subtype: ""network socket"",remote address: ""192.168.47.128"",hash: ""d4c9214fd1026df6b9a68825bea1a2d1""})"
"(:VERTEX {remote port: ""38704"",epoch: ""0"",source: ""syscall"",type: ""Artifact"",version: ""0"",local port: ""5050"",net namespace: ""-1"",local address: ""0000:0000:0000:0000:0000:0000:0000:0000"",protocol: ""tcp"",subtype: ""network socket"",remote address: ""0000:0000:0000:0000:0000:FFFF:C0A8:2F80"",hash: ""9fa9e1c39fad3647f2a03a1a12ef95ae""})"
"(:VERTEX {remote port: ""47878"",epoch: ""0"",source: ""syscall"",type: ""Artifact"",version: ""0"",local port: ""9555"",net namespace: ""-1"",local address: ""0000:0000:0000:0000:0000:0000:0000:0000"",protocol: ""tcp"",subtype: ""network socket"",remote address: ""0000:0000:0000:0000:0000:FFFF:C0A8:2F80"",hash: ""6e654efd2677b1fec468f4f8eb703eed""})"
"(:VERTEX {remote port: ""47866"",epoch: ""0"",source: ""syscall"",type: ""Artifact"",version: ""0"",local port: ""9555"",net namespace: ""-1"",local address: ""0000:0000:0000:0000:0000:0000:0000:0000"",protocol: ""tcp"",subtype: ""network socket"",remote address: ""0000:0000:0000:0000:0000:FFFF:C0A8:2F80"",hash: ""1c37a3f185f666746fb8b6b323cbbdef""})"
"(:VERTEX {remote port: ""50810"",epoch: ""0"",source: ""syscall"",type: ""Artifact"",version: ""0"",local port: ""8080"",net namespace: ""-1"",local address: ""0000:0000:0000:0000:0000:0000:0000:0000"",protocol: ""tcp"",subtype: ""network socket"",remote address: ""0000:0000:0000:0000:0000:FFFF:C0A8:2F80"",hash: ""97c67dad6ee2b9f979dafb9ab3a58a97""})"
"(:VERTEX {remote port: ""50816"",epoch: ""0"",source: ""syscall"",type: ""Artifact"",version: ""0"",local port: ""8080"",net namespace: ""-1"",local address: ""0000:0000:0000:0000:0000:0000:0000:0000"",protocol: ""tcp"",subtype: ""network socket"",remote address: ""0000:0000:0000:0000:0000:FFFF:C0A8:2F80"",hash: ""508971df14df4e086f97a8f91026e798""})"
"(:VERTEX {remote port: ""51716"",epoch: ""0"",source: ""syscall"",type: ""Artifact"",version: ""0"",local port: ""50051"",net namespace: ""-1"",local address: ""0000:0000:0000:0000:0000:0000:0000:0000"",protocol: ""tcp"",subtype: ""network socket"",remote address: ""0000:0000:0000:0000:0000:FFFF:C0A8:2F80"",hash: ""687b76405041b8c7ddc8be6ec80859ce""})"
"(:VERTEX {remote port: ""51718"",epoch: ""0"",source: ""syscall"",type: ""Artifact"",version: ""0"",local port: ""50051"",net namespace: ""-1"",local address: ""0000:0000:0000:0000:0000:0000:0000:0000"",protocol: ""tcp"",subtype: ""network socket"",remote address: ""0000:0000:0000:0000:0000:FFFF:C0A8:2F80"",hash: ""aba0feb0a179c39bbc80b9dbd2019f7c""})"
"(:VERTEX {remote port: ""56012"",epoch: ""0"",source: ""syscall"",type: ""Artifact"",version: ""0"",local port: ""7070"",net namespace: ""-1"",local address: ""0000:0000:0000:0000:0000:0000:0000:0000"",protocol: ""tcp"",subtype: ""network socket"",remote address: ""0000:0000:0000:0000:0000:FFFF:C0A8:2F80"",hash: ""e62dd3f3dc8eeb815d2959ef658f07f6""})"
"(:VERTEX {remote port: ""43070"",epoch: ""0"",source: ""syscall"",type: ""Artifact"",version: ""0"",local port: ""8080"",net namespace: ""-1"",local address: ""0000:0000:0000:0000:0000:0000:0000:0000"",protocol: ""tcp"",subtype: ""network socket"",remote address: ""0000:0000:0000:0000:0000:FFFF:C0A8:2F80"",hash: ""2fbe3c88e2f87d39b2500bac7abeb888""})"
"(:VERTEX {remote port: ""56024"",epoch: ""0"",source: ""syscall"",type: ""Artifact"",version: ""0"",local port: ""7070"",net namespace: ""-1"",local address: ""0000:0000:0000:0000:0000:0000:0000:0000"",protocol: ""tcp"",subtype: ""network socket"",remote address: ""0000:0000:0000:0000:0000:FFFF:C0A8:2F80"",hash: ""52ade49e62ea222f1e0f6fcd165c2cbb""})"
"(:VERTEX {remote port: ""43086"",epoch: ""0"",source: ""syscall"",type: ""Artifact"",version: ""0"",local port: ""8080"",net namespace: ""-1"",local address: ""0000:0000:0000:0000:0000:0000:0000:0000"",protocol: ""tcp"",subtype: ""network socket"",remote address: ""0000:0000:0000:0000:0000:FFFF:C0A8:2F80"",hash: ""d2f2741503e20a59f15c9507138c7aae""})"
"(:VERTEX {memory address: ""7f981a2c8000"",size: ""4000"",subtype: ""memory"",tgid: ""61363"",source: ""syscall"",type: ""Artifact"",version: ""0"",hash: ""646e28ff2eb694d874fdf1051680e5ed""})"
"(:VERTEX {memory address: ""7f981a2c8000"",size: ""1000"",subtype: ""memory"",tgid: ""61363"",source: ""syscall"",type: ""Artifact"",version: ""0"",hash: ""246fd5f335f54d674cf0bd37d599f02f""})"
"(:VERTEX {subtype: ""unnamed pipe"",tgid: ""61363"",epoch: ""3"",source: ""syscall"",read fd: ""196"",type: ""Artifact"",version: ""0"",hash: ""f941b6bae87b6f5b8898e4038c93e9df"",write fd: ""198""})"
"(:VERTEX {gid: ""1000"",euid: ""1000"",children pid namespace: ""-1"",pid: ""61647"",seen time: ""1690977382.920"",source: ""syscall"",type: ""Process"",net namespace: ""-1"",ipc namespace: ""-1"",ppid: ""59160"",pid namespace: ""-1"",uid: ""1000"",egid: ""1000"",mount namespace: ""-1"",name: ""server"",hash: ""3779e482fba94cafa0e4afe415e93346"",user namespace: ""-1""})"
"(:VERTEX {remote port: ""55918"",epoch: ""0"",source: ""syscall"",type: ""Artifact"",version: ""0"",local port: ""3550"",net namespace: ""-1"",local address: ""0000:0000:0000:0000:0000:0000:0000:0000"",protocol: ""tcp"",subtype: ""network socket"",remote address: ""0000:0000:0000:0000:0000:FFFF:C0A8:2F80"",hash: ""6486254ede6bfa287743b6d0b2bd3da7""})"
"(:VERTEX {remote port: ""55934"",epoch: ""0"",source: ""syscall"",type: ""Artifact"",version: ""0"",local port: ""3550"",net namespace: ""-1"",local address: ""0000:0000:0000:0000:0000:0000:0000:0000"",protocol: ""tcp"",subtype: ""network socket"",remote address: ""0000:0000:0000:0000:0000:FFFF:C0A8:2F80"",hash: ""06eb064750f4bac39df7e5fa9c40ce8a""})"
"(:VERTEX {remote port: ""53"",epoch: ""0"",source: ""syscall"",type: ""Artifact"",version: ""0"",local port: ""39924"",net namespace: ""-1"",local address: ""10.1.251.204"",protocol: ""udp"",subtype: ""network socket"",remote address: ""10.152.183.10"",hash: ""d965b5bfe3866c6cf0dd5d7b08de7764""})"
"(:VERTEX {remote port: ""53"",epoch: ""0"",source: ""syscall"",type: ""Artifact"",version: ""0"",local port: ""37769"",net namespace: ""-1"",local address: ""10.1.251.204"",protocol: ""udp"",subtype: ""network socket"",remote address: ""10.152.183.10"",hash: ""9b0edf46bcc9081a4e1878b2ac4ba1bc""})"
"(:VERTEX {gid: ""1000"",euid: ""1000"",children pid namespace: ""-1"",pid: ""61216"",seen time: ""1690977386.282"",source: ""syscall"",type: ""Process"",net namespace: ""-1"",ipc namespace: ""-1"",ppid: ""58880"",pid namespace: ""-1"",uid: ""1000"",egid: ""1000"",mount namespace: ""-1"",name: ""server"",hash: ""f785b9be217f2b7e06ec0d7ac14df04b"",user namespace: ""-1""})"
"(:VERTEX {remote port: ""53"",epoch: ""0"",source: ""syscall"",type: ""Artifact"",version: ""0"",local port: ""57568"",net namespace: ""-1"",local address: ""10.1.251.204"",protocol: ""udp"",subtype: ""network socket"",remote address: ""10.152.183.10"",hash: ""5ac1fd2047ee70ec270a375b90b9bb45""})"
"(:VERTEX {remote port: ""53"",epoch: ""0"",source: ""syscall"",type: ""Artifact"",version: ""0"",local port: ""43750"",net namespace: ""-1"",local address: ""10.1.251.204"",protocol: ""udp"",subtype: ""network socket"",remote address: ""10.152.183.10"",hash: ""908ce1943a7c384d9995c6e623c163c9""})"
"(:VERTEX {gid: ""0"",euid: ""999"",children pid namespace: ""-1"",pid: ""116685"",seen time: ""1690977386.898"",source: ""syscall"",type: ""Process"",net namespace: ""-1"",ipc namespace: ""-1"",ppid: ""116675"",pid namespace: ""-1"",uid: ""999"",egid: ""0"",exe: ""/"",mount namespace: ""-1"",name: ""runc:[2:INIT]"",hash: ""019b35e738a0f359a42dc2e240466099"",user namespace: ""-1""})"
"(:VERTEX {path: ""/proc/116685/attr/apparmor/exec"",subtype: ""file"",permissions: ""0666"",epoch: ""0"",source: ""syscall"",type: ""Artifact"",version: ""0"",hash: ""fe792a448219e5fb78c775e345759537""})"
"(:VERTEX {gid: ""0"",euid: ""999"",children pid namespace: ""-1"",start time: ""1690977386.898"",pid: ""116685"",source: ""syscall"",type: ""Process"",net namespace: ""-1"",ipc namespace: ""-1"",ppid: ""116675"",pid namespace: ""-1"",cwd: ""/"",uid: ""999"",egid: ""0"",exe: ""/usr/bin/check-status"",mount namespace: ""-1"",command line: ""/usr/bin/check-status -r"",name: ""check-status"",hash: ""908eaebcd88482952512f50950028a4d"",user namespace: ""-1""})"
"(:VERTEX {memory address: ""7fbe85a04000"",size: ""2000"",subtype: ""memory"",tgid: ""116685"",source: ""syscall"",type: ""Artifact"",version: ""0"",hash: ""ec463137e0bf814582cf45169a218603""})"
"(:VERTEX {memory address: ""7fbe855b9000"",size: ""21f4c0"",subtype: ""memory"",tgid: ""116685"",source: ""syscall"",type: ""Artifact"",version: ""0"",hash: ""b3277873a7c70b00cc10d42d9e137617""})"
"(:VERTEX {memory address: ""7fbe855d4000"",size: ""1ff000"",subtype: ""memory"",tgid: ""116685"",source: ""syscall"",type: ""Artifact"",version: ""0"",hash: ""54e06a6328d0907b2d35bf12c14c1f61""})"
"(:VERTEX {memory address: ""7fbe857d3000"",size: ""2000"",subtype: ""memory"",tgid: ""116685"",source: ""syscall"",type: ""Artifact"",version: ""0"",hash: ""6598525beb452b4df45e4f3abbd5f353""})"
"(:VERTEX {memory address: ""7fbe857d5000"",size: ""34c0"",subtype: ""memory"",tgid: ""116685"",source: ""syscall"",type: ""Artifact"",version: ""0"",hash: ""b6dd3e408f39a016e20190a5c1262664""})"
"(:VERTEX {memory address: ""7fbe851f3000"",size: ""3c58c0"",subtype: ""memory"",tgid: ""116685"",source: ""syscall"",type: ""Artifact"",version: ""0"",hash: ""296b427418900f60a5d6ab53b9df8734""})"
"(:VERTEX {memory address: ""7fbe853af000"",size: ""200000"",subtype: ""memory"",tgid: ""116685"",source: ""syscall"",type: ""Artifact"",version: ""0"",hash: ""d96c4d81870e7d13fd2f5bed63c45342""})"
"(:VERTEX {memory address: ""7fbe855af000"",size: ""6000"",subtype: ""memory"",tgid: ""116685"",source: ""syscall"",type: ""Artifact"",version: ""0"",hash: ""6806af2bda25839dc1c3442537aad0e2""})"
"(:VERTEX {memory address: ""7fbe855b5000"",size: ""38c0"",subtype: ""memory"",tgid: ""116685"",source: ""syscall"",type: ""Artifact"",version: ""0"",hash: ""2450c1c97557246c85ce150d362767b2""})"
"(:VERTEX {memory address: ""7fbe85a01000"",size: ""3000"",subtype: ""memory"",tgid: ""116685"",source: ""syscall"",type: ""Artifact"",version: ""0"",hash: ""19a75c9076e6d38511fcfcc43ca94a27""})"
"(:VERTEX {memory address: ""7fbe855af000"",size: ""4000"",subtype: ""memory"",tgid: ""116685"",source: ""syscall"",type: ""Artifact"",version: ""0"",hash: ""8dfe8d830bca628ad6328cb1b7fe962f""})"
"(:VERTEX {memory address: ""7fbe857d3000"",size: ""1000"",subtype: ""memory"",tgid: ""116685"",source: ""syscall"",type: ""Artifact"",version: ""0"",hash: ""009a092492a93ed5a272265c0628265f""})"
"(:VERTEX {memory address: ""7fbe85a06000"",size: ""1000"",subtype: ""memory"",tgid: ""116685"",source: ""syscall"",type: ""Artifact"",version: ""0"",hash: ""2573c30d482aa96099a3cbb711640d93""})"
"(:VERTEX {memory address: ""7fbe859c1000"",size: ""40000"",subtype: ""memory"",tgid: ""116685"",source: ""syscall"",type: ""Artifact"",version: ""0"",hash: ""0c39a63d7f25bfbc243a0a381937ce25""})"
"(:VERTEX {memory address: ""7fbe859a1000"",size: ""20000"",subtype: ""memory"",tgid: ""116685"",source: ""syscall"",type: ""Artifact"",version: ""0"",hash: ""b3cebd56b8cdc9cef5225c20b9439291""})"
"(:VERTEX {memory address: ""7fbe858a1000"",size: ""100000"",subtype: ""memory"",tgid: ""116685"",source: ""syscall"",type: ""Artifact"",version: ""0"",hash: ""e7d680339650cb56d9660e434da8c0c4""})"
"(:VERTEX {memory address: ""7fbe849f3000"",size: ""800000"",subtype: ""memory"",tgid: ""116685"",source: ""syscall"",type: ""Artifact"",version: ""0"",hash: ""a7a21577e6ecca262dc505afed1cb510""})"
"(:VERTEX {memory address: ""7fbe809f3000"",size: ""4000000"",subtype: ""memory"",tgid: ""116685"",source: ""syscall"",type: ""Artifact"",version: ""0"",hash: ""81bf2bc25581e34fdb0960c9e62d6674""})"
"(:VERTEX {memory address: ""7fbe609f3000"",size: ""20000000"",subtype: ""memory"",tgid: ""116685"",source: ""syscall"",type: ""Artifact"",version: ""0"",hash: ""8448b58ad7439b9cfa682fcb6fadf709""})"
"(:VERTEX {memory address: ""c000000000"",size: ""4000000"",subtype: ""memory"",tgid: ""116685"",source: ""syscall"",type: ""Artifact"",version: ""0"",hash: ""e09dfff845200d7304da7cfb92f941ee""})"
"(:VERTEX {memory address: ""7fbe5e9f3000"",size: ""2000000"",subtype: ""memory"",tgid: ""116685"",source: ""syscall"",type: ""Artifact"",version: ""0"",hash: ""cdc56c1a683b6214e8ae148376e95ca6""})"
"(:VERTEX {memory address: ""7fbe5e7e2000"",size: ""210c10"",subtype: ""memory"",tgid: ""116685"",source: ""syscall"",type: ""Artifact"",version: ""0"",hash: ""4aee65e42fc9928d12ff69d9fd5b314f""})"
"(:VERTEX {memory address: ""c000000000"",size: ""400000"",subtype: ""memory"",tgid: ""116685"",source: ""syscall"",type: ""Artifact"",version: ""0"",hash: ""7b77b0df2226b69d6896becb431a82ae""})"
"(:VERTEX {memory address: ""7fbe859a1000"",size: ""20000"",subtype: ""memory"",tgid: ""116685"",source: ""syscall"",type: ""Artifact"",version: ""1"",hash: ""625b6d3e97f389e7b60bb034504e844a""})"
"(:VERTEX {memory address: ""7fbe85921000"",size: ""1000"",subtype: ""memory"",tgid: ""116685"",source: ""syscall"",type: ""Artifact"",version: ""0"",hash: ""c872fb8c06a1f6954e889b7ab55e8f00""})"
"(:VERTEX {memory address: ""7fbe84df9000"",size: ""1000"",subtype: ""memory"",tgid: ""116685"",source: ""syscall"",type: ""Artifact"",version: ""0"",hash: ""2b557c6a795d9ad11bfd42417e0dae6a""})"
"(:VERTEX {memory address: ""7fbe82a23000"",size: ""1000"",subtype: ""memory"",tgid: ""116685"",source: ""syscall"",type: ""Artifact"",version: ""0"",hash: ""e296e72b9f9e50fec88d7a002548ecc5""})"
"(:VERTEX {memory address: ""7fbe70b73000"",size: ""1000"",subtype: ""memory"",tgid: ""116685"",source: ""syscall"",type: ""Artifact"",version: ""0"",hash: ""6cf5369d9d429e3b0d937e4b571d5982""})"
"(:VERTEX {memory address: ""7fbe5e6e2000"",size: ""100000"",subtype: ""memory"",tgid: ""116685"",source: ""syscall"",type: ""Artifact"",version: ""0"",hash: ""a65b850008b4e09107be3411bad6ee71""})"
"(:VERTEX {memory address: ""7fbe85891000"",size: ""10000"",subtype: ""memory"",tgid: ""116685"",source: ""syscall"",type: ""Artifact"",version: ""0"",hash: ""e6f8339fd3e2a6ddc29bffb10897d37f""})"
"(:VERTEX {memory address: ""7fbe85881000"",size: ""10000"",subtype: ""memory"",tgid: ""116685"",source: ""syscall"",type: ""Artifact"",version: ""0"",hash: ""8059095a3fa50f0c80a036af0a31f99d""})"
"(:VERTEX {memory address: ""7fbe5dee1000"",size: ""801000"",subtype: ""memory"",tgid: ""116685"",source: ""syscall"",type: ""Artifact"",version: ""0"",hash: ""7fe1f9bf628e3ce7744ee68ca39ac747""})"
"(:VERTEX {memory address: ""7fbe5dee2000"",size: ""800000"",subtype: ""memory"",tgid: ""116685"",source: ""syscall"",type: ""Artifact"",version: ""0"",hash: ""ad9cac5e6c9b8e006594e16bc0ba0e0d""})"
"(:VERTEX {gid: ""0"",euid: ""999"",children pid namespace: ""4026532779"",start time: ""1690977386.901"",ns pid: ""8619"",pid: ""116692"",source: ""syscall"",type: ""Process"",net namespace: ""4026532705"",ipc namespace: ""4026532772"",ppid: ""116685"",pid namespace: ""4026532779"",cwd: ""/"",uid: ""999"",egid: ""0"",exe: ""/usr/bin/check-status"",mount namespace: ""4026532778"",command line: ""/usr/bin/check-status -r"",name: ""check-status"",hash: ""3130992b8f8f404e2d3120aa5d902e03"",user namespace: ""4026531837""})"
"(:VERTEX {memory address: ""7fbe55ee1000"",size: ""8000000"",subtype: ""memory"",tgid: ""116685"",source: ""syscall"",type: ""Artifact"",version: ""0"",hash: ""5a295841792eafde06934f2851a404b5""})"
"(:VERTEX {memory address: ""7fbe556e0000"",size: ""801000"",subtype: ""memory"",tgid: ""116685"",source: ""syscall"",type: ""Artifact"",version: ""0"",hash: ""49431fa7818b858cd4a14153f1372c61""})"
"(:VERTEX {memory address: ""7fbe556e1000"",size: ""800000"",subtype: ""memory"",tgid: ""116685"",source: ""syscall"",type: ""Artifact"",version: ""0"",hash: ""f96abcb1e5e2ba6f3ebe05830e9f76b1""})"
"(:VERTEX {memory address: ""7fbe58000000"",size: ""21000"",subtype: ""memory"",tgid: ""116685"",source: ""syscall"",type: ""Artifact"",version: ""0"",hash: ""89c5db3afe824edc9c8bf79597a828e1""})"
"(:VERTEX {gid: ""0"",euid: ""999"",children pid namespace: ""4026532779"",start time: ""1690977386.901"",ns pid: ""8620"",pid: ""116693"",source: ""syscall"",type: ""Process"",net namespace: ""4026532705"",ipc namespace: ""4026532772"",ppid: ""116685"",pid namespace: ""4026532779"",cwd: ""/"",uid: ""999"",egid: ""0"",exe: ""/usr/bin/check-status"",mount namespace: ""4026532778"",command line: ""/usr/bin/check-status -r"",name: ""check-status"",hash: ""199a1aee50f2581c3289df585769aed3"",user namespace: ""4026531837""})"
"(:VERTEX {memory address: ""7fbe5d6e0000"",size: ""801000"",subtype: ""memory"",tgid: ""116685"",source: ""syscall"",type: ""Artifact"",version: ""0"",hash: ""6f8073fecceb2e01070116217f6e4601""})"
"(:VERTEX {memory address: ""7fbe5d6e1000"",size: ""800000"",subtype: ""memory"",tgid: ""116685"",source: ""syscall"",type: ""Artifact"",version: ""0"",hash: ""22b655264727004f1ce09a85f7fa5179""})"
"(:VERTEX {memory address: ""7fbe4d6e0000"",size: ""8000000"",subtype: ""memory"",tgid: ""116685"",source: ""syscall"",type: ""Artifact"",version: ""0"",hash: ""45e113727b8e1fcae02efaea49cd8cf6""})"
"(:VERTEX {gid: ""0"",euid: ""999"",children pid namespace: ""4026532779"",start time: ""1690977386.901"",ns pid: ""8621"",pid: ""116694"",source: ""syscall"",type: ""Process"",net namespace: ""4026532705"",ipc namespace: ""4026532772"",ppid: ""116685"",pid namespace: ""4026532779"",cwd: ""/"",uid: ""999"",egid: ""0"",exe: ""/usr/bin/check-status"",mount namespace: ""4026532778"",command line: ""/usr/bin/check-status -r"",name: ""check-status"",hash: ""bc9fcf23bb4b4399556ccd683a151267"",user namespace: ""4026531837""})"
"(:VERTEX {memory address: ""7fbe456e0000"",size: ""8000000"",subtype: ""memory"",tgid: ""116685"",source: ""syscall"",type: ""Artifact"",version: ""0"",hash: ""14219c3f7c87d97b8bd6c4d07c304eea""})"
"(:VERTEX {memory address: ""7fbe48000000"",size: ""21000"",subtype: ""memory"",tgid: ""116685"",source: ""syscall"",type: ""Artifact"",version: ""0"",hash: ""11b3e02f94e2d8d2e69e5b64ceef0fcd""})"
"(:VERTEX {memory address: ""7fbe50000000"",size: ""21000"",subtype: ""memory"",tgid: ""116685"",source: ""syscall"",type: ""Artifact"",version: ""0"",hash: ""891e1411be3d09756bccd9698b93144e""})"
"(:VERTEX {memory address: ""7fbe85841000"",size: ""40000"",subtype: ""memory"",tgid: ""116685"",source: ""syscall"",type: ""Artifact"",version: ""0"",hash: ""e016a23a16ef4d171a6e394be3c7e5da""})"
"(:VERTEX {memory address: ""7fbe5cedf000"",size: ""801000"",subtype: ""memory"",tgid: ""116685"",source: ""syscall"",type: ""Artifact"",version: ""0"",hash: ""aada3ae06e810e112254b4da45a08e59""})"
"(:VERTEX {memory address: ""7fbe5cee0000"",size: ""800000"",subtype: ""memory"",tgid: ""116685"",source: ""syscall"",type: ""Artifact"",version: ""0"",hash: ""b8a0e4a1272a221339bf6a9e1f51efa7""})"
"(:VERTEX {gid: ""0"",euid: ""999"",children pid namespace: ""4026532779"",start time: ""1690977386.901"",ns pid: ""8622"",pid: ""116695"",source: ""syscall"",type: ""Process"",net namespace: ""4026532705"",ipc namespace: ""4026532772"",ppid: ""116685"",pid namespace: ""4026532779"",cwd: ""/"",uid: ""999"",egid: ""0"",exe: ""/usr/bin/check-status"",mount namespace: ""4026532778"",command line: ""/usr/bin/check-status -r"",name: ""check-status"",hash: ""8df75e17d91a3bbbd8bd77877df0f853"",user namespace: ""4026531837""})"
"(:VERTEX {memory address: ""7fbe40000000"",size: ""8000000"",subtype: ""memory"",tgid: ""116685"",source: ""syscall"",type: ""Artifact"",version: ""0"",hash: ""52a5d536d173c8f079ae568fea47a7cc""})"
"(:VERTEX {memory address: ""7fbe40000000"",size: ""21000"",subtype: ""memory"",tgid: ""116685"",source: ""syscall"",type: ""Artifact"",version: ""0"",hash: ""5fee927440a90864d48d8ba45f3e874c""})"
"(:VERTEX {memory address: ""7fbe5c6de000"",size: ""801000"",subtype: ""memory"",tgid: ""116685"",source: ""syscall"",type: ""Artifact"",version: ""0"",hash: ""0f6b73ac1cc1fe849e8ca222e28f006d""})"
"(:VERTEX {memory address: ""7fbe5c6df000"",size: ""800000"",subtype: ""memory"",tgid: ""116685"",source: ""syscall"",type: ""Artifact"",version: ""0"",hash: ""8060bd41433b74bb1346f4b7559c2ee9""})"
"(:VERTEX {gid: ""0"",euid: ""999"",children pid namespace: ""4026532779"",start time: ""1690977386.901"",ns pid: ""8623"",pid: ""116696"",source: ""syscall"",type: ""Process"",net namespace: ""4026532705"",ipc namespace: ""4026532772"",ppid: ""116685"",pid namespace: ""4026532779"",cwd: ""/"",uid: ""999"",egid: ""0"",exe: ""/usr/bin/check-status"",mount namespace: ""4026532778"",command line: ""/usr/bin/check-status -r"",name: ""check-status"",hash: ""050d64255f36b12c0e28ade9192d4434"",user namespace: ""4026531837""})"
"(:VERTEX {memory address: ""7fbe44000000"",size: ""4000000"",subtype: ""memory"",tgid: ""116685"",source: ""syscall"",type: ""Artifact"",version: ""0"",hash: ""f91e02c7013eae33f1e4a94a17faab52""})"
"(:VERTEX {memory address: ""7fbe44000000"",size: ""21000"",subtype: ""memory"",tgid: ""116685"",source: ""syscall"",type: ""Artifact"",version: ""0"",hash: ""de2b031b72850e0d9b3743fbd19503f6""})"
"(:VERTEX {memory address: ""7fbe5c69e000"",size: ""40000"",subtype: ""memory"",tgid: ""116685"",source: ""syscall"",type: ""Artifact"",version: ""0"",hash: ""cbf7c29ae8f90a179ad2d5ef7dfa750d""})"
"(:VERTEX {remote port: ""58864"",epoch: ""0"",source: ""syscall"",type: ""Artifact"",version: ""0"",local port: ""8080"",net namespace: ""-1"",local address: ""0000:0000:0000:0000:0000:0000:0000:0000"",protocol: ""tcp"",subtype: ""network socket"",remote address: ""0000:0000:0000:0000:0000:FFFF:C0A8:2F80"",hash: ""5190418722a56fadabdd003f191d16c1""})"
"(:VERTEX {remote port: ""58876"",epoch: ""0"",source: ""syscall"",type: ""Artifact"",version: ""0"",local port: ""8080"",net namespace: ""-1"",local address: ""0000:0000:0000:0000:0000:0000:0000:0000"",protocol: ""tcp"",subtype: ""network socket"",remote address: ""0000:0000:0000:0000:0000:FFFF:C0A8:2F80"",hash: ""cdd9606eefd2f434e50c5be5087130b0""})"
"(:VERTEX {remote port: ""38322"",epoch: ""0"",source: ""syscall"",type: ""Artifact"",version: ""0"",local port: ""50051"",net namespace: ""-1"",local address: ""0000:0000:0000:0000:0000:0000:0000:0000"",protocol: ""tcp"",subtype: ""network socket"",remote address: ""0000:0000:0000:0000:0000:FFFF:C0A8:2F80"",hash: ""047b47febcf30641931760438c3a68b6""})"
"(:VERTEX {remote port: ""46952"",epoch: ""0"",source: ""syscall"",type: ""Artifact"",version: ""0"",local port: ""6379"",net namespace: ""-1"",local address: ""0.0.0.0"",protocol: ""tcp"",subtype: ""network socket"",remote address: ""192.168.47.128"",hash: ""08519216505f5507620b04f504e40cf4""})"
"(:VERTEX {remote port: ""46944"",epoch: ""0"",source: ""syscall"",type: ""Artifact"",version: ""0"",local port: ""6379"",net namespace: ""-1"",local address: ""0.0.0.0"",protocol: ""tcp"",subtype: ""network socket"",remote address: ""192.168.47.128"",hash: ""3d101a818f42056341a49f484e2e0271""})"
"(:VERTEX {remote port: ""53944"",epoch: ""0"",source: ""syscall"",type: ""Artifact"",version: ""0"",local port: ""8080"",net namespace: ""-1"",local address: ""0000:0000:0000:0000:0000:0000:0000:0000"",protocol: ""tcp"",subtype: ""network socket"",remote address: ""0000:0000:0000:0000:0000:FFFF:C0A8:2F80"",hash: ""7e93d16a4acd09158223b183e06304a2""})"
"(:VERTEX {remote port: ""53954"",epoch: ""0"",source: ""syscall"",type: ""Artifact"",version: ""0"",local port: ""8080"",net namespace: ""-1"",local address: ""0000:0000:0000:0000:0000:0000:0000:0000"",protocol: ""tcp"",subtype: ""network socket"",remote address: ""0000:0000:0000:0000:0000:FFFF:C0A8:2F80"",hash: ""ba984bc23429243fa3e3c7f21f914bca""})"
"(:VERTEX {remote port: ""53"",epoch: ""0"",source: ""syscall"",type: ""Artifact"",version: ""0"",local port: ""59908"",net namespace: ""-1"",local address: ""10.1.251.204"",protocol: ""udp"",subtype: ""network socket"",remote address: ""10.152.183.10"",hash: ""1223e49b069fbd889da4e8c9f6ebcfff""})"
"(:VERTEX {remote port: ""53"",epoch: ""0"",source: ""syscall"",type: ""Artifact"",version: ""0"",local port: ""42653"",net namespace: ""-1"",local address: ""10.1.251.204"",protocol: ""udp"",subtype: ""network socket"",remote address: ""10.152.183.10"",hash: ""383ba56743d2d821e2b21348e7098363""})"
"(:VERTEX {gid: ""0"",euid: ""999"",children pid namespace: ""-1"",pid: ""116785"",seen time: ""1690977389.061"",source: ""syscall"",type: ""Process"",net namespace: ""-1"",ipc namespace: ""-1"",ppid: ""116774"",pid namespace: ""-1"",uid: ""999"",egid: ""0"",exe: ""/"",mount namespace: ""-1"",name: ""runc:[2:INIT]"",hash: ""9683bdccf7d71736033a5fa51319c8b0"",user namespace: ""-1""})"
"(:VERTEX {path: ""/proc/116785/attr/apparmor/exec"",subtype: ""file"",permissions: ""0666"",epoch: ""0"",source: ""syscall"",type: ""Artifact"",version: ""0"",hash: ""fd29abb61b393f1fdabe570527485414""})"
"(:VERTEX {gid: ""0"",euid: ""999"",children pid namespace: ""-1"",start time: ""1690977389.065"",pid: ""116785"",source: ""syscall"",type: ""Process"",net namespace: ""-1"",ipc namespace: ""-1"",ppid: ""116774"",pid namespace: ""-1"",cwd: ""/"",uid: ""999"",egid: ""0"",exe: ""/usr/bin/check-status"",mount namespace: ""-1"",command line: ""/usr/bin/check-status -l"",name: ""check-status"",hash: ""9f5fd26ba25b9714add874b6a4c4dee4"",user namespace: ""-1""})"
"(:VERTEX {memory address: ""7f2a6d246000"",size: ""2000"",subtype: ""memory"",tgid: ""116785"",source: ""syscall"",type: ""Artifact"",version: ""0"",hash: ""8c467f43143dbaebcdf5caf6c37380ae""})"
"(:VERTEX {memory address: ""7f2a6cdfb000"",size: ""21f4c0"",subtype: ""memory"",tgid: ""116785"",source: ""syscall"",type: ""Artifact"",version: ""0"",hash: ""f27ca0efeff92b43cdf06676ae2724ea""})"
"(:VERTEX {memory address: ""7f2a6ce16000"",size: ""1ff000"",subtype: ""memory"",tgid: ""116785"",source: ""syscall"",type: ""Artifact"",version: ""0"",hash: ""92518d887ae349bb496e860614cc73f2""})"
"(:VERTEX {memory address: ""7f2a6d015000"",size: ""2000"",subtype: ""memory"",tgid: ""116785"",source: ""syscall"",type: ""Artifact"",version: ""0"",hash: ""1853718f4bafb0a3d2c547cefa19de18""})"
"(:VERTEX {memory address: ""7f2a6d017000"",size: ""34c0"",subtype: ""memory"",tgid: ""116785"",source: ""syscall"",type: ""Artifact"",version: ""0"",hash: ""45d0e7de65dcb47b2018e66fa27f6185""})"
"(:VERTEX {memory address: ""7f2a6ca35000"",size: ""3c58c0"",subtype: ""memory"",tgid: ""116785"",source: ""syscall"",type: ""Artifact"",version: ""0"",hash: ""c229939cf81565c43fde70319fd44dae""})"
"(:VERTEX {memory address: ""7f2a6cbf1000"",size: ""200000"",subtype: ""memory"",tgid: ""116785"",source: ""syscall"",type: ""Artifact"",version: ""0"",hash: ""069862dbb728ea19e22d98df3cfc8cc5""})"
"(:VERTEX {memory address: ""7f2a6cdf1000"",size: ""6000"",subtype: ""memory"",tgid: ""116785"",source: ""syscall"",type: ""Artifact"",version: ""0"",hash: ""973e0f970a20d12e49bda83e5ef1dd85""})"
"(:VERTEX {memory address: ""7f2a6cdf7000"",size: ""38c0"",subtype: ""memory"",tgid: ""116785"",source: ""syscall"",type: ""Artifact"",version: ""0"",hash: ""43610621ec46cd7e3c7d69090e8945a7""})"
"(:VERTEX {memory address: ""7f2a6d243000"",size: ""3000"",subtype: ""memory"",tgid: ""116785"",source: ""syscall"",type: ""Artifact"",version: ""0"",hash: ""efa20d867663e81b3ffe1a24ec4e5a0b""})"
"(:VERTEX {memory address: ""7f2a6cdf1000"",size: ""4000"",subtype: ""memory"",tgid: ""116785"",source: ""syscall"",type: ""Artifact"",version: ""0"",hash: ""0ef189090111807a2b3e4790b5eedb25""})"
"(:VERTEX {memory address: ""7f2a6d015000"",size: ""1000"",subtype: ""memory"",tgid: ""116785"",source: ""syscall"",type: ""Artifact"",version: ""0"",hash: ""1a3b3d75b46a695816f6fd88cb4c7058""})"
"(:VERTEX {memory address: ""7f2a6d248000"",size: ""1000"",subtype: ""memory"",tgid: ""116785"",source: ""syscall"",type: ""Artifact"",version: ""0"",hash: ""6eb9bbac85238d054e26280981b612ca""})"
"(:VERTEX {memory address: ""7f2a6d203000"",size: ""40000"",subtype: ""memory"",tgid: ""116785"",source: ""syscall"",type: ""Artifact"",version: ""0"",hash: ""dc197ea7780ba14bd725faa5b1175dc3""})"
"(:VERTEX {memory address: ""7f2a6d1e3000"",size: ""20000"",subtype: ""memory"",tgid: ""116785"",source: ""syscall"",type: ""Artifact"",version: ""0"",hash: ""62293c9ed4f8896e1d88357311c8162a""})"
"(:VERTEX {memory address: ""7f2a6d0e3000"",size: ""100000"",subtype: ""memory"",tgid: ""116785"",source: ""syscall"",type: ""Artifact"",version: ""0"",hash: ""f04111f1a8d0a6f2e876972ddc860863""})"
"(:VERTEX {memory address: ""7f2a6c235000"",size: ""800000"",subtype: ""memory"",tgid: ""116785"",source: ""syscall"",type: ""Artifact"",version: ""0"",hash: ""90eb08d0a267746c2dc970ef45694ac2""})"
"(:VERTEX {memory address: ""7f2a68235000"",size: ""4000000"",subtype: ""memory"",tgid: ""116785"",source: ""syscall"",type: ""Artifact"",version: ""0"",hash: ""e0b91a4ccd62444344b08106791289a2""})"
"(:VERTEX {memory address: ""7f2a48235000"",size: ""20000000"",subtype: ""memory"",tgid: ""116785"",source: ""syscall"",type: ""Artifact"",version: ""0"",hash: ""14b05c04a29d5575527eb19cefb5fdaa""})"
"(:VERTEX {memory address: ""c000000000"",size: ""4000000"",subtype: ""memory"",tgid: ""116785"",source: ""syscall"",type: ""Artifact"",version: ""0"",hash: ""9faf397669577ffabe2f8cdc42f7aa98""})"
"(:VERTEX {memory address: ""7f2a46235000"",size: ""2000000"",subtype: ""memory"",tgid: ""116785"",source: ""syscall"",type: ""Artifact"",version: ""0"",hash: ""32b2fa9bb5636c779ecbf76fef2706bc""})"
"(:VERTEX {memory address: ""7f2a46024000"",size: ""210c10"",subtype: ""memory"",tgid: ""116785"",source: ""syscall"",type: ""Artifact"",version: ""0"",hash: ""4c4658f852c38c11e32cbf0a5741aba5""})"
"(:VERTEX {memory address: ""c000000000"",size: ""400000"",subtype: ""memory"",tgid: ""116785"",source: ""syscall"",type: ""Artifact"",version: ""0"",hash: ""26685a93003b07f2f9d9d4b799894162""})"
"(:VERTEX {memory address: ""7f2a6d1e3000"",size: ""20000"",subtype: ""memory"",tgid: ""116785"",source: ""syscall"",type: ""Artifact"",version: ""1"",hash: ""323cf9c368732404b80b0e94356dc23b""})"
"(:VERTEX {memory address: ""7f2a6d163000"",size: ""1000"",subtype: ""memory"",tgid: ""116785"",source: ""syscall"",type: ""Artifact"",version: ""0"",hash: ""14225cb507a658331946a0210271b97c""})"
"(:VERTEX {memory address: ""7f2a6c63b000"",size: ""1000"",subtype: ""memory"",tgid: ""116785"",source: ""syscall"",type: ""Artifact"",version: ""0"",hash: ""fc3ee6ba1cecbc1c3c3f480e7abc0651""})"
"(:VERTEX {memory address: ""7f2a6a265000"",size: ""1000"",subtype: ""memory"",tgid: ""116785"",source: ""syscall"",type: ""Artifact"",version: ""0"",hash: ""5c4677ea62251f6bc7d5f2e30a64a4ef""})"
"(:VERTEX {memory address: ""7f2a583b5000"",size: ""1000"",subtype: ""memory"",tgid: ""116785"",source: ""syscall"",type: ""Artifact"",version: ""0"",hash: ""a1c35172c3288eb5fddbc52c195f2b23""})"
"(:VERTEX {memory address: ""7f2a45f24000"",size: ""100000"",subtype: ""memory"",tgid: ""116785"",source: ""syscall"",type: ""Artifact"",version: ""0"",hash: ""1ebd0b720a6de781da8b942496ffde6b""})"
"(:VERTEX {memory address: ""7f2a6d0d3000"",size: ""10000"",subtype: ""memory"",tgid: ""116785"",source: ""syscall"",type: ""Artifact"",version: ""0"",hash: ""c8b7452b64da07f837c7c0c1b46e6f9d""})"
"(:VERTEX {memory address: ""7f2a6d0c3000"",size: ""10000"",subtype: ""memory"",tgid: ""116785"",source: ""syscall"",type: ""Artifact"",version: ""0"",hash: ""45f089d0e48bb9fcecfa55f23a600555""})"
"(:VERTEX {memory address: ""7f2a45723000"",size: ""801000"",subtype: ""memory"",tgid: ""116785"",source: ""syscall"",type: ""Artifact"",version: ""0"",hash: ""166a4031e0727a324d1272268dc422c4""})"
"(:VERTEX {memory address: ""7f2a45724000"",size: ""800000"",subtype: ""memory"",tgid: ""116785"",source: ""syscall"",type: ""Artifact"",version: ""0"",hash: ""575e35093eafb5c2d3b0df470d3270c4""})"
"(:VERTEX {gid: ""0"",euid: ""999"",children pid namespace: ""4026532779"",start time: ""1690977389.069"",ns pid: ""8630"",pid: ""116791"",source: ""syscall"",type: ""Process"",net namespace: ""4026532705"",ipc namespace: ""4026532772"",ppid: ""116785"",pid namespace: ""4026532779"",cwd: ""/"",uid: ""999"",egid: ""0"",exe: ""/usr/bin/check-status"",mount namespace: ""4026532778"",command line: ""/usr/bin/check-status -l"",name: ""check-status"",hash: ""f17a5db765cbd8cd458043da62b8b04a"",user namespace: ""4026531837""})"
"(:VERTEX {memory address: ""7f2a44f22000"",size: ""801000"",subtype: ""memory"",tgid: ""116785"",source: ""syscall"",type: ""Artifact"",version: ""0"",hash: ""14362227560c67f1a418e27eb239725c""})"
"(:VERTEX {memory address: ""7f2a44f23000"",size: ""800000"",subtype: ""memory"",tgid: ""116785"",source: ""syscall"",type: ""Artifact"",version: ""0"",hash: ""301d6cb08196bd5cba10399d32a70c08""})"
"(:VERTEX {gid: ""0"",euid: ""999"",children pid namespace: ""4026532779"",start time: ""1690977389.069"",ns pid: ""8631"",pid: ""116792"",source: ""syscall"",type: ""Process"",net namespace: ""4026532705"",ipc namespace: ""4026532772"",ppid: ""116785"",pid namespace: ""4026532779"",cwd: ""/"",uid: ""999"",egid: ""0"",exe: ""/usr/bin/check-status"",mount namespace: ""4026532778"",command line: ""/usr/bin/check-status -l"",name: ""check-status"",hash: ""83ddaa1b3624cf0c3efe8bb349026479"",user namespace: ""4026531837""})"
"(:VERTEX {memory address: ""7f2a44721000"",size: ""801000"",subtype: ""memory"",tgid: ""116785"",source: ""syscall"",type: ""Artifact"",version: ""0"",hash: ""4cc728160951b6ac735bca3a861e1f0f""})"
"(:VERTEX {memory address: ""7f2a44722000"",size: ""800000"",subtype: ""memory"",tgid: ""116785"",source: ""syscall"",type: ""Artifact"",version: ""0"",hash: ""842829b34cbfb702aae12bf0146488dd""})"
"(:VERTEX {gid: ""0"",euid: ""999"",children pid namespace: ""4026532779"",start time: ""1690977389.069"",ns pid: ""8632"",pid: ""116793"",source: ""syscall"",type: ""Process"",net namespace: ""4026532705"",ipc namespace: ""4026532772"",ppid: ""116785"",pid namespace: ""4026532779"",cwd: ""/"",uid: ""999"",egid: ""0"",exe: ""/usr/bin/check-status"",mount namespace: ""4026532778"",command line: ""/usr/bin/check-status -l"",name: ""check-status"",hash: ""20e376050b7aecdeaf3d5b93cea7c346"",user namespace: ""4026531837""})"
"(:VERTEX {memory address: ""7f2a3c721000"",size: ""8000000"",subtype: ""memory"",tgid: ""116785"",source: ""syscall"",type: ""Artifact"",version: ""0"",hash: ""d1740d31f9914a887135acf420d09ff3""})"
"(:VERTEX {memory address: ""7f2a40000000"",size: ""21000"",subtype: ""memory"",tgid: ""116785"",source: ""syscall"",type: ""Artifact"",version: ""0"",hash: ""d2a5f555b3b252a64aabb29b484b2098""})"
"(:VERTEX {memory address: ""7f2a3f7ff000"",size: ""801000"",subtype: ""memory"",tgid: ""116785"",source: ""syscall"",type: ""Artifact"",version: ""0"",hash: ""13cb22c37507bbaf9c1b9eb8bea99c25""})"
"(:VERTEX {memory address: ""7f2a3f800000"",size: ""800000"",subtype: ""memory"",tgid: ""116785"",source: ""syscall"",type: ""Artifact"",version: ""0"",hash: ""fd72ef78b6ee97c86639d54df445a74a""})"
"(:VERTEX {gid: ""0"",euid: ""999"",children pid namespace: ""4026532779"",start time: ""1690977389.069"",ns pid: ""8633"",pid: ""116794"",source: ""syscall"",type: ""Process"",net namespace: ""4026532705"",ipc namespace: ""4026532772"",ppid: ""116785"",pid namespace: ""4026532779"",cwd: ""/"",uid: ""999"",egid: ""0"",exe: ""/usr/bin/check-status"",mount namespace: ""4026532778"",command line: ""/usr/bin/check-status -l"",name: ""check-status"",hash: ""465657d8f3b41b8069eedfc0670f6fcd"",user namespace: ""4026531837""})"
"(:VERTEX {memory address: ""7f2a377ff000"",size: ""8000000"",subtype: ""memory"",tgid: ""116785"",source: ""syscall"",type: ""Artifact"",version: ""0"",hash: ""7c0c83feefedb7c24e2f04f7f6d1a103""})"
"(:VERTEX {memory address: ""7f2a38000000"",size: ""21000"",subtype: ""memory"",tgid: ""116785"",source: ""syscall"",type: ""Artifact"",version: ""0"",hash: ""a9810b2776a023b40c048f4b3f45085a""})"
"(:VERTEX {memory address: ""7f2a6d083000"",size: ""40000"",subtype: ""memory"",tgid: ""116785"",source: ""syscall"",type: ""Artifact"",version: ""0"",hash: ""e63d5fec75ec717570178279f2b66a1a""})"
"(:VERTEX {memory address: ""7f2a3effe000"",size: ""801000"",subtype: ""memory"",tgid: ""116785"",source: ""syscall"",type: ""Artifact"",version: ""0"",hash: ""ace020af6f2fa5f2c0022bc201c93914""})"
"(:VERTEX {memory address: ""7f2a3efff000"",size: ""800000"",subtype: ""memory"",tgid: ""116785"",source: ""syscall"",type: ""Artifact"",version: ""0"",hash: ""3564fa4f2c9316b4a8cf9d6cf74bb057""})"
"(:VERTEX {gid: ""0"",euid: ""999"",children pid namespace: ""4026532779"",start time: ""1690977389.069"",ns pid: ""8634"",pid: ""116795"",source: ""syscall"",type: ""Process"",net namespace: ""4026532705"",ipc namespace: ""4026532772"",ppid: ""116785"",pid namespace: ""4026532779"",cwd: ""/"",uid: ""999"",egid: ""0"",exe: ""/usr/bin/check-status"",mount namespace: ""4026532778"",command line: ""/usr/bin/check-status -l"",name: ""check-status"",hash: ""5a07105800eeca61e6abbfb482358d08"",user namespace: ""4026531837""})"
"(:VERTEX {remote port: ""58886"",epoch: ""0"",source: ""syscall"",type: ""Artifact"",version: ""0"",local port: ""8080"",net namespace: ""-1"",local address: ""0000:0000:0000:0000:0000:0000:0000:0000"",protocol: ""tcp"",subtype: ""network socket"",remote address: ""0000:0000:0000:0000:0000:FFFF:C0A8:2F80"",hash: ""a3c53fcc22260c5519fa1f1da0c670a7""})"
"(:VERTEX {remote port: ""58888"",epoch: ""0"",source: ""syscall"",type: ""Artifact"",version: ""0"",local port: ""8080"",net namespace: ""-1"",local address: ""0000:0000:0000:0000:0000:0000:0000:0000"",protocol: ""tcp"",subtype: ""network socket"",remote address: ""0000:0000:0000:0000:0000:FFFF:C0A8:2F80"",hash: ""8763adc2d7579a68cddabdd98d5f9749""})"
"(:VERTEX {remote port: ""38324"",epoch: ""0"",source: ""syscall"",type: ""Artifact"",version: ""0"",local port: ""50051"",net namespace: ""-1"",local address: ""0000:0000:0000:0000:0000:0000:0000:0000"",protocol: ""tcp"",subtype: ""network socket"",remote address: ""0000:0000:0000:0000:0000:FFFF:C0A8:2F80"",hash: ""8c826c1e81e4291ba3cc0220e922677f""})"
"(:VERTEX {remote port: ""38330"",epoch: ""0"",source: ""syscall"",type: ""Artifact"",version: ""0"",local port: ""50051"",net namespace: ""-1"",local address: ""0000:0000:0000:0000:0000:0000:0000:0000"",protocol: ""tcp"",subtype: ""network socket"",remote address: ""0000:0000:0000:0000:0000:FFFF:C0A8:2F80"",hash: ""eeb8a304dd6c5627435ca8ecb312f706""})"
"(:VERTEX {remote port: ""45826"",epoch: ""0"",source: ""syscall"",type: ""Artifact"",version: ""0"",local port: ""7000"",net namespace: ""-1"",local address: ""0000:0000:0000:0000:0000:0000:0000:0000"",protocol: ""tcp"",subtype: ""network socket"",remote address: ""0000:0000:0000:0000:0000:FFFF:C0A8:2F80"",hash: ""2c12378ec2357a5096ee24413b4d9421""})"
"(:VERTEX {remote port: ""45830"",epoch: ""0"",source: ""syscall"",type: ""Artifact"",version: ""0"",local port: ""7000"",net namespace: ""-1"",local address: ""0000:0000:0000:0000:0000:0000:0000:0000"",protocol: ""tcp"",subtype: ""network socket"",remote address: ""0000:0000:0000:0000:0000:FFFF:C0A8:2F80"",hash: ""5d0dad4d749b6266b6ce298e1322fc57""})"
"(:VERTEX {gid: ""1000"",euid: ""1000"",children pid namespace: ""-1"",pid: ""60143"",seen time: ""1690977392.514"",source: ""syscall"",type: ""Process"",net namespace: ""-1"",ipc namespace: ""-1"",ppid: ""58532"",pid namespace: ""-1"",uid: ""1000"",egid: ""1000"",mount namespace: ""-1"",name: ""checkoutservice"",hash: ""1811dbdae0e42f27e073e6f0503acaeb"",user namespace: ""-1""})"
"(:VERTEX {remote port: ""53132"",epoch: ""0"",source: ""syscall"",type: ""Artifact"",version: ""0"",local port: ""5050"",net namespace: ""-1"",local address: ""0000:0000:0000:0000:0000:0000:0000:0000"",protocol: ""tcp"",subtype: ""network socket"",remote address: ""0000:0000:0000:0000:0000:FFFF:C0A8:2F80"",hash: ""0474b8420a5a27140f930c57211ca97a""})"
"(:VERTEX {remote port: ""46966"",epoch: ""0"",source: ""syscall"",type: ""Artifact"",version: ""0"",local port: ""6379"",net namespace: ""-1"",local address: ""0.0.0.0"",protocol: ""tcp"",subtype: ""network socket"",remote address: ""192.168.47.128"",hash: ""c3198b3ed031660e5de8d5d1ab5c1b4b""})"
"(:VERTEX {remote port: ""46962"",epoch: ""0"",source: ""syscall"",type: ""Artifact"",version: ""0"",local port: ""6379"",net namespace: ""-1"",local address: ""0.0.0.0"",protocol: ""tcp"",subtype: ""network socket"",remote address: ""192.168.47.128"",hash: ""541560a402ff121d4fd67c520eb50479""})"
"(:VERTEX {remote port: ""53142"",epoch: ""0"",source: ""syscall"",type: ""Artifact"",version: ""0"",local port: ""5050"",net namespace: ""-1"",local address: ""0000:0000:0000:0000:0000:0000:0000:0000"",protocol: ""tcp"",subtype: ""network socket"",remote address: ""0000:0000:0000:0000:0000:FFFF:C0A8:2F80"",hash: ""9a33e48eef6d4f603d82be90afc0f2f3""})"
"(:VERTEX {remote port: ""54806"",epoch: ""0"",source: ""syscall"",type: ""Artifact"",version: ""0"",local port: ""8080"",net namespace: ""-1"",local address: ""0000:0000:0000:0000:0000:0000:0000:0000"",protocol: ""tcp"",subtype: ""network socket"",remote address: ""0000:0000:0000:0000:0000:FFFF:C0A8:2F80"",hash: ""e76c9bef1516ee8344136aa614d4f945""})"
"(:VERTEX {remote port: ""54790"",epoch: ""0"",source: ""syscall"",type: ""Artifact"",version: ""0"",local port: ""8080"",net namespace: ""-1"",local address: ""0000:0000:0000:0000:0000:0000:0000:0000"",protocol: ""tcp"",subtype: ""network socket"",remote address: ""0000:0000:0000:0000:0000:FFFF:C0A8:2F80"",hash: ""36c8e6e577b9727df00c60dede3bf061""})"
"(:VERTEX {remote port: ""40114"",epoch: ""0"",source: ""syscall"",type: ""Artifact"",version: ""0"",local port: ""50051"",net namespace: ""-1"",local address: ""0000:0000:0000:0000:0000:0000:0000:0000"",protocol: ""tcp"",subtype: ""network socket"",remote address: ""0000:0000:0000:0000:0000:FFFF:C0A8:2F80"",hash: ""7448683269869b6d9e7827fbc2920001""})"
"(:VERTEX {gid: ""1000"",euid: ""1000"",children pid namespace: ""-1"",pid: ""116624"",seen time: ""1690977392.921"",source: ""syscall"",type: ""Process"",net namespace: ""-1"",ipc namespace: ""-1"",ppid: ""59024"",pid namespace: ""-1"",uid: ""1000"",egid: ""1000"",mount namespace: ""-1"",name: "".NET ThreadPool"",hash: ""b55deea9b96dc4c5390ddc263bcbc022"",user namespace: ""-1""})"
"(:VERTEX {remote port: ""44344"",epoch: ""0"",source: ""syscall"",type: ""Artifact"",version: ""0"",local port: ""7070"",net namespace: ""-1"",local address: ""0000:0000:0000:0000:0000:0000:0000:0000"",protocol: ""tcp"",subtype: ""network socket"",remote address: ""0000:0000:0000:0000:0000:FFFF:C0A8:2F80"",hash: ""6c1af1f0dcf6b592d518802b4df93278""})"
"(:VERTEX {remote port: ""53966"",epoch: ""0"",source: ""syscall"",type: ""Artifact"",version: ""0"",local port: ""8080"",net namespace: ""-1"",local address: ""0000:0000:0000:0000:0000:0000:0000:0000"",protocol: ""tcp"",subtype: ""network socket"",remote address: ""0000:0000:0000:0000:0000:FFFF:C0A8:2F80"",hash: ""927432708629df3bff024e035f839072""})"
"(:VERTEX {remote port: ""53968"",epoch: ""0"",source: ""syscall"",type: ""Artifact"",version: ""0"",local port: ""8080"",net namespace: ""-1"",local address: ""0000:0000:0000:0000:0000:0000:0000:0000"",protocol: ""tcp"",subtype: ""network socket"",remote address: ""0000:0000:0000:0000:0000:FFFF:C0A8:2F80"",hash: ""d366f229a1c46e8c5ca1443c56f8a148""})"
"(:VERTEX {remote port: ""40130"",epoch: ""0"",source: ""syscall"",type: ""Artifact"",version: ""0"",local port: ""50051"",net namespace: ""-1"",local address: ""0000:0000:0000:0000:0000:0000:0000:0000"",protocol: ""tcp"",subtype: ""network socket"",remote address: ""0000:0000:0000:0000:0000:FFFF:C0A8:2F80"",hash: ""03cb93985a6e3af65099faa80b11d436""})"
"(:VERTEX {remote port: ""45304"",epoch: ""0"",source: ""syscall"",type: ""Artifact"",version: ""0"",local port: ""3550"",net namespace: ""-1"",local address: ""0000:0000:0000:0000:0000:0000:0000:0000"",protocol: ""tcp"",subtype: ""network socket"",remote address: ""0000:0000:0000:0000:0000:FFFF:C0A8:2F80"",hash: ""6437fa4b4e07858dacdb65733e83e1d9""})"
"(:VERTEX {remote port: ""45320"",epoch: ""0"",source: ""syscall"",type: ""Artifact"",version: ""0"",local port: ""3550"",net namespace: ""-1"",local address: ""0000:0000:0000:0000:0000:0000:0000:0000"",protocol: ""tcp"",subtype: ""network socket"",remote address: ""0000:0000:0000:0000:0000:FFFF:C0A8:2F80"",hash: ""8a737a50db7b1d178e923dca494b2a7c""})"
"(:VERTEX {remote port: ""44352"",epoch: ""0"",source: ""syscall"",type: ""Artifact"",version: ""0"",local port: ""7070"",net namespace: ""-1"",local address: ""0000:0000:0000:0000:0000:0000:0000:0000"",protocol: ""tcp"",subtype: ""network socket"",remote address: ""0000:0000:0000:0000:0000:FFFF:C0A8:2F80"",hash: ""cd88c27afbc533d779e91b767e51cab5""})"
"(:VERTEX {gid: ""1000"",euid: ""1000"",children pid namespace: ""-1"",pid: ""61363"",seen time: ""1690977392.942"",source: ""syscall"",type: ""Process"",net namespace: ""-1"",ipc namespace: ""-1"",ppid: ""59024"",pid namespace: ""-1"",uid: ""1000"",egid: ""1000"",exe: ""/app/cartservice"",mount namespace: ""-1"",name: "".NET ThreadPool"",hash: ""afc28e24575f40cf35a96967bec4ecbd"",user namespace: ""-1""})"
"(:VERTEX {memory address: ""7f981a2cc000"",size: ""4000"",subtype: ""memory"",tgid: ""61363"",source: ""syscall"",type: ""Artifact"",version: ""2"",hash: ""17df6dedf3ba46aafdabad4f27c8320e""})"
"(:VERTEX {memory address: ""7f981a2cc000"",size: ""1000"",subtype: ""memory"",tgid: ""61363"",source: ""syscall"",type: ""Artifact"",version: ""2"",hash: ""74b71527ab63955b0c21aae49b25d4cd""})"
"(:VERTEX {subtype: ""unnamed pipe"",tgid: ""61363"",epoch: ""0"",source: ""syscall"",read fd: ""199"",type: ""Artifact"",version: ""0"",hash: ""d05fc5276579c201d06a1ff74689cc00"",write fd: ""200""})"
"(:VERTEX {memory address: ""7f981a180000"",size: ""11000"",subtype: ""memory"",tgid: ""61363"",source: ""syscall"",type: ""Artifact"",version: ""1"",hash: ""22b2ac831a86e71c33a68dc66d48b4c7""})"
"(:VERTEX {memory address: ""7f981a16f000"",size: ""11000"",subtype: ""memory"",tgid: ""61363"",source: ""syscall"",type: ""Artifact"",version: ""0"",hash: ""5925f6aae90cddc0a9d91399fc5fcb08""})"
"(:VERTEX {memory address: ""7f981a15e000"",size: ""11000"",subtype: ""memory"",tgid: ""61363"",source: ""syscall"",type: ""Artifact"",version: ""0"",hash: ""89c400954b34279b323f2211091310bc""})"
"(:VERTEX {memory address: ""7f981a14d000"",size: ""11000"",subtype: ""memory"",tgid: ""61363"",source: ""syscall"",type: ""Artifact"",version: ""0"",hash: ""c8a43e17194081c9c2c4057af01235e1""})"
"(:VERTEX {gid: ""0"",euid: ""999"",children pid namespace: ""-1"",pid: ""116960"",seen time: ""1690977396.902"",source: ""syscall"",type: ""Process"",net namespace: ""-1"",ipc namespace: ""-1"",ppid: ""116950"",pid namespace: ""-1"",uid: ""999"",egid: ""0"",exe: ""/"",mount namespace: ""-1"",name: ""runc:[2:INIT]"",hash: ""949af4c9d13fc19e5040a3ae19595e20"",user namespace: ""-1""})"
"(:VERTEX {path: ""/proc/116960/attr/apparmor/exec"",subtype: ""file"",permissions: ""0666"",epoch: ""0"",source: ""syscall"",type: ""Artifact"",version: ""0"",hash: ""ce75c6b00c440ca7d54fd38e95a148a6""})"
"(:VERTEX {gid: ""0"",euid: ""999"",children pid namespace: ""-1"",start time: ""1690977396.902"",pid: ""116960"",source: ""syscall"",type: ""Process"",net namespace: ""-1"",ipc namespace: ""-1"",ppid: ""116950"",pid namespace: ""-1"",cwd: ""/"",uid: ""999"",egid: ""0"",exe: ""/usr/bin/check-status"",mount namespace: ""-1"",command line: ""/usr/bin/check-status -r"",name: ""check-status"",hash: ""60bc74102414d64fce279d2909951ed4"",user namespace: ""-1""})"
"(:VERTEX {memory address: ""7fea2efb6000"",size: ""2000"",subtype: ""memory"",tgid: ""116960"",source: ""syscall"",type: ""Artifact"",version: ""0"",hash: ""3e05ab7bd3daf393bd68cc39a29f2a61""})"
"(:VERTEX {memory address: ""7fea2eb6b000"",size: ""21f4c0"",subtype: ""memory"",tgid: ""116960"",source: ""syscall"",type: ""Artifact"",version: ""0"",hash: ""6bc159288c52f68ebe2d39a3a42d0911""})"
"(:VERTEX {memory address: ""7fea2eb86000"",size: ""1ff000"",subtype: ""memory"",tgid: ""116960"",source: ""syscall"",type: ""Artifact"",version: ""0"",hash: ""6b377b00b740a0fe957de7d3451b36df""})"
"(:VERTEX {memory address: ""7fea2ed85000"",size: ""2000"",subtype: ""memory"",tgid: ""116960"",source: ""syscall"",type: ""Artifact"",version: ""0"",hash: ""fc5100082c152ea10cb21a2dad73aede""})"
"(:VERTEX {memory address: ""7fea2ed87000"",size: ""34c0"",subtype: ""memory"",tgid: ""116960"",source: ""syscall"",type: ""Artifact"",version: ""0"",hash: ""e912f1096096e3923cbeb90ce52ad29b""})"
"(:VERTEX {memory address: ""7fea2e7a5000"",size: ""3c58c0"",subtype: ""memory"",tgid: ""116960"",source: ""syscall"",type: ""Artifact"",version: ""0"",hash: ""65eb950c38b313522b56ca2e482ac786""})"
"(:VERTEX {memory address: ""7fea2e961000"",size: ""200000"",subtype: ""memory"",tgid: ""116960"",source: ""syscall"",type: ""Artifact"",version: ""0"",hash: ""aff029794fc3cafc6c73018c28c1afbe""})"
"(:VERTEX {memory address: ""7fea2eb61000"",size: ""6000"",subtype: ""memory"",tgid: ""116960"",source: ""syscall"",type: ""Artifact"",version: ""0"",hash: ""c4fd9fd11fc074be31e8678982e699a3""})"
"(:VERTEX {memory address: ""7fea2eb67000"",size: ""38c0"",subtype: ""memory"",tgid: ""116960"",source: ""syscall"",type: ""Artifact"",version: ""0"",hash: ""64f78047cf067861e83eaef469af111e""})"
"(:VERTEX {memory address: ""7fea2efb3000"",size: ""3000"",subtype: ""memory"",tgid: ""116960"",source: ""syscall"",type: ""Artifact"",version: ""0"",hash: ""1bfc07fba160ce7acad790b07b451b0b""})"
"(:VERTEX {memory address: ""7fea2eb61000"",size: ""4000"",subtype: ""memory"",tgid: ""116960"",source: ""syscall"",type: ""Artifact"",version: ""0"",hash: ""09669c557b1c19a7701634ad7a7f34ac""})"
"(:VERTEX {memory address: ""7fea2ed85000"",size: ""1000"",subtype: ""memory"",tgid: ""116960"",source: ""syscall"",type: ""Artifact"",version: ""0"",hash: ""53d861cdbebaf157c2f3e5dd3dd92949""})"
"(:VERTEX {memory address: ""7fea2efb8000"",size: ""1000"",subtype: ""memory"",tgid: ""116960"",source: ""syscall"",type: ""Artifact"",version: ""0"",hash: ""307a15279d2d3ef6c65bf2496a2f33fb""})"
"(:VERTEX {memory address: ""7fea2ef73000"",size: ""40000"",subtype: ""memory"",tgid: ""116960"",source: ""syscall"",type: ""Artifact"",version: ""0"",hash: ""b9cf8bd1a7cb066fda225cbd3dd99dca""})"
"(:VERTEX {memory address: ""7fea2ef53000"",size: ""20000"",subtype: ""memory"",tgid: ""116960"",source: ""syscall"",type: ""Artifact"",version: ""0"",hash: ""0856c13c074142adbf9a5bf05383b078""})"
"(:VERTEX {memory address: ""7fea2ee53000"",size: ""100000"",subtype: ""memory"",tgid: ""116960"",source: ""syscall"",type: ""Artifact"",version: ""0"",hash: ""d3d85f2f63b5478d58ed414267059256""})"
"(:VERTEX {memory address: ""7fea2dfa5000"",size: ""800000"",subtype: ""memory"",tgid: ""116960"",source: ""syscall"",type: ""Artifact"",version: ""0"",hash: ""6cca44fa744009513880a4c787e69cca""})"
"(:VERTEX {memory address: ""7fea29fa5000"",size: ""4000000"",subtype: ""memory"",tgid: ""116960"",source: ""syscall"",type: ""Artifact"",version: ""0"",hash: ""cc225baf56f0e1005631d34249538cdd""})"
"(:VERTEX {memory address: ""7fea09fa5000"",size: ""20000000"",subtype: ""memory"",tgid: ""116960"",source: ""syscall"",type: ""Artifact"",version: ""0"",hash: ""0f1aee56cd1ac1ff4e202a023b951a2d""})"
"(:VERTEX {memory address: ""c000000000"",size: ""4000000"",subtype: ""memory"",tgid: ""116960"",source: ""syscall"",type: ""Artifact"",version: ""0"",hash: ""be431ba01409d6d367e4f9162b0380dd""})"
"(:VERTEX {memory address: ""7fea07fa5000"",size: ""2000000"",subtype: ""memory"",tgid: ""116960"",source: ""syscall"",type: ""Artifact"",version: ""0"",hash: ""a884e5b789782d60b1828e722e54300d""})"
"(:VERTEX {memory address: ""7fea07d94000"",size: ""210c10"",subtype: ""memory"",tgid: ""116960"",source: ""syscall"",type: ""Artifact"",version: ""0"",hash: ""2e9787dd4d6d50150785e2f01e843c8a""})"
"(:VERTEX {memory address: ""c000000000"",size: ""400000"",subtype: ""memory"",tgid: ""116960"",source: ""syscall"",type: ""Artifact"",version: ""0"",hash: ""45a3a815f5611f7bf73ce49410b6dea2""})"
"(:VERTEX {memory address: ""7fea2ef53000"",size: ""20000"",subtype: ""memory"",tgid: ""116960"",source: ""syscall"",type: ""Artifact"",version: ""1"",hash: ""d9584145623b2184fd3d580f55669620""})"
"(:VERTEX {memory address: ""7fea2eed3000"",size: ""1000"",subtype: ""memory"",tgid: ""116960"",source: ""syscall"",type: ""Artifact"",version: ""0"",hash: ""e8e5da4ddf63af48a153706935d8670f""})"
"(:VERTEX {memory address: ""7fea2e3ab000"",size: ""1000"",subtype: ""memory"",tgid: ""116960"",source: ""syscall"",type: ""Artifact"",version: ""0"",hash: ""993ac8c2a2be1b7ad786abc871a9c675""})"
"(:VERTEX {memory address: ""7fea2bfd5000"",size: ""1000"",subtype: ""memory"",tgid: ""116960"",source: ""syscall"",type: ""Artifact"",version: ""0"",hash: ""8db0b680c1dbdbcd7e6e6cdfed23e0ea""})"
"(:VERTEX {memory address: ""7fea1a125000"",size: ""1000"",subtype: ""memory"",tgid: ""116960"",source: ""syscall"",type: ""Artifact"",version: ""0"",hash: ""ab7cffefc4ef271fbfd43b8b15ed1fe4""})"
"(:VERTEX {memory address: ""7fea07c94000"",size: ""100000"",subtype: ""memory"",tgid: ""116960"",source: ""syscall"",type: ""Artifact"",version: ""0"",hash: ""d634e0af10539b512487c9f19c648d8d""})"
"(:VERTEX {memory address: ""7fea2ee43000"",size: ""10000"",subtype: ""memory"",tgid: ""116960"",source: ""syscall"",type: ""Artifact"",version: ""0"",hash: ""7f7bc527a7b5f5bbcc51141e79a41d03""})"
"(:VERTEX {memory address: ""7fea2ee33000"",size: ""10000"",subtype: ""memory"",tgid: ""116960"",source: ""syscall"",type: ""Artifact"",version: ""0"",hash: ""cb49d0ab582e83e25b48bdb2b11efeb5""})"
"(:VERTEX {memory address: ""7fea07493000"",size: ""801000"",subtype: ""memory"",tgid: ""116960"",source: ""syscall"",type: ""Artifact"",version: ""0"",hash: ""1a8997a5be8710ef50756802c3ac5d41""})"
"(:VERTEX {memory address: ""7fea07494000"",size: ""800000"",subtype: ""memory"",tgid: ""116960"",source: ""syscall"",type: ""Artifact"",version: ""0"",hash: ""22ec836c5c96b81fb5e6061bd3ced60a""})"
"(:VERTEX {gid: ""0"",euid: ""999"",children pid namespace: ""4026532779"",start time: ""1690977396.909"",ns pid: ""8641"",pid: ""116966"",source: ""syscall"",type: ""Process"",net namespace: ""4026532705"",ipc namespace: ""4026532772"",ppid: ""116960"",pid namespace: ""4026532779"",cwd: ""/"",uid: ""999"",egid: ""0"",exe: ""/usr/bin/check-status"",mount namespace: ""4026532778"",command line: ""/usr/bin/check-status -r"",name: ""check-status"",hash: ""4971836280ce7bf797dd83b0093fb7c5"",user namespace: ""4026531837""})"
"(:VERTEX {memory address: ""7fea06c92000"",size: ""801000"",subtype: ""memory"",tgid: ""116960"",source: ""syscall"",type: ""Artifact"",version: ""0"",hash: ""c2adae7b1cb813e6b15cd6e3bd8086b2""})"
"(:VERTEX {memory address: ""7fea06c93000"",size: ""800000"",subtype: ""memory"",tgid: ""116960"",source: ""syscall"",type: ""Artifact"",version: ""0"",hash: ""5f4af72d2b9a3d427d43f92fcab974e7""})"
"(:VERTEX {gid: ""0"",euid: ""999"",children pid namespace: ""4026532779"",start time: ""1690977396.909"",ns pid: ""8642"",pid: ""116967"",source: ""syscall"",type: ""Process"",net namespace: ""4026532705"",ipc namespace: ""4026532772"",ppid: ""116960"",pid namespace: ""4026532779"",cwd: ""/"",uid: ""999"",egid: ""0"",exe: ""/usr/bin/check-status"",mount namespace: ""4026532778"",command line: ""/usr/bin/check-status -r"",name: ""check-status"",hash: ""88594dc9ecd89611a880dfa78494c37d"",user namespace: ""4026531837""})"
"(:VERTEX {memory address: ""7fea06491000"",size: ""801000"",subtype: ""memory"",tgid: ""116960"",source: ""syscall"",type: ""Artifact"",version: ""0"",hash: ""6ee1106d0704eda7e4f79cd584a79bf0""})"
"(:VERTEX {memory address: ""7fea06492000"",size: ""800000"",subtype: ""memory"",tgid: ""116960"",source: ""syscall"",type: ""Artifact"",version: ""0"",hash: ""eac5dbb6ae80ce7a679b65f04515a6f7""})"
"(:VERTEX {gid: ""0"",euid: ""999"",children pid namespace: ""4026532779"",start time: ""1690977396.909"",ns pid: ""8643"",pid: ""116968"",source: ""syscall"",type: ""Process"",net namespace: ""4026532705"",ipc namespace: ""4026532772"",ppid: ""116960"",pid namespace: ""4026532779"",cwd: ""/"",uid: ""999"",egid: ""0"",exe: ""/usr/bin/check-status"",mount namespace: ""4026532778"",command line: ""/usr/bin/check-status -r"",name: ""check-status"",hash: ""28c58d59f2b2940015c5c26bfb0442a5"",user namespace: ""4026531837""})"
"(:VERTEX {memory address: ""7fe9fe491000"",size: ""8000000"",subtype: ""memory"",tgid: ""116960"",source: ""syscall"",type: ""Artifact"",version: ""0"",hash: ""aea0b090daf2e995aece5069f1280004""})"
"(:VERTEX {memory address: ""7fea00000000"",size: ""21000"",subtype: ""memory"",tgid: ""116960"",source: ""syscall"",type: ""Artifact"",version: ""0"",hash: ""5d105c37180436791a26c91dac28500b""})"
"(:VERTEX {memory address: ""7fea05c90000"",size: ""801000"",subtype: ""memory"",tgid: ""116960"",source: ""syscall"",type: ""Artifact"",version: ""0"",hash: ""0ba1a3b913ff02ea7d2d7454b47ea890""})"
"(:VERTEX {memory address: ""7fea05c91000"",size: ""800000"",subtype: ""memory"",tgid: ""116960"",source: ""syscall"",type: ""Artifact"",version: ""0"",hash: ""a05c72531cb165a79401462f62224180""})"
"(:VERTEX {gid: ""0"",euid: ""999"",children pid namespace: ""4026532779"",start time: ""1690977396.909"",ns pid: ""8644"",pid: ""116969"",source: ""syscall"",type: ""Process"",net namespace: ""4026532705"",ipc namespace: ""4026532772"",ppid: ""116960"",pid namespace: ""4026532779"",cwd: ""/"",uid: ""999"",egid: ""0"",exe: ""/usr/bin/check-status"",mount namespace: ""4026532778"",command line: ""/usr/bin/check-status -r"",name: ""check-status"",hash: ""f5f71c9a58544288b7abc81301d86a9b"",user namespace: ""4026531837""})"
"(:VERTEX {memory address: ""7fe9f8000000"",size: ""8000000"",subtype: ""memory"",tgid: ""116960"",source: ""syscall"",type: ""Artifact"",version: ""0"",hash: ""2c9df53d7d5609dd2f8fdc9321e7e061""})"
"(:VERTEX {memory address: ""7fe9f8000000"",size: ""21000"",subtype: ""memory"",tgid: ""116960"",source: ""syscall"",type: ""Artifact"",version: ""0"",hash: ""191593cce92ff485a0158f3fa9979c39""})"
"(:VERTEX {memory address: ""7fea2edf3000"",size: ""40000"",subtype: ""memory"",tgid: ""116960"",source: ""syscall"",type: ""Artifact"",version: ""0"",hash: ""1d78e5a9446a3769dbdf37b946a903d5""})"
"(:VERTEX {memory address: ""7fea0548f000"",size: ""801000"",subtype: ""memory"",tgid: ""116960"",source: ""syscall"",type: ""Artifact"",version: ""0"",hash: ""8384fa7de31e6e6fada61157516c6716""})"
"(:VERTEX {memory address: ""7fea05490000"",size: ""800000"",subtype: ""memory"",tgid: ""116960"",source: ""syscall"",type: ""Artifact"",version: ""0"",hash: ""5af8147fcc9038b86fd4f2ef044e8ebf""})"
"(:VERTEX {gid: ""0"",euid: ""999"",children pid namespace: ""4026532779"",start time: ""1690977396.909"",ns pid: ""8645"",pid: ""116970"",source: ""syscall"",type: ""Process"",net namespace: ""4026532705"",ipc namespace: ""4026532772"",ppid: ""116960"",pid namespace: ""4026532779"",cwd: ""/"",uid: ""999"",egid: ""0"",exe: ""/usr/bin/check-status"",mount namespace: ""4026532778"",command line: ""/usr/bin/check-status -r"",name: ""check-status"",hash: ""d80bfc0bc9ca998312db77a1f6e82dd8"",user namespace: ""4026531837""})"
"(:VERTEX {memory address: ""7fe9fc000000"",size: ""4000000"",subtype: ""memory"",tgid: ""116960"",source: ""syscall"",type: ""Artifact"",version: ""0"",hash: ""5e84a7da2b3cff96f49620185182fdf4""})"
"(:VERTEX {memory address: ""7fe9fc000000"",size: ""21000"",subtype: ""memory"",tgid: ""116960"",source: ""syscall"",type: ""Artifact"",version: ""0"",hash: ""730cd9e2aef886864b63bab83aa7c33e""})"
"(:VERTEX {gid: ""1000"",euid: ""1000"",children pid namespace: ""-1"",pid: ""61363"",seen time: ""1690977397.453"",source: ""syscall"",type: ""Process"",net namespace: ""-1"",ipc namespace: ""-1"",ppid: ""59024"",pid namespace: ""-1"",uid: ""1000"",egid: ""1000"",exe: ""/app/cartservice"",mount namespace: ""-1"",name: "".NET ThreadPool"",hash: ""de4bbeea99e599e3a7b702c410a38346"",user namespace: ""-1""})"
"(:VERTEX {memory address: ""7f981a2cc000"",size: ""4000"",subtype: ""memory"",tgid: ""61363"",source: ""syscall"",type: ""Artifact"",version: ""3"",hash: ""8af7aac9be8f0e3b32bfd9cbe17e1de8""})"
"(:VERTEX {memory address: ""7f981a2cc000"",size: ""1000"",subtype: ""memory"",tgid: ""61363"",source: ""syscall"",type: ""Artifact"",version: ""3"",hash: ""2b9ab978faf280b32115ad32387f29d1""})"
"(:VERTEX {subtype: ""unnamed pipe"",tgid: ""61363"",epoch: ""4"",source: ""syscall"",read fd: ""196"",type: ""Artifact"",version: ""0"",hash: ""dc1835a71c8edeafe0c22e112f93c04a"",write fd: ""198""})"
"(:VERTEX {remote port: ""45940"",epoch: ""0"",source: ""syscall"",type: ""Artifact"",version: ""0"",local port: ""8080"",net namespace: ""-1"",local address: ""0000:0000:0000:0000:0000:0000:0000:0000"",protocol: ""tcp"",subtype: ""network socket"",remote address: ""0000:0000:0000:0000:0000:FFFF:C0A8:2F80"",hash: ""86f573c007f51c450567a6573222f0ea""})"
"(:VERTEX {remote port: ""45946"",epoch: ""0"",source: ""syscall"",type: ""Artifact"",version: ""0"",local port: ""8080"",net namespace: ""-1"",local address: ""0000:0000:0000:0000:0000:0000:0000:0000"",protocol: ""tcp"",subtype: ""network socket"",remote address: ""0000:0000:0000:0000:0000:FFFF:C0A8:2F80"",hash: ""e259a0a2416a448a6df20c839c0e892f""})"
"(:VERTEX {remote port: ""50742"",epoch: ""0"",source: ""syscall"",type: ""Artifact"",version: ""0"",local port: ""50051"",net namespace: ""-1"",local address: ""0000:0000:0000:0000:0000:0000:0000:0000"",protocol: ""tcp"",subtype: ""network socket"",remote address: ""0000:0000:0000:0000:0000:FFFF:C0A8:2F80"",hash: ""877586eccb9ba2d2c093a089ea5a474d""})"
"(:VERTEX {remote port: ""39678"",epoch: ""0"",source: ""syscall"",type: ""Artifact"",version: ""0"",local port: ""6379"",net namespace: ""-1"",local address: ""0.0.0.0"",protocol: ""tcp"",subtype: ""network socket"",remote address: ""192.168.47.128"",hash: ""b51a43910824f966a216ca0c63f12448""})"
"(:VERTEX {remote port: ""39684"",epoch: ""0"",source: ""syscall"",type: ""Artifact"",version: ""0"",local port: ""6379"",net namespace: ""-1"",local address: ""0.0.0.0"",protocol: ""tcp"",subtype: ""network socket"",remote address: ""192.168.47.128"",hash: ""83a955053876b1445dcf490742823d42""})"
"(:VERTEX {remote port: ""38442"",epoch: ""0"",source: ""syscall"",type: ""Artifact"",version: ""0"",local port: ""9555"",net namespace: ""-1"",local address: ""0000:0000:0000:0000:0000:0000:0000:0000"",protocol: ""tcp"",subtype: ""network socket"",remote address: ""0000:0000:0000:0000:0000:FFFF:C0A8:2F80"",hash: ""721b5d517a0228b640a41285415fefd8""})"
"(:VERTEX {remote port: ""38452"",epoch: ""0"",source: ""syscall"",type: ""Artifact"",version: ""0"",local port: ""9555"",net namespace: ""-1"",local address: ""0000:0000:0000:0000:0000:0000:0000:0000"",protocol: ""tcp"",subtype: ""network socket"",remote address: ""0000:0000:0000:0000:0000:FFFF:C0A8:2F80"",hash: ""ecbd63a64f3c96ec5adba8d90dc939f7""})"
"(:VERTEX {remote port: ""41224"",epoch: ""0"",source: ""syscall"",type: ""Artifact"",version: ""0"",local port: ""8080"",net namespace: ""-1"",local address: ""0000:0000:0000:0000:0000:0000:0000:0000"",protocol: ""tcp"",subtype: ""network socket"",remote address: ""0000:0000:0000:0000:0000:FFFF:C0A8:2F80"",hash: ""100c3d9638c428f26978a8883d94cf87""})"
"(:VERTEX {remote port: ""41240"",epoch: ""0"",source: ""syscall"",type: ""Artifact"",version: ""0"",local port: ""8080"",net namespace: ""-1"",local address: ""0000:0000:0000:0000:0000:0000:0000:0000"",protocol: ""tcp"",subtype: ""network socket"",remote address: ""0000:0000:0000:0000:0000:FFFF:C0A8:2F80"",hash: ""89b548bab6ba2ea1df980fb9a65c6f08""})"
"(:VERTEX {remote port: ""53"",epoch: ""0"",source: ""syscall"",type: ""Artifact"",version: ""0"",local port: ""57381"",net namespace: ""-1"",local address: ""10.1.251.204"",protocol: ""udp"",subtype: ""network socket"",remote address: ""10.152.183.10"",hash: ""a83938d1b40e97c85f35606f9954d422""})"
"(:VERTEX {remote port: ""53"",epoch: ""0"",source: ""syscall"",type: ""Artifact"",version: ""0"",local port: ""55170"",net namespace: ""-1"",local address: ""10.1.251.204"",protocol: ""udp"",subtype: ""network socket"",remote address: ""10.152.183.10"",hash: ""771998c58ec785b90fd1a371f233205c""})"
"(:VERTEX {remote port: ""53"",epoch: ""0"",source: ""syscall"",type: ""Artifact"",version: ""0"",local port: ""47308"",net namespace: ""-1"",local address: ""10.1.251.204"",protocol: ""udp"",subtype: ""network socket"",remote address: ""10.152.183.10"",hash: ""9c06c9fe782978ff07a7364e7a070224""})"
"(:VERTEX {remote port: ""53"",epoch: ""0"",source: ""syscall"",type: ""Artifact"",version: ""0"",local port: ""47696"",net namespace: ""-1"",local address: ""10.1.251.204"",protocol: ""udp"",subtype: ""network socket"",remote address: ""10.152.183.10"",hash: ""d518da66bfb95f21708f5baab1590ce3""})"
"(:VERTEX {gid: ""0"",euid: ""999"",children pid namespace: ""-1"",pid: ""117096"",seen time: ""1690977399.069"",source: ""syscall"",type: ""Process"",net namespace: ""-1"",ipc namespace: ""-1"",ppid: ""117085"",pid namespace: ""-1"",uid: ""999"",egid: ""0"",exe: ""/"",mount namespace: ""-1"",name: ""runc:[2:INIT]"",hash: ""ec719f858cbefe0cc6a9066203e8bb2d"",user namespace: ""-1""})"
"(:VERTEX {path: ""/proc/117096/attr/apparmor/exec"",subtype: ""file"",permissions: ""0666"",epoch: ""0"",source: ""syscall"",type: ""Artifact"",version: ""0"",hash: ""ad8bbbf3f6609d6aa6ca19886cdb492b""})"
"(:VERTEX {gid: ""0"",euid: ""999"",children pid namespace: ""-1"",start time: ""1690977399.069"",pid: ""117096"",source: ""syscall"",type: ""Process"",net namespace: ""-1"",ipc namespace: ""-1"",ppid: ""117085"",pid namespace: ""-1"",cwd: ""/"",uid: ""999"",egid: ""0"",exe: ""/usr/bin/check-status"",mount namespace: ""-1"",command line: ""/usr/bin/check-status -l"",name: ""check-status"",hash: ""9329994c0f46320f34d8025247870995"",user namespace: ""-1""})"
"(:VERTEX {memory address: ""7fcab8c0a000"",size: ""2000"",subtype: ""memory"",tgid: ""117096"",source: ""syscall"",type: ""Artifact"",version: ""0"",hash: ""15e31240250e0ef7d5b8d9406bc18f66""})"
"(:VERTEX {memory address: ""7fcab87bf000"",size: ""21f4c0"",subtype: ""memory"",tgid: ""117096"",source: ""syscall"",type: ""Artifact"",version: ""0"",hash: ""3d9be9fa6554f4d699f721ec6c8c5b79""})"
"(:VERTEX {memory address: ""7fcab87da000"",size: ""1ff000"",subtype: ""memory"",tgid: ""117096"",source: ""syscall"",type: ""Artifact"",version: ""0"",hash: ""ed5dd5e7579884193d0215922bf22979""})"
"(:VERTEX {memory address: ""7fcab89d9000"",size: ""2000"",subtype: ""memory"",tgid: ""117096"",source: ""syscall"",type: ""Artifact"",version: ""0"",hash: ""e247a3c5ddb8aaabbed59c96f34d87bf""})"
"(:VERTEX {memory address: ""7fcab89db000"",size: ""34c0"",subtype: ""memory"",tgid: ""117096"",source: ""syscall"",type: ""Artifact"",version: ""0"",hash: ""189466b1d7db908666ff0102c4c3f43b""})"
"(:VERTEX {memory address: ""7fcab83f9000"",size: ""3c58c0"",subtype: ""memory"",tgid: ""117096"",source: ""syscall"",type: ""Artifact"",version: ""0"",hash: ""211b5874a722aa1f08f3c9aa430d8fc3""})"
"(:VERTEX {memory address: ""7fcab85b5000"",size: ""200000"",subtype: ""memory"",tgid: ""117096"",source: ""syscall"",type: ""Artifact"",version: ""0"",hash: ""dbb59d89524e7be85eb12dadc6dcbf13""})"
"(:VERTEX {memory address: ""7fcab87b5000"",size: ""6000"",subtype: ""memory"",tgid: ""117096"",source: ""syscall"",type: ""Artifact"",version: ""0"",hash: ""ac8cfeaa684d5511cbeed4cbef792cd9""})"
"(:VERTEX {memory address: ""7fcab87bb000"",size: ""38c0"",subtype: ""memory"",tgid: ""117096"",source: ""syscall"",type: ""Artifact"",version: ""0"",hash: ""602c33549f3610789881ab098f71c599""})"
"(:VERTEX {memory address: ""7fcab8c07000"",size: ""3000"",subtype: ""memory"",tgid: ""117096"",source: ""syscall"",type: ""Artifact"",version: ""0"",hash: ""a74b4ab819fcba4967a1a56e6ac1dd2d""})"
"(:VERTEX {memory address: ""7fcab87b5000"",size: ""4000"",subtype: ""memory"",tgid: ""117096"",source: ""syscall"",type: ""Artifact"",version: ""0"",hash: ""07a9fcb913e66fef2a99c3f2e577634c""})"
"(:VERTEX {memory address: ""7fcab89d9000"",size: ""1000"",subtype: ""memory"",tgid: ""117096"",source: ""syscall"",type: ""Artifact"",version: ""0"",hash: ""ceb3d54fa55934167ca8abb449c8b1c5""})"
"(:VERTEX {memory address: ""7fcab8c0c000"",size: ""1000"",subtype: ""memory"",tgid: ""117096"",source: ""syscall"",type: ""Artifact"",version: ""0"",hash: ""2e2f4cc52d99978ccb7ecc05481b0978""})"
"(:VERTEX {memory address: ""7fcab8bc7000"",size: ""40000"",subtype: ""memory"",tgid: ""117096"",source: ""syscall"",type: ""Artifact"",version: ""0"",hash: ""a1f58ab4069e52fd18f6b31c229a056a""})"
"(:VERTEX {memory address: ""7fcab8ba7000"",size: ""20000"",subtype: ""memory"",tgid: ""117096"",source: ""syscall"",type: ""Artifact"",version: ""0"",hash: ""cfa749c293cf2438c441fb58eb404f62""})"
"(:VERTEX {memory address: ""7fcab8aa7000"",size: ""100000"",subtype: ""memory"",tgid: ""117096"",source: ""syscall"",type: ""Artifact"",version: ""0"",hash: ""f0769a983aa2a21bbac4f5a4a914268a""})"
"(:VERTEX {memory address: ""7fcab7bf9000"",size: ""800000"",subtype: ""memory"",tgid: ""117096"",source: ""syscall"",type: ""Artifact"",version: ""0"",hash: ""a1fa4c29d0e573058be29972b459a876""})"
"(:VERTEX {memory address: ""7fcab3bf9000"",size: ""4000000"",subtype: ""memory"",tgid: ""117096"",source: ""syscall"",type: ""Artifact"",version: ""0"",hash: ""c40b520e0bfb69ba1e6f461675aec952""})"
"(:VERTEX {memory address: ""7fca93bf9000"",size: ""20000000"",subtype: ""memory"",tgid: ""117096"",source: ""syscall"",type: ""Artifact"",version: ""0"",hash: ""51208fcd7d461b2480bde71676be9c07""})"
"(:VERTEX {memory address: ""c000000000"",size: ""4000000"",subtype: ""memory"",tgid: ""117096"",source: ""syscall"",type: ""Artifact"",version: ""0"",hash: ""4044bcdff2fa8c340bdef8d98e4df82a""})"
"(:VERTEX {memory address: ""7fca91bf9000"",size: ""2000000"",subtype: ""memory"",tgid: ""117096"",source: ""syscall"",type: ""Artifact"",version: ""0"",hash: ""e556ee343c9c5549e5c3690fb543642c""})"
"(:VERTEX {memory address: ""7fca919e8000"",size: ""210c10"",subtype: ""memory"",tgid: ""117096"",source: ""syscall"",type: ""Artifact"",version: ""0"",hash: ""c7cc2b57b8e1b89a78ab961620d6fb04""})"
"(:VERTEX {memory address: ""c000000000"",size: ""400000"",subtype: ""memory"",tgid: ""117096"",source: ""syscall"",type: ""Artifact"",version: ""0"",hash: ""f34f1b8da0e0d1835893a84d613bcd95""})"
"(:VERTEX {memory address: ""7fcab8ba7000"",size: ""20000"",subtype: ""memory"",tgid: ""117096"",source: ""syscall"",type: ""Artifact"",version: ""1"",hash: ""93438246714fb7b87757d857f9efe9ad""})"
"(:VERTEX {memory address: ""7fcab8b27000"",size: ""1000"",subtype: ""memory"",tgid: ""117096"",source: ""syscall"",type: ""Artifact"",version: ""0"",hash: ""9550b1adf04b18710c2ca82bc99502ec""})"
"(:VERTEX {memory address: ""7fcab7fff000"",size: ""1000"",subtype: ""memory"",tgid: ""117096"",source: ""syscall"",type: ""Artifact"",version: ""0"",hash: ""b9caaf732330eaa6c3fd3485db08eb9c""})"
"(:VERTEX {memory address: ""7fcab5c29000"",size: ""1000"",subtype: ""memory"",tgid: ""117096"",source: ""syscall"",type: ""Artifact"",version: ""0"",hash: ""423164d35df6a2516f0b5c26fce26431""})"
"(:VERTEX {memory address: ""7fcaa3d79000"",size: ""1000"",subtype: ""memory"",tgid: ""117096"",source: ""syscall"",type: ""Artifact"",version: ""0"",hash: ""6b8fdb76d636ddc79b2dd18c5ae7a56a""})"
"(:VERTEX {memory address: ""7fca918e8000"",size: ""100000"",subtype: ""memory"",tgid: ""117096"",source: ""syscall"",type: ""Artifact"",version: ""0"",hash: ""d056a3f0b75039eb7dbb8d2ee8235417""})"
"(:VERTEX {memory address: ""7fcab8a97000"",size: ""10000"",subtype: ""memory"",tgid: ""117096"",source: ""syscall"",type: ""Artifact"",version: ""0"",hash: ""6fc781cb50129aab4e27b45f8a29fba2""})"
"(:VERTEX {memory address: ""7fcab8a87000"",size: ""10000"",subtype: ""memory"",tgid: ""117096"",source: ""syscall"",type: ""Artifact"",version: ""0"",hash: ""ce09ce00d95c1f667b1c4b1c15246db4""})"
"(:VERTEX {memory address: ""7fca910e7000"",size: ""801000"",subtype: ""memory"",tgid: ""117096"",source: ""syscall"",type: ""Artifact"",version: ""0"",hash: ""85a9854e271ae3234c9e9c691d267dfc""})"
"(:VERTEX {memory address: ""7fca910e8000"",size: ""800000"",subtype: ""memory"",tgid: ""117096"",source: ""syscall"",type: ""Artifact"",version: ""0"",hash: ""3327e0c89cce5e3961974aada9f1bbd6""})"
"(:VERTEX {gid: ""0"",euid: ""999"",children pid namespace: ""4026532779"",start time: ""1690977399.073"",ns pid: ""8652"",pid: ""117102"",source: ""syscall"",type: ""Process"",net namespace: ""4026532705"",ipc namespace: ""4026532772"",ppid: ""117096"",pid namespace: ""4026532779"",cwd: ""/"",uid: ""999"",egid: ""0"",exe: ""/usr/bin/check-status"",mount namespace: ""4026532778"",command line: ""/usr/bin/check-status -l"",name: ""check-status"",hash: ""683ca19f694ecab68e6f38a24736e9b0"",user namespace: ""4026531837""})"
"(:VERTEX {memory address: ""7fca908e6000"",size: ""801000"",subtype: ""memory"",tgid: ""117096"",source: ""syscall"",type: ""Artifact"",version: ""0"",hash: ""2d2bcfffa46e32dd60158fd8b588d57c""})"
"(:VERTEX {memory address: ""7fca888e6000"",size: ""8000000"",subtype: ""memory"",tgid: ""117096"",source: ""syscall"",type: ""Artifact"",version: ""0"",hash: ""bb9a3da4801033288ce3b297394fcd81""})"
"(:VERTEX {memory address: ""7fca908e7000"",size: ""800000"",subtype: ""memory"",tgid: ""117096"",source: ""syscall"",type: ""Artifact"",version: ""0"",hash: ""74cedb6bb70cc60434aba73735fa8724""})"
"(:VERTEX {gid: ""0"",euid: ""999"",children pid namespace: ""4026532779"",start time: ""1690977399.077"",ns pid: ""8653"",pid: ""117103"",source: ""syscall"",type: ""Process"",net namespace: ""4026532705"",ipc namespace: ""4026532772"",ppid: ""117096"",pid namespace: ""4026532779"",cwd: ""/"",uid: ""999"",egid: ""0"",exe: ""/usr/bin/check-status"",mount namespace: ""4026532778"",command line: ""/usr/bin/check-status -l"",name: ""check-status"",hash: ""c760f9003b474d0d711e9e1fbd749d7f"",user namespace: ""4026531837""})"
"(:VERTEX {memory address: ""7fca808e6000"",size: ""8000000"",subtype: ""memory"",tgid: ""117096"",source: ""syscall"",type: ""Artifact"",version: ""0"",hash: ""639fcc598872623457e7a75ab6342ca8""})"
"(:VERTEX {memory address: ""7fca84000000"",size: ""21000"",subtype: ""memory"",tgid: ""117096"",source: ""syscall"",type: ""Artifact"",version: ""0"",hash: ""4425fad72240c34a177ef80e1b90adb4""})"
"(:VERTEX {memory address: ""7fca8b7ff000"",size: ""801000"",subtype: ""memory"",tgid: ""117096"",source: ""syscall"",type: ""Artifact"",version: ""0"",hash: ""6bd76dccd24a8097e39bb24697205895""})"
"(:VERTEX {memory address: ""7fca8b800000"",size: ""800000"",subtype: ""memory"",tgid: ""117096"",source: ""syscall"",type: ""Artifact"",version: ""0"",hash: ""5c266fb3b08412b4618750c5059bf4d2""})"
"(:VERTEX {memory address: ""7fca8c000000"",size: ""21000"",subtype: ""memory"",tgid: ""117096"",source: ""syscall"",type: ""Artifact"",version: ""0"",hash: ""abe6fdbeac145cf360c4c17cbe26a651""})"
"(:VERTEX {gid: ""0"",euid: ""999"",children pid namespace: ""4026532779"",start time: ""1690977399.077"",ns pid: ""8654"",pid: ""117104"",source: ""syscall"",type: ""Process"",net namespace: ""4026532705"",ipc namespace: ""4026532772"",ppid: ""117096"",pid namespace: ""4026532779"",cwd: ""/"",uid: ""999"",egid: ""0"",exe: ""/usr/bin/check-status"",mount namespace: ""4026532778"",command line: ""/usr/bin/check-status -l"",name: ""check-status"",hash: ""2102fcb56e8099ad19d913a0d6237a55"",user namespace: ""4026531837""})"
"(:VERTEX {memory address: ""7fcab8a47000"",size: ""40000"",subtype: ""memory"",tgid: ""117096"",source: ""syscall"",type: ""Artifact"",version: ""0"",hash: ""fcaf8e95365caae7e1426e6d566b585c""})"
"(:VERTEX {memory address: ""7fca900e5000"",size: ""801000"",subtype: ""memory"",tgid: ""117096"",source: ""syscall"",type: ""Artifact"",version: ""0"",hash: ""0ad9aef258efce768516cf7bf6d64274""})"
"(:VERTEX {memory address: ""7fca900e6000"",size: ""800000"",subtype: ""memory"",tgid: ""117096"",source: ""syscall"",type: ""Artifact"",version: ""0"",hash: ""3b76ec70edd58f0e5fa8d360ab9f0149""})"
"(:VERTEX {gid: ""0"",euid: ""999"",children pid namespace: ""4026532779"",start time: ""1690977399.077"",ns pid: ""8655"",pid: ""117105"",source: ""syscall"",type: ""Process"",net namespace: ""4026532705"",ipc namespace: ""4026532772"",ppid: ""117096"",pid namespace: ""4026532779"",cwd: ""/"",uid: ""999"",egid: ""0"",exe: ""/usr/bin/check-status"",mount namespace: ""4026532778"",command line: ""/usr/bin/check-status -l"",name: ""check-status"",hash: ""b6c7a766f0c7da6fe9b8782ec0fdcae8"",user namespace: ""4026531837""})"
"(:VERTEX {memory address: ""7fca7c000000"",size: ""8000000"",subtype: ""memory"",tgid: ""117096"",source: ""syscall"",type: ""Artifact"",version: ""0"",hash: ""d9f77c17c271be78f1a3c7d6836eac38""})"
"(:VERTEX {memory address: ""7fca7c000000"",size: ""21000"",subtype: ""memory"",tgid: ""117096"",source: ""syscall"",type: ""Artifact"",version: ""0"",hash: ""6c98c6ce66ded559d5b22bfce6a5eedf""})"
"(:VERTEX {memory address: ""7fca8affe000"",size: ""801000"",subtype: ""memory"",tgid: ""117096"",source: ""syscall"",type: ""Artifact"",version: ""0"",hash: ""2ff3df7f9e9c9572014b5ceabac0dcca""})"
"(:VERTEX {memory address: ""7fca8afff000"",size: ""800000"",subtype: ""memory"",tgid: ""117096"",source: ""syscall"",type: ""Artifact"",version: ""0"",hash: ""33260ba274b45f3531f656b1da8995b3""})"
"(:VERTEX {gid: ""0"",euid: ""999"",children pid namespace: ""4026532779"",start time: ""1690977399.077"",ns pid: ""8656"",pid: ""117106"",source: ""syscall"",type: ""Process"",net namespace: ""4026532705"",ipc namespace: ""4026532772"",ppid: ""117096"",pid namespace: ""4026532779"",cwd: ""/"",uid: ""999"",egid: ""0"",exe: ""/usr/bin/check-status"",mount namespace: ""4026532778"",command line: ""/usr/bin/check-status -l"",name: ""check-status"",hash: ""b8a2474e7eaa90cb6aba63c52e3cb5bf"",user namespace: ""4026531837""})"
"(:VERTEX {memory address: ""7fca900a5000"",size: ""40000"",subtype: ""memory"",tgid: ""117096"",source: ""syscall"",type: ""Artifact"",version: ""0"",hash: ""ffa67412fa00e9440e7b9143c54e28c4""})"
"(:VERTEX {remote port: ""45948"",epoch: ""0"",source: ""syscall"",type: ""Artifact"",version: ""0"",local port: ""8080"",net namespace: ""-1"",local address: ""0000:0000:0000:0000:0000:0000:0000:0000"",protocol: ""tcp"",subtype: ""network socket"",remote address: ""0000:0000:0000:0000:0000:FFFF:C0A8:2F80"",hash: ""3fbebcb3f9c87afa714691d227d497a1""})"
"(:VERTEX {remote port: ""50754"",epoch: ""0"",source: ""syscall"",type: ""Artifact"",version: ""0"",local port: ""50051"",net namespace: ""-1"",local address: ""0000:0000:0000:0000:0000:0000:0000:0000"",protocol: ""tcp"",subtype: ""network socket"",remote address: ""0000:0000:0000:0000:0000:FFFF:C0A8:2F80"",hash: ""e5007f1f289ac4b3f856a3baded064a3""})"
"(:VERTEX {remote port: ""45958"",epoch: ""0"",source: ""syscall"",type: ""Artifact"",version: ""0"",local port: ""8080"",net namespace: ""-1"",local address: ""0000:0000:0000:0000:0000:0000:0000:0000"",protocol: ""tcp"",subtype: ""network socket"",remote address: ""0000:0000:0000:0000:0000:FFFF:C0A8:2F80"",hash: ""a3fef89690d4bc6df3cd1fa2a31865cd""})"
"(:VERTEX {remote port: ""50762"",epoch: ""0"",source: ""syscall"",type: ""Artifact"",version: ""0"",local port: ""50051"",net namespace: ""-1"",local address: ""0000:0000:0000:0000:0000:0000:0000:0000"",protocol: ""tcp"",subtype: ""network socket"",remote address: ""0000:0000:0000:0000:0000:FFFF:C0A8:2F80"",hash: ""00ca5cebf8dfa32b80865cac5e528099""})"
"(:VERTEX {remote port: ""36694"",epoch: ""0"",source: ""syscall"",type: ""Artifact"",version: ""0"",local port: ""7000"",net namespace: ""-1"",local address: ""0000:0000:0000:0000:0000:0000:0000:0000"",protocol: ""tcp"",subtype: ""network socket"",remote address: ""0000:0000:0000:0000:0000:FFFF:C0A8:2F80"",hash: ""c885f5f20bb6e5282925f9259a5841f1""})"
"(:VERTEX {remote port: ""36702"",epoch: ""0"",source: ""syscall"",type: ""Artifact"",version: ""0"",local port: ""7000"",net namespace: ""-1"",local address: ""0000:0000:0000:0000:0000:0000:0000:0000"",protocol: ""tcp"",subtype: ""network socket"",remote address: ""0000:0000:0000:0000:0000:FFFF:C0A8:2F80"",hash: ""1a2ded32bf7aac6ca854b3beedbfa062""})"
"(:VERTEX {remote port: ""39690"",epoch: ""0"",source: ""syscall"",type: ""Artifact"",version: ""0"",local port: ""6379"",net namespace: ""-1"",local address: ""0.0.0.0"",protocol: ""tcp"",subtype: ""network socket"",remote address: ""192.168.47.128"",hash: ""71fcb4a72f0c90eda16c2944264cf222""})"
"(:VERTEX {remote port: ""33320"",epoch: ""0"",source: ""syscall"",type: ""Artifact"",version: ""0"",local port: ""5050"",net namespace: ""-1"",local address: ""0000:0000:0000:0000:0000:0000:0000:0000"",protocol: ""tcp"",subtype: ""network socket"",remote address: ""0000:0000:0000:0000:0000:FFFF:C0A8:2F80"",hash: ""30e80f44d4f8c648276530400a336c26""})"
"(:VERTEX {remote port: ""33326"",epoch: ""0"",source: ""syscall"",type: ""Artifact"",version: ""0"",local port: ""5050"",net namespace: ""-1"",local address: ""0000:0000:0000:0000:0000:0000:0000:0000"",protocol: ""tcp"",subtype: ""network socket"",remote address: ""0000:0000:0000:0000:0000:FFFF:C0A8:2F80"",hash: ""182c9d4d388ffac9b3b2a8b87d743539""})"
"(:VERTEX {remote port: ""39704"",epoch: ""0"",source: ""syscall"",type: ""Artifact"",version: ""0"",local port: ""6379"",net namespace: ""-1"",local address: ""0.0.0.0"",protocol: ""tcp"",subtype: ""network socket"",remote address: ""192.168.47.128"",hash: ""8aa94d9b4eca98aa21ac60c8720113fa""})"
"(:VERTEX {remote port: ""42510"",epoch: ""0"",source: ""syscall"",type: ""Artifact"",version: ""0"",local port: ""8080"",net namespace: ""-1"",local address: ""0000:0000:0000:0000:0000:0000:0000:0000"",protocol: ""tcp"",subtype: ""network socket"",remote address: ""0000:0000:0000:0000:0000:FFFF:C0A8:2F80"",hash: ""9e3da985b24db9c32383bac4a1f4634a""})"
"(:VERTEX {remote port: ""42520"",epoch: ""0"",source: ""syscall"",type: ""Artifact"",version: ""0"",local port: ""8080"",net namespace: ""-1"",local address: ""0000:0000:0000:0000:0000:0000:0000:0000"",protocol: ""tcp"",subtype: ""network socket"",remote address: ""0000:0000:0000:0000:0000:FFFF:C0A8:2F80"",hash: ""6d4eca364c77cb85d81c4b166c6dbf4d""})"
"(:VERTEX {remote port: ""51994"",epoch: ""0"",source: ""syscall"",type: ""Artifact"",version: ""0"",local port: ""7070"",net namespace: ""-1"",local address: ""0000:0000:0000:0000:0000:0000:0000:0000"",protocol: ""tcp"",subtype: ""network socket"",remote address: ""0000:0000:0000:0000:0000:FFFF:C0A8:2F80"",hash: ""e24c6989b43e9248afb648cae77e9e66""})"
"(:VERTEX {remote port: ""43354"",epoch: ""0"",source: ""syscall"",type: ""Artifact"",version: ""0"",local port: ""50051"",net namespace: ""-1"",local address: ""0000:0000:0000:0000:0000:0000:0000:0000"",protocol: ""tcp"",subtype: ""network socket"",remote address: ""0000:0000:0000:0000:0000:FFFF:C0A8:2F80"",hash: ""baf105819970a40cde9a8ffa7183bd8b""})"
"(:VERTEX {remote port: ""52004"",epoch: ""0"",source: ""syscall"",type: ""Artifact"",version: ""0"",local port: ""7070"",net namespace: ""-1"",local address: ""0000:0000:0000:0000:0000:0000:0000:0000"",protocol: ""tcp"",subtype: ""network socket"",remote address: ""0000:0000:0000:0000:0000:FFFF:C0A8:2F80"",hash: ""e4bfd011b5179fe89a54629e00c20c67""})"
"(:VERTEX {remote port: ""43340"",epoch: ""0"",source: ""syscall"",type: ""Artifact"",version: ""0"",local port: ""50051"",net namespace: ""-1"",local address: ""0000:0000:0000:0000:0000:0000:0000:0000"",protocol: ""tcp"",subtype: ""network socket"",remote address: ""0000:0000:0000:0000:0000:FFFF:C0A8:2F80"",hash: ""25fd54b99b5fe429e4f6857d275a4646""})"
"(:VERTEX {remote port: ""60188"",epoch: ""0"",source: ""syscall"",type: ""Artifact"",version: ""0"",local port: ""3550"",net namespace: ""-1"",local address: ""0000:0000:0000:0000:0000:0000:0000:0000"",protocol: ""tcp"",subtype: ""network socket"",remote address: ""0000:0000:0000:0000:0000:FFFF:C0A8:2F80"",hash: ""9b6871bdf575564fcb3eb9ec7db26663""})"
"(:VERTEX {remote port: ""41258"",epoch: ""0"",source: ""syscall"",type: ""Artifact"",version: ""0"",local port: ""8080"",net namespace: ""-1"",local address: ""0000:0000:0000:0000:0000:0000:0000:0000"",protocol: ""tcp"",subtype: ""network socket"",remote address: ""0000:0000:0000:0000:0000:FFFF:C0A8:2F80"",hash: ""3daf02e66120205ab0ec97155cce8f58""})"
"(:VERTEX {remote port: ""41246"",epoch: ""0"",source: ""syscall"",type: ""Artifact"",version: ""0"",local port: ""8080"",net namespace: ""-1"",local address: ""0000:0000:0000:0000:0000:0000:0000:0000"",protocol: ""tcp"",subtype: ""network socket"",remote address: ""0000:0000:0000:0000:0000:FFFF:C0A8:2F80"",hash: ""700e5df28bcae5622407562dea684d16""})"
"(:VERTEX {remote port: ""60198"",epoch: ""0"",source: ""syscall"",type: ""Artifact"",version: ""0"",local port: ""3550"",net namespace: ""-1"",local address: ""0000:0000:0000:0000:0000:0000:0000:0000"",protocol: ""tcp"",subtype: ""network socket"",remote address: ""0000:0000:0000:0000:0000:FFFF:C0A8:2F80"",hash: ""e6a8888c9cb1c7b9759596e94365c7e4""})"
"(:VERTEX {remote port: ""53"",epoch: ""0"",source: ""syscall"",type: ""Artifact"",version: ""0"",local port: ""53514"",net namespace: ""-1"",local address: ""10.1.251.204"",protocol: ""udp"",subtype: ""network socket"",remote address: ""10.152.183.10"",hash: ""52cb5b1078d2a93bcc529e8cf929f291""})"
"(:VERTEX {remote port: ""53"",epoch: ""0"",source: ""syscall"",type: ""Artifact"",version: ""0"",local port: ""60011"",net namespace: ""-1"",local address: ""10.1.251.204"",protocol: ""udp"",subtype: ""network socket"",remote address: ""10.152.183.10"",hash: ""e934a8beef7d8f1e7541c22faee2b36c""})"
"(:VERTEX {remote port: ""53"",epoch: ""0"",source: ""syscall"",type: ""Artifact"",version: ""0"",local port: ""41081"",net namespace: ""-1"",local address: ""10.1.251.204"",protocol: ""udp"",subtype: ""network socket"",remote address: ""10.152.183.10"",hash: ""a1ee07d62d1556c45cd1306cf6c49d82""})"
"(:VERTEX {remote port: ""53"",epoch: ""0"",source: ""syscall"",type: ""Artifact"",version: ""0"",local port: ""48861"",net namespace: ""-1"",local address: ""10.1.251.204"",protocol: ""udp"",subtype: ""network socket"",remote address: ""10.152.183.10"",hash: ""142f5f6108f65791bff00ba3a3b9a6d9""})"
"(:VERTEX {remote port: ""53"",epoch: ""0"",source: ""syscall"",type: ""Artifact"",version: ""0"",local port: ""58892"",net namespace: ""-1"",local address: ""10.1.251.204"",protocol: ""udp"",subtype: ""network socket"",remote address: ""10.152.183.10"",hash: ""c1931c039bc6133fce0ba5ed7493aaf7""})"
"(:VERTEX {remote port: ""53"",epoch: ""0"",source: ""syscall"",type: ""Artifact"",version: ""0"",local port: ""40974"",net namespace: ""-1"",local address: ""10.1.251.204"",protocol: ""udp"",subtype: ""network socket"",remote address: ""10.152.183.10"",hash: ""fa5561fde6f17a8c745861b7de94f578""})"
"(:VERTEX {remote port: ""53"",epoch: ""0"",source: ""syscall"",type: ""Artifact"",version: ""0"",local port: ""41746"",net namespace: ""-1"",local address: ""10.1.251.204"",protocol: ""udp"",subtype: ""network socket"",remote address: ""10.152.183.10"",hash: ""7599edc5c21447a0fb9997149b9a49ce""})"
"(:VERTEX {remote port: ""53"",epoch: ""0"",source: ""syscall"",type: ""Artifact"",version: ""0"",local port: ""42136"",net namespace: ""-1"",local address: ""10.1.251.204"",protocol: ""udp"",subtype: ""network socket"",remote address: ""10.152.183.10"",hash: ""f325062aa4f7f9a63d7c79c57b256f82""})"
"(:VERTEX {gid: ""0"",euid: ""999"",children pid namespace: ""-1"",pid: ""117253"",seen time: ""1690977406.892"",source: ""syscall"",type: ""Process"",net namespace: ""-1"",ipc namespace: ""-1"",ppid: ""117244"",pid namespace: ""-1"",uid: ""999"",egid: ""0"",exe: ""/"",mount namespace: ""-1"",name: ""runc:[2:INIT]"",hash: ""d5f1cc2ea0b8bd1cfed436d2e74e3567"",user namespace: ""-1""})"
"(:VERTEX {path: ""/proc/117253/attr/apparmor/exec"",subtype: ""file"",permissions: ""0666"",epoch: ""0"",source: ""syscall"",type: ""Artifact"",version: ""0"",hash: ""531759f060c54236b7a292e81089808a""})"
"(:VERTEX {gid: ""0"",euid: ""999"",children pid namespace: ""-1"",start time: ""1690977406.892"",pid: ""117253"",source: ""syscall"",type: ""Process"",net namespace: ""-1"",ipc namespace: ""-1"",ppid: ""117244"",pid namespace: ""-1"",cwd: ""/"",uid: ""999"",egid: ""0"",exe: ""/usr/bin/check-status"",mount namespace: ""-1"",command line: ""/usr/bin/check-status -r"",name: ""check-status"",hash: ""e7c338fca6ca1ea3d0cc61fd25841512"",user namespace: ""-1""})"
"(:VERTEX {memory address: ""7f3aa1b85000"",size: ""2000"",subtype: ""memory"",tgid: ""117253"",source: ""syscall"",type: ""Artifact"",version: ""0"",hash: ""43d75eeb237f991650dadf5130191a11""})"
"(:VERTEX {memory address: ""7f3aa173a000"",size: ""21f4c0"",subtype: ""memory"",tgid: ""117253"",source: ""syscall"",type: ""Artifact"",version: ""0"",hash: ""34dc69a42299cea8b2d0232e10219178""})"
"(:VERTEX {memory address: ""7f3aa1755000"",size: ""1ff000"",subtype: ""memory"",tgid: ""117253"",source: ""syscall"",type: ""Artifact"",version: ""0"",hash: ""e2293594aca6dcf086f12294267c7de3""})"
"(:VERTEX {memory address: ""7f3aa1954000"",size: ""2000"",subtype: ""memory"",tgid: ""117253"",source: ""syscall"",type: ""Artifact"",version: ""0"",hash: ""96bf69fc6aeca5ee2ce840e7b132f376""})"
"(:VERTEX {memory address: ""7f3aa1956000"",size: ""34c0"",subtype: ""memory"",tgid: ""117253"",source: ""syscall"",type: ""Artifact"",version: ""0"",hash: ""05b5675cddeb2b2d20df0ac21b82e5ee""})"
"(:VERTEX {memory address: ""7f3aa1374000"",size: ""3c58c0"",subtype: ""memory"",tgid: ""117253"",source: ""syscall"",type: ""Artifact"",version: ""0"",hash: ""391088a9f9bcb991c25e757ed4d5ce3b""})"
"(:VERTEX {memory address: ""7f3aa1530000"",size: ""200000"",subtype: ""memory"",tgid: ""117253"",source: ""syscall"",type: ""Artifact"",version: ""0"",hash: ""33ff6196c5879cbc0c1570b0fb16f0fd""})"
"(:VERTEX {memory address: ""7f3aa1730000"",size: ""6000"",subtype: ""memory"",tgid: ""117253"",source: ""syscall"",type: ""Artifact"",version: ""0"",hash: ""0397fcb916b99cd6e71b99b41b41cb60""})"
"(:VERTEX {memory address: ""7f3aa1736000"",size: ""38c0"",subtype: ""memory"",tgid: ""117253"",source: ""syscall"",type: ""Artifact"",version: ""0"",hash: ""b50bfe94ecdabb1d940d40f22ed13c38""})"
"(:VERTEX {memory address: ""7f3aa1b82000"",size: ""3000"",subtype: ""memory"",tgid: ""117253"",source: ""syscall"",type: ""Artifact"",version: ""0"",hash: ""54aedc35823625192169c3941b560efc""})"
"(:VERTEX {memory address: ""7f3aa1730000"",size: ""4000"",subtype: ""memory"",tgid: ""117253"",source: ""syscall"",type: ""Artifact"",version: ""0"",hash: ""7d6e56fae8027d9254d135ba55cfc84b""})"
"(:VERTEX {memory address: ""7f3aa1954000"",size: ""1000"",subtype: ""memory"",tgid: ""117253"",source: ""syscall"",type: ""Artifact"",version: ""0"",hash: ""13458330ce6eedbaeb84bf9c377148fd""})"
"(:VERTEX {memory address: ""7f3aa1b87000"",size: ""1000"",subtype: ""memory"",tgid: ""117253"",source: ""syscall"",type: ""Artifact"",version: ""0"",hash: ""72068e6d628ce097c5c21b712fd7f05e""})"
"(:VERTEX {memory address: ""7f3aa1b42000"",size: ""40000"",subtype: ""memory"",tgid: ""117253"",source: ""syscall"",type: ""Artifact"",version: ""0"",hash: ""5524f66c01d300b76e8c4e405a2494c0""})"
"(:VERTEX {memory address: ""7f3aa1b22000"",size: ""20000"",subtype: ""memory"",tgid: ""117253"",source: ""syscall"",type: ""Artifact"",version: ""0"",hash: ""236e580e9d7bf6052fc3ae5c5cfb9cc9""})"
"(:VERTEX {memory address: ""7f3aa1a22000"",size: ""100000"",subtype: ""memory"",tgid: ""117253"",source: ""syscall"",type: ""Artifact"",version: ""0"",hash: ""189bf8599e6a7fa85df6139993a48b96""})"
"(:VERTEX {memory address: ""7f3aa0b74000"",size: ""800000"",subtype: ""memory"",tgid: ""117253"",source: ""syscall"",type: ""Artifact"",version: ""0"",hash: ""777041d9422e6e6e8465e86c73e2a920""})"
"(:VERTEX {memory address: ""7f3a9cb74000"",size: ""4000000"",subtype: ""memory"",tgid: ""117253"",source: ""syscall"",type: ""Artifact"",version: ""0"",hash: ""18bbc915aa30e31118d1b80e73cc7ef0""})"
"(:VERTEX {memory address: ""7f3a7cb74000"",size: ""20000000"",subtype: ""memory"",tgid: ""117253"",source: ""syscall"",type: ""Artifact"",version: ""0"",hash: ""adabc334360204abfcddfca4cadc5950""})"
"(:VERTEX {memory address: ""c000000000"",size: ""4000000"",subtype: ""memory"",tgid: ""117253"",source: ""syscall"",type: ""Artifact"",version: ""0"",hash: ""cddf856650aeaf968bfec19642db41c1""})"
"(:VERTEX {memory address: ""7f3a7ab74000"",size: ""2000000"",subtype: ""memory"",tgid: ""117253"",source: ""syscall"",type: ""Artifact"",version: ""0"",hash: ""201c23b744b2d2460c717c56f684637d""})"
"(:VERTEX {memory address: ""7f3a7a963000"",size: ""210c10"",subtype: ""memory"",tgid: ""117253"",source: ""syscall"",type: ""Artifact"",version: ""0"",hash: ""b1aa4c60040d5102fa8c7c6accc8460c""})"
"(:VERTEX {memory address: ""c000000000"",size: ""400000"",subtype: ""memory"",tgid: ""117253"",source: ""syscall"",type: ""Artifact"",version: ""0"",hash: ""233bf5c9e82924252e0ad3929d8141ba""})"
"(:VERTEX {memory address: ""7f3aa1b22000"",size: ""20000"",subtype: ""memory"",tgid: ""117253"",source: ""syscall"",type: ""Artifact"",version: ""1"",hash: ""a1281d0dfacc5edf53e2517dadb1110a""})"
"(:VERTEX {memory address: ""7f3aa1aa2000"",size: ""1000"",subtype: ""memory"",tgid: ""117253"",source: ""syscall"",type: ""Artifact"",version: ""0"",hash: ""412d855d759b8f80bfc9921684e27740""})"
"(:VERTEX {memory address: ""7f3aa0f7a000"",size: ""1000"",subtype: ""memory"",tgid: ""117253"",source: ""syscall"",type: ""Artifact"",version: ""0"",hash: ""3e78ca8dc7720c46232f811cf1e5e9ef""})"
"(:VERTEX {memory address: ""7f3a9eba4000"",size: ""1000"",subtype: ""memory"",tgid: ""117253"",source: ""syscall"",type: ""Artifact"",version: ""0"",hash: ""a210cd02ce4283c7282797995e0c6c1c""})"
"(:VERTEX {memory address: ""7f3a8ccf4000"",size: ""1000"",subtype: ""memory"",tgid: ""117253"",source: ""syscall"",type: ""Artifact"",version: ""0"",hash: ""27bec679de91b15c13bc9af2b9c57957""})"
"(:VERTEX {memory address: ""7f3a7a863000"",size: ""100000"",subtype: ""memory"",tgid: ""117253"",source: ""syscall"",type: ""Artifact"",version: ""0"",hash: ""3f0a575281a2e60ab30ae99c9b79fdc2""})"
"(:VERTEX {memory address: ""7f3aa1a12000"",size: ""10000"",subtype: ""memory"",tgid: ""117253"",source: ""syscall"",type: ""Artifact"",version: ""0"",hash: ""00074802daa06cc700e7c162f6947617""})"
"(:VERTEX {memory address: ""7f3aa1a02000"",size: ""10000"",subtype: ""memory"",tgid: ""117253"",source: ""syscall"",type: ""Artifact"",version: ""0"",hash: ""7ded97c0cca81b716ec601991ad69ab5""})"
"(:VERTEX {memory address: ""7f3a7a062000"",size: ""801000"",subtype: ""memory"",tgid: ""117253"",source: ""syscall"",type: ""Artifact"",version: ""0"",hash: ""7079cfe80f8c67b9a4a2f3eab0c7c7f9""})"
"(:VERTEX {memory address: ""7f3a7a063000"",size: ""800000"",subtype: ""memory"",tgid: ""117253"",source: ""syscall"",type: ""Artifact"",version: ""0"",hash: ""3193b9e35df92f054f304974e933f2fd""})"
"(:VERTEX {gid: ""0"",euid: ""999"",children pid namespace: ""4026532779"",start time: ""1690977406.896"",ns pid: ""8663"",pid: ""117259"",source: ""syscall"",type: ""Process"",net namespace: ""4026532705"",ipc namespace: ""4026532772"",ppid: ""117253"",pid namespace: ""4026532779"",cwd: ""/"",uid: ""999"",egid: ""0"",exe: ""/usr/bin/check-status"",mount namespace: ""4026532778"",command line: ""/usr/bin/check-status -r"",name: ""check-status"",hash: ""56b839bb8e441c07f878cca7695338b1"",user namespace: ""4026531837""})"
"(:VERTEX {memory address: ""7f3a79861000"",size: ""801000"",subtype: ""memory"",tgid: ""117253"",source: ""syscall"",type: ""Artifact"",version: ""0"",hash: ""bf31ac69b6a40a69c2a69d1c35face4b""})"
"(:VERTEX {memory address: ""7f3a79862000"",size: ""800000"",subtype: ""memory"",tgid: ""117253"",source: ""syscall"",type: ""Artifact"",version: ""0"",hash: ""119c27fb76ce49fa6ee24ce4f5c1d04e""})"
"(:VERTEX {gid: ""0"",euid: ""999"",children pid namespace: ""4026532779"",start time: ""1690977406.896"",ns pid: ""8664"",pid: ""117260"",source: ""syscall"",type: ""Process"",net namespace: ""4026532705"",ipc namespace: ""4026532772"",ppid: ""117253"",pid namespace: ""4026532779"",cwd: ""/"",uid: ""999"",egid: ""0"",exe: ""/usr/bin/check-status"",mount namespace: ""4026532778"",command line: ""/usr/bin/check-status -r"",name: ""check-status"",hash: ""ed57ce446bc61bc0ecfd3808a3890a6f"",user namespace: ""4026531837""})"
"(:VERTEX {memory address: ""7f3a79060000"",size: ""801000"",subtype: ""memory"",tgid: ""117253"",source: ""syscall"",type: ""Artifact"",version: ""0"",hash: ""6d0ac26d606e12e75dae8ff6c8a19a81""})"
"(:VERTEX {memory address: ""7f3a79061000"",size: ""800000"",subtype: ""memory"",tgid: ""117253"",source: ""syscall"",type: ""Artifact"",version: ""0"",hash: ""7f5acd90c6d636a859e662e7312c4895""})"
"(:VERTEX {gid: ""0"",euid: ""999"",children pid namespace: ""4026532779"",start time: ""1690977406.896"",ns pid: ""8665"",pid: ""117261"",source: ""syscall"",type: ""Process"",net namespace: ""4026532705"",ipc namespace: ""4026532772"",ppid: ""117253"",pid namespace: ""4026532779"",cwd: ""/"",uid: ""999"",egid: ""0"",exe: ""/usr/bin/check-status"",mount namespace: ""4026532778"",command line: ""/usr/bin/check-status -r"",name: ""check-status"",hash: ""27ddfe8be0ca8d372a08baaf567ff69d"",user namespace: ""4026531837""})"
"(:VERTEX {memory address: ""7f3a71060000"",size: ""8000000"",subtype: ""memory"",tgid: ""117253"",source: ""syscall"",type: ""Artifact"",version: ""0"",hash: ""60bbd84f2fe7125dc83bf1cb03e3adc2""})"
"(:VERTEX {memory address: ""7f3a74000000"",size: ""21000"",subtype: ""memory"",tgid: ""117253"",source: ""syscall"",type: ""Artifact"",version: ""0"",hash: ""789bddf5bcbbdd56a71177a9b698c34c""})"
"(:VERTEX {memory address: ""7f3a7885f000"",size: ""801000"",subtype: ""memory"",tgid: ""117253"",source: ""syscall"",type: ""Artifact"",version: ""0"",hash: ""0bd2848963b156510cd40f6ad8d61287""})"
"(:VERTEX {memory address: ""7f3a78860000"",size: ""800000"",subtype: ""memory"",tgid: ""117253"",source: ""syscall"",type: ""Artifact"",version: ""0"",hash: ""b24b847873ddc886588ff59844188312""})"
"(:VERTEX {gid: ""0"",euid: ""999"",children pid namespace: ""4026532779"",start time: ""1690977406.896"",ns pid: ""8666"",pid: ""117262"",source: ""syscall"",type: ""Process"",net namespace: ""4026532705"",ipc namespace: ""4026532772"",ppid: ""117253"",pid namespace: ""4026532779"",cwd: ""/"",uid: ""999"",egid: ""0"",exe: ""/usr/bin/check-status"",mount namespace: ""4026532778"",command line: ""/usr/bin/check-status -r"",name: ""check-status"",hash: ""50eb758999e542d0df61ae598b35ec72"",user namespace: ""4026531837""})"
"(:VERTEX {memory address: ""7f3aa19c2000"",size: ""40000"",subtype: ""memory"",tgid: ""117253"",source: ""syscall"",type: ""Artifact"",version: ""0"",hash: ""db9829d05cce6c545114495500978455""})"
"(:VERTEX {remote port: ""53"",epoch: ""0"",source: ""syscall"",type: ""Artifact"",version: ""0"",local port: ""50184"",net namespace: ""-1"",local address: ""10.1.251.204"",protocol: ""udp"",subtype: ""network socket"",remote address: ""10.152.183.10"",hash: ""c500bf63aab8d55aeacc863d6846975d""})"
"(:VERTEX {remote port: ""53"",epoch: ""0"",source: ""syscall"",type: ""Artifact"",version: ""0"",local port: ""58792"",net namespace: ""-1"",local address: ""10.1.251.204"",protocol: ""udp"",subtype: ""network socket"",remote address: ""10.152.183.10"",hash: ""d2cc1f307632cb6c0397b82eb64ea4cf""})"
"(:VERTEX {remote port: ""40160"",epoch: ""0"",source: ""syscall"",type: ""Artifact"",version: ""0"",local port: ""8080"",net namespace: ""-1"",local address: ""0000:0000:0000:0000:0000:0000:0000:0000"",protocol: ""tcp"",subtype: ""network socket"",remote address: ""0000:0000:0000:0000:0000:FFFF:C0A8:2F80"",hash: ""91904519e1b6cb406809f631aec1cfcd""})"
"(:VERTEX {remote port: ""40174"",epoch: ""0"",source: ""syscall"",type: ""Artifact"",version: ""0"",local port: ""8080"",net namespace: ""-1"",local address: ""0000:0000:0000:0000:0000:0000:0000:0000"",protocol: ""tcp"",subtype: ""network socket"",remote address: ""0000:0000:0000:0000:0000:FFFF:C0A8:2F80"",hash: ""2f1eeb65752831740a21846d6665ecc7""})"
"(:VERTEX {remote port: ""59722"",epoch: ""0"",source: ""syscall"",type: ""Artifact"",version: ""0"",local port: ""50051"",net namespace: ""-1"",local address: ""0000:0000:0000:0000:0000:0000:0000:0000"",protocol: ""tcp"",subtype: ""network socket"",remote address: ""0000:0000:0000:0000:0000:FFFF:C0A8:2F80"",hash: ""1d173bdccb0fbe68b93622824a57fe70""})"
"(:VERTEX {remote port: ""49632"",epoch: ""0"",source: ""syscall"",type: ""Artifact"",version: ""0"",local port: ""6379"",net namespace: ""-1"",local address: ""0.0.0.0"",protocol: ""tcp"",subtype: ""network socket"",remote address: ""192.168.47.128"",hash: ""0171131e5d026469e7bdfdcc36c5fa82""})"
"(:VERTEX {remote port: ""49630"",epoch: ""0"",source: ""syscall"",type: ""Artifact"",version: ""0"",local port: ""6379"",net namespace: ""-1"",local address: ""0.0.0.0"",protocol: ""tcp"",subtype: ""network socket"",remote address: ""192.168.47.128"",hash: ""9d601c634c2dd9a480fd564a9652151a""})"
"(:VERTEX {remote port: ""58514"",epoch: ""0"",source: ""syscall"",type: ""Artifact"",version: ""0"",local port: ""8080"",net namespace: ""-1"",local address: ""0000:0000:0000:0000:0000:0000:0000:0000"",protocol: ""tcp"",subtype: ""network socket"",remote address: ""0000:0000:0000:0000:0000:FFFF:C0A8:2F80"",hash: ""8010e2da18d55500cf923caeccf87973""})"
"(:VERTEX {remote port: ""58500"",epoch: ""0"",source: ""syscall"",type: ""Artifact"",version: ""0"",local port: ""8080"",net namespace: ""-1"",local address: ""0000:0000:0000:0000:0000:0000:0000:0000"",protocol: ""tcp"",subtype: ""network socket"",remote address: ""0000:0000:0000:0000:0000:FFFF:C0A8:2F80"",hash: ""b462f9c3ee601f57ef94cb00672002d5""})"
"(:VERTEX {gid: ""0"",euid: ""999"",children pid namespace: ""-1"",pid: ""117359"",seen time: ""1690977409.056"",source: ""syscall"",type: ""Process"",net namespace: ""-1"",ipc namespace: ""-1"",ppid: ""117349"",pid namespace: ""-1"",uid: ""999"",egid: ""0"",exe: ""/"",mount namespace: ""-1"",name: ""runc:[2:INIT]"",hash: ""9bf9af2a55249374aa1b220840816ae0"",user namespace: ""-1""})"
"(:VERTEX {path: ""/proc/117359/attr/apparmor/exec"",subtype: ""file"",permissions: ""0666"",epoch: ""0"",source: ""syscall"",type: ""Artifact"",version: ""0"",hash: ""aab70e44e985cb5046b9359382f68a83""})"
"(:VERTEX {gid: ""0"",euid: ""999"",children pid namespace: ""-1"",start time: ""1690977409.056"",pid: ""117359"",source: ""syscall"",type: ""Process"",net namespace: ""-1"",ipc namespace: ""-1"",ppid: ""117349"",pid namespace: ""-1"",cwd: ""/"",uid: ""999"",egid: ""0"",exe: ""/usr/bin/check-status"",mount namespace: ""-1"",command line: ""/usr/bin/check-status -l"",name: ""check-status"",hash: ""3a00784953c6f96b335a6c4fcf9475ff"",user namespace: ""-1""})"
"(:VERTEX {memory address: ""7f767103c000"",size: ""2000"",subtype: ""memory"",tgid: ""117359"",source: ""syscall"",type: ""Artifact"",version: ""0"",hash: ""a5ca5ff1bc71bfb312b062a80a5a991c""})"
"(:VERTEX {memory address: ""7f7670bf1000"",size: ""21f4c0"",subtype: ""memory"",tgid: ""117359"",source: ""syscall"",type: ""Artifact"",version: ""0"",hash: ""0cf329910da250f03dad337765d44768""})"
"(:VERTEX {memory address: ""7f7670c0c000"",size: ""1ff000"",subtype: ""memory"",tgid: ""117359"",source: ""syscall"",type: ""Artifact"",version: ""0"",hash: ""07ee7129f81076a947af48dabcab62d8""})"
"(:VERTEX {memory address: ""7f7670e0b000"",size: ""2000"",subtype: ""memory"",tgid: ""117359"",source: ""syscall"",type: ""Artifact"",version: ""0"",hash: ""7d5835beeec7e0e5a2b5496f9172e220""})"
"(:VERTEX {memory address: ""7f7670e0d000"",size: ""34c0"",subtype: ""memory"",tgid: ""117359"",source: ""syscall"",type: ""Artifact"",version: ""0"",hash: ""0e6f6ac913383ec72ca329a832c6b553""})"
"(:VERTEX {memory address: ""7f767082b000"",size: ""3c58c0"",subtype: ""memory"",tgid: ""117359"",source: ""syscall"",type: ""Artifact"",version: ""0"",hash: ""9631a85a90b58dab517c204986700d55""})"
"(:VERTEX {memory address: ""7f76709e7000"",size: ""200000"",subtype: ""memory"",tgid: ""117359"",source: ""syscall"",type: ""Artifact"",version: ""0"",hash: ""be1f8bfa6c37560c64604e0031bc48aa""})"
"(:VERTEX {memory address: ""7f7670be7000"",size: ""6000"",subtype: ""memory"",tgid: ""117359"",source: ""syscall"",type: ""Artifact"",version: ""0"",hash: ""a2168ef2384903152c2b5f6c0ed84593""})"
"(:VERTEX {memory address: ""7f7670bed000"",size: ""38c0"",subtype: ""memory"",tgid: ""117359"",source: ""syscall"",type: ""Artifact"",version: ""0"",hash: ""71063ff179425ff54a0a63ead2948fd1""})"
"(:VERTEX {memory address: ""7f7671039000"",size: ""3000"",subtype: ""memory"",tgid: ""117359"",source: ""syscall"",type: ""Artifact"",version: ""0"",hash: ""65567c0bee31f6ced11ff038a5ea9137""})"
"(:VERTEX {memory address: ""7f7670be7000"",size: ""4000"",subtype: ""memory"",tgid: ""117359"",source: ""syscall"",type: ""Artifact"",version: ""0"",hash: ""ec0038a99d1e0550eb50937e9749b0c6""})"
"(:VERTEX {memory address: ""7f7670e0b000"",size: ""1000"",subtype: ""memory"",tgid: ""117359"",source: ""syscall"",type: ""Artifact"",version: ""0"",hash: ""0abafccb8286c741ac503ce78c07bab9""})"
"(:VERTEX {memory address: ""7f767103e000"",size: ""1000"",subtype: ""memory"",tgid: ""117359"",source: ""syscall"",type: ""Artifact"",version: ""0"",hash: ""6f19e73a65c279edb35b7b21c47f0ad0""})"
"(:VERTEX {memory address: ""7f7670ff9000"",size: ""40000"",subtype: ""memory"",tgid: ""117359"",source: ""syscall"",type: ""Artifact"",version: ""0"",hash: ""0207a7ccdd33595daa8f3df9b0754f76""})"
"(:VERTEX {memory address: ""7f7670fd9000"",size: ""20000"",subtype: ""memory"",tgid: ""117359"",source: ""syscall"",type: ""Artifact"",version: ""0"",hash: ""b5c175177721bfc56c0c45e168689cc3""})"
"(:VERTEX {memory address: ""7f7670ed9000"",size: ""100000"",subtype: ""memory"",tgid: ""117359"",source: ""syscall"",type: ""Artifact"",version: ""0"",hash: ""20f2ec534c1c1fc9a51eba9245d99167""})"
"(:VERTEX {memory address: ""7f767002b000"",size: ""800000"",subtype: ""memory"",tgid: ""117359"",source: ""syscall"",type: ""Artifact"",version: ""0"",hash: ""469118c379071b3d874c3ab8854bcbe3""})"
"(:VERTEX {memory address: ""7f766c02b000"",size: ""4000000"",subtype: ""memory"",tgid: ""117359"",source: ""syscall"",type: ""Artifact"",version: ""0"",hash: ""621b5ea6c51206169f993d35504c25b2""})"
"(:VERTEX {memory address: ""7f764c02b000"",size: ""20000000"",subtype: ""memory"",tgid: ""117359"",source: ""syscall"",type: ""Artifact"",version: ""0"",hash: ""b84d11ec9c2555a3cc31f04add13409d""})"
"(:VERTEX {memory address: ""c000000000"",size: ""4000000"",subtype: ""memory"",tgid: ""117359"",source: ""syscall"",type: ""Artifact"",version: ""0"",hash: ""37abdb9e62474b4f93ec6959c8e4852f""})"
"(:VERTEX {memory address: ""7f764a02b000"",size: ""2000000"",subtype: ""memory"",tgid: ""117359"",source: ""syscall"",type: ""Artifact"",version: ""0"",hash: ""9856a83e2c53a1f8404a2cdc895de9ab""})"
"(:VERTEX {memory address: ""7f7649e1a000"",size: ""210c10"",subtype: ""memory"",tgid: ""117359"",source: ""syscall"",type: ""Artifact"",version: ""0"",hash: ""a3b4213461922ac1e656086f4db5b005""})"
"(:VERTEX {memory address: ""c000000000"",size: ""400000"",subtype: ""memory"",tgid: ""117359"",source: ""syscall"",type: ""Artifact"",version: ""0"",hash: ""db34f4c875f14e32eba0c597cefcc227""})"
"(:VERTEX {memory address: ""7f7670fd9000"",size: ""20000"",subtype: ""memory"",tgid: ""117359"",source: ""syscall"",type: ""Artifact"",version: ""1"",hash: ""2ba1f809164cfbdbae5a6b2b1fc359d0""})"
"(:VERTEX {memory address: ""7f7670f59000"",size: ""1000"",subtype: ""memory"",tgid: ""117359"",source: ""syscall"",type: ""Artifact"",version: ""0"",hash: ""bab22c3fcdb94d31ce78fcb4d386816e""})"
"(:VERTEX {memory address: ""7f7670431000"",size: ""1000"",subtype: ""memory"",tgid: ""117359"",source: ""syscall"",type: ""Artifact"",version: ""0"",hash: ""a26bd09bb6ef707dfa0dc6c8bab88032""})"
"(:VERTEX {memory address: ""7f766e05b000"",size: ""1000"",subtype: ""memory"",tgid: ""117359"",source: ""syscall"",type: ""Artifact"",version: ""0"",hash: ""cdfbc5b5dab84ba5018a8bca42813798""})"
"(:VERTEX {memory address: ""7f765c1ab000"",size: ""1000"",subtype: ""memory"",tgid: ""117359"",source: ""syscall"",type: ""Artifact"",version: ""0"",hash: ""c2149ea366870289c19fe73458a4dc29""})"
"(:VERTEX {memory address: ""7f7649d1a000"",size: ""100000"",subtype: ""memory"",tgid: ""117359"",source: ""syscall"",type: ""Artifact"",version: ""0"",hash: ""f74ee256be2280ff964dcb4162f5b142""})"
"(:VERTEX {memory address: ""7f7670ec9000"",size: ""10000"",subtype: ""memory"",tgid: ""117359"",source: ""syscall"",type: ""Artifact"",version: ""0"",hash: ""d9dad986b79751e958d24b1606e5ddc4""})"
"(:VERTEX {memory address: ""7f7670eb9000"",size: ""10000"",subtype: ""memory"",tgid: ""117359"",source: ""syscall"",type: ""Artifact"",version: ""0"",hash: ""8965e0fd2ac504dcdbb7f355d4d42cb0""})"
"(:VERTEX {memory address: ""7f7649519000"",size: ""801000"",subtype: ""memory"",tgid: ""117359"",source: ""syscall"",type: ""Artifact"",version: ""0"",hash: ""5a06a1b89334f0c5c8a8c581455fa386""})"
"(:VERTEX {memory address: ""7f764951a000"",size: ""800000"",subtype: ""memory"",tgid: ""117359"",source: ""syscall"",type: ""Artifact"",version: ""0"",hash: ""4738c9be4cd24ca0b18a72788ff3a919""})"
"(:VERTEX {gid: ""0"",euid: ""999"",children pid namespace: ""4026532779"",start time: ""1690977409.059"",ns pid: ""8674"",pid: ""117366"",source: ""syscall"",type: ""Process"",net namespace: ""4026532705"",ipc namespace: ""4026532772"",ppid: ""117359"",pid namespace: ""4026532779"",cwd: ""/"",uid: ""999"",egid: ""0"",exe: ""/usr/bin/check-status"",mount namespace: ""4026532778"",command line: ""/usr/bin/check-status -l"",name: ""check-status"",hash: ""9db407bc95b1a0c84c05579e5d5b6a77"",user namespace: ""4026531837""})"
"(:VERTEX {memory address: ""7f7641519000"",size: ""8000000"",subtype: ""memory"",tgid: ""117359"",source: ""syscall"",type: ""Artifact"",version: ""0"",hash: ""acd8e96dc1700097026d21850e9aa9b7""})"
"(:VERTEX {memory address: ""7f7640d18000"",size: ""801000"",subtype: ""memory"",tgid: ""117359"",source: ""syscall"",type: ""Artifact"",version: ""0"",hash: ""c8c458db3d1c803ec27a1aa74abd690a""})"
"(:VERTEX {memory address: ""7f7640d19000"",size: ""800000"",subtype: ""memory"",tgid: ""117359"",source: ""syscall"",type: ""Artifact"",version: ""0"",hash: ""d9eda9fbef1962a05604f6a246c9dfe0""})"
"(:VERTEX {memory address: ""7f7644000000"",size: ""21000"",subtype: ""memory"",tgid: ""117359"",source: ""syscall"",type: ""Artifact"",version: ""0"",hash: ""34a8881f4eb6381117d0dd6f6b247bb3""})"
"(:VERTEX {gid: ""0"",euid: ""999"",children pid namespace: ""4026532779"",start time: ""1690977409.059"",ns pid: ""8675"",pid: ""117367"",source: ""syscall"",type: ""Process"",net namespace: ""4026532705"",ipc namespace: ""4026532772"",ppid: ""117359"",pid namespace: ""4026532779"",cwd: ""/"",uid: ""999"",egid: ""0"",exe: ""/usr/bin/check-status"",mount namespace: ""4026532778"",command line: ""/usr/bin/check-status -l"",name: ""check-status"",hash: ""d06154a2df2a4a15b8a52028637e1583"",user namespace: ""4026531837""})"
"(:VERTEX {memory address: ""7f7638d18000"",size: ""8000000"",subtype: ""memory"",tgid: ""117359"",source: ""syscall"",type: ""Artifact"",version: ""0"",hash: ""9e267edb92c3fc47b584ead2d2b1a02a""})"
"(:VERTEX {memory address: ""7f7648d18000"",size: ""801000"",subtype: ""memory"",tgid: ""117359"",source: ""syscall"",type: ""Artifact"",version: ""0"",hash: ""ebbd4b8344a9b1aff7ee3c2cec463577""})"
"(:VERTEX {memory address: ""7f7648d19000"",size: ""800000"",subtype: ""memory"",tgid: ""117359"",source: ""syscall"",type: ""Artifact"",version: ""0"",hash: ""790fa90cb3859eaf8132890d1fcec1f9""})"
"(:VERTEX {memory address: ""7f763c000000"",size: ""21000"",subtype: ""memory"",tgid: ""117359"",source: ""syscall"",type: ""Artifact"",version: ""0"",hash: ""a63cfb6d5b36ff76c353529bbbf724be""})"
"(:VERTEX {memory address: ""7f7670e79000"",size: ""40000"",subtype: ""memory"",tgid: ""117359"",source: ""syscall"",type: ""Artifact"",version: ""0"",hash: ""446d06f06bad7764e1ef12f56b9dac13""})"
"(:VERTEX {memory address: ""7f7648517000"",size: ""801000"",subtype: ""memory"",tgid: ""117359"",source: ""syscall"",type: ""Artifact"",version: ""0"",hash: ""cda46e9778c51faa14152f1200e4d5c4""})"
"(:VERTEX {memory address: ""7f7648518000"",size: ""800000"",subtype: ""memory"",tgid: ""117359"",source: ""syscall"",type: ""Artifact"",version: ""0"",hash: ""2d6e55f87a760785ab87133c2fed513a""})"
"(:VERTEX {gid: ""0"",euid: ""999"",children pid namespace: ""4026532779"",start time: ""1690977409.059"",ns pid: ""8676"",pid: ""117368"",source: ""syscall"",type: ""Process"",net namespace: ""4026532705"",ipc namespace: ""4026532772"",ppid: ""117359"",pid namespace: ""4026532779"",cwd: ""/"",uid: ""999"",egid: ""0"",exe: ""/usr/bin/check-status"",mount namespace: ""4026532778"",command line: ""/usr/bin/check-status -l"",name: ""check-status"",hash: ""217d33a7095286c7392d2a7ba24873d0"",user namespace: ""4026531837""})"
"(:VERTEX {gid: ""0"",euid: ""999"",children pid namespace: ""4026532779"",start time: ""1690977409.059"",ns pid: ""8677"",pid: ""117369"",source: ""syscall"",type: ""Process"",net namespace: ""4026532705"",ipc namespace: ""4026532772"",ppid: ""117359"",pid namespace: ""4026532779"",cwd: ""/"",uid: ""999"",egid: ""0"",exe: ""/usr/bin/check-status"",mount namespace: ""4026532778"",command line: ""/usr/bin/check-status -l"",name: ""check-status"",hash: ""c8299b2f2c095c1384ffe869cfa10ae7"",user namespace: ""4026531837""})"
"(:VERTEX {memory address: ""7f7634000000"",size: ""8000000"",subtype: ""memory"",tgid: ""117359"",source: ""syscall"",type: ""Artifact"",version: ""0"",hash: ""3a387f22427ffde75ec4a7d013a72cd1""})"
"(:VERTEX {memory address: ""7f7634000000"",size: ""21000"",subtype: ""memory"",tgid: ""117359"",source: ""syscall"",type: ""Artifact"",version: ""0"",hash: ""8f5f6aff290d0a70223034abc115060f""})"
"(:VERTEX {memory address: ""7f76437ff000"",size: ""801000"",subtype: ""memory"",tgid: ""117359"",source: ""syscall"",type: ""Artifact"",version: ""0"",hash: ""2550562fa76d2087f092fbe33dfa7016""})"
"(:VERTEX {memory address: ""7f7643800000"",size: ""800000"",subtype: ""memory"",tgid: ""117359"",source: ""syscall"",type: ""Artifact"",version: ""0"",hash: ""737b4e6791c629e1e789732c67232ae4""})"
"(:VERTEX {gid: ""0"",euid: ""999"",children pid namespace: ""4026532779"",start time: ""1690977409.059"",ns pid: ""8678"",pid: ""117370"",source: ""syscall"",type: ""Process"",net namespace: ""4026532705"",ipc namespace: ""4026532772"",ppid: ""117359"",pid namespace: ""4026532779"",cwd: ""/"",uid: ""999"",egid: ""0"",exe: ""/usr/bin/check-status"",mount namespace: ""4026532778"",command line: ""/usr/bin/check-status -l"",name: ""check-status"",hash: ""3924e9dca348f593b36febce9aa52bf2"",user namespace: ""4026531837""})"
"(:VERTEX {memory address: ""7f7638000000"",size: ""4000000"",subtype: ""memory"",tgid: ""117359"",source: ""syscall"",type: ""Artifact"",version: ""0"",hash: ""2c7954d3398133af35c137553497e758""})"
"(:VERTEX {memory address: ""7f7638000000"",size: ""21000"",subtype: ""memory"",tgid: ""117359"",source: ""syscall"",type: ""Artifact"",version: ""0"",hash: ""23aff4c0e3c9547445519aeace496398""})"
"(:VERTEX {memory address: ""7f762c000000"",size: ""8000000"",subtype: ""memory"",tgid: ""117359"",source: ""syscall"",type: ""Artifact"",version: ""0"",hash: ""be0f8a626161160786a87adc8d35876b""})"
"(:VERTEX {memory address: ""7f762c000000"",size: ""21000"",subtype: ""memory"",tgid: ""117359"",source: ""syscall"",type: ""Artifact"",version: ""0"",hash: ""f3ccfce804aaca5fc1ff9f1db3517f45""})"
"(:VERTEX {memory address: ""7f7642ffe000"",size: ""801000"",subtype: ""memory"",tgid: ""117359"",source: ""syscall"",type: ""Artifact"",version: ""0"",hash: ""e75f67209c2e230cbe90cb7488f1ebc6""})"
"(:VERTEX {memory address: ""7f7642fff000"",size: ""800000"",subtype: ""memory"",tgid: ""117359"",source: ""syscall"",type: ""Artifact"",version: ""0"",hash: ""644e9c3c690dd3eb15097ba38f1d8b35""})"
"(:VERTEX {gid: ""0"",euid: ""999"",children pid namespace: ""4026532779"",start time: ""1690977409.067"",ns pid: ""8679"",pid: ""117371"",source: ""syscall"",type: ""Process"",net namespace: ""4026532705"",ipc namespace: ""4026532772"",ppid: ""117359"",pid namespace: ""4026532779"",cwd: ""/"",uid: ""999"",egid: ""0"",exe: ""/usr/bin/check-status"",mount namespace: ""4026532778"",command line: ""/usr/bin/check-status -l"",name: ""check-status"",hash: ""4ded2becb2206d26d2a66174305c10f1"",user namespace: ""4026531837""})"
"(:VERTEX {memory address: ""7f7630000000"",size: ""4000000"",subtype: ""memory"",tgid: ""117359"",source: ""syscall"",type: ""Artifact"",version: ""0"",hash: ""1889feed32155b182a9a5beec030a54f""})"
"(:VERTEX {memory address: ""7f7630000000"",size: ""21000"",subtype: ""memory"",tgid: ""117359"",source: ""syscall"",type: ""Artifact"",version: ""0"",hash: ""5a4a79f220eeef8a546cad35e5b6e503""})"
"(:VERTEX {memory address: ""7f76484d7000"",size: ""40000"",subtype: ""memory"",tgid: ""117359"",source: ""syscall"",type: ""Artifact"",version: ""0"",hash: ""65e11c0a11f998b935adccaee0190986""})"
"(:VERTEX {remote port: ""53"",epoch: ""0"",source: ""syscall"",type: ""Artifact"",version: ""0"",local port: ""40762"",net namespace: ""-1"",local address: ""10.1.251.204"",protocol: ""udp"",subtype: ""network socket"",remote address: ""10.152.183.10"",hash: ""7d84de4b18ef07ac9c058e32c0164cdf""})"
"(:VERTEX {remote port: ""53"",epoch: ""0"",source: ""syscall"",type: ""Artifact"",version: ""0"",local port: ""35993"",net namespace: ""-1"",local address: ""10.1.251.204"",protocol: ""udp"",subtype: ""network socket"",remote address: ""10.152.183.10"",hash: ""76c882158d1b4bf149f1492316c87966""})"
"(:VERTEX {remote port: ""40178"",epoch: ""0"",source: ""syscall"",type: ""Artifact"",version: ""0"",local port: ""8080"",net namespace: ""-1"",local address: ""0000:0000:0000:0000:0000:0000:0000:0000"",protocol: ""tcp"",subtype: ""network socket"",remote address: ""0000:0000:0000:0000:0000:FFFF:C0A8:2F80"",hash: ""5f061b48a8aa05b99a0a8349acf253f5""})"
"(:VERTEX {remote port: ""40194"",epoch: ""0"",source: ""syscall"",type: ""Artifact"",version: ""0"",local port: ""8080"",net namespace: ""-1"",local address: ""0000:0000:0000:0000:0000:0000:0000:0000"",protocol: ""tcp"",subtype: ""network socket"",remote address: ""0000:0000:0000:0000:0000:FFFF:C0A8:2F80"",hash: ""c5e127275fffc723919ca83b5b2d7fdd""})"
"(:VERTEX {remote port: ""59738"",epoch: ""0"",source: ""syscall"",type: ""Artifact"",version: ""0"",local port: ""50051"",net namespace: ""-1"",local address: ""0000:0000:0000:0000:0000:0000:0000:0000"",protocol: ""tcp"",subtype: ""network socket"",remote address: ""0000:0000:0000:0000:0000:FFFF:C0A8:2F80"",hash: ""edd46ca85c8004600092bbc892f1a7d4""})"
"(:VERTEX {remote port: ""59732"",epoch: ""0"",source: ""syscall"",type: ""Artifact"",version: ""0"",local port: ""50051"",net namespace: ""-1"",local address: ""0000:0000:0000:0000:0000:0000:0000:0000"",protocol: ""tcp"",subtype: ""network socket"",remote address: ""0000:0000:0000:0000:0000:FFFF:C0A8:2F80"",hash: ""fa6991e2998327d379aea5ff59521ae6""})"
"(:VERTEX {remote port: ""59068"",epoch: ""0"",source: ""syscall"",type: ""Artifact"",version: ""0"",local port: ""7000"",net namespace: ""-1"",local address: ""0000:0000:0000:0000:0000:0000:0000:0000"",protocol: ""tcp"",subtype: ""network socket"",remote address: ""0000:0000:0000:0000:0000:FFFF:C0A8:2F80"",hash: ""d199b6857f7cad632a8f0df2c34fbf01""})"
"(:VERTEX {remote port: ""59072"",epoch: ""0"",source: ""syscall"",type: ""Artifact"",version: ""0"",local port: ""7000"",net namespace: ""-1"",local address: ""0000:0000:0000:0000:0000:0000:0000:0000"",protocol: ""tcp"",subtype: ""network socket"",remote address: ""0000:0000:0000:0000:0000:FFFF:C0A8:2F80"",hash: ""03fa43935506611c257afda84f88fcde""})"
"(:VERTEX {remote port: ""34838"",epoch: ""0"",source: ""syscall"",type: ""Artifact"",version: ""0"",local port: ""5050"",net namespace: ""-1"",local address: ""0000:0000:0000:0000:0000:0000:0000:0000"",protocol: ""tcp"",subtype: ""network socket"",remote address: ""0000:0000:0000:0000:0000:FFFF:C0A8:2F80"",hash: ""9268275dd10d3ab2199c27c8d6d88b0a""})"
"(:VERTEX {remote port: ""49650"",epoch: ""0"",source: ""syscall"",type: ""Artifact"",version: ""0"",local port: ""6379"",net namespace: ""-1"",local address: ""0.0.0.0"",protocol: ""tcp"",subtype: ""network socket"",remote address: ""192.168.47.128"",hash: ""9267a767ee46ce7a556d5edf4378a847""})"
"(:VERTEX {gid: ""1000"",euid: ""1000"",children pid namespace: ""-1"",pid: ""60144"",seen time: ""1690977412.508"",source: ""syscall"",type: ""Process"",net namespace: ""-1"",ipc namespace: ""-1"",ppid: ""58532"",pid namespace: ""-1"",uid: ""1000"",egid: ""1000"",mount namespace: ""-1"",name: ""checkoutservice"",hash: ""9e6340d8d59a44581dbba6a52b2d32b7"",user namespace: ""-1""})"
"(:VERTEX {remote port: ""34840"",epoch: ""0"",source: ""syscall"",type: ""Artifact"",version: ""0"",local port: ""5050"",net namespace: ""-1"",local address: ""0000:0000:0000:0000:0000:0000:0000:0000"",protocol: ""tcp"",subtype: ""network socket"",remote address: ""0000:0000:0000:0000:0000:FFFF:C0A8:2F80"",hash: ""70bc88860aeca76356e18545fb3d2e94""})"
"(:VERTEX {remote port: ""49662"",epoch: ""0"",source: ""syscall"",type: ""Artifact"",version: ""0"",local port: ""6379"",net namespace: ""-1"",local address: ""0.0.0.0"",protocol: ""tcp"",subtype: ""network socket"",remote address: ""192.168.47.128"",hash: ""d41a19d1cca87731ee67e9f3592818c3""})"
"(:VERTEX {remote port: ""34196"",epoch: ""0"",source: ""syscall"",type: ""Artifact"",version: ""0"",local port: ""9555"",net namespace: ""-1"",local address: ""0000:0000:0000:0000:0000:0000:0000:0000"",protocol: ""tcp"",subtype: ""network socket"",remote address: ""0000:0000:0000:0000:0000:FFFF:C0A8:2F80"",hash: ""554a476054e99b49aa5624599b2655d4""})"
"(:VERTEX {remote port: ""34208"",epoch: ""0"",source: ""syscall"",type: ""Artifact"",version: ""0"",local port: ""9555"",net namespace: ""-1"",local address: ""0000:0000:0000:0000:0000:0000:0000:0000"",protocol: ""tcp"",subtype: ""network socket"",remote address: ""0000:0000:0000:0000:0000:FFFF:C0A8:2F80"",hash: ""f203ef7b0f6012b4784e5d329d1990a0""})"
"(:VERTEX {remote port: ""44304"",epoch: ""0"",source: ""syscall"",type: ""Artifact"",version: ""0"",local port: ""8080"",net namespace: ""-1"",local address: ""0000:0000:0000:0000:0000:0000:0000:0000"",protocol: ""tcp"",subtype: ""network socket"",remote address: ""0000:0000:0000:0000:0000:FFFF:C0A8:2F80"",hash: ""1cfaad22d3a21eddef5b1e744af103c5""})"
"(:VERTEX {remote port: ""44314"",epoch: ""0"",source: ""syscall"",type: ""Artifact"",version: ""0"",local port: ""8080"",net namespace: ""-1"",local address: ""0000:0000:0000:0000:0000:0000:0000:0000"",protocol: ""tcp"",subtype: ""network socket"",remote address: ""0000:0000:0000:0000:0000:FFFF:C0A8:2F80"",hash: ""dfc0e6a31dfbeef68caca4b7f30d94ae""})"
"(:VERTEX {remote port: ""33632"",epoch: ""0"",source: ""syscall"",type: ""Artifact"",version: ""0"",local port: ""50051"",net namespace: ""-1"",local address: ""0000:0000:0000:0000:0000:0000:0000:0000"",protocol: ""tcp"",subtype: ""network socket"",remote address: ""0000:0000:0000:0000:0000:FFFF:C0A8:2F80"",hash: ""e9ef2d452e5c512af685d274dab5a6d3""})"
"(:VERTEX {remote port: ""33628"",epoch: ""0"",source: ""syscall"",type: ""Artifact"",version: ""0"",local port: ""50051"",net namespace: ""-1"",local address: ""0000:0000:0000:0000:0000:0000:0000:0000"",protocol: ""tcp"",subtype: ""network socket"",remote address: ""0000:0000:0000:0000:0000:FFFF:C0A8:2F80"",hash: ""28160997f51c4f2f83eb54967f1119b0""})"
"(:VERTEX {remote port: ""45610"",epoch: ""0"",source: ""syscall"",type: ""Artifact"",version: ""0"",local port: ""7070"",net namespace: ""-1"",local address: ""0000:0000:0000:0000:0000:0000:0000:0000"",protocol: ""tcp"",subtype: ""network socket"",remote address: ""0000:0000:0000:0000:0000:FFFF:C0A8:2F80"",hash: ""587d4d93f1d7c0a0fc0eac3d2a8b6f2b""})"
"(:VERTEX {remote port: ""58516"",epoch: ""0"",source: ""syscall"",type: ""Artifact"",version: ""0"",local port: ""8080"",net namespace: ""-1"",local address: ""0000:0000:0000:0000:0000:0000:0000:0000"",protocol: ""tcp"",subtype: ""network socket"",remote address: ""0000:0000:0000:0000:0000:FFFF:C0A8:2F80"",hash: ""064cfb87f1684bdeaf858b3d7ee46844""})"
"(:VERTEX {remote port: ""58522"",epoch: ""0"",source: ""syscall"",type: ""Artifact"",version: ""0"",local port: ""8080"",net namespace: ""-1"",local address: ""0000:0000:0000:0000:0000:0000:0000:0000"",protocol: ""tcp"",subtype: ""network socket"",remote address: ""0000:0000:0000:0000:0000:FFFF:C0A8:2F80"",hash: ""72539018ae9c5a317c79e666d89976d5""})"
"(:VERTEX {remote port: ""46208"",epoch: ""0"",source: ""syscall"",type: ""Artifact"",version: ""0"",local port: ""3550"",net namespace: ""-1"",local address: ""0000:0000:0000:0000:0000:0000:0000:0000"",protocol: ""tcp"",subtype: ""network socket"",remote address: ""0000:0000:0000:0000:0000:FFFF:C0A8:2F80"",hash: ""edaad4544f03af3bfcaf01d28092b3ce""})"
"(:VERTEX {remote port: ""46212"",epoch: ""0"",source: ""syscall"",type: ""Artifact"",version: ""0"",local port: ""3550"",net namespace: ""-1"",local address: ""0000:0000:0000:0000:0000:0000:0000:0000"",protocol: ""tcp"",subtype: ""network socket"",remote address: ""0000:0000:0000:0000:0000:FFFF:C0A8:2F80"",hash: ""27da68bc113861cea47a38731fd7819f""})"
"(:VERTEX {gid: ""1000"",euid: ""1000"",children pid namespace: ""-1"",pid: ""116971"",seen time: ""1690977412.926"",source: ""syscall"",type: ""Process"",net namespace: ""-1"",ipc namespace: ""-1"",ppid: ""59024"",pid namespace: ""-1"",uid: ""1000"",egid: ""1000"",mount namespace: ""-1"",name: "".NET ThreadPool"",hash: ""c505f9123927d7a69a0bcbe73548be0f"",user namespace: ""-1""})"
"(:VERTEX {remote port: ""45626"",epoch: ""0"",source: ""syscall"",type: ""Artifact"",version: ""0"",local port: ""7070"",net namespace: ""-1"",local address: ""0000:0000:0000:0000:0000:0000:0000:0000"",protocol: ""tcp"",subtype: ""network socket"",remote address: ""0000:0000:0000:0000:0000:FFFF:C0A8:2F80"",hash: ""ac4d25824c0767a36c451a5d0283f5af""})"
"(:VERTEX {gid: ""0"",euid: ""999"",children pid namespace: ""-1"",pid: ""117511"",seen time: ""1690977416.900"",source: ""syscall"",type: ""Process"",net namespace: ""-1"",ipc namespace: ""-1"",ppid: ""117500"",pid namespace: ""-1"",uid: ""999"",egid: ""0"",exe: ""/"",mount namespace: ""-1"",name: ""runc:[2:INIT]"",hash: ""d40ab311b31295a7484b2e94f3e522d3"",user namespace: ""-1""})"
"(:VERTEX {path: ""/proc/117511/attr/apparmor/exec"",subtype: ""file"",permissions: ""0666"",epoch: ""0"",source: ""syscall"",type: ""Artifact"",version: ""0"",hash: ""2dad2d851e15ef32bf9d40cdb46a01b9""})"
"(:VERTEX {gid: ""0"",euid: ""999"",children pid namespace: ""-1"",start time: ""1690977416.900"",pid: ""117511"",source: ""syscall"",type: ""Process"",net namespace: ""-1"",ipc namespace: ""-1"",ppid: ""117500"",pid namespace: ""-1"",cwd: ""/"",uid: ""999"",egid: ""0"",exe: ""/usr/bin/check-status"",mount namespace: ""-1"",command line: ""/usr/bin/check-status -r"",name: ""check-status"",hash: ""1223adb965ae5fd90c17bff67148b35b"",user namespace: ""-1""})"
"(:VERTEX {memory address: ""7efe157a6000"",size: ""2000"",subtype: ""memory"",tgid: ""117511"",source: ""syscall"",type: ""Artifact"",version: ""0"",hash: ""8b49c5a3f6cf21630cad002e763012d3""})"
"(:VERTEX {memory address: ""7efe1535b000"",size: ""21f4c0"",subtype: ""memory"",tgid: ""117511"",source: ""syscall"",type: ""Artifact"",version: ""0"",hash: ""3b297e725848f1ff654faa4848e8d76d""})"
"(:VERTEX {memory address: ""7efe15376000"",size: ""1ff000"",subtype: ""memory"",tgid: ""117511"",source: ""syscall"",type: ""Artifact"",version: ""0"",hash: ""0bc08c662a495e7ae79a329c4fd6f210""})"
"(:VERTEX {memory address: ""7efe15575000"",size: ""2000"",subtype: ""memory"",tgid: ""117511"",source: ""syscall"",type: ""Artifact"",version: ""0"",hash: ""f9fa2761222d042e2cd7f6668907e579""})"
"(:VERTEX {memory address: ""7efe15577000"",size: ""34c0"",subtype: ""memory"",tgid: ""117511"",source: ""syscall"",type: ""Artifact"",version: ""0"",hash: ""701268addea2f1910268210d63ca07fb""})"
"(:VERTEX {memory address: ""7efe14f95000"",size: ""3c58c0"",subtype: ""memory"",tgid: ""117511"",source: ""syscall"",type: ""Artifact"",version: ""0"",hash: ""732d0073ae24ad1f2e650a5853f54289""})"
"(:VERTEX {memory address: ""7efe15151000"",size: ""200000"",subtype: ""memory"",tgid: ""117511"",source: ""syscall"",type: ""Artifact"",version: ""0"",hash: ""96300dd727312c6d61a6e15f3ae487e0""})"
"(:VERTEX {memory address: ""7efe15351000"",size: ""6000"",subtype: ""memory"",tgid: ""117511"",source: ""syscall"",type: ""Artifact"",version: ""0"",hash: ""d602650da6b8e95cd74994508d7bdaeb""})"
"(:VERTEX {memory address: ""7efe15357000"",size: ""38c0"",subtype: ""memory"",tgid: ""117511"",source: ""syscall"",type: ""Artifact"",version: ""0"",hash: ""73a800e27bd8bcc280ff3679665c5846""})"
"(:VERTEX {memory address: ""7efe157a3000"",size: ""3000"",subtype: ""memory"",tgid: ""117511"",source: ""syscall"",type: ""Artifact"",version: ""0"",hash: ""8ffd86d9d3d328ad24e278558c31608a""})"
"(:VERTEX {memory address: ""7efe15351000"",size: ""4000"",subtype: ""memory"",tgid: ""117511"",source: ""syscall"",type: ""Artifact"",version: ""0"",hash: ""3d3269b089faace6bc5169ace84d644d""})"
"(:VERTEX {memory address: ""7efe15575000"",size: ""1000"",subtype: ""memory"",tgid: ""117511"",source: ""syscall"",type: ""Artifact"",version: ""0"",hash: ""c7373b8d555af087f21a0cf251056952""})"
"(:VERTEX {memory address: ""7efe157a8000"",size: ""1000"",subtype: ""memory"",tgid: ""117511"",source: ""syscall"",type: ""Artifact"",version: ""0"",hash: ""852713c30f5a29579e4ff18e2b322548""})"
"(:VERTEX {memory address: ""7efe15763000"",size: ""40000"",subtype: ""memory"",tgid: ""117511"",source: ""syscall"",type: ""Artifact"",version: ""0"",hash: ""3d3542941f063eb04e223caeb6866b2e""})"
"(:VERTEX {memory address: ""7efe15743000"",size: ""20000"",subtype: ""memory"",tgid: ""117511"",source: ""syscall"",type: ""Artifact"",version: ""0"",hash: ""9dfb489789feed05b5a52ef0fb6eabfe""})"
"(:VERTEX {memory address: ""7efe15643000"",size: ""100000"",subtype: ""memory"",tgid: ""117511"",source: ""syscall"",type: ""Artifact"",version: ""0"",hash: ""383d46cc4e2a12eb36b65242a78951c5""})"
"(:VERTEX {memory address: ""7efe14795000"",size: ""800000"",subtype: ""memory"",tgid: ""117511"",source: ""syscall"",type: ""Artifact"",version: ""0"",hash: ""da7a488bf6ba4b1f8c39ad72b49575a1""})"
"(:VERTEX {memory address: ""7efe10795000"",size: ""4000000"",subtype: ""memory"",tgid: ""117511"",source: ""syscall"",type: ""Artifact"",version: ""0"",hash: ""3dcae8fa71252f83911df4d7a7c79741""})"
"(:VERTEX {memory address: ""7efdf0795000"",size: ""20000000"",subtype: ""memory"",tgid: ""117511"",source: ""syscall"",type: ""Artifact"",version: ""0"",hash: ""7fa7e8f20d85fb8782b6f83cc42bec55""})"
"(:VERTEX {memory address: ""c000000000"",size: ""4000000"",subtype: ""memory"",tgid: ""117511"",source: ""syscall"",type: ""Artifact"",version: ""0"",hash: ""0f36dfdae0f3f7bf5469aed92c2a0d67""})"
"(:VERTEX {memory address: ""7efdee795000"",size: ""2000000"",subtype: ""memory"",tgid: ""117511"",source: ""syscall"",type: ""Artifact"",version: ""0"",hash: ""5e9b041ae5738cb352f76bf5058d98ad""})"
"(:VERTEX {memory address: ""7efdee584000"",size: ""210c10"",subtype: ""memory"",tgid: ""117511"",source: ""syscall"",type: ""Artifact"",version: ""0"",hash: ""41854333e01b1bfe9ffe73d5cb517108""})"
"(:VERTEX {memory address: ""c000000000"",size: ""400000"",subtype: ""memory"",tgid: ""117511"",source: ""syscall"",type: ""Artifact"",version: ""0"",hash: ""7a74a042a4efbd4c225b384c6da247a9""})"
"(:VERTEX {memory address: ""7efe15743000"",size: ""20000"",subtype: ""memory"",tgid: ""117511"",source: ""syscall"",type: ""Artifact"",version: ""1"",hash: ""97817d2f54e046884c727e10b235771b""})"
"(:VERTEX {memory address: ""7efe156c3000"",size: ""1000"",subtype: ""memory"",tgid: ""117511"",source: ""syscall"",type: ""Artifact"",version: ""0"",hash: ""55aa65c428b859a0b090221a1cb4b5d8""})"
"(:VERTEX {memory address: ""7efe14b9b000"",size: ""1000"",subtype: ""memory"",tgid: ""117511"",source: ""syscall"",type: ""Artifact"",version: ""0"",hash: ""96d5bb5fd75ca9a259ec6cc0cf751169""})"
"(:VERTEX {memory address: ""7efe127c5000"",size: ""1000"",subtype: ""memory"",tgid: ""117511"",source: ""syscall"",type: ""Artifact"",version: ""0"",hash: ""ec8da91412e2f9c45467a6ac2db86381""})"
"(:VERTEX {memory address: ""7efe00915000"",size: ""1000"",subtype: ""memory"",tgid: ""117511"",source: ""syscall"",type: ""Artifact"",version: ""0"",hash: ""14a1176e43d7bca878ab813765ef59cc""})"
"(:VERTEX {memory address: ""7efdee484000"",size: ""100000"",subtype: ""memory"",tgid: ""117511"",source: ""syscall"",type: ""Artifact"",version: ""0"",hash: ""5d1dc66a456a471aee8174db45f60c01""})"
"(:VERTEX {memory address: ""7efe15633000"",size: ""10000"",subtype: ""memory"",tgid: ""117511"",source: ""syscall"",type: ""Artifact"",version: ""0"",hash: ""d6c19cb84d883e3e758f4c05f6d96441""})"
"(:VERTEX {memory address: ""7efe15623000"",size: ""10000"",subtype: ""memory"",tgid: ""117511"",source: ""syscall"",type: ""Artifact"",version: ""0"",hash: ""48d6dd7b548574b02ab27b72473a4a3b""})"
"(:VERTEX {memory address: ""7efdedc83000"",size: ""801000"",subtype: ""memory"",tgid: ""117511"",source: ""syscall"",type: ""Artifact"",version: ""0"",hash: ""fe0b4cb5b063f911ced8182b9b543202""})"
"(:VERTEX {memory address: ""7efdedc84000"",size: ""800000"",subtype: ""memory"",tgid: ""117511"",source: ""syscall"",type: ""Artifact"",version: ""0"",hash: ""1fff901c915f7fe26dd6d1422a1d9d7a""})"
"(:VERTEX {gid: ""0"",euid: ""999"",children pid namespace: ""4026532779"",start time: ""1690977416.911"",ns pid: ""8687"",pid: ""117518"",source: ""syscall"",type: ""Process"",net namespace: ""4026532705"",ipc namespace: ""4026532772"",ppid: ""117511"",pid namespace: ""4026532779"",cwd: ""/"",uid: ""999"",egid: ""0"",exe: ""/usr/bin/check-status"",mount namespace: ""4026532778"",command line: ""/usr/bin/check-status -r"",name: ""check-status"",hash: ""cf4ef7a53e2646037f1f5e447d1fecf1"",user namespace: ""4026531837""})"
"(:VERTEX {memory address: ""7efde5c83000"",size: ""8000000"",subtype: ""memory"",tgid: ""117511"",source: ""syscall"",type: ""Artifact"",version: ""0"",hash: ""6400fd6abd999de6526e1c178ec43bd4""})"
"(:VERTEX {memory address: ""7efde8000000"",size: ""21000"",subtype: ""memory"",tgid: ""117511"",source: ""syscall"",type: ""Artifact"",version: ""0"",hash: ""8df1535703dd3bbb5033a66976a0e91a""})"
"(:VERTEX {memory address: ""7efded482000"",size: ""801000"",subtype: ""memory"",tgid: ""117511"",source: ""syscall"",type: ""Artifact"",version: ""0"",hash: ""83a530734969592dbbb8f8f38a55e2c0""})"
"(:VERTEX {memory address: ""7efded483000"",size: ""800000"",subtype: ""memory"",tgid: ""117511"",source: ""syscall"",type: ""Artifact"",version: ""0"",hash: ""341e8a3973169f912677abb46e84d03f""})"
"(:VERTEX {gid: ""0"",euid: ""999"",children pid namespace: ""4026532779"",start time: ""1690977416.911"",ns pid: ""8688"",pid: ""117519"",source: ""syscall"",type: ""Process"",net namespace: ""4026532705"",ipc namespace: ""4026532772"",ppid: ""117511"",pid namespace: ""4026532779"",cwd: ""/"",uid: ""999"",egid: ""0"",exe: ""/usr/bin/check-status"",mount namespace: ""4026532778"",command line: ""/usr/bin/check-status -r"",name: ""check-status"",hash: ""3ae58eb9d1453c2ace4df60ae6abfbff"",user namespace: ""4026531837""})"
"(:VERTEX {memory address: ""7efdecc81000"",size: ""801000"",subtype: ""memory"",tgid: ""117511"",source: ""syscall"",type: ""Artifact"",version: ""0"",hash: ""af710eaecb908cafccb329a29884e333""})"
"(:VERTEX {memory address: ""7efdecc82000"",size: ""800000"",subtype: ""memory"",tgid: ""117511"",source: ""syscall"",type: ""Artifact"",version: ""0"",hash: ""104ea7b4d296686eb4d63ac0f3d1ea09""})"
"(:VERTEX {memory address: ""7efde0000000"",size: ""8000000"",subtype: ""memory"",tgid: ""117511"",source: ""syscall"",type: ""Artifact"",version: ""0"",hash: ""f18692ad9f859adb03c51767cd51df97""})"
"(:VERTEX {memory address: ""7efde0000000"",size: ""21000"",subtype: ""memory"",tgid: ""117511"",source: ""syscall"",type: ""Artifact"",version: ""0"",hash: ""810cf8b76d802243db678d9be3853674""})"
"(:VERTEX {memory address: ""7efe155e3000"",size: ""40000"",subtype: ""memory"",tgid: ""117511"",source: ""syscall"",type: ""Artifact"",version: ""0"",hash: ""0d8a35229d8dee1cbdaaa929faeb1569""})"
"(:VERTEX {memory address: ""7efdec480000"",size: ""801000"",subtype: ""memory"",tgid: ""117511"",source: ""syscall"",type: ""Artifact"",version: ""0"",hash: ""964c2e8c6cc82f581cd1ab6c05db6c2e""})"
"(:VERTEX {memory address: ""7efdec481000"",size: ""800000"",subtype: ""memory"",tgid: ""117511"",source: ""syscall"",type: ""Artifact"",version: ""0"",hash: ""9a367fb70144e9ebf2dbb13d4ce43d89""})"
"(:VERTEX {gid: ""0"",euid: ""999"",children pid namespace: ""4026532779"",start time: ""1690977416.911"",ns pid: ""8689"",pid: ""117520"",source: ""syscall"",type: ""Process"",net namespace: ""4026532705"",ipc namespace: ""4026532772"",ppid: ""117511"",pid namespace: ""4026532779"",cwd: ""/"",uid: ""999"",egid: ""0"",exe: ""/usr/bin/check-status"",mount namespace: ""4026532778"",command line: ""/usr/bin/check-status -r"",name: ""check-status"",hash: ""0970fb2a838b5865eaa38403ec4337f6"",user namespace: ""4026531837""})"
"(:VERTEX {gid: ""0"",euid: ""999"",children pid namespace: ""4026532779"",start time: ""1690977416.911"",ns pid: ""8690"",pid: ""117521"",source: ""syscall"",type: ""Process"",net namespace: ""4026532705"",ipc namespace: ""4026532772"",ppid: ""117511"",pid namespace: ""4026532779"",cwd: ""/"",uid: ""999"",egid: ""0"",exe: ""/usr/bin/check-status"",mount namespace: ""4026532778"",command line: ""/usr/bin/check-status -r"",name: ""check-status"",hash: ""6250e0bcfb7ec9f67bf8ecd72049e67d"",user namespace: ""4026531837""})"
"(:VERTEX {memory address: ""7efde4000000"",size: ""4000000"",subtype: ""memory"",tgid: ""117511"",source: ""syscall"",type: ""Artifact"",version: ""0"",hash: ""d57f502fe4d233cdd5f322b9925d5c50""})"
"(:VERTEX {memory address: ""7efddf7ff000"",size: ""801000"",subtype: ""memory"",tgid: ""117511"",source: ""syscall"",type: ""Artifact"",version: ""0"",hash: ""2842ecaf9f1082e7f50816e99923ba24""})"
"(:VERTEX {memory address: ""7efddf800000"",size: ""800000"",subtype: ""memory"",tgid: ""117511"",source: ""syscall"",type: ""Artifact"",version: ""0"",hash: ""d3225e945483145b4f7c7e986f808858""})"
"(:VERTEX {gid: ""0"",euid: ""999"",children pid namespace: ""4026532779"",start time: ""1690977416.911"",ns pid: ""8691"",pid: ""117522"",source: ""syscall"",type: ""Process"",net namespace: ""4026532705"",ipc namespace: ""4026532772"",ppid: ""117511"",pid namespace: ""4026532779"",cwd: ""/"",uid: ""999"",egid: ""0"",exe: ""/usr/bin/check-status"",mount namespace: ""4026532778"",command line: ""/usr/bin/check-status -r"",name: ""check-status"",hash: ""4bec9368360b60971e423efa513dbe7f"",user namespace: ""4026531837""})"
"(:VERTEX {remote port: ""48730"",epoch: ""0"",source: ""syscall"",type: ""Artifact"",version: ""0"",local port: ""8080"",net namespace: ""-1"",local address: ""0000:0000:0000:0000:0000:0000:0000:0000"",protocol: ""tcp"",subtype: ""network socket"",remote address: ""0000:0000:0000:0000:0000:FFFF:C0A8:2F80"",hash: ""601f7a251ba90e734e211599376996de""})"
"(:VERTEX {remote port: ""48738"",epoch: ""0"",source: ""syscall"",type: ""Artifact"",version: ""0"",local port: ""8080"",net namespace: ""-1"",local address: ""0000:0000:0000:0000:0000:0000:0000:0000"",protocol: ""tcp"",subtype: ""network socket"",remote address: ""0000:0000:0000:0000:0000:FFFF:C0A8:2F80"",hash: ""4da4ddf836b7b90e6e0056a8ecb1db1f""})"
"(:VERTEX {remote port: ""60368"",epoch: ""0"",source: ""syscall"",type: ""Artifact"",version: ""0"",local port: ""50051"",net namespace: ""-1"",local address: ""0000:0000:0000:0000:0000:0000:0000:0000"",protocol: ""tcp"",subtype: ""network socket"",remote address: ""0000:0000:0000:0000:0000:FFFF:C0A8:2F80"",hash: ""b238ed7f35eda907a6b91af0ccad697b""})"
"(:VERTEX {remote port: ""43330"",epoch: ""0"",source: ""syscall"",type: ""Artifact"",version: ""0"",local port: ""6379"",net namespace: ""-1"",local address: ""0.0.0.0"",protocol: ""tcp"",subtype: ""network socket"",remote address: ""192.168.47.128"",hash: ""010d3cf12253b0fcbed2b1085d2f13f3""})"
"(:VERTEX {remote port: ""43342"",epoch: ""0"",source: ""syscall"",type: ""Artifact"",version: ""0"",local port: ""6379"",net namespace: ""-1"",local address: ""0.0.0.0"",protocol: ""tcp"",subtype: ""network socket"",remote address: ""192.168.47.128"",hash: ""f988230b9bd0f7e2f5bad9cdf3b69556""})"
"(:VERTEX {remote port: ""55540"",epoch: ""0"",source: ""syscall"",type: ""Artifact"",version: ""0"",local port: ""8080"",net namespace: ""-1"",local address: ""0000:0000:0000:0000:0000:0000:0000:0000"",protocol: ""tcp"",subtype: ""network socket"",remote address: ""0000:0000:0000:0000:0000:FFFF:C0A8:2F80"",hash: ""3e5b4cf1bc6a6a08a0e7b707656c71a7""})"
"(:VERTEX {remote port: ""55548"",epoch: ""0"",source: ""syscall"",type: ""Artifact"",version: ""0"",local port: ""8080"",net namespace: ""-1"",local address: ""0000:0000:0000:0000:0000:0000:0000:0000"",protocol: ""tcp"",subtype: ""network socket"",remote address: ""0000:0000:0000:0000:0000:FFFF:C0A8:2F80"",hash: ""4432e3d0f73bc106ccdf16b2b7822a68""})"
"(:VERTEX {gid: ""1000"",euid: ""1000"",children pid namespace: ""-1"",pid: ""61215"",seen time: ""1690977418.189"",source: ""syscall"",type: ""Process"",net namespace: ""-1"",ipc namespace: ""-1"",ppid: ""58880"",pid namespace: ""-1"",uid: ""1000"",egid: ""1000"",mount namespace: ""-1"",name: ""server"",hash: ""4afb2f473ae4d680e495df0423250d39"",user namespace: ""-1""})"
"(:VERTEX {remote port: ""53"",epoch: ""0"",source: ""syscall"",type: ""Artifact"",version: ""0"",local port: ""59400"",net namespace: ""-1"",local address: ""10.1.251.204"",protocol: ""udp"",subtype: ""network socket"",remote address: ""10.152.183.10"",hash: ""d353934ae8a2cb8c84c7f179637782a1""})"
"(:VERTEX {remote port: ""53"",epoch: ""0"",source: ""syscall"",type: ""Artifact"",version: ""0"",local port: ""56495"",net namespace: ""-1"",local address: ""10.1.251.204"",protocol: ""udp"",subtype: ""network socket"",remote address: ""10.152.183.10"",hash: ""ee2dbdfa0f6a8a44ed009d3e907f5d9f""})"
"(:VERTEX {gid: ""0"",euid: ""999"",children pid namespace: ""-1"",pid: ""117533"",seen time: ""1690977419.060"",source: ""syscall"",type: ""Process"",net namespace: ""-1"",ipc namespace: ""-1"",ppid: ""117523"",pid namespace: ""-1"",uid: ""999"",egid: ""0"",exe: ""/"",mount namespace: ""-1"",name: ""runc:[2:INIT]"",hash: ""b68824fc5bbc036d430b3c497beb8907"",user namespace: ""-1""})"
"(:VERTEX {path: ""/proc/117533/attr/apparmor/exec"",subtype: ""file"",permissions: ""0666"",epoch: ""0"",source: ""syscall"",type: ""Artifact"",version: ""0"",hash: ""0f12b0870b5280041a96ffaeb6b2f9fb""})"
"(:VERTEX {gid: ""0"",euid: ""999"",children pid namespace: ""-1"",start time: ""1690977419.060"",pid: ""117533"",source: ""syscall"",type: ""Process"",net namespace: ""-1"",ipc namespace: ""-1"",ppid: ""117523"",pid namespace: ""-1"",cwd: ""/"",uid: ""999"",egid: ""0"",exe: ""/usr/bin/check-status"",mount namespace: ""-1"",command line: ""/usr/bin/check-status -l"",name: ""check-status"",hash: ""978fce42f4f65749bb272d06f46f2805"",user namespace: ""-1""})"
"(:VERTEX {memory address: ""7f3736994000"",size: ""2000"",subtype: ""memory"",tgid: ""117533"",source: ""syscall"",type: ""Artifact"",version: ""0"",hash: ""4e712d225594ede02bfb5e87aa4ac464""})"
"(:VERTEX {memory address: ""7f3736549000"",size: ""21f4c0"",subtype: ""memory"",tgid: ""117533"",source: ""syscall"",type: ""Artifact"",version: ""0"",hash: ""2f095a329cd7ff765187841fff4c1319""})"
"(:VERTEX {memory address: ""7f3736564000"",size: ""1ff000"",subtype: ""memory"",tgid: ""117533"",source: ""syscall"",type: ""Artifact"",version: ""0"",hash: ""177dfef4dc7df87cbd75342b2f6eb316""})"
"(:VERTEX {memory address: ""7f3736763000"",size: ""2000"",subtype: ""memory"",tgid: ""117533"",source: ""syscall"",type: ""Artifact"",version: ""0"",hash: ""e92176e6866db12dd052cb154eedb728""})"
"(:VERTEX {memory address: ""7f3736765000"",size: ""34c0"",subtype: ""memory"",tgid: ""117533"",source: ""syscall"",type: ""Artifact"",version: ""0"",hash: ""e1c48dcd720dbc754b72c7f346dd0b70""})"
"(:VERTEX {memory address: ""7f3736183000"",size: ""3c58c0"",subtype: ""memory"",tgid: ""117533"",source: ""syscall"",type: ""Artifact"",version: ""0"",hash: ""9d7586ff345e2ea02695ddfbaeefa6dc""})"
"(:VERTEX {memory address: ""7f373633f000"",size: ""200000"",subtype: ""memory"",tgid: ""117533"",source: ""syscall"",type: ""Artifact"",version: ""0"",hash: ""8ed9fe815d63f3f3781dfbe4343c980b""})"
"(:VERTEX {memory address: ""7f373653f000"",size: ""6000"",subtype: ""memory"",tgid: ""117533"",source: ""syscall"",type: ""Artifact"",version: ""0"",hash: ""4b3367386107564d773f671ad842ca4a""})"
"(:VERTEX {memory address: ""7f3736545000"",size: ""38c0"",subtype: ""memory"",tgid: ""117533"",source: ""syscall"",type: ""Artifact"",version: ""0"",hash: ""29d2af3b90b55fd19a4dbb69acb8e2c4""})"
"(:VERTEX {memory address: ""7f3736991000"",size: ""3000"",subtype: ""memory"",tgid: ""117533"",source: ""syscall"",type: ""Artifact"",version: ""0"",hash: ""beddb64a88277589701bc4d179e6315c""})"
"(:VERTEX {memory address: ""7f373653f000"",size: ""4000"",subtype: ""memory"",tgid: ""117533"",source: ""syscall"",type: ""Artifact"",version: ""0"",hash: ""88f1dceac73bb887a0b5b868a5e5a9c8""})"
"(:VERTEX {memory address: ""7f3736763000"",size: ""1000"",subtype: ""memory"",tgid: ""117533"",source: ""syscall"",type: ""Artifact"",version: ""0"",hash: ""75540e4b748095209abdcf1283cc92b2""})"
"(:VERTEX {memory address: ""7f3736996000"",size: ""1000"",subtype: ""memory"",tgid: ""117533"",source: ""syscall"",type: ""Artifact"",version: ""0"",hash: ""fdbdcb39c77deabc8cc15d4cb1f09fb3""})"
"(:VERTEX {memory address: ""7f3736951000"",size: ""40000"",subtype: ""memory"",tgid: ""117533"",source: ""syscall"",type: ""Artifact"",version: ""0"",hash: ""4ad08c46d66b68f20a31b6951fe46ddc""})"
"(:VERTEX {memory address: ""7f3736931000"",size: ""20000"",subtype: ""memory"",tgid: ""117533"",source: ""syscall"",type: ""Artifact"",version: ""0"",hash: ""b158ebeb0d608cba534f1049e9849e68""})"
"(:VERTEX {memory address: ""7f3736831000"",size: ""100000"",subtype: ""memory"",tgid: ""117533"",source: ""syscall"",type: ""Artifact"",version: ""0"",hash: ""10ab68c5ee5e6ddf941484c7aedf32a9""})"
"(:VERTEX {memory address: ""7f3735983000"",size: ""800000"",subtype: ""memory"",tgid: ""117533"",source: ""syscall"",type: ""Artifact"",version: ""0"",hash: ""8a7bf887110a27425ef776c69caeb913""})"
"(:VERTEX {memory address: ""7f3731983000"",size: ""4000000"",subtype: ""memory"",tgid: ""117533"",source: ""syscall"",type: ""Artifact"",version: ""0"",hash: ""fdee9c809a0858ba4a25ac9c39966a85""})"
"(:VERTEX {memory address: ""7f3711983000"",size: ""20000000"",subtype: ""memory"",tgid: ""117533"",source: ""syscall"",type: ""Artifact"",version: ""0"",hash: ""a7cb831159c4f4db352465c03a49c7ca""})"
"(:VERTEX {memory address: ""c000000000"",size: ""4000000"",subtype: ""memory"",tgid: ""117533"",source: ""syscall"",type: ""Artifact"",version: ""0"",hash: ""1aa6c4eca66d3adf5eed09cf71a26276""})"
"(:VERTEX {memory address: ""7f370f983000"",size: ""2000000"",subtype: ""memory"",tgid: ""117533"",source: ""syscall"",type: ""Artifact"",version: ""0"",hash: ""a045134539cad9eecd72075e12726728""})"
"(:VERTEX {memory address: ""7f370f772000"",size: ""210c10"",subtype: ""memory"",tgid: ""117533"",source: ""syscall"",type: ""Artifact"",version: ""0"",hash: ""0a21ec6cb892b70719a6ddb7721ca8c7""})"
"(:VERTEX {memory address: ""c000000000"",size: ""400000"",subtype: ""memory"",tgid: ""117533"",source: ""syscall"",type: ""Artifact"",version: ""0"",hash: ""518716471a3932a678200c9e3afe59f4""})"
"(:VERTEX {memory address: ""7f3736931000"",size: ""20000"",subtype: ""memory"",tgid: ""117533"",source: ""syscall"",type: ""Artifact"",version: ""1"",hash: ""edc47bfd533a0daa0961576fae9b4675""})"
"(:VERTEX {memory address: ""7f37368b1000"",size: ""1000"",subtype: ""memory"",tgid: ""117533"",source: ""syscall"",type: ""Artifact"",version: ""0"",hash: ""5ed22b30bbeb166462e1e26c731831f7""})"
"(:VERTEX {memory address: ""7f3735d89000"",size: ""1000"",subtype: ""memory"",tgid: ""117533"",source: ""syscall"",type: ""Artifact"",version: ""0"",hash: ""3f2b4d624f46a49b84d112129817602e""})"
"(:VERTEX {memory address: ""7f37339b3000"",size: ""1000"",subtype: ""memory"",tgid: ""117533"",source: ""syscall"",type: ""Artifact"",version: ""0"",hash: ""c14b05a057e8c1d6eda656658c4f0bdc""})"
"(:VERTEX {memory address: ""7f3721b03000"",size: ""1000"",subtype: ""memory"",tgid: ""117533"",source: ""syscall"",type: ""Artifact"",version: ""0"",hash: ""d43962b8b763208dc5dc5f13db95aaa6""})"
"(:VERTEX {memory address: ""7f370f672000"",size: ""100000"",subtype: ""memory"",tgid: ""117533"",source: ""syscall"",type: ""Artifact"",version: ""0"",hash: ""922cadd2c264ca48628954997571a512""})"
"(:VERTEX {memory address: ""7f3736821000"",size: ""10000"",subtype: ""memory"",tgid: ""117533"",source: ""syscall"",type: ""Artifact"",version: ""0"",hash: ""9ec2e2bbc247f89b92bf4ef6eec558e8""})"
"(:VERTEX {memory address: ""7f3736811000"",size: ""10000"",subtype: ""memory"",tgid: ""117533"",source: ""syscall"",type: ""Artifact"",version: ""0"",hash: ""253b0712b7cf4ad2405d29b7752283d0""})"
"(:VERTEX {memory address: ""7f370ee71000"",size: ""801000"",subtype: ""memory"",tgid: ""117533"",source: ""syscall"",type: ""Artifact"",version: ""0"",hash: ""5be344455a4617deaef97d02dc9c11bf""})"
"(:VERTEX {memory address: ""7f370ee72000"",size: ""800000"",subtype: ""memory"",tgid: ""117533"",source: ""syscall"",type: ""Artifact"",version: ""0"",hash: ""6e889eacb27aa71567a4edada0c5c771""})"
"(:VERTEX {gid: ""0"",euid: ""999"",children pid namespace: ""4026532779"",start time: ""1690977419.064"",ns pid: ""8699"",pid: ""117540"",source: ""syscall"",type: ""Process"",net namespace: ""4026532705"",ipc namespace: ""4026532772"",ppid: ""117533"",pid namespace: ""4026532779"",cwd: ""/"",uid: ""999"",egid: ""0"",exe: ""/usr/bin/check-status"",mount namespace: ""4026532778"",command line: ""/usr/bin/check-status -l"",name: ""check-status"",hash: ""28f5bfe0da6d7588f2e99a50eca4613c"",user namespace: ""4026531837""})"
"(:VERTEX {memory address: ""7f3706e71000"",size: ""8000000"",subtype: ""memory"",tgid: ""117533"",source: ""syscall"",type: ""Artifact"",version: ""0"",hash: ""e4e7833b48eb5c6abd5ee33500d52aa1""})"
"(:VERTEX {memory address: ""7f3708000000"",size: ""21000"",subtype: ""memory"",tgid: ""117533"",source: ""syscall"",type: ""Artifact"",version: ""0"",hash: ""a746e8786addcc08b74c6c64baacfd24""})"
"(:VERTEX {memory address: ""7f370e670000"",size: ""801000"",subtype: ""memory"",tgid: ""117533"",source: ""syscall"",type: ""Artifact"",version: ""0"",hash: ""4a7f26f90b20d4eb288197d7bbb4b11a""})"
"(:VERTEX {memory address: ""7f370e671000"",size: ""800000"",subtype: ""memory"",tgid: ""117533"",source: ""syscall"",type: ""Artifact"",version: ""0"",hash: ""90fd082c3735f56434f44e6f317efbfe""})"
"(:VERTEX {gid: ""0"",euid: ""999"",children pid namespace: ""4026532779"",start time: ""1690977419.067"",ns pid: ""8700"",pid: ""117541"",source: ""syscall"",type: ""Process"",net namespace: ""4026532705"",ipc namespace: ""4026532772"",ppid: ""117533"",pid namespace: ""4026532779"",cwd: ""/"",uid: ""999"",egid: ""0"",exe: ""/usr/bin/check-status"",mount namespace: ""4026532778"",command line: ""/usr/bin/check-status -l"",name: ""check-status"",hash: ""ed94e3d388e5bce4dec68b1523a0b4b7"",user namespace: ""4026531837""})"
"(:VERTEX {memory address: ""7f370de6f000"",size: ""801000"",subtype: ""memory"",tgid: ""117533"",source: ""syscall"",type: ""Artifact"",version: ""0"",hash: ""1ff5f0c1a7cc2d49ad8d3d67a428fabe""})"
"(:VERTEX {memory address: ""7f370de70000"",size: ""800000"",subtype: ""memory"",tgid: ""117533"",source: ""syscall"",type: ""Artifact"",version: ""0"",hash: ""366701d8bb2c73dcbde8322a63df4755""})"
"(:VERTEX {gid: ""0"",euid: ""999"",children pid namespace: ""4026532779"",start time: ""1690977419.067"",ns pid: ""8701"",pid: ""117542"",source: ""syscall"",type: ""Process"",net namespace: ""4026532705"",ipc namespace: ""4026532772"",ppid: ""117533"",pid namespace: ""4026532779"",cwd: ""/"",uid: ""999"",egid: ""0"",exe: ""/usr/bin/check-status"",mount namespace: ""4026532778"",command line: ""/usr/bin/check-status -l"",name: ""check-status"",hash: ""2e5f32acea884ffa984f6372315df5bb"",user namespace: ""4026531837""})"
"(:VERTEX {memory address: ""7f3700000000"",size: ""8000000"",subtype: ""memory"",tgid: ""117533"",source: ""syscall"",type: ""Artifact"",version: ""0"",hash: ""5da4ee48e216149e8b7a1f7c9b027bf9""})"
"(:VERTEX {memory address: ""7f3700000000"",size: ""21000"",subtype: ""memory"",tgid: ""117533"",source: ""syscall"",type: ""Artifact"",version: ""0"",hash: ""6662570cda040b7192af73c082f942d6""})"
"(:VERTEX {memory address: ""7f37367d1000"",size: ""40000"",subtype: ""memory"",tgid: ""117533"",source: ""syscall"",type: ""Artifact"",version: ""0"",hash: ""a48cd44b36c9ca0d77128d9e9fd01fc3""})"
"(:VERTEX {memory address: ""7f370d66e000"",size: ""801000"",subtype: ""memory"",tgid: ""117533"",source: ""syscall"",type: ""Artifact"",version: ""0"",hash: ""f546522cdab46d1d60de6e1be69cd94a""})"
"(:VERTEX {memory address: ""7f370d66f000"",size: ""800000"",subtype: ""memory"",tgid: ""117533"",source: ""syscall"",type: ""Artifact"",version: ""0"",hash: ""e4d97e2131b296ccaa307f016ba364dd""})"
"(:VERTEX {gid: ""0"",euid: ""999"",children pid namespace: ""4026532779"",start time: ""1690977419.067"",ns pid: ""8702"",pid: ""117543"",source: ""syscall"",type: ""Process"",net namespace: ""4026532705"",ipc namespace: ""4026532772"",ppid: ""117533"",pid namespace: ""4026532779"",cwd: ""/"",uid: ""999"",egid: ""0"",exe: ""/usr/bin/check-status"",mount namespace: ""4026532778"",command line: ""/usr/bin/check-status -l"",name: ""check-status"",hash: ""d3f53b04a703908c2d482cdafc6ce8a2"",user namespace: ""4026531837""})"
"(:VERTEX {memory address: ""7f3704000000"",size: ""4000000"",subtype: ""memory"",tgid: ""117533"",source: ""syscall"",type: ""Artifact"",version: ""0"",hash: ""41f2ff97e4cac942a82ba926db077bc3""})"
"(:VERTEX {memory address: ""7f3704000000"",size: ""21000"",subtype: ""memory"",tgid: ""117533"",source: ""syscall"",type: ""Artifact"",version: ""0"",hash: ""4191040434b48f1ad5b5ef0c0250638a""})"
"(:VERTEX {memory address: ""7f36f8000000"",size: ""8000000"",subtype: ""memory"",tgid: ""117533"",source: ""syscall"",type: ""Artifact"",version: ""0"",hash: ""62bcdb781c7a0723f64edeb7bdac771f""})"
"(:VERTEX {memory address: ""7f36f8000000"",size: ""21000"",subtype: ""memory"",tgid: ""117533"",source: ""syscall"",type: ""Artifact"",version: ""0"",hash: ""799951bb10591d71592a9dd7fbe36d4a""})"
"(:VERTEX {memory address: ""7f370ce6d000"",size: ""801000"",subtype: ""memory"",tgid: ""117533"",source: ""syscall"",type: ""Artifact"",version: ""0"",hash: ""6b9b8de02720e646f1639f5ac8876da4""})"
"(:VERTEX {memory address: ""7f370ce6e000"",size: ""800000"",subtype: ""memory"",tgid: ""117533"",source: ""syscall"",type: ""Artifact"",version: ""0"",hash: ""cb6f816b2f2ff0aadf74a6dc65354aaa""})"
"(:VERTEX {gid: ""0"",euid: ""999"",children pid namespace: ""4026532779"",start time: ""1690977419.067"",ns pid: ""8703"",pid: ""117544"",source: ""syscall"",type: ""Process"",net namespace: ""4026532705"",ipc namespace: ""4026532772"",ppid: ""117533"",pid namespace: ""4026532779"",cwd: ""/"",uid: ""999"",egid: ""0"",exe: ""/usr/bin/check-status"",mount namespace: ""4026532778"",command line: ""/usr/bin/check-status -l"",name: ""check-status"",hash: ""38e05a5e7858d814d4f47ec132cc7709"",user namespace: ""4026531837""})"
"(:VERTEX {memory address: ""7f36fc000000"",size: ""4000000"",subtype: ""memory"",tgid: ""117533"",source: ""syscall"",type: ""Artifact"",version: ""0"",hash: ""816f0e2e18053887b79da5193eb435fa""})"
"(:VERTEX {memory address: ""7f36fc000000"",size: ""21000"",subtype: ""memory"",tgid: ""117533"",source: ""syscall"",type: ""Artifact"",version: ""0"",hash: ""37cad95dbda8406654f27b14a6ab32c6""})"
"(:VERTEX {memory address: ""7f370ce2d000"",size: ""40000"",subtype: ""memory"",tgid: ""117533"",source: ""syscall"",type: ""Artifact"",version: ""0"",hash: ""be5cccfeaa72334beb773b62bf53d270""})"
"(:VERTEX {gid: ""1000"",euid: ""1000"",children pid namespace: ""-1"",pid: ""61363"",seen time: ""1690977421.098"",source: ""syscall"",type: ""Process"",net namespace: ""-1"",ipc namespace: ""-1"",ppid: ""59024"",pid namespace: ""-1"",uid: ""1000"",egid: ""1000"",exe: ""/app/cartservice"",mount namespace: ""-1"",name: ""DefaultSocketMa"",hash: ""955b76e75ed62dec39e3044d977929ca"",user namespace: ""-1""})"
"(:VERTEX {memory address: ""7f981a38a000"",size: ""4000"",subtype: ""memory"",tgid: ""61363"",source: ""syscall"",type: ""Artifact"",version: ""1"",hash: ""c2ec643710741e070ae16bdf9323e653""})"
"(:VERTEX {memory address: ""7f981a38a000"",size: ""1000"",subtype: ""memory"",tgid: ""61363"",source: ""syscall"",type: ""Artifact"",version: ""1"",hash: ""9aeee816c5600e581f3b82f8962d01d5""})"
"(:VERTEX {subtype: ""unnamed pipe"",tgid: ""61363"",epoch: ""5"",source: ""syscall"",read fd: ""196"",type: ""Artifact"",version: ""0"",hash: ""703e2f5da2a67ca6bfcc0daba93c751c"",write fd: ""198""})"
"(:VERTEX {memory address: ""7f981a180000"",size: ""11000"",subtype: ""memory"",tgid: ""61363"",source: ""syscall"",type: ""Artifact"",version: ""2"",hash: ""4b418986a475c2997e43fdf22aabaaa5""})"
"(:VERTEX {memory address: ""7f981a16f000"",size: ""11000"",subtype: ""memory"",tgid: ""61363"",source: ""syscall"",type: ""Artifact"",version: ""1"",hash: ""a2bb76e56c776ccfdcc1ba1251576c7e""})"
"(:VERTEX {memory address: ""7f981a15e000"",size: ""11000"",subtype: ""memory"",tgid: ""61363"",source: ""syscall"",type: ""Artifact"",version: ""1"",hash: ""da459c0262565b7645dde20a8be32ee2""})"
"(:VERTEX {memory address: ""7f981a14d000"",size: ""11000"",subtype: ""memory"",tgid: ""61363"",source: ""syscall"",type: ""Artifact"",version: ""1"",hash: ""c08e6f6191c888a0d9b3ca3e561d14fb""})"
"(:VERTEX {memory address: ""7f981a13c000"",size: ""11000"",subtype: ""memory"",tgid: ""61363"",source: ""syscall"",type: ""Artifact"",version: ""0"",hash: ""361d82d87bea7f6908b73b9f8ceaa86c""})"
"(:VERTEX {memory address: ""7f981a12b000"",size: ""11000"",subtype: ""memory"",tgid: ""61363"",source: ""syscall"",type: ""Artifact"",version: ""0"",hash: ""9a75c537e5a8c03e56c56114cc724ec8""})"
"(:VERTEX {memory address: ""7f981a10e000"",size: ""11000"",subtype: ""memory"",tgid: ""61363"",source: ""syscall"",type: ""Artifact"",version: ""0"",hash: ""9681050f42484cf3c3f232670c9b0112""})"
"(:VERTEX {memory address: ""7f981a0fd000"",size: ""11000"",subtype: ""memory"",tgid: ""61363"",source: ""syscall"",type: ""Artifact"",version: ""0"",hash: ""a872eadde42189415cf1b06f07408312""})"
"(:VERTEX {memory address: ""7f981a0d7000"",size: ""11000"",subtype: ""memory"",tgid: ""61363"",source: ""syscall"",type: ""Artifact"",version: ""0"",hash: ""271308d33e27394bc19eaa6b263a1cac""})"
"(:VERTEX {memory address: ""7f981a0b5000"",size: ""11000"",subtype: ""memory"",tgid: ""61363"",source: ""syscall"",type: ""Artifact"",version: ""0"",hash: ""b9e6429c391d0430cd9007d15e0a2601""})"
"(:VERTEX {memory address: ""55eec70aa000"",size: ""1000"",subtype: ""memory"",tgid: ""61363"",source: ""syscall"",type: ""Artifact"",version: ""0"",hash: ""1a39aa10890af39d0845e8f97e368b54""})"
"(:VERTEX {memory address: ""7f981a373000"",size: ""2000"",subtype: ""memory"",tgid: ""61363"",source: ""syscall"",type: ""Artifact"",version: ""0"",hash: ""eb268fb5ac482bb08526b2ecf37015f3""})"
"(:VERTEX {subtype: ""unknown"",tgid: ""61363"",epoch: ""0"",source: ""syscall"",type: ""Artifact"",version: ""0"",hash: ""9524ce5b2ae8876f6feb530b30d06af3"",fd: ""8""})"
"(:VERTEX {remote port: ""48742"",epoch: ""0"",source: ""syscall"",type: ""Artifact"",version: ""0"",local port: ""8080"",net namespace: ""-1"",local address: ""0000:0000:0000:0000:0000:0000:0000:0000"",protocol: ""tcp"",subtype: ""network socket"",remote address: ""0000:0000:0000:0000:0000:FFFF:C0A8:2F80"",hash: ""7ebf50ef7134c66dfb6fd7cebb86ef29""})"
"(:VERTEX {remote port: ""48746"",epoch: ""0"",source: ""syscall"",type: ""Artifact"",version: ""0"",local port: ""8080"",net namespace: ""-1"",local address: ""0000:0000:0000:0000:0000:0000:0000:0000"",protocol: ""tcp"",subtype: ""network socket"",remote address: ""0000:0000:0000:0000:0000:FFFF:C0A8:2F80"",hash: ""6a612a77f7798f366d78d329459392fa""})"
"(:VERTEX {gid: ""1000"",euid: ""1000"",children pid namespace: ""-1"",pid: ""61222"",seen time: ""1690977422.480"",source: ""syscall"",type: ""Process"",net namespace: ""-1"",ipc namespace: ""-1"",ppid: ""58654"",pid namespace: ""-1"",uid: ""1000"",egid: ""1000"",mount namespace: ""-1"",name: ""shippingservice"",hash: ""33ee7ea4c9935a1003799eae8614e68e"",user namespace: ""-1""})"
"(:VERTEX {remote port: ""60382"",epoch: ""0"",source: ""syscall"",type: ""Artifact"",version: ""0"",local port: ""50051"",net namespace: ""-1"",local address: ""0000:0000:0000:0000:0000:0000:0000:0000"",protocol: ""tcp"",subtype: ""network socket"",remote address: ""0000:0000:0000:0000:0000:FFFF:C0A8:2F80"",hash: ""106c1b48a44c0b91009975ba25093395""})"
"(:VERTEX {remote port: ""60396"",epoch: ""0"",source: ""syscall"",type: ""Artifact"",version: ""0"",local port: ""50051"",net namespace: ""-1"",local address: ""0000:0000:0000:0000:0000:0000:0000:0000"",protocol: ""tcp"",subtype: ""network socket"",remote address: ""0000:0000:0000:0000:0000:FFFF:C0A8:2F80"",hash: ""676e600d2fd9899360b3d7559f333eb3""})"
"(:VERTEX {remote port: ""36172"",epoch: ""0"",source: ""syscall"",type: ""Artifact"",version: ""0"",local port: ""7000"",net namespace: ""-1"",local address: ""0000:0000:0000:0000:0000:0000:0000:0000"",protocol: ""tcp"",subtype: ""network socket"",remote address: ""0000:0000:0000:0000:0000:FFFF:C0A8:2F80"",hash: ""509000ef4b85798b41734f0d69cafcbc""})"
"(:VERTEX {remote port: ""36184"",epoch: ""0"",source: ""syscall"",type: ""Artifact"",version: ""0"",local port: ""7000"",net namespace: ""-1"",local address: ""0000:0000:0000:0000:0000:0000:0000:0000"",protocol: ""tcp"",subtype: ""network socket"",remote address: ""0000:0000:0000:0000:0000:FFFF:C0A8:2F80"",hash: ""430ba367197c189ac1f2ba748362e500""})"
"(:VERTEX {remote port: ""48878"",epoch: ""0"",source: ""syscall"",type: ""Artifact"",version: ""0"",local port: ""5050"",net namespace: ""-1"",local address: ""0000:0000:0000:0000:0000:0000:0000:0000"",protocol: ""tcp"",subtype: ""network socket"",remote address: ""0000:0000:0000:0000:0000:FFFF:C0A8:2F80"",hash: ""335ad4eb374c3a80a84fd6413a1f0d50""})"
"(:VERTEX {remote port: ""43364"",epoch: ""0"",source: ""syscall"",type: ""Artifact"",version: ""0"",local port: ""6379"",net namespace: ""-1"",local address: ""0.0.0.0"",protocol: ""tcp"",subtype: ""network socket"",remote address: ""192.168.47.128"",hash: ""ef6117e03c4085039323529ab7922a10""})"
"(:VERTEX {remote port: ""43348"",epoch: ""0"",source: ""syscall"",type: ""Artifact"",version: ""0"",local port: ""6379"",net namespace: ""-1"",local address: ""0.0.0.0"",protocol: ""tcp"",subtype: ""network socket"",remote address: ""192.168.47.128"",hash: ""796bc0cc85899abb3a75cc6a84f1345e""})"
"(:VERTEX {remote port: ""48890"",epoch: ""0"",source: ""syscall"",type: ""Artifact"",version: ""0"",local port: ""5050"",net namespace: ""-1"",local address: ""0000:0000:0000:0000:0000:0000:0000:0000"",protocol: ""tcp"",subtype: ""network socket"",remote address: ""0000:0000:0000:0000:0000:FFFF:C0A8:2F80"",hash: ""2449a97882d96248d27db19f35538f26""})"
"(:VERTEX {remote port: ""37668"",epoch: ""0"",source: ""syscall"",type: ""Artifact"",version: ""0"",local port: ""8080"",net namespace: ""-1"",local address: ""0000:0000:0000:0000:0000:0000:0000:0000"",protocol: ""tcp"",subtype: ""network socket"",remote address: ""0000:0000:0000:0000:0000:FFFF:C0A8:2F80"",hash: ""0124006219eff9b84584975e6d0bde06""})"
"(:VERTEX {remote port: ""37658"",epoch: ""0"",source: ""syscall"",type: ""Artifact"",version: ""0"",local port: ""8080"",net namespace: ""-1"",local address: ""0000:0000:0000:0000:0000:0000:0000:0000"",protocol: ""tcp"",subtype: ""network socket"",remote address: ""0000:0000:0000:0000:0000:FFFF:C0A8:2F80"",hash: ""2649b5a7e32eef0e97199fab672de9f0""})"
"(:VERTEX {remote port: ""37292"",epoch: ""0"",source: ""syscall"",type: ""Artifact"",version: ""0"",local port: ""50051"",net namespace: ""-1"",local address: ""0000:0000:0000:0000:0000:0000:0000:0000"",protocol: ""tcp"",subtype: ""network socket"",remote address: ""0000:0000:0000:0000:0000:FFFF:C0A8:2F80"",hash: ""d6afb414c144fe0a7a8992709e50823a""})"
"(:VERTEX {remote port: ""37306"",epoch: ""0"",source: ""syscall"",type: ""Artifact"",version: ""0"",local port: ""50051"",net namespace: ""-1"",local address: ""0000:0000:0000:0000:0000:0000:0000:0000"",protocol: ""tcp"",subtype: ""network socket"",remote address: ""0000:0000:0000:0000:0000:FFFF:C0A8:2F80"",hash: ""10713da8de07dac70826cd3af8a27726""})"
"(:VERTEX {remote port: ""36128"",epoch: ""0"",source: ""syscall"",type: ""Artifact"",version: ""0"",local port: ""7070"",net namespace: ""-1"",local address: ""0000:0000:0000:0000:0000:0000:0000:0000"",protocol: ""tcp"",subtype: ""network socket"",remote address: ""0000:0000:0000:0000:0000:FFFF:C0A8:2F80"",hash: ""66e4e46f5045a1ac165615ef817b5149""})"
"(:VERTEX {remote port: ""36130"",epoch: ""0"",source: ""syscall"",type: ""Artifact"",version: ""0"",local port: ""7070"",net namespace: ""-1"",local address: ""0000:0000:0000:0000:0000:0000:0000:0000"",protocol: ""tcp"",subtype: ""network socket"",remote address: ""0000:0000:0000:0000:0000:FFFF:C0A8:2F80"",hash: ""3c7a8209605a3bfb5d8d1e1b51072d68""})"
"(:VERTEX {remote port: ""55552"",epoch: ""0"",source: ""syscall"",type: ""Artifact"",version: ""0"",local port: ""8080"",net namespace: ""-1"",local address: ""0000:0000:0000:0000:0000:0000:0000:0000"",protocol: ""tcp"",subtype: ""network socket"",remote address: ""0000:0000:0000:0000:0000:FFFF:C0A8:2F80"",hash: ""cbccf24c46e0d63b12fd9ca3386972f3""})"
"(:VERTEX {remote port: ""55564"",epoch: ""0"",source: ""syscall"",type: ""Artifact"",version: ""0"",local port: ""8080"",net namespace: ""-1"",local address: ""0000:0000:0000:0000:0000:0000:0000:0000"",protocol: ""tcp"",subtype: ""network socket"",remote address: ""0000:0000:0000:0000:0000:FFFF:C0A8:2F80"",hash: ""3fab4c82cab1097644d1adb8a8d4377b""})"
"(:VERTEX {remote port: ""50910"",epoch: ""0"",source: ""syscall"",type: ""Artifact"",version: ""0"",local port: ""3550"",net namespace: ""-1"",local address: ""0000:0000:0000:0000:0000:0000:0000:0000"",protocol: ""tcp"",subtype: ""network socket"",remote address: ""0000:0000:0000:0000:0000:FFFF:C0A8:2F80"",hash: ""d204adb23b9328e0a7f2fc8338aaeed4""})"
"(:VERTEX {remote port: ""50916"",epoch: ""0"",source: ""syscall"",type: ""Artifact"",version: ""0"",local port: ""3550"",net namespace: ""-1"",local address: ""0000:0000:0000:0000:0000:0000:0000:0000"",protocol: ""tcp"",subtype: ""network socket"",remote address: ""0000:0000:0000:0000:0000:FFFF:C0A8:2F80"",hash: ""382b9365be514bd9f2f405acc4abbeaa""})"
"(:VERTEX {gid: ""0"",euid: ""999"",children pid namespace: ""-1"",pid: ""117772"",seen time: ""1690977426.894"",source: ""syscall"",type: ""Process"",net namespace: ""-1"",ipc namespace: ""-1"",ppid: ""117762"",pid namespace: ""-1"",uid: ""999"",egid: ""0"",exe: ""/"",mount namespace: ""-1"",name: ""runc:[2:INIT]"",hash: ""1e771f0f52024df643fdfe51e28e2634"",user namespace: ""-1""})"
"(:VERTEX {path: ""/proc/117772/attr/apparmor/exec"",subtype: ""file"",permissions: ""0666"",epoch: ""0"",source: ""syscall"",type: ""Artifact"",version: ""0"",hash: ""82ae23613cda934c6653d000e7b738cd""})"
"(:VERTEX {gid: ""0"",euid: ""999"",children pid namespace: ""-1"",start time: ""1690977426.894"",pid: ""117772"",source: ""syscall"",type: ""Process"",net namespace: ""-1"",ipc namespace: ""-1"",ppid: ""117762"",pid namespace: ""-1"",cwd: ""/"",uid: ""999"",egid: ""0"",exe: ""/usr/bin/check-status"",mount namespace: ""-1"",command line: ""/usr/bin/check-status -r"",name: ""check-status"",hash: ""8f8a55b4a1e1f95f06d45c168d27e071"",user namespace: ""-1""})"
"(:VERTEX {memory address: ""7fed1ece7000"",size: ""2000"",subtype: ""memory"",tgid: ""117772"",source: ""syscall"",type: ""Artifact"",version: ""0"",hash: ""c88313b04b48bb2e8f468967e24749f3""})"
"(:VERTEX {memory address: ""7fed1e89c000"",size: ""21f4c0"",subtype: ""memory"",tgid: ""117772"",source: ""syscall"",type: ""Artifact"",version: ""0"",hash: ""1ff030a76089d1082756fdb55bb39fe5""})"
"(:VERTEX {memory address: ""7fed1e8b7000"",size: ""1ff000"",subtype: ""memory"",tgid: ""117772"",source: ""syscall"",type: ""Artifact"",version: ""0"",hash: ""3f1c86a68400eafaecaf66ebeb144a87""})"
"(:VERTEX {memory address: ""7fed1eab6000"",size: ""2000"",subtype: ""memory"",tgid: ""117772"",source: ""syscall"",type: ""Artifact"",version: ""0"",hash: ""dc0fda83208bf52ebdc21da7265318cd""})"
"(:VERTEX {memory address: ""7fed1eab8000"",size: ""34c0"",subtype: ""memory"",tgid: ""117772"",source: ""syscall"",type: ""Artifact"",version: ""0"",hash: ""0856858bdc5c503940fcb04b2000cff7""})"
"(:VERTEX {memory address: ""7fed1e4d6000"",size: ""3c58c0"",subtype: ""memory"",tgid: ""117772"",source: ""syscall"",type: ""Artifact"",version: ""0"",hash: ""15ec8cb403f3ebc4bfa27de1ac8926d3""})"
"(:VERTEX {memory address: ""7fed1e692000"",size: ""200000"",subtype: ""memory"",tgid: ""117772"",source: ""syscall"",type: ""Artifact"",version: ""0"",hash: ""d704db677f089396c479e4e275821c76""})"
"(:VERTEX {memory address: ""7fed1e892000"",size: ""6000"",subtype: ""memory"",tgid: ""117772"",source: ""syscall"",type: ""Artifact"",version: ""0"",hash: ""8e229b2460e305dc1b7ab3414193299a""})"
"(:VERTEX {memory address: ""7fed1e898000"",size: ""38c0"",subtype: ""memory"",tgid: ""117772"",source: ""syscall"",type: ""Artifact"",version: ""0"",hash: ""113b0c32a574c17fbc1a851cad44f972""})"
"(:VERTEX {memory address: ""7fed1ece4000"",size: ""3000"",subtype: ""memory"",tgid: ""117772"",source: ""syscall"",type: ""Artifact"",version: ""0"",hash: ""8ecdec3d3a926058c6ef1e62a02be432""})"
"(:VERTEX {memory address: ""7fed1e892000"",size: ""4000"",subtype: ""memory"",tgid: ""117772"",source: ""syscall"",type: ""Artifact"",version: ""0"",hash: ""ab25be6c7e6c9f2d7fe49a4c3ea0caee""})"
"(:VERTEX {memory address: ""7fed1eab6000"",size: ""1000"",subtype: ""memory"",tgid: ""117772"",source: ""syscall"",type: ""Artifact"",version: ""0"",hash: ""8515c4b20774eef5a4d1146d96b1debb""})"
"(:VERTEX {memory address: ""7fed1ece9000"",size: ""1000"",subtype: ""memory"",tgid: ""117772"",source: ""syscall"",type: ""Artifact"",version: ""0"",hash: ""5ee294376adba64c69c62d8a5735170a""})"
"(:VERTEX {memory address: ""7fed1eca4000"",size: ""40000"",subtype: ""memory"",tgid: ""117772"",source: ""syscall"",type: ""Artifact"",version: ""0"",hash: ""7a63676cf8b4b6d32f165c5af67ee31d""})"
"(:VERTEX {memory address: ""7fed1ec84000"",size: ""20000"",subtype: ""memory"",tgid: ""117772"",source: ""syscall"",type: ""Artifact"",version: ""0"",hash: ""064f170d1764a6d0257918b7dda608cc""})"
"(:VERTEX {memory address: ""7fed1eb84000"",size: ""100000"",subtype: ""memory"",tgid: ""117772"",source: ""syscall"",type: ""Artifact"",version: ""0"",hash: ""2914c814ae4bff4596cc0b7949f8015b""})"
"(:VERTEX {memory address: ""7fed1dcd6000"",size: ""800000"",subtype: ""memory"",tgid: ""117772"",source: ""syscall"",type: ""Artifact"",version: ""0"",hash: ""12dd4936adf4c0a3961fc5fea6bed6d9""})"
"(:VERTEX {memory address: ""7fed19cd6000"",size: ""4000000"",subtype: ""memory"",tgid: ""117772"",source: ""syscall"",type: ""Artifact"",version: ""0"",hash: ""de87944293104724a753b56a3fa78f79""})"
"(:VERTEX {memory address: ""7fecf9cd6000"",size: ""20000000"",subtype: ""memory"",tgid: ""117772"",source: ""syscall"",type: ""Artifact"",version: ""0"",hash: ""2c36ebd6ccbeebf7cfed5d41d94c2a7d""})"
"(:VERTEX {memory address: ""c000000000"",size: ""4000000"",subtype: ""memory"",tgid: ""117772"",source: ""syscall"",type: ""Artifact"",version: ""0"",hash: ""ed11bd965f498ad2f35e10f31682670b""})"
"(:VERTEX {memory address: ""7fecf7cd6000"",size: ""2000000"",subtype: ""memory"",tgid: ""117772"",source: ""syscall"",type: ""Artifact"",version: ""0"",hash: ""dbb5d7c0badd4ad27ae115becdb2134d""})"
"(:VERTEX {memory address: ""7fecf7ac5000"",size: ""210c10"",subtype: ""memory"",tgid: ""117772"",source: ""syscall"",type: ""Artifact"",version: ""0"",hash: ""52cc56076f67e9ef98627dc040816a08""})"
"(:VERTEX {memory address: ""c000000000"",size: ""400000"",subtype: ""memory"",tgid: ""117772"",source: ""syscall"",type: ""Artifact"",version: ""0"",hash: ""eaadb4104642401e30a71a15b559d984""})"
"(:VERTEX {memory address: ""7fed1ec84000"",size: ""20000"",subtype: ""memory"",tgid: ""117772"",source: ""syscall"",type: ""Artifact"",version: ""1"",hash: ""e840063ce861eedae7e67da3747eedc6""})"
"(:VERTEX {memory address: ""7fed1ec04000"",size: ""1000"",subtype: ""memory"",tgid: ""117772"",source: ""syscall"",type: ""Artifact"",version: ""0"",hash: ""62a33b4e900d67ae80462ec739cf8300""})"
"(:VERTEX {memory address: ""7fed1e0dc000"",size: ""1000"",subtype: ""memory"",tgid: ""117772"",source: ""syscall"",type: ""Artifact"",version: ""0"",hash: ""49997a155ec6d9385476048b80a0a2ee""})"
"(:VERTEX {memory address: ""7fed1bd06000"",size: ""1000"",subtype: ""memory"",tgid: ""117772"",source: ""syscall"",type: ""Artifact"",version: ""0"",hash: ""dcae3d913ad4365b71f1a16e778bd0ef""})"
"(:VERTEX {memory address: ""7fed09e56000"",size: ""1000"",subtype: ""memory"",tgid: ""117772"",source: ""syscall"",type: ""Artifact"",version: ""0"",hash: ""900ece04c11a48ab56e10ed0bf5ff97c""})"
"(:VERTEX {memory address: ""7fecf79c5000"",size: ""100000"",subtype: ""memory"",tgid: ""117772"",source: ""syscall"",type: ""Artifact"",version: ""0"",hash: ""9699acd4fb2b9374ceeba14a00d9abff""})"
"(:VERTEX {memory address: ""7fed1eb74000"",size: ""10000"",subtype: ""memory"",tgid: ""117772"",source: ""syscall"",type: ""Artifact"",version: ""0"",hash: ""4b53a56f38414a93de881e533c40898c""})"
"(:VERTEX {memory address: ""7fed1eb64000"",size: ""10000"",subtype: ""memory"",tgid: ""117772"",source: ""syscall"",type: ""Artifact"",version: ""0"",hash: ""8dc7f2b22c8032ee0df627c6b70a1815""})"
"(:VERTEX {memory address: ""7fecf71c4000"",size: ""801000"",subtype: ""memory"",tgid: ""117772"",source: ""syscall"",type: ""Artifact"",version: ""0"",hash: ""c2a20fa230cbbf120730d1d6bd4cc6d2""})"
"(:VERTEX {memory address: ""7fecf71c5000"",size: ""800000"",subtype: ""memory"",tgid: ""117772"",source: ""syscall"",type: ""Artifact"",version: ""0"",hash: ""cdef0e2eb29adc1c6aeb7d6491a35f44""})"
"(:VERTEX {gid: ""0"",euid: ""999"",children pid namespace: ""4026532779"",start time: ""1690977426.897"",ns pid: ""8710"",pid: ""117778"",source: ""syscall"",type: ""Process"",net namespace: ""4026532705"",ipc namespace: ""4026532772"",ppid: ""117772"",pid namespace: ""4026532779"",cwd: ""/"",uid: ""999"",egid: ""0"",exe: ""/usr/bin/check-status"",mount namespace: ""4026532778"",command line: ""/usr/bin/check-status -r"",name: ""check-status"",hash: ""de788cb9869efdb4936fd751eb5ac523"",user namespace: ""4026531837""})"
"(:VERTEX {memory address: ""7fecef1c4000"",size: ""8000000"",subtype: ""memory"",tgid: ""117772"",source: ""syscall"",type: ""Artifact"",version: ""0"",hash: ""23e5a553c870d977eea9e807d28f36fa""})"
"(:VERTEX {memory address: ""7fecf0000000"",size: ""21000"",subtype: ""memory"",tgid: ""117772"",source: ""syscall"",type: ""Artifact"",version: ""0"",hash: ""c3f260693fd6f7453ab32691664c9182""})"
"(:VERTEX {memory address: ""7fecf69c3000"",size: ""801000"",subtype: ""memory"",tgid: ""117772"",source: ""syscall"",type: ""Artifact"",version: ""0"",hash: ""37e97f05ee1e6a8092e8f233e8c5024e""})"
"(:VERTEX {memory address: ""7fecf69c4000"",size: ""800000"",subtype: ""memory"",tgid: ""117772"",source: ""syscall"",type: ""Artifact"",version: ""0"",hash: ""bcf50f56c4c84e94c5b5356f5e7f73b1""})"
"(:VERTEX {gid: ""0"",euid: ""999"",children pid namespace: ""4026532779"",start time: ""1690977426.897"",ns pid: ""8711"",pid: ""117779"",source: ""syscall"",type: ""Process"",net namespace: ""4026532705"",ipc namespace: ""4026532772"",ppid: ""117772"",pid namespace: ""4026532779"",cwd: ""/"",uid: ""999"",egid: ""0"",exe: ""/usr/bin/check-status"",mount namespace: ""4026532778"",command line: ""/usr/bin/check-status -r"",name: ""check-status"",hash: ""42368e110daba706feeb16ac22d90c8a"",user namespace: ""4026531837""})"
"(:VERTEX {memory address: ""7fecf61c2000"",size: ""801000"",subtype: ""memory"",tgid: ""117772"",source: ""syscall"",type: ""Artifact"",version: ""0"",hash: ""a2fc03960b62602559d8e71f49c64a3b""})"
"(:VERTEX {memory address: ""7fecf61c3000"",size: ""800000"",subtype: ""memory"",tgid: ""117772"",source: ""syscall"",type: ""Artifact"",version: ""0"",hash: ""8db6bd19a5c5c61be419e127ea67b1e4""})"
"(:VERTEX {gid: ""0"",euid: ""999"",children pid namespace: ""4026532779"",start time: ""1690977426.901"",ns pid: ""8712"",pid: ""117780"",source: ""syscall"",type: ""Process"",net namespace: ""4026532705"",ipc namespace: ""4026532772"",ppid: ""117772"",pid namespace: ""4026532779"",cwd: ""/"",uid: ""999"",egid: ""0"",exe: ""/usr/bin/check-status"",mount namespace: ""4026532778"",command line: ""/usr/bin/check-status -r"",name: ""check-status"",hash: ""adb9ef6f0ff2754d8e1e5cfcdf6613e8"",user namespace: ""4026531837""})"
"(:VERTEX {memory address: ""7fece8000000"",size: ""8000000"",subtype: ""memory"",tgid: ""117772"",source: ""syscall"",type: ""Artifact"",version: ""0"",hash: ""a0eec5e1d55df8027f9e247a08f3d19f""})"
"(:VERTEX {memory address: ""7fece8000000"",size: ""21000"",subtype: ""memory"",tgid: ""117772"",source: ""syscall"",type: ""Artifact"",version: ""0"",hash: ""ff2869c8727ba72e07c5c4d26eea9dc1""})"
"(:VERTEX {memory address: ""7fed1eb24000"",size: ""40000"",subtype: ""memory"",tgid: ""117772"",source: ""syscall"",type: ""Artifact"",version: ""0"",hash: ""3e3d68920ab255c7632a9a39e79362b2""})"
"(:VERTEX {memory address: ""7fecf59c1000"",size: ""801000"",subtype: ""memory"",tgid: ""117772"",source: ""syscall"",type: ""Artifact"",version: ""0"",hash: ""9d1a99af196d47fe5f60ecc47a1cc573""})"
"(:VERTEX {memory address: ""7fecf59c2000"",size: ""800000"",subtype: ""memory"",tgid: ""117772"",source: ""syscall"",type: ""Artifact"",version: ""0"",hash: ""9c4e54a0ca9c724922c3b1e88170e41f""})"
"(:VERTEX {gid: ""0"",euid: ""999"",children pid namespace: ""4026532779"",start time: ""1690977426.901"",ns pid: ""8713"",pid: ""117781"",source: ""syscall"",type: ""Process"",net namespace: ""4026532705"",ipc namespace: ""4026532772"",ppid: ""117772"",pid namespace: ""4026532779"",cwd: ""/"",uid: ""999"",egid: ""0"",exe: ""/usr/bin/check-status"",mount namespace: ""4026532778"",command line: ""/usr/bin/check-status -r"",name: ""check-status"",hash: ""cfd3de66eaa3d657d7bf24d16b1aff17"",user namespace: ""4026531837""})"
"(:VERTEX {memory address: ""7fecec000000"",size: ""4000000"",subtype: ""memory"",tgid: ""117772"",source: ""syscall"",type: ""Artifact"",version: ""0"",hash: ""7adc29365f6f0f40ecf1c4b7c15f629f""})"
"(:VERTEX {memory address: ""7fecec000000"",size: ""21000"",subtype: ""memory"",tgid: ""117772"",source: ""syscall"",type: ""Artifact"",version: ""0"",hash: ""443d656fa9a6db85a7664b626413ef7b""})"
"(:VERTEX {memory address: ""7fece0000000"",size: ""8000000"",subtype: ""memory"",tgid: ""117772"",source: ""syscall"",type: ""Artifact"",version: ""0"",hash: ""2261ba5d50f345ae1bd060ec2dc3b2ce""})"
"(:VERTEX {memory address: ""7fece0000000"",size: ""21000"",subtype: ""memory"",tgid: ""117772"",source: ""syscall"",type: ""Artifact"",version: ""0"",hash: ""5c9fe850e4037823b8cef2c8681b6ad6""})"
"(:VERTEX {memory address: ""7fecf51c0000"",size: ""801000"",subtype: ""memory"",tgid: ""117772"",source: ""syscall"",type: ""Artifact"",version: ""0"",hash: ""7af384e1521337c00996b49004a6266b""})"
"(:VERTEX {memory address: ""7fecf51c1000"",size: ""800000"",subtype: ""memory"",tgid: ""117772"",source: ""syscall"",type: ""Artifact"",version: ""0"",hash: ""f67bfb7ae4a2482c6a064f6a237b00b4""})"
"(:VERTEX {gid: ""0"",euid: ""999"",children pid namespace: ""4026532779"",start time: ""1690977426.901"",ns pid: ""8714"",pid: ""117782"",source: ""syscall"",type: ""Process"",net namespace: ""4026532705"",ipc namespace: ""4026532772"",ppid: ""117772"",pid namespace: ""4026532779"",cwd: ""/"",uid: ""999"",egid: ""0"",exe: ""/usr/bin/check-status"",mount namespace: ""4026532778"",command line: ""/usr/bin/check-status -r"",name: ""check-status"",hash: ""f0d0628827348d5c31d390f117ca0b9b"",user namespace: ""4026531837""})"
"(:VERTEX {memory address: ""7fece4000000"",size: ""4000000"",subtype: ""memory"",tgid: ""117772"",source: ""syscall"",type: ""Artifact"",version: ""0"",hash: ""04a85718ee875372552f238c70269740""})"
"(:VERTEX {remote port: ""57392"",epoch: ""0"",source: ""syscall"",type: ""Artifact"",version: ""0"",local port: ""8080"",net namespace: ""-1"",local address: ""0000:0000:0000:0000:0000:0000:0000:0000"",protocol: ""tcp"",subtype: ""network socket"",remote address: ""0000:0000:0000:0000:0000:FFFF:C0A8:2F80"",hash: ""a6f3d754ff8ec4cf6a35d229bbc6ae01""})"
"(:VERTEX {remote port: ""57390"",epoch: ""0"",source: ""syscall"",type: ""Artifact"",version: ""0"",local port: ""8080"",net namespace: ""-1"",local address: ""0000:0000:0000:0000:0000:0000:0000:0000"",protocol: ""tcp"",subtype: ""network socket"",remote address: ""0000:0000:0000:0000:0000:FFFF:C0A8:2F80"",hash: ""2db81b11a7252aac1e350fb227a4b835""})"
"(:VERTEX {remote port: ""52154"",epoch: ""0"",source: ""syscall"",type: ""Artifact"",version: ""0"",local port: ""50051"",net namespace: ""-1"",local address: ""0000:0000:0000:0000:0000:0000:0000:0000"",protocol: ""tcp"",subtype: ""network socket"",remote address: ""0000:0000:0000:0000:0000:FFFF:C0A8:2F80"",hash: ""1f93b5c7ee8f4c58e1ae6d6d104bed8a""})"
"(:VERTEX {remote port: ""40364"",epoch: ""0"",source: ""syscall"",type: ""Artifact"",version: ""0"",local port: ""6379"",net namespace: ""-1"",local address: ""0.0.0.0"",protocol: ""tcp"",subtype: ""network socket"",remote address: ""192.168.47.128"",hash: ""27fdb1553d0a8b68b2ce93b21629dbbf""})"
"(:VERTEX {remote port: ""40368"",epoch: ""0"",source: ""syscall"",type: ""Artifact"",version: ""0"",local port: ""6379"",net namespace: ""-1"",local address: ""0.0.0.0"",protocol: ""tcp"",subtype: ""network socket"",remote address: ""192.168.47.128"",hash: ""d26d3969990bcf831d9e91056412e980""})"
"(:VERTEX {remote port: ""55476"",epoch: ""0"",source: ""syscall"",type: ""Artifact"",version: ""0"",local port: ""9555"",net namespace: ""-1"",local address: ""0000:0000:0000:0000:0000:0000:0000:0000"",protocol: ""tcp"",subtype: ""network socket"",remote address: ""0000:0000:0000:0000:0000:FFFF:C0A8:2F80"",hash: ""53069ff6a1bf2333a52e7129b97114bf""})"
"(:VERTEX {remote port: ""55488"",epoch: ""0"",source: ""syscall"",type: ""Artifact"",version: ""0"",local port: ""9555"",net namespace: ""-1"",local address: ""0000:0000:0000:0000:0000:0000:0000:0000"",protocol: ""tcp"",subtype: ""network socket"",remote address: ""0000:0000:0000:0000:0000:FFFF:C0A8:2F80"",hash: ""56f459c8880f7e6635ec4dc0b6d19897""})"
"(:VERTEX {remote port: ""48998"",epoch: ""0"",source: ""syscall"",type: ""Artifact"",version: ""0"",local port: ""8080"",net namespace: ""-1"",local address: ""0000:0000:0000:0000:0000:0000:0000:0000"",protocol: ""tcp"",subtype: ""network socket"",remote address: ""0000:0000:0000:0000:0000:FFFF:C0A8:2F80"",hash: ""cd192b2fb6ca391bda2e1ba00935d387""})"
"(:VERTEX {remote port: ""49000"",epoch: ""0"",source: ""syscall"",type: ""Artifact"",version: ""0"",local port: ""8080"",net namespace: ""-1"",local address: ""0000:0000:0000:0000:0000:0000:0000:0000"",protocol: ""tcp"",subtype: ""network socket"",remote address: ""0000:0000:0000:0000:0000:FFFF:C0A8:2F80"",hash: ""a54b82c6921ccdff91c281fb7dd496b8""})"
"(:VERTEX {gid: ""1000"",euid: ""1000"",children pid namespace: ""-1"",pid: ""61363"",seen time: ""1690977428.294"",source: ""syscall"",type: ""Process"",net namespace: ""-1"",ipc namespace: ""-1"",ppid: ""59024"",pid namespace: ""-1"",uid: ""1000"",egid: ""1000"",exe: ""/app/cartservice"",mount namespace: ""-1"",name: "".NET ThreadPool"",hash: ""9dec43331be032af1fff332466b261b1"",user namespace: ""-1""})"
"(:VERTEX {memory address: ""7f981a38a000"",size: ""4000"",subtype: ""memory"",tgid: ""61363"",source: ""syscall"",type: ""Artifact"",version: ""2"",hash: ""2c1f1d947d81236687e7c2a03075a1a2""})"
"(:VERTEX {memory address: ""7f981a38a000"",size: ""1000"",subtype: ""memory"",tgid: ""61363"",source: ""syscall"",type: ""Artifact"",version: ""2"",hash: ""cf248c8cdfe96fb60eef70d2dd1f1f21""})"
"(:VERTEX {subtype: ""unnamed pipe"",tgid: ""61363"",epoch: ""6"",source: ""syscall"",read fd: ""196"",type: ""Artifact"",version: ""0"",hash: ""f32fb12b02787ae18fb741e4547bfad8"",write fd: ""198""})"
"(:VERTEX {gid: ""0"",euid: ""999"",children pid namespace: ""-1"",pid: ""117793"",seen time: ""1690977429.047"",source: ""syscall"",type: ""Process"",net namespace: ""-1"",ipc namespace: ""-1"",ppid: ""117784"",pid namespace: ""-1"",uid: ""999"",egid: ""0"",exe: ""/"",mount namespace: ""-1"",name: ""runc:[2:INIT]"",hash: ""1c35e13376bb52e8e9af97f8ef56aeee"",user namespace: ""-1""})"
"(:VERTEX {path: ""/proc/117793/attr/apparmor/exec"",subtype: ""file"",permissions: ""0666"",epoch: ""0"",source: ""syscall"",type: ""Artifact"",version: ""0"",hash: ""8a8b7b003d01ee2a35053897c3866fc0""})"
"(:VERTEX {gid: ""0"",euid: ""999"",children pid namespace: ""-1"",start time: ""1690977429.047"",pid: ""117793"",source: ""syscall"",type: ""Process"",net namespace: ""-1"",ipc namespace: ""-1"",ppid: ""117784"",pid namespace: ""-1"",cwd: ""/"",uid: ""999"",egid: ""0"",exe: ""/usr/bin/check-status"",mount namespace: ""-1"",command line: ""/usr/bin/check-status -l"",name: ""check-status"",hash: ""303d36b8b42dd14c10df551f13adb9e2"",user namespace: ""-1""})"
"(:VERTEX {memory address: ""7fb33500e000"",size: ""2000"",subtype: ""memory"",tgid: ""117793"",source: ""syscall"",type: ""Artifact"",version: ""0"",hash: ""cec6afadaf91f3158da9977789736722""})"
"(:VERTEX {memory address: ""7fb334bc3000"",size: ""21f4c0"",subtype: ""memory"",tgid: ""117793"",source: ""syscall"",type: ""Artifact"",version: ""0"",hash: ""01f1c12ca51d77d59ae62451d7f072aa""})"
"(:VERTEX {memory address: ""7fb334bde000"",size: ""1ff000"",subtype: ""memory"",tgid: ""117793"",source: ""syscall"",type: ""Artifact"",version: ""0"",hash: ""ce756318872ffacd33243bdfd52892a0""})"
"(:VERTEX {memory address: ""7fb334ddd000"",size: ""2000"",subtype: ""memory"",tgid: ""117793"",source: ""syscall"",type: ""Artifact"",version: ""0"",hash: ""dad9d5a4cafe1cb96dfbb012596305b0""})"
"(:VERTEX {memory address: ""7fb334ddf000"",size: ""34c0"",subtype: ""memory"",tgid: ""117793"",source: ""syscall"",type: ""Artifact"",version: ""0"",hash: ""4bf182c25454783abaf101fbea94f0e1""})"
"(:VERTEX {memory address: ""7fb3347fd000"",size: ""3c58c0"",subtype: ""memory"",tgid: ""117793"",source: ""syscall"",type: ""Artifact"",version: ""0"",hash: ""4a746e1dfc1026c9edf9aca85380087c""})"
"(:VERTEX {memory address: ""7fb3349b9000"",size: ""200000"",subtype: ""memory"",tgid: ""117793"",source: ""syscall"",type: ""Artifact"",version: ""0"",hash: ""071d6b0321a5db5485e9a9ecf291ffd4""})"
"(:VERTEX {memory address: ""7fb334bb9000"",size: ""6000"",subtype: ""memory"",tgid: ""117793"",source: ""syscall"",type: ""Artifact"",version: ""0"",hash: ""f84d059a76bf8305d405f006c4a894a3""})"
"(:VERTEX {memory address: ""7fb334bbf000"",size: ""38c0"",subtype: ""memory"",tgid: ""117793"",source: ""syscall"",type: ""Artifact"",version: ""0"",hash: ""127cbd186704dc9ad5fe2e950c5a6979""})"
"(:VERTEX {memory address: ""7fb33500b000"",size: ""3000"",subtype: ""memory"",tgid: ""117793"",source: ""syscall"",type: ""Artifact"",version: ""0"",hash: ""ed4e8a02ccaeaf3ae08e96dea00cb178""})"
"(:VERTEX {memory address: ""7fb334bb9000"",size: ""4000"",subtype: ""memory"",tgid: ""117793"",source: ""syscall"",type: ""Artifact"",version: ""0"",hash: ""c515c5070ad713b78940116d647d0561""})"
"(:VERTEX {memory address: ""7fb334ddd000"",size: ""1000"",subtype: ""memory"",tgid: ""117793"",source: ""syscall"",type: ""Artifact"",version: ""0"",hash: ""38208eda4361fbc5fee3cc6b4af8cc91""})"
"(:VERTEX {memory address: ""7fb335010000"",size: ""1000"",subtype: ""memory"",tgid: ""117793"",source: ""syscall"",type: ""Artifact"",version: ""0"",hash: ""fce4285cad7cfc2bc12f37f9e5a9a45f""})"
"(:VERTEX {memory address: ""7fb334fcb000"",size: ""40000"",subtype: ""memory"",tgid: ""117793"",source: ""syscall"",type: ""Artifact"",version: ""0"",hash: ""9743ed6f0a42ec280c2c586d74757fb1""})"
"(:VERTEX {memory address: ""7fb334fab000"",size: ""20000"",subtype: ""memory"",tgid: ""117793"",source: ""syscall"",type: ""Artifact"",version: ""0"",hash: ""a4464a8545a50d2078208b6d1529bd61""})"
"(:VERTEX {memory address: ""7fb334eab000"",size: ""100000"",subtype: ""memory"",tgid: ""117793"",source: ""syscall"",type: ""Artifact"",version: ""0"",hash: ""cc4e3fa4cefe9b3ab1350d47e2e5a920""})"
"(:VERTEX {memory address: ""7fb333ffd000"",size: ""800000"",subtype: ""memory"",tgid: ""117793"",source: ""syscall"",type: ""Artifact"",version: ""0"",hash: ""e31097e32613ab9fbdc2d00ce0800fff""})"
"(:VERTEX {memory address: ""7fb32fffd000"",size: ""4000000"",subtype: ""memory"",tgid: ""117793"",source: ""syscall"",type: ""Artifact"",version: ""0"",hash: ""b49549aa85484237c5deab9c6b4c2cfc""})"
"(:VERTEX {memory address: ""7fb30fffd000"",size: ""20000000"",subtype: ""memory"",tgid: ""117793"",source: ""syscall"",type: ""Artifact"",version: ""0"",hash: ""27b181d464b0c6dfa28022127c5c7616""})"
"(:VERTEX {memory address: ""c000000000"",size: ""4000000"",subtype: ""memory"",tgid: ""117793"",source: ""syscall"",type: ""Artifact"",version: ""0"",hash: ""fb405207e5328b48d0a5a1ed8bb1d260""})"
"(:VERTEX {memory address: ""7fb30dffd000"",size: ""2000000"",subtype: ""memory"",tgid: ""117793"",source: ""syscall"",type: ""Artifact"",version: ""0"",hash: ""8c553fcc581fa66bda9df56d531fbd1e""})"
"(:VERTEX {memory address: ""7fb30ddec000"",size: ""210c10"",subtype: ""memory"",tgid: ""117793"",source: ""syscall"",type: ""Artifact"",version: ""0"",hash: ""9ce293413998401e0284daaa62e11095""})"
"(:VERTEX {memory address: ""c000000000"",size: ""400000"",subtype: ""memory"",tgid: ""117793"",source: ""syscall"",type: ""Artifact"",version: ""0"",hash: ""c0124a80ba652fbfac929d1aca1bf7d5""})"
"(:VERTEX {memory address: ""7fb334fab000"",size: ""20000"",subtype: ""memory"",tgid: ""117793"",source: ""syscall"",type: ""Artifact"",version: ""1"",hash: ""c633829f3a2e792defbf503ebb84a636""})"
"(:VERTEX {memory address: ""7fb334f2b000"",size: ""1000"",subtype: ""memory"",tgid: ""117793"",source: ""syscall"",type: ""Artifact"",version: ""0"",hash: ""7a49716f70b974abcf9e46fa65879218""})"
"(:VERTEX {memory address: ""7fb334403000"",size: ""1000"",subtype: ""memory"",tgid: ""117793"",source: ""syscall"",type: ""Artifact"",version: ""0"",hash: ""7a3e12191291868f98cf47538430a22a""})"
"(:VERTEX {memory address: ""7fb33202d000"",size: ""1000"",subtype: ""memory"",tgid: ""117793"",source: ""syscall"",type: ""Artifact"",version: ""0"",hash: ""f282f22e2374fd077a4e45a5e51a0605""})"
"(:VERTEX {memory address: ""7fb32017d000"",size: ""1000"",subtype: ""memory"",tgid: ""117793"",source: ""syscall"",type: ""Artifact"",version: ""0"",hash: ""bfb416a0f2af458c546e6eeed6937aa0""})"
"(:VERTEX {memory address: ""7fb30dcec000"",size: ""100000"",subtype: ""memory"",tgid: ""117793"",source: ""syscall"",type: ""Artifact"",version: ""0"",hash: ""34b35661e03c347a44999241f59543a3""})"
"(:VERTEX {memory address: ""7fb334e9b000"",size: ""10000"",subtype: ""memory"",tgid: ""117793"",source: ""syscall"",type: ""Artifact"",version: ""0"",hash: ""4bb5c4ea01da4e8d35083a19c358de0d""})"
"(:VERTEX {memory address: ""7fb334e8b000"",size: ""10000"",subtype: ""memory"",tgid: ""117793"",source: ""syscall"",type: ""Artifact"",version: ""0"",hash: ""9c20a0209f72b63a773b9df2ff0d2635""})"
"(:VERTEX {memory address: ""7fb30d4eb000"",size: ""801000"",subtype: ""memory"",tgid: ""117793"",source: ""syscall"",type: ""Artifact"",version: ""0"",hash: ""40848ffd7bb64fa218451a2b425c4d1e""})"
"(:VERTEX {memory address: ""7fb30d4ec000"",size: ""800000"",subtype: ""memory"",tgid: ""117793"",source: ""syscall"",type: ""Artifact"",version: ""0"",hash: ""714e261d2b892cdbef14a1cee48d515f""})"
"(:VERTEX {gid: ""0"",euid: ""999"",children pid namespace: ""4026532779"",start time: ""1690977429.054"",ns pid: ""8721"",pid: ""117799"",source: ""syscall"",type: ""Process"",net namespace: ""4026532705"",ipc namespace: ""4026532772"",ppid: ""117793"",pid namespace: ""4026532779"",cwd: ""/"",uid: ""999"",egid: ""0"",exe: ""/usr/bin/check-status"",mount namespace: ""4026532778"",command line: ""/usr/bin/check-status -l"",name: ""check-status"",hash: ""8e2416f8d71826feda502cff84346638"",user namespace: ""4026531837""})"
"(:VERTEX {memory address: ""7fb3054eb000"",size: ""8000000"",subtype: ""memory"",tgid: ""117793"",source: ""syscall"",type: ""Artifact"",version: ""0"",hash: ""ecb08c514a258546fd01dbd2b97df0b0""})"
"(:VERTEX {memory address: ""7fb308000000"",size: ""21000"",subtype: ""memory"",tgid: ""117793"",source: ""syscall"",type: ""Artifact"",version: ""0"",hash: ""c7dd384e87647516fba4c30fbbfa562f""})"
"(:VERTEX {memory address: ""7fb30ccea000"",size: ""801000"",subtype: ""memory"",tgid: ""117793"",source: ""syscall"",type: ""Artifact"",version: ""0"",hash: ""dc2ef5c335be6623987af86d5e33dcb6""})"
"(:VERTEX {memory address: ""7fb30cceb000"",size: ""800000"",subtype: ""memory"",tgid: ""117793"",source: ""syscall"",type: ""Artifact"",version: ""0"",hash: ""217c716295901d30ecf5ce3b0a826554""})"
"(:VERTEX {gid: ""0"",euid: ""999"",children pid namespace: ""4026532779"",start time: ""1690977429.054"",ns pid: ""8722"",pid: ""117800"",source: ""syscall"",type: ""Process"",net namespace: ""4026532705"",ipc namespace: ""4026532772"",ppid: ""117793"",pid namespace: ""4026532779"",cwd: ""/"",uid: ""999"",egid: ""0"",exe: ""/usr/bin/check-status"",mount namespace: ""4026532778"",command line: ""/usr/bin/check-status -l"",name: ""check-status"",hash: ""dd5086caf0d60dd9ad17fc891bca64ef"",user namespace: ""4026531837""})"
"(:VERTEX {memory address: ""7fb30c4e9000"",size: ""801000"",subtype: ""memory"",tgid: ""117793"",source: ""syscall"",type: ""Artifact"",version: ""0"",hash: ""674e46bcfeb3e22d4acec0571cffe3ec""})"
"(:VERTEX {memory address: ""7fb30c4ea000"",size: ""800000"",subtype: ""memory"",tgid: ""117793"",source: ""syscall"",type: ""Artifact"",version: ""0"",hash: ""579ca942d9cb2b0f08b79388e72b54b4""})"
"(:VERTEX {memory address: ""7fb300000000"",size: ""8000000"",subtype: ""memory"",tgid: ""117793"",source: ""syscall"",type: ""Artifact"",version: ""0"",hash: ""34c0098aaf526014e14d6c28c6c1d69e""})"
"(:VERTEX {memory address: ""7fb300000000"",size: ""21000"",subtype: ""memory"",tgid: ""117793"",source: ""syscall"",type: ""Artifact"",version: ""0"",hash: ""d40d46738e2c3e7dd5fd5ddab309f222""})"
"(:VERTEX {memory address: ""7fb334e4b000"",size: ""40000"",subtype: ""memory"",tgid: ""117793"",source: ""syscall"",type: ""Artifact"",version: ""0"",hash: ""0f9f6fa9516ad69cfc4bc80906a45e1a""})"
"(:VERTEX {memory address: ""7fb3077ff000"",size: ""801000"",subtype: ""memory"",tgid: ""117793"",source: ""syscall"",type: ""Artifact"",version: ""0"",hash: ""a3aea577b27b08c4c480667132f4d118""})"
"(:VERTEX {memory address: ""7fb307800000"",size: ""800000"",subtype: ""memory"",tgid: ""117793"",source: ""syscall"",type: ""Artifact"",version: ""0"",hash: ""10a214cfc322716938c011e577fe4d30""})"
"(:VERTEX {gid: ""0"",euid: ""999"",children pid namespace: ""4026532779"",start time: ""1690977429.057"",ns pid: ""8723"",pid: ""117801"",source: ""syscall"",type: ""Process"",net namespace: ""4026532705"",ipc namespace: ""4026532772"",ppid: ""117793"",pid namespace: ""4026532779"",cwd: ""/"",uid: ""999"",egid: ""0"",exe: ""/usr/bin/check-status"",mount namespace: ""4026532778"",command line: ""/usr/bin/check-status -l"",name: ""check-status"",hash: ""232d9d9ba93180fec89b4f4031804736"",user namespace: ""4026531837""})"
"(:VERTEX {gid: ""0"",euid: ""999"",children pid namespace: ""4026532779"",start time: ""1690977429.057"",ns pid: ""8724"",pid: ""117802"",source: ""syscall"",type: ""Process"",net namespace: ""4026532705"",ipc namespace: ""4026532772"",ppid: ""117793"",pid namespace: ""4026532779"",cwd: ""/"",uid: ""999"",egid: ""0"",exe: ""/usr/bin/check-status"",mount namespace: ""4026532778"",command line: ""/usr/bin/check-status -l"",name: ""check-status"",hash: ""0937d4b8aa0812dccb447ced3019f309"",user namespace: ""4026531837""})"
"(:VERTEX {memory address: ""7fb2fc000000"",size: ""4000000"",subtype: ""memory"",tgid: ""117793"",source: ""syscall"",type: ""Artifact"",version: ""0"",hash: ""09d5390f03deaf303c709dcb6d57e432""})"
"(:VERTEX {memory address: ""7fb2fc000000"",size: ""21000"",subtype: ""memory"",tgid: ""117793"",source: ""syscall"",type: ""Artifact"",version: ""0"",hash: ""a64edf768eb43abce7f5dc8055131d3d""})"
"(:VERTEX {memory address: ""7fb2f4000000"",size: ""8000000"",subtype: ""memory"",tgid: ""117793"",source: ""syscall"",type: ""Artifact"",version: ""0"",hash: ""2612ef51be810911ba57ca417b461372""})"
"(:VERTEX {memory address: ""7fb2f4000000"",size: ""21000"",subtype: ""memory"",tgid: ""117793"",source: ""syscall"",type: ""Artifact"",version: ""0"",hash: ""af8188a31a56630dfa0da1eb3311dbf9""})"
"(:VERTEX {memory address: ""7fb306ffe000"",size: ""801000"",subtype: ""memory"",tgid: ""117793"",source: ""syscall"",type: ""Artifact"",version: ""0"",hash: ""1ce2a8faeafcc94734a1a80dfcb8763c""})"
"(:VERTEX {memory address: ""7fb306fff000"",size: ""800000"",subtype: ""memory"",tgid: ""117793"",source: ""syscall"",type: ""Artifact"",version: ""0"",hash: ""b94f67ba4d2e30657a7f7c5da2c49e33""})"
"(:VERTEX {gid: ""0"",euid: ""999"",children pid namespace: ""4026532779"",start time: ""1690977429.057"",ns pid: ""8725"",pid: ""117803"",source: ""syscall"",type: ""Process"",net namespace: ""4026532705"",ipc namespace: ""4026532772"",ppid: ""117793"",pid namespace: ""4026532779"",cwd: ""/"",uid: ""999"",egid: ""0"",exe: ""/usr/bin/check-status"",mount namespace: ""4026532778"",command line: ""/usr/bin/check-status -l"",name: ""check-status"",hash: ""55431e910e9b215c2d9e58bb6c8e2b4a"",user namespace: ""4026531837""})"
"(:VERTEX {memory address: ""7fb2f8000000"",size: ""4000000"",subtype: ""memory"",tgid: ""117793"",source: ""syscall"",type: ""Artifact"",version: ""0"",hash: ""fb7285957ad9ada86fbd84eae4420def""})"
"(:VERTEX {memory address: ""7fb2f8000000"",size: ""21000"",subtype: ""memory"",tgid: ""117793"",source: ""syscall"",type: ""Artifact"",version: ""0"",hash: ""0b32a1010aabc46b397437faef4ef37c""})"
"(:VERTEX {remote port: ""57406"",epoch: ""0"",source: ""syscall"",type: ""Artifact"",version: ""0"",local port: ""8080"",net namespace: ""-1"",local address: ""0000:0000:0000:0000:0000:0000:0000:0000"",protocol: ""tcp"",subtype: ""network socket"",remote address: ""0000:0000:0000:0000:0000:FFFF:C0A8:2F80"",hash: ""f2d940910600c153350828d1254f97ec""})"
"(:VERTEX {remote port: ""57404"",epoch: ""0"",source: ""syscall"",type: ""Artifact"",version: ""0"",local port: ""8080"",net namespace: ""-1"",local address: ""0000:0000:0000:0000:0000:0000:0000:0000"",protocol: ""tcp"",subtype: ""network socket"",remote address: ""0000:0000:0000:0000:0000:FFFF:C0A8:2F80"",hash: ""76f44209efda155d578a769b73d34365""})"
"(:VERTEX {remote port: ""52170"",epoch: ""0"",source: ""syscall"",type: ""Artifact"",version: ""0"",local port: ""50051"",net namespace: ""-1"",local address: ""0000:0000:0000:0000:0000:0000:0000:0000"",protocol: ""tcp"",subtype: ""network socket"",remote address: ""0000:0000:0000:0000:0000:FFFF:C0A8:2F80"",hash: ""7ae9e9ed3e4a5a38fcb34c1c7e7c4eef""})"
"(:VERTEX {remote port: ""52182"",epoch: ""0"",source: ""syscall"",type: ""Artifact"",version: ""0"",local port: ""50051"",net namespace: ""-1"",local address: ""0000:0000:0000:0000:0000:0000:0000:0000"",protocol: ""tcp"",subtype: ""network socket"",remote address: ""0000:0000:0000:0000:0000:FFFF:C0A8:2F80"",hash: ""162407b454a57b2c653c205b81290f4a""})"
"(:VERTEX {remote port: ""59664"",epoch: ""0"",source: ""syscall"",type: ""Artifact"",version: ""0"",local port: ""7000"",net namespace: ""-1"",local address: ""0000:0000:0000:0000:0000:0000:0000:0000"",protocol: ""tcp"",subtype: ""network socket"",remote address: ""0000:0000:0000:0000:0000:FFFF:C0A8:2F80"",hash: ""358262bc7731812b010d1fdb75ee919e""})"
"(:VERTEX {remote port: ""59674"",epoch: ""0"",source: ""syscall"",type: ""Artifact"",version: ""0"",local port: ""7000"",net namespace: ""-1"",local address: ""0000:0000:0000:0000:0000:0000:0000:0000"",protocol: ""tcp"",subtype: ""network socket"",remote address: ""0000:0000:0000:0000:0000:FFFF:C0A8:2F80"",hash: ""6c47fc48f50147cbb2cdb8b1eb8f44e0""})"
"(:VERTEX {remote port: ""40374"",epoch: ""0"",source: ""syscall"",type: ""Artifact"",version: ""0"",local port: ""6379"",net namespace: ""-1"",local address: ""0.0.0.0"",protocol: ""tcp"",subtype: ""network socket"",remote address: ""192.168.47.128"",hash: ""a1a573b58dc507ec64bad404d0a08b05""})"
"(:VERTEX {remote port: ""40378"",epoch: ""0"",source: ""syscall"",type: ""Artifact"",version: ""0"",local port: ""6379"",net namespace: ""-1"",local address: ""0.0.0.0"",protocol: ""tcp"",subtype: ""network socket"",remote address: ""192.168.47.128"",hash: ""66ceaf54cf3e7afe63d7f2db48c83ebf""})"
"(:VERTEX {remote port: ""44424"",epoch: ""0"",source: ""syscall"",type: ""Artifact"",version: ""0"",local port: ""5050"",net namespace: ""-1"",local address: ""0000:0000:0000:0000:0000:0000:0000:0000"",protocol: ""tcp"",subtype: ""network socket"",remote address: ""0000:0000:0000:0000:0000:FFFF:C0A8:2F80"",hash: ""d995d25fb74098454ac4664586938381""})"
"(:VERTEX {remote port: ""44440"",epoch: ""0"",source: ""syscall"",type: ""Artifact"",version: ""0"",local port: ""5050"",net namespace: ""-1"",local address: ""0000:0000:0000:0000:0000:0000:0000:0000"",protocol: ""tcp"",subtype: ""network socket"",remote address: ""0000:0000:0000:0000:0000:FFFF:C0A8:2F80"",hash: ""baaaa5115fa0123beb48db3ab154c9ca""})"
"(:VERTEX {remote port: ""53"",epoch: ""0"",source: ""syscall"",type: ""Artifact"",version: ""0"",local port: ""38640"",net namespace: ""-1"",local address: ""10.1.251.204"",protocol: ""udp"",subtype: ""network socket"",remote address: ""10.152.183.10"",hash: ""7d4e3c8d8ec4b58972e7017d268606f4""})"
"(:VERTEX {remote port: ""53"",epoch: ""0"",source: ""syscall"",type: ""Artifact"",version: ""0"",local port: ""59433"",net namespace: ""-1"",local address: ""10.1.251.204"",protocol: ""udp"",subtype: ""network socket"",remote address: ""10.152.183.10"",hash: ""0c7e861309ec390f6d6eb7584046d2fe""})"
"(:VERTEX {remote port: ""38874"",epoch: ""0"",source: ""syscall"",type: ""Artifact"",version: ""0"",local port: ""8080"",net namespace: ""-1"",local address: ""0000:0000:0000:0000:0000:0000:0000:0000"",protocol: ""tcp"",subtype: ""network socket"",remote address: ""0000:0000:0000:0000:0000:FFFF:C0A8:2F80"",hash: ""71140a0484fbcb1283c67cb48bef035d""})"
"(:VERTEX {remote port: ""38876"",epoch: ""0"",source: ""syscall"",type: ""Artifact"",version: ""0"",local port: ""8080"",net namespace: ""-1"",local address: ""0000:0000:0000:0000:0000:0000:0000:0000"",protocol: ""tcp"",subtype: ""network socket"",remote address: ""0000:0000:0000:0000:0000:FFFF:C0A8:2F80"",hash: ""29955a85d8644ee8ec0097a6987331c5""})"
"(:VERTEX {remote port: ""53"",epoch: ""0"",source: ""syscall"",type: ""Artifact"",version: ""0"",local port: ""36947"",net namespace: ""-1"",local address: ""10.1.251.204"",protocol: ""udp"",subtype: ""network socket"",remote address: ""10.152.183.10"",hash: ""79a05c8a19e13ddb1db00fa56793273a""})"
"(:VERTEX {remote port: ""53"",epoch: ""0"",source: ""syscall"",type: ""Artifact"",version: ""0"",local port: ""40354"",net namespace: ""-1"",local address: ""10.1.251.204"",protocol: ""udp"",subtype: ""network socket"",remote address: ""10.152.183.10"",hash: ""b03843df470afcfdd9d3f8b0e9e410b5""})"
"(:VERTEX {remote port: ""56454"",epoch: ""0"",source: ""syscall"",type: ""Artifact"",version: ""0"",local port: ""7070"",net namespace: ""-1"",local address: ""0000:0000:0000:0000:0000:0000:0000:0000"",protocol: ""tcp"",subtype: ""network socket"",remote address: ""0000:0000:0000:0000:0000:FFFF:C0A8:2F80"",hash: ""32f08df8015197f7e1d4ef3659151342""})"
"(:VERTEX {remote port: ""56470"",epoch: ""0"",source: ""syscall"",type: ""Artifact"",version: ""0"",local port: ""7070"",net namespace: ""-1"",local address: ""0000:0000:0000:0000:0000:0000:0000:0000"",protocol: ""tcp"",subtype: ""network socket"",remote address: ""0000:0000:0000:0000:0000:FFFF:C0A8:2F80"",hash: ""b8e97dd8ccf5c43035f366dfcf4bd050""})"
"(:VERTEX {remote port: ""34616"",epoch: ""0"",source: ""syscall"",type: ""Artifact"",version: ""0"",local port: ""50051"",net namespace: ""-1"",local address: ""0000:0000:0000:0000:0000:0000:0000:0000"",protocol: ""tcp"",subtype: ""network socket"",remote address: ""0000:0000:0000:0000:0000:FFFF:C0A8:2F80"",hash: ""b9317694fca28f3332535cb72fd9774f""})"
"(:VERTEX {remote port: ""49012"",epoch: ""0"",source: ""syscall"",type: ""Artifact"",version: ""0"",local port: ""8080"",net namespace: ""-1"",local address: ""0000:0000:0000:0000:0000:0000:0000:0000"",protocol: ""tcp"",subtype: ""network socket"",remote address: ""0000:0000:0000:0000:0000:FFFF:C0A8:2F80"",hash: ""6f113e901b387a00b145f643c6f59412""})"
"(:VERTEX {remote port: ""49026"",epoch: ""0"",source: ""syscall"",type: ""Artifact"",version: ""0"",local port: ""8080"",net namespace: ""-1"",local address: ""0000:0000:0000:0000:0000:0000:0000:0000"",protocol: ""tcp"",subtype: ""network socket"",remote address: ""0000:0000:0000:0000:0000:FFFF:C0A8:2F80"",hash: ""243754ccee386cf6c7c0c25ced10bcbc""})"
"(:VERTEX {remote port: ""48950"",epoch: ""0"",source: ""syscall"",type: ""Artifact"",version: ""0"",local port: ""3550"",net namespace: ""-1"",local address: ""0000:0000:0000:0000:0000:0000:0000:0000"",protocol: ""tcp"",subtype: ""network socket"",remote address: ""0000:0000:0000:0000:0000:FFFF:C0A8:2F80"",hash: ""d083a55f54940f14248c58a1863f13c7""})"
"(:VERTEX {remote port: ""48958"",epoch: ""0"",source: ""syscall"",type: ""Artifact"",version: ""0"",local port: ""3550"",net namespace: ""-1"",local address: ""0000:0000:0000:0000:0000:0000:0000:0000"",protocol: ""tcp"",subtype: ""network socket"",remote address: ""0000:0000:0000:0000:0000:FFFF:C0A8:2F80"",hash: ""052190a7a2751a0cf613a7a0bff5404f""})"
"(:VERTEX {remote port: ""34628"",epoch: ""0"",source: ""syscall"",type: ""Artifact"",version: ""0"",local port: ""50051"",net namespace: ""-1"",local address: ""0000:0000:0000:0000:0000:0000:0000:0000"",protocol: ""tcp"",subtype: ""network socket"",remote address: ""0000:0000:0000:0000:0000:FFFF:C0A8:2F80"",hash: ""af87d0642b509cebc5c83781281c5cbc""})"
"(:VERTEX {memory address: ""7f981a2d4000"",size: ""4000"",subtype: ""memory"",tgid: ""61363"",source: ""syscall"",type: ""Artifact"",version: ""0"",hash: ""3f46ac2619002ff938caabab32a6d880""})"
"(:VERTEX {memory address: ""7f981a2d4000"",size: ""1000"",subtype: ""memory"",tgid: ""61363"",source: ""syscall"",type: ""Artifact"",version: ""0"",hash: ""7701738ec1051bea95dd1f0903efe150""})"
"(:VERTEX {subtype: ""unnamed pipe"",tgid: ""61363"",epoch: ""7"",source: ""syscall"",read fd: ""196"",type: ""Artifact"",version: ""0"",hash: ""ab7def333da5237343dcbf1ba908fe86"",write fd: ""198""})"
"(:VERTEX {memory address: ""7f981a180000"",size: ""11000"",subtype: ""memory"",tgid: ""61363"",source: ""syscall"",type: ""Artifact"",version: ""3"",hash: ""9715c9aba711f2acc69d904030613555""})"
"(:VERTEX {memory address: ""7f981a16f000"",size: ""11000"",subtype: ""memory"",tgid: ""61363"",source: ""syscall"",type: ""Artifact"",version: ""2"",hash: ""7f004d6c177e44d38f6d8b102a953076""})"
"(:VERTEX {gid: ""0"",euid: ""999"",children pid namespace: ""-1"",pid: ""118020"",seen time: ""1690977436.909"",source: ""syscall"",type: ""Process"",net namespace: ""-1"",ipc namespace: ""-1"",ppid: ""118011"",pid namespace: ""-1"",uid: ""999"",egid: ""0"",exe: ""/"",mount namespace: ""-1"",name: ""runc:[2:INIT]"",hash: ""04cbe8d4a02fea25c3e3f164e8a36d64"",user namespace: ""-1""})"
"(:VERTEX {path: ""/proc/118020/attr/apparmor/exec"",subtype: ""file"",permissions: ""0666"",epoch: ""0"",source: ""syscall"",type: ""Artifact"",version: ""0"",hash: ""a799226b6c78217859849ef292cf84ed""})"
"(:VERTEX {gid: ""0"",euid: ""999"",children pid namespace: ""-1"",start time: ""1690977436.909"",pid: ""118020"",source: ""syscall"",type: ""Process"",net namespace: ""-1"",ipc namespace: ""-1"",ppid: ""118011"",pid namespace: ""-1"",cwd: ""/"",uid: ""999"",egid: ""0"",exe: ""/usr/bin/check-status"",mount namespace: ""-1"",command line: ""/usr/bin/check-status -r"",name: ""check-status"",hash: ""8a02e000bc89d3c4180db1e665748ca4"",user namespace: ""-1""})"
"(:VERTEX {memory address: ""7f66db209000"",size: ""2000"",subtype: ""memory"",tgid: ""118020"",source: ""syscall"",type: ""Artifact"",version: ""0"",hash: ""f27dfc26e4d5ade25767034371ff5f83""})"
"(:VERTEX {memory address: ""7f66dadbe000"",size: ""21f4c0"",subtype: ""memory"",tgid: ""118020"",source: ""syscall"",type: ""Artifact"",version: ""0"",hash: ""20bbc92bfcf352390838507b722aa5d6""})"
"(:VERTEX {memory address: ""7f66dadd9000"",size: ""1ff000"",subtype: ""memory"",tgid: ""118020"",source: ""syscall"",type: ""Artifact"",version: ""0"",hash: ""01f407a213ab3e3e3d60d149010da852""})"
"(:VERTEX {memory address: ""7f66dafd8000"",size: ""2000"",subtype: ""memory"",tgid: ""118020"",source: ""syscall"",type: ""Artifact"",version: ""0"",hash: ""9ce638a7ee2a86eb450ae7b1e4228ca1""})"
"(:VERTEX {memory address: ""7f66dafda000"",size: ""34c0"",subtype: ""memory"",tgid: ""118020"",source: ""syscall"",type: ""Artifact"",version: ""0"",hash: ""dd3ce066c6deb0c80c2af7c92e7c7d02""})"
"(:VERTEX {memory address: ""7f66da9f8000"",size: ""3c58c0"",subtype: ""memory"",tgid: ""118020"",source: ""syscall"",type: ""Artifact"",version: ""0"",hash: ""4ac64a3a86c6b67809ca31e600b33bb6""})"
"(:VERTEX {memory address: ""7f66dabb4000"",size: ""200000"",subtype: ""memory"",tgid: ""118020"",source: ""syscall"",type: ""Artifact"",version: ""0"",hash: ""e655ee2d612166d6352389b5cee3b880""})"
"(:VERTEX {memory address: ""7f66dadb4000"",size: ""6000"",subtype: ""memory"",tgid: ""118020"",source: ""syscall"",type: ""Artifact"",version: ""0"",hash: ""962357fdd671021628c9c8f70e2ef21c""})"
"(:VERTEX {memory address: ""7f66dadba000"",size: ""38c0"",subtype: ""memory"",tgid: ""118020"",source: ""syscall"",type: ""Artifact"",version: ""0"",hash: ""be313f0fa0058cefd2940c46cf7b944d""})"
"(:VERTEX {memory address: ""7f66db206000"",size: ""3000"",subtype: ""memory"",tgid: ""118020"",source: ""syscall"",type: ""Artifact"",version: ""0"",hash: ""4e986391c9b70fc24d7650a44adf49c9""})"
"(:VERTEX {memory address: ""7f66dadb4000"",size: ""4000"",subtype: ""memory"",tgid: ""118020"",source: ""syscall"",type: ""Artifact"",version: ""0"",hash: ""ebff9e365af824de087444b360a1945e""})"
"(:VERTEX {memory address: ""7f66dafd8000"",size: ""1000"",subtype: ""memory"",tgid: ""118020"",source: ""syscall"",type: ""Artifact"",version: ""0"",hash: ""359601589f16fe9da16078f3dca4e625""})"
"(:VERTEX {memory address: ""7f66db20b000"",size: ""1000"",subtype: ""memory"",tgid: ""118020"",source: ""syscall"",type: ""Artifact"",version: ""0"",hash: ""f88b02123f26ef612a8d09c0a0e3e5dd""})"
"(:VERTEX {memory address: ""7f66db1c6000"",size: ""40000"",subtype: ""memory"",tgid: ""118020"",source: ""syscall"",type: ""Artifact"",version: ""0"",hash: ""ca6f3391f6df0de59e1f2f3f8106abbf""})"
"(:VERTEX {memory address: ""7f66db1a6000"",size: ""20000"",subtype: ""memory"",tgid: ""118020"",source: ""syscall"",type: ""Artifact"",version: ""0"",hash: ""1c94dddacaae099b7eaabadbda89b8c6""})"
"(:VERTEX {memory address: ""7f66db0a6000"",size: ""100000"",subtype: ""memory"",tgid: ""118020"",source: ""syscall"",type: ""Artifact"",version: ""0"",hash: ""3aebc938929d29deaf68a37094535e65""})"
"(:VERTEX {memory address: ""7f66da1f8000"",size: ""800000"",subtype: ""memory"",tgid: ""118020"",source: ""syscall"",type: ""Artifact"",version: ""0"",hash: ""d73ac3f9c11399b49525e1398aa29f88""})"
"(:VERTEX {memory address: ""7f66d61f8000"",size: ""4000000"",subtype: ""memory"",tgid: ""118020"",source: ""syscall"",type: ""Artifact"",version: ""0"",hash: ""b9c7dbe400a10d617ff7feb00235a415""})"
"(:VERTEX {memory address: ""7f66b61f8000"",size: ""20000000"",subtype: ""memory"",tgid: ""118020"",source: ""syscall"",type: ""Artifact"",version: ""0"",hash: ""e6b247b57fea28ba187f43b6fff1b5f6""})"
"(:VERTEX {memory address: ""c000000000"",size: ""4000000"",subtype: ""memory"",tgid: ""118020"",source: ""syscall"",type: ""Artifact"",version: ""0"",hash: ""eba8df38fbd899d6bf23684fb2db9792""})"
"(:VERTEX {memory address: ""7f66b41f8000"",size: ""2000000"",subtype: ""memory"",tgid: ""118020"",source: ""syscall"",type: ""Artifact"",version: ""0"",hash: ""4c28e370de313b7878cd552fd572b90f""})"
"(:VERTEX {memory address: ""7f66b3fe7000"",size: ""210c10"",subtype: ""memory"",tgid: ""118020"",source: ""syscall"",type: ""Artifact"",version: ""0"",hash: ""6607c9223052b455bf2962ee3576b950""})"
"(:VERTEX {memory address: ""c000000000"",size: ""400000"",subtype: ""memory"",tgid: ""118020"",source: ""syscall"",type: ""Artifact"",version: ""0"",hash: ""8de360b59dd6be9609c2caa1b67401a9""})"
"(:VERTEX {memory address: ""7f66db1a6000"",size: ""20000"",subtype: ""memory"",tgid: ""118020"",source: ""syscall"",type: ""Artifact"",version: ""1"",hash: ""83c53150b71714c2cad938e732b0e5ab""})"
"(:VERTEX {memory address: ""7f66db126000"",size: ""1000"",subtype: ""memory"",tgid: ""118020"",source: ""syscall"",type: ""Artifact"",version: ""0"",hash: ""422b27c74dc203aceae057cecce2fa71""})"
"(:VERTEX {memory address: ""7f66da5fe000"",size: ""1000"",subtype: ""memory"",tgid: ""118020"",source: ""syscall"",type: ""Artifact"",version: ""0"",hash: ""9da257e28ae1be1ec7fa04e3bea6398b""})"
"(:VERTEX {memory address: ""7f66d8228000"",size: ""1000"",subtype: ""memory"",tgid: ""118020"",source: ""syscall"",type: ""Artifact"",version: ""0"",hash: ""8303b5d546d74697e5bd6ada5e2bcbde""})"
"(:VERTEX {memory address: ""7f66c6378000"",size: ""1000"",subtype: ""memory"",tgid: ""118020"",source: ""syscall"",type: ""Artifact"",version: ""0"",hash: ""9efc522e2bb92cc39e200bd5ef6a6823""})"
"(:VERTEX {memory address: ""7f66b3ee7000"",size: ""100000"",subtype: ""memory"",tgid: ""118020"",source: ""syscall"",type: ""Artifact"",version: ""0"",hash: ""345ed29c80ef71c80cc16590f4940e03""})"
"(:VERTEX {memory address: ""7f66db096000"",size: ""10000"",subtype: ""memory"",tgid: ""118020"",source: ""syscall"",type: ""Artifact"",version: ""0"",hash: ""47c546ed1c903ca1a70dc68ef4d06442""})"
"(:VERTEX {memory address: ""7f66db086000"",size: ""10000"",subtype: ""memory"",tgid: ""118020"",source: ""syscall"",type: ""Artifact"",version: ""0"",hash: ""dac9ff81b05b333f0f1462bee20d5821""})"
"(:VERTEX {memory address: ""7f66b36e6000"",size: ""801000"",subtype: ""memory"",tgid: ""118020"",source: ""syscall"",type: ""Artifact"",version: ""0"",hash: ""bdd015d1d4d30961973834d1c2ac60ca""})"
"(:VERTEX {memory address: ""7f66b36e7000"",size: ""800000"",subtype: ""memory"",tgid: ""118020"",source: ""syscall"",type: ""Artifact"",version: ""0"",hash: ""dcc65b65ddd7c79ebdce0b4735955a39""})"
"(:VERTEX {gid: ""0"",euid: ""999"",children pid namespace: ""4026532779"",start time: ""1690977436.909"",ns pid: ""8732"",pid: ""118026"",source: ""syscall"",type: ""Process"",net namespace: ""4026532705"",ipc namespace: ""4026532772"",ppid: ""118020"",pid namespace: ""4026532779"",cwd: ""/"",uid: ""999"",egid: ""0"",exe: ""/usr/bin/check-status"",mount namespace: ""4026532778"",command line: ""/usr/bin/check-status -r"",name: ""check-status"",hash: ""9343200ee8c3c3c365b092f7662d9a7f"",user namespace: ""4026531837""})"
"(:VERTEX {memory address: ""7f66b2ee5000"",size: ""801000"",subtype: ""memory"",tgid: ""118020"",source: ""syscall"",type: ""Artifact"",version: ""0"",hash: ""b2c0e9294d285a239fb170e5339e1963""})"
"(:VERTEX {memory address: ""7f66b2ee6000"",size: ""800000"",subtype: ""memory"",tgid: ""118020"",source: ""syscall"",type: ""Artifact"",version: ""0"",hash: ""85427dab90d8f92174336cb72c5cc3e4""})"
"(:VERTEX {gid: ""0"",euid: ""999"",children pid namespace: ""4026532779"",start time: ""1690977436.909"",ns pid: ""8733"",pid: ""118027"",source: ""syscall"",type: ""Process"",net namespace: ""4026532705"",ipc namespace: ""4026532772"",ppid: ""118020"",pid namespace: ""4026532779"",cwd: ""/"",uid: ""999"",egid: ""0"",exe: ""/usr/bin/check-status"",mount namespace: ""4026532778"",command line: ""/usr/bin/check-status -r"",name: ""check-status"",hash: ""e286bf5eb1eca6714f6afad875f051d4"",user namespace: ""4026531837""})"
"(:VERTEX {memory address: ""7f66b26e4000"",size: ""801000"",subtype: ""memory"",tgid: ""118020"",source: ""syscall"",type: ""Artifact"",version: ""0"",hash: ""96a76b536aba46f1a97f7cba2e36bf74""})"
"(:VERTEX {memory address: ""7f66b26e5000"",size: ""800000"",subtype: ""memory"",tgid: ""118020"",source: ""syscall"",type: ""Artifact"",version: ""0"",hash: ""5ca14a755351b188cdcbdc687763b95d""})"
"(:VERTEX {gid: ""0"",euid: ""999"",children pid namespace: ""4026532779"",start time: ""1690977436.913"",ns pid: ""8734"",pid: ""118028"",source: ""syscall"",type: ""Process"",net namespace: ""4026532705"",ipc namespace: ""4026532772"",ppid: ""118020"",pid namespace: ""4026532779"",cwd: ""/"",uid: ""999"",egid: ""0"",exe: ""/usr/bin/check-status"",mount namespace: ""4026532778"",command line: ""/usr/bin/check-status -r"",name: ""check-status"",hash: ""528731b00aa1c01c8c95ef739a806665"",user namespace: ""4026531837""})"
"(:VERTEX {memory address: ""7f66aa6e4000"",size: ""8000000"",subtype: ""memory"",tgid: ""118020"",source: ""syscall"",type: ""Artifact"",version: ""0"",hash: ""5bc359cafb1eb3afcc587058e2bb7bdb""})"
"(:VERTEX {memory address: ""7f66ac000000"",size: ""21000"",subtype: ""memory"",tgid: ""118020"",source: ""syscall"",type: ""Artifact"",version: ""0"",hash: ""9b0cbe9eab7fad5f815af1ee5db6f942""})"
"(:VERTEX {memory address: ""7f66a4000000"",size: ""8000000"",subtype: ""memory"",tgid: ""118020"",source: ""syscall"",type: ""Artifact"",version: ""0"",hash: ""bd5f6569021d07ecc1eaedf2892da4cc""})"
"(:VERTEX {memory address: ""7f66db046000"",size: ""40000"",subtype: ""memory"",tgid: ""118020"",source: ""syscall"",type: ""Artifact"",version: ""0"",hash: ""bbdcd97922296f3ff003dd3fda8d5371""})"
"(:VERTEX {memory address: ""7f66a4000000"",size: ""21000"",subtype: ""memory"",tgid: ""118020"",source: ""syscall"",type: ""Artifact"",version: ""0"",hash: ""3744c59d4cf90a9288cb676ecdd56180""})"
"(:VERTEX {memory address: ""7f66b1ee3000"",size: ""801000"",subtype: ""memory"",tgid: ""118020"",source: ""syscall"",type: ""Artifact"",version: ""0"",hash: ""f1bf38ec1092c8423addbda974aa7fca""})"
"(:VERTEX {memory address: ""7f66b1ee4000"",size: ""800000"",subtype: ""memory"",tgid: ""118020"",source: ""syscall"",type: ""Artifact"",version: ""0"",hash: ""842b33316a9d77f5e3d6d784326750c8""})"
"(:VERTEX {gid: ""0"",euid: ""999"",children pid namespace: ""4026532779"",start time: ""1690977436.913"",ns pid: ""8735"",pid: ""118029"",source: ""syscall"",type: ""Process"",net namespace: ""4026532705"",ipc namespace: ""4026532772"",ppid: ""118020"",pid namespace: ""4026532779"",cwd: ""/"",uid: ""999"",egid: ""0"",exe: ""/usr/bin/check-status"",mount namespace: ""4026532778"",command line: ""/usr/bin/check-status -r"",name: ""check-status"",hash: ""b559dbd5fa91d13aeb07e6d9edf81c3a"",user namespace: ""4026531837""})"
"(:VERTEX {memory address: ""7f66b16e2000"",size: ""801000"",subtype: ""memory"",tgid: ""118020"",source: ""syscall"",type: ""Artifact"",version: ""0"",hash: ""eb8c72a89c522a2d4811e2feb19ced0d""})"
"(:VERTEX {memory address: ""7f66b16e3000"",size: ""800000"",subtype: ""memory"",tgid: ""118020"",source: ""syscall"",type: ""Artifact"",version: ""0"",hash: ""b000e2304c2dbdbba85f0587e70b56a7""})"
"(:VERTEX {gid: ""0"",euid: ""999"",children pid namespace: ""4026532779"",start time: ""1690977436.913"",ns pid: ""8736"",pid: ""118030"",source: ""syscall"",type: ""Process"",net namespace: ""4026532705"",ipc namespace: ""4026532772"",ppid: ""118020"",pid namespace: ""4026532779"",cwd: ""/"",uid: ""999"",egid: ""0"",exe: ""/usr/bin/check-status"",mount namespace: ""4026532778"",command line: ""/usr/bin/check-status -r"",name: ""check-status"",hash: ""562efc55eb5162e8d24f853a2ce08dc9"",user namespace: ""4026531837""})"
"(:VERTEX {remote port: ""46370"",epoch: ""0"",source: ""syscall"",type: ""Artifact"",version: ""0"",local port: ""8080"",net namespace: ""-1"",local address: ""0000:0000:0000:0000:0000:0000:0000:0000"",protocol: ""tcp"",subtype: ""network socket"",remote address: ""0000:0000:0000:0000:0000:FFFF:C0A8:2F80"",hash: ""3bf7151820e333663adec4544503c22e""})"
"(:VERTEX {remote port: ""46380"",epoch: ""0"",source: ""syscall"",type: ""Artifact"",version: ""0"",local port: ""8080"",net namespace: ""-1"",local address: ""0000:0000:0000:0000:0000:0000:0000:0000"",protocol: ""tcp"",subtype: ""network socket"",remote address: ""0000:0000:0000:0000:0000:FFFF:C0A8:2F80"",hash: ""1e05c28f3f419706ceb2a5e51bb74dae""})"
"(:VERTEX {remote port: ""35288"",epoch: ""0"",source: ""syscall"",type: ""Artifact"",version: ""0"",local port: ""50051"",net namespace: ""-1"",local address: ""0000:0000:0000:0000:0000:0000:0000:0000"",protocol: ""tcp"",subtype: ""network socket"",remote address: ""0000:0000:0000:0000:0000:FFFF:C0A8:2F80"",hash: ""294d59a1cbc88c64872287165cfbfd7d""})"
"(:VERTEX {remote port: ""35078"",epoch: ""0"",source: ""syscall"",type: ""Artifact"",version: ""0"",local port: ""6379"",net namespace: ""-1"",local address: ""0.0.0.0"",protocol: ""tcp"",subtype: ""network socket"",remote address: ""192.168.47.128"",hash: ""0399d4e6c6200accc59a8d22289e49c9""})"
"(:VERTEX {remote port: ""35086"",epoch: ""0"",source: ""syscall"",type: ""Artifact"",version: ""0"",local port: ""6379"",net namespace: ""-1"",local address: ""0.0.0.0"",protocol: ""tcp"",subtype: ""network socket"",remote address: ""192.168.47.128"",hash: ""dd79f0528546a64fdaa33540d88b26e7""})"
"(:VERTEX {remote port: ""46786"",epoch: ""0"",source: ""syscall"",type: ""Artifact"",version: ""0"",local port: ""8080"",net namespace: ""-1"",local address: ""0000:0000:0000:0000:0000:0000:0000:0000"",protocol: ""tcp"",subtype: ""network socket"",remote address: ""0000:0000:0000:0000:0000:FFFF:C0A8:2F80"",hash: ""7b5752dd7e94398f912518e5a2226da8""})"
"(:VERTEX {remote port: ""46772"",epoch: ""0"",source: ""syscall"",type: ""Artifact"",version: ""0"",local port: ""8080"",net namespace: ""-1"",local address: ""0000:0000:0000:0000:0000:0000:0000:0000"",protocol: ""tcp"",subtype: ""network socket"",remote address: ""0000:0000:0000:0000:0000:FFFF:C0A8:2F80"",hash: ""6ec022d6775d5bfad9ee241cdcc8595c""})"
"(:VERTEX {gid: ""0"",euid: ""999"",children pid namespace: ""-1"",pid: ""118045"",seen time: ""1690977439.040"",source: ""syscall"",type: ""Process"",net namespace: ""-1"",ipc namespace: ""-1"",ppid: ""118035"",pid namespace: ""-1"",uid: ""999"",egid: ""0"",exe: ""/"",mount namespace: ""-1"",name: ""runc:[2:INIT]"",hash: ""59904087ed264910776de9998b814579"",user namespace: ""-1""})"
"(:VERTEX {path: ""/proc/118045/attr/apparmor/exec"",subtype: ""file"",permissions: ""0666"",epoch: ""0"",source: ""syscall"",type: ""Artifact"",version: ""0"",hash: ""b2bbec60776fa5bb4f570fb7a57387bd""})"
"(:VERTEX {gid: ""0"",euid: ""999"",children pid namespace: ""-1"",start time: ""1690977439.040"",pid: ""118045"",source: ""syscall"",type: ""Process"",net namespace: ""-1"",ipc namespace: ""-1"",ppid: ""118035"",pid namespace: ""-1"",cwd: ""/"",uid: ""999"",egid: ""0"",exe: ""/usr/bin/check-status"",mount namespace: ""-1"",command line: ""/usr/bin/check-status -l"",name: ""check-status"",hash: ""2408daec7b99e1f416e6215be3e5cd8b"",user namespace: ""-1""})"
"(:VERTEX {memory address: ""7f7ec10cf000"",size: ""2000"",subtype: ""memory"",tgid: ""118045"",source: ""syscall"",type: ""Artifact"",version: ""0"",hash: ""1f603d2788a749540e00f622a44361e9""})"
"(:VERTEX {memory address: ""7f7ec0c84000"",size: ""21f4c0"",subtype: ""memory"",tgid: ""118045"",source: ""syscall"",type: ""Artifact"",version: ""0"",hash: ""4d834f7e148061f4bc194bb1dfd6f936""})"
"(:VERTEX {memory address: ""7f7ec0c9f000"",size: ""1ff000"",subtype: ""memory"",tgid: ""118045"",source: ""syscall"",type: ""Artifact"",version: ""0"",hash: ""17b89d53779861bcfb9eacb955e9c9e5""})"
"(:VERTEX {memory address: ""7f7ec0e9e000"",size: ""2000"",subtype: ""memory"",tgid: ""118045"",source: ""syscall"",type: ""Artifact"",version: ""0"",hash: ""3b9a1fdaf8fe254253a8b757b47b1fd1""})"
"(:VERTEX {memory address: ""7f7ec0ea0000"",size: ""34c0"",subtype: ""memory"",tgid: ""118045"",source: ""syscall"",type: ""Artifact"",version: ""0"",hash: ""d103ffd9cb00e5156f684b92912f5d94""})"
"(:VERTEX {memory address: ""7f7ec08be000"",size: ""3c58c0"",subtype: ""memory"",tgid: ""118045"",source: ""syscall"",type: ""Artifact"",version: ""0"",hash: ""758b9f4a841807efdd50cfed78b2363b""})"
"(:VERTEX {memory address: ""7f7ec0a7a000"",size: ""200000"",subtype: ""memory"",tgid: ""118045"",source: ""syscall"",type: ""Artifact"",version: ""0"",hash: ""b9335bfe96e032743ccf5bdd26df1666""})"
"(:VERTEX {memory address: ""7f7ec0c7a000"",size: ""6000"",subtype: ""memory"",tgid: ""118045"",source: ""syscall"",type: ""Artifact"",version: ""0"",hash: ""40405064537aa0fb7bdaab3213cea37b""})"
"(:VERTEX {memory address: ""7f7ec0c80000"",size: ""38c0"",subtype: ""memory"",tgid: ""118045"",source: ""syscall"",type: ""Artifact"",version: ""0"",hash: ""8dc2dbf8e9adcc3467e077627eb39dc5""})"
"(:VERTEX {memory address: ""7f7ec10cc000"",size: ""3000"",subtype: ""memory"",tgid: ""118045"",source: ""syscall"",type: ""Artifact"",version: ""0"",hash: ""b31570edebf370d8d14bda0ffef3c13b""})"
"(:VERTEX {memory address: ""7f7ec0c7a000"",size: ""4000"",subtype: ""memory"",tgid: ""118045"",source: ""syscall"",type: ""Artifact"",version: ""0"",hash: ""db5e51fa254901f6795d70d5f150d838""})"
"(:VERTEX {memory address: ""7f7ec0e9e000"",size: ""1000"",subtype: ""memory"",tgid: ""118045"",source: ""syscall"",type: ""Artifact"",version: ""0"",hash: ""44091aad9e9960c7a2043a04fd070a7c""})"
"(:VERTEX {memory address: ""7f7ec10d1000"",size: ""1000"",subtype: ""memory"",tgid: ""118045"",source: ""syscall"",type: ""Artifact"",version: ""0"",hash: ""975384c6ca71e80c50a8afab5f8bc31f""})"
"(:VERTEX {memory address: ""7f7ec108c000"",size: ""40000"",subtype: ""memory"",tgid: ""118045"",source: ""syscall"",type: ""Artifact"",version: ""0"",hash: ""668082f0d9b057eeb37be12784a26d1a""})"
"(:VERTEX {memory address: ""7f7ec106c000"",size: ""20000"",subtype: ""memory"",tgid: ""118045"",source: ""syscall"",type: ""Artifact"",version: ""0"",hash: ""5fa64114c8a59104fb2e2f85a3f9b100""})"
"(:VERTEX {memory address: ""7f7ec0f6c000"",size: ""100000"",subtype: ""memory"",tgid: ""118045"",source: ""syscall"",type: ""Artifact"",version: ""0"",hash: ""62e9bc6dcc2e5c1bcf5136586def4e1c""})"
"(:VERTEX {memory address: ""7f7ec00be000"",size: ""800000"",subtype: ""memory"",tgid: ""118045"",source: ""syscall"",type: ""Artifact"",version: ""0"",hash: ""e8b0e9d26fe2895fd598ad6dea4cf68f""})"
"(:VERTEX {memory address: ""7f7ebc0be000"",size: ""4000000"",subtype: ""memory"",tgid: ""118045"",source: ""syscall"",type: ""Artifact"",version: ""0"",hash: ""82efac3d0d0a532911f9bf2aea0e7421""})"
"(:VERTEX {memory address: ""7f7e9c0be000"",size: ""20000000"",subtype: ""memory"",tgid: ""118045"",source: ""syscall"",type: ""Artifact"",version: ""0"",hash: ""f2d5aae77d7ca842ddfac9c3d1d4f485""})"
"(:VERTEX {memory address: ""c000000000"",size: ""4000000"",subtype: ""memory"",tgid: ""118045"",source: ""syscall"",type: ""Artifact"",version: ""0"",hash: ""58ce8329576f66effdb7b2ae422acbd9""})"
"(:VERTEX {memory address: ""7f7e9a0be000"",size: ""2000000"",subtype: ""memory"",tgid: ""118045"",source: ""syscall"",type: ""Artifact"",version: ""0"",hash: ""9a9017d6216f6e42e74d596e3392a07f""})"
"(:VERTEX {memory address: ""7f7e99ead000"",size: ""210c10"",subtype: ""memory"",tgid: ""118045"",source: ""syscall"",type: ""Artifact"",version: ""0"",hash: ""f794297da5b42dbaea982f2c6c61d8ab""})"
"(:VERTEX {memory address: ""c000000000"",size: ""400000"",subtype: ""memory"",tgid: ""118045"",source: ""syscall"",type: ""Artifact"",version: ""0"",hash: ""7adcd1f0090b77bfc9d4024d5fd711d4""})"
"(:VERTEX {memory address: ""7f7ec106c000"",size: ""20000"",subtype: ""memory"",tgid: ""118045"",source: ""syscall"",type: ""Artifact"",version: ""1"",hash: ""19788a4de60a08c0f225b2bb6e523a59""})"
"(:VERTEX {memory address: ""7f7ec0fec000"",size: ""1000"",subtype: ""memory"",tgid: ""118045"",source: ""syscall"",type: ""Artifact"",version: ""0"",hash: ""e9048c19606b9a425849a15f9eda313e""})"
"(:VERTEX {memory address: ""7f7ec04c4000"",size: ""1000"",subtype: ""memory"",tgid: ""118045"",source: ""syscall"",type: ""Artifact"",version: ""0"",hash: ""88c0dca57493b9e533f3ec38e0fb9e01""})"
"(:VERTEX {memory address: ""7f7ebe0ee000"",size: ""1000"",subtype: ""memory"",tgid: ""118045"",source: ""syscall"",type: ""Artifact"",version: ""0"",hash: ""5ecd0eb8593df03a9d300f0bbf2971f3""})"
"(:VERTEX {memory address: ""7f7eac23e000"",size: ""1000"",subtype: ""memory"",tgid: ""118045"",source: ""syscall"",type: ""Artifact"",version: ""0"",hash: ""3a7bf25184f84d251d7e0bcd9c0fd761""})"
"(:VERTEX {memory address: ""7f7e99dad000"",size: ""100000"",subtype: ""memory"",tgid: ""118045"",source: ""syscall"",type: ""Artifact"",version: ""0"",hash: ""a61216ad760d76743e1c7648ed1d68ac""})"
"(:VERTEX {memory address: ""7f7ec0f5c000"",size: ""10000"",subtype: ""memory"",tgid: ""118045"",source: ""syscall"",type: ""Artifact"",version: ""0"",hash: ""ebcb9d8d65d3a871413b3025ec443d6f""})"
"(:VERTEX {memory address: ""7f7ec0f4c000"",size: ""10000"",subtype: ""memory"",tgid: ""118045"",source: ""syscall"",type: ""Artifact"",version: ""0"",hash: ""bcb2e435651605f013415b4c43522e2c""})"
"(:VERTEX {memory address: ""7f7e995ac000"",size: ""801000"",subtype: ""memory"",tgid: ""118045"",source: ""syscall"",type: ""Artifact"",version: ""0"",hash: ""c6c7c9bc9ad50086a3123f1575d45964""})"
"(:VERTEX {memory address: ""7f7e995ad000"",size: ""800000"",subtype: ""memory"",tgid: ""118045"",source: ""syscall"",type: ""Artifact"",version: ""0"",hash: ""17275bcfb5ae2572673c4abec8dafd11""})"
"(:VERTEX {gid: ""0"",euid: ""999"",children pid namespace: ""4026532779"",start time: ""1690977439.044"",ns pid: ""8743"",pid: ""118051"",source: ""syscall"",type: ""Process"",net namespace: ""4026532705"",ipc namespace: ""4026532772"",ppid: ""118045"",pid namespace: ""4026532779"",cwd: ""/"",uid: ""999"",egid: ""0"",exe: ""/usr/bin/check-status"",mount namespace: ""4026532778"",command line: ""/usr/bin/check-status -l"",name: ""check-status"",hash: ""e0116f6bf452aa9fd94a7f0aae479ffd"",user namespace: ""4026531837""})"
"(:VERTEX {memory address: ""7f7e98dab000"",size: ""801000"",subtype: ""memory"",tgid: ""118045"",source: ""syscall"",type: ""Artifact"",version: ""0"",hash: ""31897fead10a6dd6812556c0011efd5a""})"
"(:VERTEX {memory address: ""7f7e90dab000"",size: ""8000000"",subtype: ""memory"",tgid: ""118045"",source: ""syscall"",type: ""Artifact"",version: ""0"",hash: ""420bc8351a90e6e81e583a379cf0d06e""})"
"(:VERTEX {memory address: ""7f7e98dac000"",size: ""800000"",subtype: ""memory"",tgid: ""118045"",source: ""syscall"",type: ""Artifact"",version: ""0"",hash: ""6dc319da1e6b43393e629e7aa0a7e1c5""})"
"(:VERTEX {memory address: ""7f7e94000000"",size: ""21000"",subtype: ""memory"",tgid: ""118045"",source: ""syscall"",type: ""Artifact"",version: ""0"",hash: ""58160597532a453e311964d0f211742a""})"
"(:VERTEX {gid: ""0"",euid: ""999"",children pid namespace: ""4026532779"",start time: ""1690977439.044"",ns pid: ""8744"",pid: ""118052"",source: ""syscall"",type: ""Process"",net namespace: ""4026532705"",ipc namespace: ""4026532772"",ppid: ""118045"",pid namespace: ""4026532779"",cwd: ""/"",uid: ""999"",egid: ""0"",exe: ""/usr/bin/check-status"",mount namespace: ""4026532778"",command line: ""/usr/bin/check-status -l"",name: ""check-status"",hash: ""51109afb33addab890bbceef5548e172"",user namespace: ""4026531837""})"
"(:VERTEX {memory address: ""7f7e985aa000"",size: ""801000"",subtype: ""memory"",tgid: ""118045"",source: ""syscall"",type: ""Artifact"",version: ""0"",hash: ""18ba0b47bccb9e41132fde9fcf5b8393""})"
"(:VERTEX {memory address: ""7f7e985ab000"",size: ""800000"",subtype: ""memory"",tgid: ""118045"",source: ""syscall"",type: ""Artifact"",version: ""0"",hash: ""5f511cff074989b6af19286d834fd1e6""})"
"(:VERTEX {gid: ""0"",euid: ""999"",children pid namespace: ""4026532779"",start time: ""1690977439.044"",ns pid: ""8745"",pid: ""118053"",source: ""syscall"",type: ""Process"",net namespace: ""4026532705"",ipc namespace: ""4026532772"",ppid: ""118045"",pid namespace: ""4026532779"",cwd: ""/"",uid: ""999"",egid: ""0"",exe: ""/usr/bin/check-status"",mount namespace: ""4026532778"",command line: ""/usr/bin/check-status -l"",name: ""check-status"",hash: ""ab146451068ffb0a7c7100e4b4992030"",user namespace: ""4026531837""})"
"(:VERTEX {memory address: ""7f7e8c000000"",size: ""8000000"",subtype: ""memory"",tgid: ""118045"",source: ""syscall"",type: ""Artifact"",version: ""0"",hash: ""444bb1b3d6f93c4b74cd8e027962b408""})"
"(:VERTEX {memory address: ""7f7e8c000000"",size: ""21000"",subtype: ""memory"",tgid: ""118045"",source: ""syscall"",type: ""Artifact"",version: ""0"",hash: ""cf6ab62e7f29297ad525949eae5fa49a""})"
"(:VERTEX {memory address: ""7f7e937ff000"",size: ""801000"",subtype: ""memory"",tgid: ""118045"",source: ""syscall"",type: ""Artifact"",version: ""0"",hash: ""2925dd0a7af28c0dea36cc7ece08947c""})"
"(:VERTEX {memory address: ""7f7e93800000"",size: ""800000"",subtype: ""memory"",tgid: ""118045"",source: ""syscall"",type: ""Artifact"",version: ""0"",hash: ""e9c2244b77e8af5a51a4bf973e408b1b""})"
"(:VERTEX {gid: ""0"",euid: ""999"",children pid namespace: ""4026532779"",start time: ""1690977439.044"",ns pid: ""8746"",pid: ""118054"",source: ""syscall"",type: ""Process"",net namespace: ""4026532705"",ipc namespace: ""4026532772"",ppid: ""118045"",pid namespace: ""4026532779"",cwd: ""/"",uid: ""999"",egid: ""0"",exe: ""/usr/bin/check-status"",mount namespace: ""4026532778"",command line: ""/usr/bin/check-status -l"",name: ""check-status"",hash: ""e9894e3c48c262202895cb838f20e9fc"",user namespace: ""4026531837""})"
"(:VERTEX {memory address: ""7f7e88000000"",size: ""4000000"",subtype: ""memory"",tgid: ""118045"",source: ""syscall"",type: ""Artifact"",version: ""0"",hash: ""a7be37d408289ffe429bf26a8f663f55""})"
"(:VERTEX {memory address: ""7f7e88000000"",size: ""21000"",subtype: ""memory"",tgid: ""118045"",source: ""syscall"",type: ""Artifact"",version: ""0"",hash: ""51e93b449ffe478dcbde02da68f56fd3""})"
"(:VERTEX {memory address: ""7f7ec0f0c000"",size: ""40000"",subtype: ""memory"",tgid: ""118045"",source: ""syscall"",type: ""Artifact"",version: ""0"",hash: ""ccf1f316ecea6fc49f351a8874514175""})"
"(:VERTEX {memory address: ""7f7e92ffe000"",size: ""801000"",subtype: ""memory"",tgid: ""118045"",source: ""syscall"",type: ""Artifact"",version: ""0"",hash: ""d7a88f84237af9255be8001f948a8e7b""})"
"(:VERTEX {memory address: ""7f7e92fff000"",size: ""800000"",subtype: ""memory"",tgid: ""118045"",source: ""syscall"",type: ""Artifact"",version: ""0"",hash: ""1925283d10b15041a7a51fcd4c20e02d""})"
"(:VERTEX {gid: ""0"",euid: ""999"",children pid namespace: ""4026532779"",start time: ""1690977439.044"",ns pid: ""8747"",pid: ""118055"",source: ""syscall"",type: ""Process"",net namespace: ""4026532705"",ipc namespace: ""4026532772"",ppid: ""118045"",pid namespace: ""4026532779"",cwd: ""/"",uid: ""999"",egid: ""0"",exe: ""/usr/bin/check-status"",mount namespace: ""4026532778"",command line: ""/usr/bin/check-status -l"",name: ""check-status"",hash: ""f00e5dec0e4b97b501c3a5d69fe8cd8e"",user namespace: ""4026531837""})"
"(:VERTEX {memory address: ""7f7e927fd000"",size: ""801000"",subtype: ""memory"",tgid: ""118045"",source: ""syscall"",type: ""Artifact"",version: ""0"",hash: ""9e76255dfe045ee2eb1f8bc25254bf5e""})"
"(:VERTEX {memory address: ""7f7e927fe000"",size: ""800000"",subtype: ""memory"",tgid: ""118045"",source: ""syscall"",type: ""Artifact"",version: ""0"",hash: ""8d315b9f3153b32ed317644d09d76c40""})"
"(:VERTEX {gid: ""0"",euid: ""999"",children pid namespace: ""4026532779"",start time: ""1690977439.044"",ns pid: ""8748"",pid: ""118056"",source: ""syscall"",type: ""Process"",net namespace: ""4026532705"",ipc namespace: ""4026532772"",ppid: ""118045"",pid namespace: ""4026532779"",cwd: ""/"",uid: ""999"",egid: ""0"",exe: ""/usr/bin/check-status"",mount namespace: ""4026532778"",command line: ""/usr/bin/check-status -l"",name: ""check-status"",hash: ""8c279e91d37161dc93e9ea792d3c023e"",user namespace: ""4026531837""})"
"(:VERTEX {remote port: ""53"",epoch: ""0"",source: ""syscall"",type: ""Artifact"",version: ""0"",local port: ""56202"",net namespace: ""-1"",local address: ""10.1.251.204"",protocol: ""udp"",subtype: ""network socket"",remote address: ""10.152.183.10"",hash: ""dcbb9d5eba3817b090dca224c904e4bf""})"
"(:VERTEX {remote port: ""53"",epoch: ""0"",source: ""syscall"",type: ""Artifact"",version: ""0"",local port: ""39444"",net namespace: ""-1"",local address: ""10.1.251.204"",protocol: ""udp"",subtype: ""network socket"",remote address: ""10.152.183.10"",hash: ""6e628137b7c6504de32a176394240daa""})"
"(:VERTEX {remote port: ""46394"",epoch: ""0"",source: ""syscall"",type: ""Artifact"",version: ""0"",local port: ""8080"",net namespace: ""-1"",local address: ""0000:0000:0000:0000:0000:0000:0000:0000"",protocol: ""tcp"",subtype: ""network socket"",remote address: ""0000:0000:0000:0000:0000:FFFF:C0A8:2F80"",hash: ""4a4dce58d91bc8aa57b16ab9973d58ec""})"
"(:VERTEX {remote port: ""46404"",epoch: ""0"",source: ""syscall"",type: ""Artifact"",version: ""0"",local port: ""8080"",net namespace: ""-1"",local address: ""0000:0000:0000:0000:0000:0000:0000:0000"",protocol: ""tcp"",subtype: ""network socket"",remote address: ""0000:0000:0000:0000:0000:FFFF:C0A8:2F80"",hash: ""dd7374fc07436818781bff667affb229""})"
"(:VERTEX {remote port: ""35302"",epoch: ""0"",source: ""syscall"",type: ""Artifact"",version: ""0"",local port: ""50051"",net namespace: ""-1"",local address: ""0000:0000:0000:0000:0000:0000:0000:0000"",protocol: ""tcp"",subtype: ""network socket"",remote address: ""0000:0000:0000:0000:0000:FFFF:C0A8:2F80"",hash: ""080bb2a47a212c449aafb1fbc3f888c6""})"
"(:VERTEX {remote port: ""35316"",epoch: ""0"",source: ""syscall"",type: ""Artifact"",version: ""0"",local port: ""50051"",net namespace: ""-1"",local address: ""0000:0000:0000:0000:0000:0000:0000:0000"",protocol: ""tcp"",subtype: ""network socket"",remote address: ""0000:0000:0000:0000:0000:FFFF:C0A8:2F80"",hash: ""84bb0eabd7e4c4f9207ecf922a5ce486""})"
"(:VERTEX {remote port: ""35416"",epoch: ""0"",source: ""syscall"",type: ""Artifact"",version: ""0"",local port: ""7000"",net namespace: ""-1"",local address: ""0000:0000:0000:0000:0000:0000:0000:0000"",protocol: ""tcp"",subtype: ""network socket"",remote address: ""0000:0000:0000:0000:0000:FFFF:C0A8:2F80"",hash: ""e38ce7339f74e41e872d9344960d8ac7""})"
"(:VERTEX {remote port: ""35430"",epoch: ""0"",source: ""syscall"",type: ""Artifact"",version: ""0"",local port: ""7000"",net namespace: ""-1"",local address: ""0000:0000:0000:0000:0000:0000:0000:0000"",protocol: ""tcp"",subtype: ""network socket"",remote address: ""0000:0000:0000:0000:0000:FFFF:C0A8:2F80"",hash: ""61ed4ea0269623b8240e2e1362f7fecf""})"
"(:VERTEX {remote port: ""58484"",epoch: ""0"",source: ""syscall"",type: ""Artifact"",version: ""0"",local port: ""5050"",net namespace: ""-1"",local address: ""0000:0000:0000:0000:0000:0000:0000:0000"",protocol: ""tcp"",subtype: ""network socket"",remote address: ""0000:0000:0000:0000:0000:FFFF:C0A8:2F80"",hash: ""9c5f98adf3361e5a5bda1d813e0ff5de""})"
"(:VERTEX {remote port: ""58496"",epoch: ""0"",source: ""syscall"",type: ""Artifact"",version: ""0"",local port: ""5050"",net namespace: ""-1"",local address: ""0000:0000:0000:0000:0000:0000:0000:0000"",protocol: ""tcp"",subtype: ""network socket"",remote address: ""0000:0000:0000:0000:0000:FFFF:C0A8:2F80"",hash: ""019cd9ee829066c1bd42462fb6d6c04f""})"
"(:VERTEX {remote port: ""35102"",epoch: ""0"",source: ""syscall"",type: ""Artifact"",version: ""0"",local port: ""6379"",net namespace: ""-1"",local address: ""0.0.0.0"",protocol: ""tcp"",subtype: ""network socket"",remote address: ""192.168.47.128"",hash: ""a109f1e1a98ceba7bc0b5c75d0645076""})"
"(:VERTEX {remote port: ""35092"",epoch: ""0"",source: ""syscall"",type: ""Artifact"",version: ""0"",local port: ""6379"",net namespace: ""-1"",local address: ""0.0.0.0"",protocol: ""tcp"",subtype: ""network socket"",remote address: ""192.168.47.128"",hash: ""72a42e84f8641f4f24eedb891b1ccd53""})"
"(:VERTEX {remote port: ""36124"",epoch: ""0"",source: ""syscall"",type: ""Artifact"",version: ""0"",local port: ""9555"",net namespace: ""-1"",local address: ""0000:0000:0000:0000:0000:0000:0000:0000"",protocol: ""tcp"",subtype: ""network socket"",remote address: ""0000:0000:0000:0000:0000:FFFF:C0A8:2F80"",hash: ""b6487bbc1035f3e780c8bd41697e2279""})"
"(:VERTEX {remote port: ""36112"",epoch: ""0"",source: ""syscall"",type: ""Artifact"",version: ""0"",local port: ""9555"",net namespace: ""-1"",local address: ""0000:0000:0000:0000:0000:0000:0000:0000"",protocol: ""tcp"",subtype: ""network socket"",remote address: ""0000:0000:0000:0000:0000:FFFF:C0A8:2F80"",hash: ""3106cc8d2cfe85412a77bc8e48dd2f2f""})"
"(:VERTEX {remote port: ""53012"",epoch: ""0"",source: ""syscall"",type: ""Artifact"",version: ""0"",local port: ""8080"",net namespace: ""-1"",local address: ""0000:0000:0000:0000:0000:0000:0000:0000"",protocol: ""tcp"",subtype: ""network socket"",remote address: ""0000:0000:0000:0000:0000:FFFF:C0A8:2F80"",hash: ""b3dedab71001a5d6cc0c263333e1b26a""})"
"(:VERTEX {remote port: ""53020"",epoch: ""0"",source: ""syscall"",type: ""Artifact"",version: ""0"",local port: ""8080"",net namespace: ""-1"",local address: ""0000:0000:0000:0000:0000:0000:0000:0000"",protocol: ""tcp"",subtype: ""network socket"",remote address: ""0000:0000:0000:0000:0000:FFFF:C0A8:2F80"",hash: ""5f5273b0d4801a8f10bb212727909f4f""})"
"(:VERTEX {remote port: ""53"",epoch: ""0"",source: ""syscall"",type: ""Artifact"",version: ""0"",local port: ""36825"",net namespace: ""-1"",local address: ""10.1.251.204"",protocol: ""udp"",subtype: ""network socket"",remote address: ""10.152.183.10"",hash: ""ea8ff31cada86e3481b4bf9e1b1e94f1""})"
"(:VERTEX {remote port: ""53"",epoch: ""0"",source: ""syscall"",type: ""Artifact"",version: ""0"",local port: ""42640"",net namespace: ""-1"",local address: ""10.1.251.204"",protocol: ""udp"",subtype: ""network socket"",remote address: ""10.152.183.10"",hash: ""2cb356d8a964cdf3089a1121e2e200d9""})"
"(:VERTEX {gid: ""1000"",euid: ""1000"",children pid namespace: ""-1"",pid: ""61631"",seen time: ""1690977442.921"",source: ""syscall"",type: ""Process"",net namespace: ""-1"",ipc namespace: ""-1"",ppid: ""59160"",pid namespace: ""-1"",uid: ""1000"",egid: ""1000"",mount namespace: ""-1"",name: ""server"",hash: ""ce4ac961177af408b44595f7b2cb8e79"",user namespace: ""-1""})"
"(:VERTEX {remote port: ""47552"",epoch: ""0"",source: ""syscall"",type: ""Artifact"",version: ""0"",local port: ""3550"",net namespace: ""-1"",local address: ""0000:0000:0000:0000:0000:0000:0000:0000"",protocol: ""tcp"",subtype: ""network socket"",remote address: ""0000:0000:0000:0000:0000:FFFF:C0A8:2F80"",hash: ""df26a9735564eabea247ea652a5be282""})"
"(:VERTEX {remote port: ""36592"",epoch: ""0"",source: ""syscall"",type: ""Artifact"",version: ""0"",local port: ""50051"",net namespace: ""-1"",local address: ""0000:0000:0000:0000:0000:0000:0000:0000"",protocol: ""tcp"",subtype: ""network socket"",remote address: ""0000:0000:0000:0000:0000:FFFF:C0A8:2F80"",hash: ""8ede2002e3cdf690634eecd064a4e622""})"
"(:VERTEX {remote port: ""47556"",epoch: ""0"",source: ""syscall"",type: ""Artifact"",version: ""0"",local port: ""3550"",net namespace: ""-1"",local address: ""0000:0000:0000:0000:0000:0000:0000:0000"",protocol: ""tcp"",subtype: ""network socket"",remote address: ""0000:0000:0000:0000:0000:FFFF:C0A8:2F80"",hash: ""c19637cc5b9682a5c34d5e50f5902c62""})"
"(:VERTEX {remote port: ""36596"",epoch: ""0"",source: ""syscall"",type: ""Artifact"",version: ""0"",local port: ""50051"",net namespace: ""-1"",local address: ""0000:0000:0000:0000:0000:0000:0000:0000"",protocol: ""tcp"",subtype: ""network socket"",remote address: ""0000:0000:0000:0000:0000:FFFF:C0A8:2F80"",hash: ""c96c14e26ad3c66c5224b9c92d1b5e46""})"
"(:VERTEX {remote port: ""48398"",epoch: ""0"",source: ""syscall"",type: ""Artifact"",version: ""0"",local port: ""7070"",net namespace: ""-1"",local address: ""0000:0000:0000:0000:0000:0000:0000:0000"",protocol: ""tcp"",subtype: ""network socket"",remote address: ""0000:0000:0000:0000:0000:FFFF:C0A8:2F80"",hash: ""d7ccdbd75ac71ca2f5f275c19e3129a9""})"
"(:VERTEX {remote port: ""46800"",epoch: ""0"",source: ""syscall"",type: ""Artifact"",version: ""0"",local port: ""8080"",net namespace: ""-1"",local address: ""0000:0000:0000:0000:0000:0000:0000:0000"",protocol: ""tcp"",subtype: ""network socket"",remote address: ""0000:0000:0000:0000:0000:FFFF:C0A8:2F80"",hash: ""561897e081ff8ef2d0c9e10af4a4abdf""})"
"(:VERTEX {remote port: ""46804"",epoch: ""0"",source: ""syscall"",type: ""Artifact"",version: ""0"",local port: ""8080"",net namespace: ""-1"",local address: ""0000:0000:0000:0000:0000:0000:0000:0000"",protocol: ""tcp"",subtype: ""network socket"",remote address: ""0000:0000:0000:0000:0000:FFFF:C0A8:2F80"",hash: ""65e97487a35f97024b35a2cc80c56cc1""})"
"(:VERTEX {remote port: ""48402"",epoch: ""0"",source: ""syscall"",type: ""Artifact"",version: ""0"",local port: ""7070"",net namespace: ""-1"",local address: ""0000:0000:0000:0000:0000:0000:0000:0000"",protocol: ""tcp"",subtype: ""network socket"",remote address: ""0000:0000:0000:0000:0000:FFFF:C0A8:2F80"",hash: ""e2a705ad56ee3fc183c5c6ab017fa8ab""})"
"(:VERTEX {remote port: ""53"",epoch: ""0"",source: ""syscall"",type: ""Artifact"",version: ""0"",local port: ""59496"",net namespace: ""-1"",local address: ""10.1.251.204"",protocol: ""udp"",subtype: ""network socket"",remote address: ""10.152.183.10"",hash: ""d5d65ff9ca5e4b90276cdfe06348e7a8""})"
"(:VERTEX {remote port: ""53"",epoch: ""0"",source: ""syscall"",type: ""Artifact"",version: ""0"",local port: ""47597"",net namespace: ""-1"",local address: ""10.1.251.204"",protocol: ""udp"",subtype: ""network socket"",remote address: ""10.152.183.10"",hash: ""fb10941c982958acaedde92a3541483a""})"
"(:VERTEX {gid: ""0"",euid: ""999"",children pid namespace: ""-1"",pid: ""118292"",seen time: ""1690977446.892"",source: ""syscall"",type: ""Process"",net namespace: ""-1"",ipc namespace: ""-1"",ppid: ""118281"",pid namespace: ""-1"",uid: ""999"",egid: ""0"",exe: ""/"",mount namespace: ""-1"",name: ""runc:[2:INIT]"",hash: ""018a76508fc6a54092461b42423d94d0"",user namespace: ""-1""})"
"(:VERTEX {path: ""/proc/118292/attr/apparmor/exec"",subtype: ""file"",permissions: ""0666"",epoch: ""0"",source: ""syscall"",type: ""Artifact"",version: ""0"",hash: ""41f01c4a73ec00bd90d00a192709f0e0""})"
"(:VERTEX {gid: ""0"",euid: ""999"",children pid namespace: ""-1"",start time: ""1690977446.892"",pid: ""118292"",source: ""syscall"",type: ""Process"",net namespace: ""-1"",ipc namespace: ""-1"",ppid: ""118281"",pid namespace: ""-1"",cwd: ""/"",uid: ""999"",egid: ""0"",exe: ""/usr/bin/check-status"",mount namespace: ""-1"",command line: ""/usr/bin/check-status -r"",name: ""check-status"",hash: ""fde709cb67a7930fb31003290ef021d2"",user namespace: ""-1""})"
"(:VERTEX {memory address: ""7f41855ec000"",size: ""2000"",subtype: ""memory"",tgid: ""118292"",source: ""syscall"",type: ""Artifact"",version: ""0"",hash: ""97887883e5a7a2751ce748961af94418""})"
"(:VERTEX {memory address: ""7f41851a1000"",size: ""21f4c0"",subtype: ""memory"",tgid: ""118292"",source: ""syscall"",type: ""Artifact"",version: ""0"",hash: ""616c370a2580f14fa5c00cf09b84e489""})"
"(:VERTEX {memory address: ""7f41851bc000"",size: ""1ff000"",subtype: ""memory"",tgid: ""118292"",source: ""syscall"",type: ""Artifact"",version: ""0"",hash: ""fa8c70940d250eb524ab64145b859fff""})"
"(:VERTEX {memory address: ""7f41853bb000"",size: ""2000"",subtype: ""memory"",tgid: ""118292"",source: ""syscall"",type: ""Artifact"",version: ""0"",hash: ""b5662528d08e868ba1a587908d093128""})"
"(:VERTEX {memory address: ""7f41853bd000"",size: ""34c0"",subtype: ""memory"",tgid: ""118292"",source: ""syscall"",type: ""Artifact"",version: ""0"",hash: ""e5392d1f7d8ed1b47c791ce7e7aa55fb""})"
"(:VERTEX {memory address: ""7f4184ddb000"",size: ""3c58c0"",subtype: ""memory"",tgid: ""118292"",source: ""syscall"",type: ""Artifact"",version: ""0"",hash: ""40e292b67b6fa8987d0491354e174256""})"
"(:VERTEX {memory address: ""7f4184f97000"",size: ""200000"",subtype: ""memory"",tgid: ""118292"",source: ""syscall"",type: ""Artifact"",version: ""0"",hash: ""a3cd4191c996eed694589fbe84b099c5""})"
"(:VERTEX {memory address: ""7f4185197000"",size: ""6000"",subtype: ""memory"",tgid: ""118292"",source: ""syscall"",type: ""Artifact"",version: ""0"",hash: ""864fc787f64064d98e31734d59cc393d""})"
"(:VERTEX {memory address: ""7f418519d000"",size: ""38c0"",subtype: ""memory"",tgid: ""118292"",source: ""syscall"",type: ""Artifact"",version: ""0"",hash: ""a094a5d0561e070b33fb08e39bd2ee72""})"
"(:VERTEX {memory address: ""7f41855e9000"",size: ""3000"",subtype: ""memory"",tgid: ""118292"",source: ""syscall"",type: ""Artifact"",version: ""0"",hash: ""4193804edd2bd628f7c89f35ef357fd7""})"
"(:VERTEX {memory address: ""7f4185197000"",size: ""4000"",subtype: ""memory"",tgid: ""118292"",source: ""syscall"",type: ""Artifact"",version: ""0"",hash: ""483bf9e5933eb123e1c15490831264c9""})"
"(:VERTEX {memory address: ""7f41853bb000"",size: ""1000"",subtype: ""memory"",tgid: ""118292"",source: ""syscall"",type: ""Artifact"",version: ""0"",hash: ""c1d902a55b26b559b9832ef6aad26131""})"
"(:VERTEX {memory address: ""7f41855ee000"",size: ""1000"",subtype: ""memory"",tgid: ""118292"",source: ""syscall"",type: ""Artifact"",version: ""0"",hash: ""718c28156e858ad39639081783c4b1fb""})"
"(:VERTEX {memory address: ""7f41855a9000"",size: ""40000"",subtype: ""memory"",tgid: ""118292"",source: ""syscall"",type: ""Artifact"",version: ""0"",hash: ""fa802ac19b905497c72300b0298fbfff""})"
"(:VERTEX {memory address: ""7f4185589000"",size: ""20000"",subtype: ""memory"",tgid: ""118292"",source: ""syscall"",type: ""Artifact"",version: ""0"",hash: ""5718641d7da5bce459a858ace9140fca""})"
"(:VERTEX {memory address: ""7f4185489000"",size: ""100000"",subtype: ""memory"",tgid: ""118292"",source: ""syscall"",type: ""Artifact"",version: ""0"",hash: ""8e1f04d7834bd3bd553f995bb06c4192""})"
"(:VERTEX {memory address: ""7f41845db000"",size: ""800000"",subtype: ""memory"",tgid: ""118292"",source: ""syscall"",type: ""Artifact"",version: ""0"",hash: ""78f2048a4531080b74e96c83fce87f88""})"
"(:VERTEX {memory address: ""7f41805db000"",size: ""4000000"",subtype: ""memory"",tgid: ""118292"",source: ""syscall"",type: ""Artifact"",version: ""0"",hash: ""6a3c1dc467afbde81e6ecce0d52050ba""})"
"(:VERTEX {memory address: ""7f41605db000"",size: ""20000000"",subtype: ""memory"",tgid: ""118292"",source: ""syscall"",type: ""Artifact"",version: ""0"",hash: ""09da5a5138544cb4598be5de1e871e7e""})"
"(:VERTEX {memory address: ""c000000000"",size: ""4000000"",subtype: ""memory"",tgid: ""118292"",source: ""syscall"",type: ""Artifact"",version: ""0"",hash: ""1e464a8734b7054dcbda862865580c35""})"
"(:VERTEX {memory address: ""7f415e5db000"",size: ""2000000"",subtype: ""memory"",tgid: ""118292"",source: ""syscall"",type: ""Artifact"",version: ""0"",hash: ""451d8dc259768641fc5f884ca882026c""})"
"(:VERTEX {memory address: ""7f415e3ca000"",size: ""210c10"",subtype: ""memory"",tgid: ""118292"",source: ""syscall"",type: ""Artifact"",version: ""0"",hash: ""9587c072106507765c88f8e0be097b8a""})"
"(:VERTEX {memory address: ""c000000000"",size: ""400000"",subtype: ""memory"",tgid: ""118292"",source: ""syscall"",type: ""Artifact"",version: ""0"",hash: ""095c58c8c2a3209ac8d19525e462405f""})"
"(:VERTEX {memory address: ""7f4185589000"",size: ""20000"",subtype: ""memory"",tgid: ""118292"",source: ""syscall"",type: ""Artifact"",version: ""1"",hash: ""f5b567216369ab129ebee08ab33f9373""})"
"(:VERTEX {memory address: ""7f4185509000"",size: ""1000"",subtype: ""memory"",tgid: ""118292"",source: ""syscall"",type: ""Artifact"",version: ""0"",hash: ""bf54ff133c2f2058c130ea73443bcd0b""})"
"(:VERTEX {memory address: ""7f41849e1000"",size: ""1000"",subtype: ""memory"",tgid: ""118292"",source: ""syscall"",type: ""Artifact"",version: ""0"",hash: ""86913c7a31707e0365afab03aa463731""})"
"(:VERTEX {memory address: ""7f418260b000"",size: ""1000"",subtype: ""memory"",tgid: ""118292"",source: ""syscall"",type: ""Artifact"",version: ""0"",hash: ""f67fce699d601abda87a3c9bf4f7963c""})"
"(:VERTEX {memory address: ""7f417075b000"",size: ""1000"",subtype: ""memory"",tgid: ""118292"",source: ""syscall"",type: ""Artifact"",version: ""0"",hash: ""1ac157878321102dcb180db2fdb5cfb1""})"
"(:VERTEX {memory address: ""7f415e2ca000"",size: ""100000"",subtype: ""memory"",tgid: ""118292"",source: ""syscall"",type: ""Artifact"",version: ""0"",hash: ""ac31669ea676255d2822ef5e37e77484""})"
"(:VERTEX {memory address: ""7f4185479000"",size: ""10000"",subtype: ""memory"",tgid: ""118292"",source: ""syscall"",type: ""Artifact"",version: ""0"",hash: ""66d3f7858bb26eb49c8c189b116d1f48""})"
"(:VERTEX {memory address: ""7f4185469000"",size: ""10000"",subtype: ""memory"",tgid: ""118292"",source: ""syscall"",type: ""Artifact"",version: ""0"",hash: ""df4e9a847c3e06ebcefc207b996467ae""})"
"(:VERTEX {memory address: ""7f415dac9000"",size: ""801000"",subtype: ""memory"",tgid: ""118292"",source: ""syscall"",type: ""Artifact"",version: ""0"",hash: ""3982345df6f9562813e18416fbbe17df""})"
"(:VERTEX {memory address: ""7f415daca000"",size: ""800000"",subtype: ""memory"",tgid: ""118292"",source: ""syscall"",type: ""Artifact"",version: ""0"",hash: ""747523022b3a13cfdae099432448a500""})"
"(:VERTEX {gid: ""0"",euid: ""999"",children pid namespace: ""4026532779"",start time: ""1690977446.895"",ns pid: ""8756"",pid: ""118299"",source: ""syscall"",type: ""Process"",net namespace: ""4026532705"",ipc namespace: ""4026532772"",ppid: ""118292"",pid namespace: ""4026532779"",cwd: ""/"",uid: ""999"",egid: ""0"",exe: ""/usr/bin/check-status"",mount namespace: ""4026532778"",command line: ""/usr/bin/check-status -r"",name: ""check-status"",hash: ""882fcb1c58269c9e89e6415989c15f0f"",user namespace: ""4026531837""})"
"(:VERTEX {memory address: ""7f4155ac9000"",size: ""8000000"",subtype: ""memory"",tgid: ""118292"",source: ""syscall"",type: ""Artifact"",version: ""0"",hash: ""6f446b5cb9d6fcee055837102f297e0f""})"
"(:VERTEX {memory address: ""7f4158000000"",size: ""21000"",subtype: ""memory"",tgid: ""118292"",source: ""syscall"",type: ""Artifact"",version: ""0"",hash: ""8cb994ed4a12f0d90ecc094ae3ab3425""})"
"(:VERTEX {memory address: ""7f415d2c8000"",size: ""801000"",subtype: ""memory"",tgid: ""118292"",source: ""syscall"",type: ""Artifact"",version: ""0"",hash: ""1c4c426b0636ba93bd8cbe0de0ed78ae""})"
"(:VERTEX {memory address: ""7f415d2c9000"",size: ""800000"",subtype: ""memory"",tgid: ""118292"",source: ""syscall"",type: ""Artifact"",version: ""0"",hash: ""8c760dce77bd18bda71f7adac0391e89""})"
"(:VERTEX {gid: ""0"",euid: ""999"",children pid namespace: ""4026532779"",start time: ""1690977446.895"",ns pid: ""8757"",pid: ""118300"",source: ""syscall"",type: ""Process"",net namespace: ""4026532705"",ipc namespace: ""4026532772"",ppid: ""118292"",pid namespace: ""4026532779"",cwd: ""/"",uid: ""999"",egid: ""0"",exe: ""/usr/bin/check-status"",mount namespace: ""4026532778"",command line: ""/usr/bin/check-status -r"",name: ""check-status"",hash: ""320cf3cb8b221bf2ef6b553c6db84f91"",user namespace: ""4026531837""})"
"(:VERTEX {memory address: ""7f4150000000"",size: ""8000000"",subtype: ""memory"",tgid: ""118292"",source: ""syscall"",type: ""Artifact"",version: ""0"",hash: ""86f1911920814854f0f336cdabe5c60d""})"
"(:VERTEX {memory address: ""7f4150000000"",size: ""21000"",subtype: ""memory"",tgid: ""118292"",source: ""syscall"",type: ""Artifact"",version: ""0"",hash: ""c5e10ddd2fcd5cdd843df0b7444765a2""})"
"(:VERTEX {memory address: ""7f415cac7000"",size: ""801000"",subtype: ""memory"",tgid: ""118292"",source: ""syscall"",type: ""Artifact"",version: ""0"",hash: ""f4e18cd7b72764a99cf9d61a1f8cbd36""})"
"(:VERTEX {memory address: ""7f415cac8000"",size: ""800000"",subtype: ""memory"",tgid: ""118292"",source: ""syscall"",type: ""Artifact"",version: ""0"",hash: ""d0edde0ed0988b6891d95f21bb789482""})"
"(:VERTEX {gid: ""0"",euid: ""999"",children pid namespace: ""4026532779"",start time: ""1690977446.895"",ns pid: ""8758"",pid: ""118301"",source: ""syscall"",type: ""Process"",net namespace: ""4026532705"",ipc namespace: ""4026532772"",ppid: ""118292"",pid namespace: ""4026532779"",cwd: ""/"",uid: ""999"",egid: ""0"",exe: ""/usr/bin/check-status"",mount namespace: ""4026532778"",command line: ""/usr/bin/check-status -r"",name: ""check-status"",hash: ""a3c46ec65280a909a3e20ff30ca57b07"",user namespace: ""4026531837""})"
"(:VERTEX {memory address: ""7f415c2c6000"",size: ""801000"",subtype: ""memory"",tgid: ""118292"",source: ""syscall"",type: ""Artifact"",version: ""0"",hash: ""013c23d5049391407784fd0ef6658276""})"
"(:VERTEX {memory address: ""7f415c2c7000"",size: ""800000"",subtype: ""memory"",tgid: ""118292"",source: ""syscall"",type: ""Artifact"",version: ""0"",hash: ""eb9c3ab9a37fcb8f88624068f42a5e0f""})"
"(:VERTEX {memory address: ""7f4154000000"",size: ""4000000"",subtype: ""memory"",tgid: ""118292"",source: ""syscall"",type: ""Artifact"",version: ""0"",hash: ""e122e42bd035ed550c50e7f65b2243a3""})"
"(:VERTEX {memory address: ""7f4154000000"",size: ""21000"",subtype: ""memory"",tgid: ""118292"",source: ""syscall"",type: ""Artifact"",version: ""0"",hash: ""7930784dcb2fe306dce5ac9565fef13f""})"
"(:VERTEX {gid: ""0"",euid: ""999"",children pid namespace: ""4026532779"",start time: ""1690977446.895"",ns pid: ""8759"",pid: ""118302"",source: ""syscall"",type: ""Process"",net namespace: ""4026532705"",ipc namespace: ""4026532772"",ppid: ""118292"",pid namespace: ""4026532779"",cwd: ""/"",uid: ""999"",egid: ""0"",exe: ""/usr/bin/check-status"",mount namespace: ""4026532778"",command line: ""/usr/bin/check-status -r"",name: ""check-status"",hash: ""e7aaa85afcf38c6b4c6a087253f24f3f"",user namespace: ""4026531837""})"
"(:VERTEX {memory address: ""7f4185429000"",size: ""40000"",subtype: ""memory"",tgid: ""118292"",source: ""syscall"",type: ""Artifact"",version: ""0"",hash: ""6f547bfed577f0e7c24ebd731b50efe3""})"
"(:VERTEX {memory address: ""7f4148000000"",size: ""8000000"",subtype: ""memory"",tgid: ""118292"",source: ""syscall"",type: ""Artifact"",version: ""0"",hash: ""8fc3f3fb19236b3371683d21dac9e61b""})"
"(:VERTEX {memory address: ""7f414f7ff000"",size: ""801000"",subtype: ""memory"",tgid: ""118292"",source: ""syscall"",type: ""Artifact"",version: ""0"",hash: ""193b4de971c34c08064c7e89b2faf455""})"
"(:VERTEX {memory address: ""7f4148000000"",size: ""21000"",subtype: ""memory"",tgid: ""118292"",source: ""syscall"",type: ""Artifact"",version: ""0"",hash: ""610097102978175a1743061a1dd27e2e""})"
"(:VERTEX {memory address: ""7f414f800000"",size: ""800000"",subtype: ""memory"",tgid: ""118292"",source: ""syscall"",type: ""Artifact"",version: ""0"",hash: ""a9873d67fc62095307856749272ae931""})"
"(:VERTEX {gid: ""0"",euid: ""999"",children pid namespace: ""4026532779"",start time: ""1690977446.895"",ns pid: ""8760"",pid: ""118303"",source: ""syscall"",type: ""Process"",net namespace: ""4026532705"",ipc namespace: ""4026532772"",ppid: ""118292"",pid namespace: ""4026532779"",cwd: ""/"",uid: ""999"",egid: ""0"",exe: ""/usr/bin/check-status"",mount namespace: ""4026532778"",command line: ""/usr/bin/check-status -r"",name: ""check-status"",hash: ""e55c2f12973c7e78261581bc5b8e8813"",user namespace: ""4026531837""})"
"(:VERTEX {memory address: ""7f414effe000"",size: ""801000"",subtype: ""memory"",tgid: ""118292"",source: ""syscall"",type: ""Artifact"",version: ""0"",hash: ""64367a6bc2edb61474e482f2f5c9d83f""})"
"(:VERTEX {memory address: ""7f414efff000"",size: ""800000"",subtype: ""memory"",tgid: ""118292"",source: ""syscall"",type: ""Artifact"",version: ""0"",hash: ""c8fb4c512fdf5e7a88def30b098f82ef""})"
"(:VERTEX {gid: ""0"",euid: ""999"",children pid namespace: ""4026532779"",start time: ""1690977446.895"",ns pid: ""8761"",pid: ""118304"",source: ""syscall"",type: ""Process"",net namespace: ""4026532705"",ipc namespace: ""4026532772"",ppid: ""118292"",pid namespace: ""4026532779"",cwd: ""/"",uid: ""999"",egid: ""0"",exe: ""/usr/bin/check-status"",mount namespace: ""4026532778"",command line: ""/usr/bin/check-status -r"",name: ""check-status"",hash: ""ca18ada5cb5e88ccd6e10bf2559906e6"",user namespace: ""4026531837""})"
"(:VERTEX {memory address: ""7f415c286000"",size: ""40000"",subtype: ""memory"",tgid: ""118292"",source: ""syscall"",type: ""Artifact"",version: ""0"",hash: ""2a60d44116b034cce08d49d953007abe""})"
"(:VERTEX {remote port: ""53"",epoch: ""0"",source: ""syscall"",type: ""Artifact"",version: ""0"",local port: ""59989"",net namespace: ""-1"",local address: ""10.1.251.204"",protocol: ""udp"",subtype: ""network socket"",remote address: ""10.152.183.10"",hash: ""e6b6df7bd91cc9dda2b226303faea47d""})"
"(:VERTEX {remote port: ""53"",epoch: ""0"",source: ""syscall"",type: ""Artifact"",version: ""0"",local port: ""37004"",net namespace: ""-1"",local address: ""10.1.251.204"",protocol: ""udp"",subtype: ""network socket"",remote address: ""10.152.183.10"",hash: ""f6ce3a12b3cdf4a1cd4f95276011ca22""})"
"(:VERTEX {remote port: ""33122"",epoch: ""0"",source: ""syscall"",type: ""Artifact"",version: ""0"",local port: ""8080"",net namespace: ""-1"",local address: ""0000:0000:0000:0000:0000:0000:0000:0000"",protocol: ""tcp"",subtype: ""network socket"",remote address: ""0000:0000:0000:0000:0000:FFFF:C0A8:2F80"",hash: ""aa9bce97086568637613607f59735af5""})"
"(:VERTEX {remote port: ""33118"",epoch: ""0"",source: ""syscall"",type: ""Artifact"",version: ""0"",local port: ""8080"",net namespace: ""-1"",local address: ""0000:0000:0000:0000:0000:0000:0000:0000"",protocol: ""tcp"",subtype: ""network socket"",remote address: ""0000:0000:0000:0000:0000:FFFF:C0A8:2F80"",hash: ""71fdd0688fbf975344c905c6a5cbf6c2""})"
"(:VERTEX {remote port: ""51994"",epoch: ""0"",source: ""syscall"",type: ""Artifact"",version: ""0"",local port: ""50051"",net namespace: ""-1"",local address: ""0000:0000:0000:0000:0000:0000:0000:0000"",protocol: ""tcp"",subtype: ""network socket"",remote address: ""0000:0000:0000:0000:0000:FFFF:C0A8:2F80"",hash: ""45853439336b770bbb49cede4b7dcf97""})"
"(:VERTEX {remote port: ""50562"",epoch: ""0"",source: ""syscall"",type: ""Artifact"",version: ""0"",local port: ""6379"",net namespace: ""-1"",local address: ""0.0.0.0"",protocol: ""tcp"",subtype: ""network socket"",remote address: ""192.168.47.128"",hash: ""32da37fc9f1d8ca818ef771c3318d96b""})"
"(:VERTEX {remote port: ""50572"",epoch: ""0"",source: ""syscall"",type: ""Artifact"",version: ""0"",local port: ""6379"",net namespace: ""-1"",local address: ""0.0.0.0"",protocol: ""tcp"",subtype: ""network socket"",remote address: ""192.168.47.128"",hash: ""644cfcde9126a44695d039e9f43f3792""})"
"(:VERTEX {remote port: ""41000"",epoch: ""0"",source: ""syscall"",type: ""Artifact"",version: ""0"",local port: ""8080"",net namespace: ""-1"",local address: ""0000:0000:0000:0000:0000:0000:0000:0000"",protocol: ""tcp"",subtype: ""network socket"",remote address: ""0000:0000:0000:0000:0000:FFFF:C0A8:2F80"",hash: ""7d97a40663381c9f1d0a9d955a529259""})"
"(:VERTEX {remote port: ""40988"",epoch: ""0"",source: ""syscall"",type: ""Artifact"",version: ""0"",local port: ""8080"",net namespace: ""-1"",local address: ""0000:0000:0000:0000:0000:0000:0000:0000"",protocol: ""tcp"",subtype: ""network socket"",remote address: ""0000:0000:0000:0000:0000:FFFF:C0A8:2F80"",hash: ""fa435150bb94df15c7149c4c6bec739a""})"
"(:VERTEX {gid: ""0"",euid: ""999"",children pid namespace: ""-1"",pid: ""118325"",seen time: ""1690977449.055"",source: ""syscall"",type: ""Process"",net namespace: ""-1"",ipc namespace: ""-1"",ppid: ""118315"",pid namespace: ""-1"",uid: ""999"",egid: ""0"",exe: ""/"",mount namespace: ""-1"",name: ""runc:[2:INIT]"",hash: ""7edeca0efacf855a3be32a2ada0fce63"",user namespace: ""-1""})"
"(:VERTEX {path: ""/proc/118325/attr/apparmor/exec"",subtype: ""file"",permissions: ""0666"",epoch: ""0"",source: ""syscall"",type: ""Artifact"",version: ""0"",hash: ""6354b1decf9371b971e0d777a450c1fb""})"
"(:VERTEX {gid: ""0"",euid: ""999"",children pid namespace: ""-1"",start time: ""1690977449.055"",pid: ""118325"",source: ""syscall"",type: ""Process"",net namespace: ""-1"",ipc namespace: ""-1"",ppid: ""118315"",pid namespace: ""-1"",cwd: ""/"",uid: ""999"",egid: ""0"",exe: ""/usr/bin/check-status"",mount namespace: ""-1"",command line: ""/usr/bin/check-status -l"",name: ""check-status"",hash: ""9bf3faecd520cccebc8a578046470bd2"",user namespace: ""-1""})"
"(:VERTEX {memory address: ""7fd05fd02000"",size: ""2000"",subtype: ""memory"",tgid: ""118325"",source: ""syscall"",type: ""Artifact"",version: ""0"",hash: ""2ba980ad0443916360b3473698093986""})"
"(:VERTEX {memory address: ""7fd05f8b7000"",size: ""21f4c0"",subtype: ""memory"",tgid: ""118325"",source: ""syscall"",type: ""Artifact"",version: ""0"",hash: ""787c14ebac27a664b932a9d75817865c""})"
"(:VERTEX {memory address: ""7fd05f8d2000"",size: ""1ff000"",subtype: ""memory"",tgid: ""118325"",source: ""syscall"",type: ""Artifact"",version: ""0"",hash: ""980f8971cc99cace686282d2206b3949""})"
"(:VERTEX {memory address: ""7fd05fad1000"",size: ""2000"",subtype: ""memory"",tgid: ""118325"",source: ""syscall"",type: ""Artifact"",version: ""0"",hash: ""90b7a8f060dd80dd4dfa02a8f7eed6e7""})"
"(:VERTEX {memory address: ""7fd05fad3000"",size: ""34c0"",subtype: ""memory"",tgid: ""118325"",source: ""syscall"",type: ""Artifact"",version: ""0"",hash: ""99f476cc61fc8e39ba0239f9bfd07d19""})"
"(:VERTEX {memory address: ""7fd05f4f1000"",size: ""3c58c0"",subtype: ""memory"",tgid: ""118325"",source: ""syscall"",type: ""Artifact"",version: ""0"",hash: ""da89b1089c0b86eec0f2de44678257b7""})"
"(:VERTEX {memory address: ""7fd05f6ad000"",size: ""200000"",subtype: ""memory"",tgid: ""118325"",source: ""syscall"",type: ""Artifact"",version: ""0"",hash: ""68da0ff1c5507aed81b9f889967e0102""})"
"(:VERTEX {memory address: ""7fd05f8ad000"",size: ""6000"",subtype: ""memory"",tgid: ""118325"",source: ""syscall"",type: ""Artifact"",version: ""0"",hash: ""da58625debf7ed8fd3122fc581c02a56""})"
"(:VERTEX {memory address: ""7fd05f8b3000"",size: ""38c0"",subtype: ""memory"",tgid: ""118325"",source: ""syscall"",type: ""Artifact"",version: ""0"",hash: ""c85ab3add6cd41c6bda72b9134ac7321""})"
"(:VERTEX {memory address: ""7fd05fcff000"",size: ""3000"",subtype: ""memory"",tgid: ""118325"",source: ""syscall"",type: ""Artifact"",version: ""0"",hash: ""6f3fc172d4f1998076bdfc10d1761644""})"
"(:VERTEX {memory address: ""7fd05f8ad000"",size: ""4000"",subtype: ""memory"",tgid: ""118325"",source: ""syscall"",type: ""Artifact"",version: ""0"",hash: ""f92e1dae35a695b8e4549083f2309815""})"
"(:VERTEX {memory address: ""7fd05fad1000"",size: ""1000"",subtype: ""memory"",tgid: ""118325"",source: ""syscall"",type: ""Artifact"",version: ""0"",hash: ""3fb60ca6b81e81aea81e2d271051f3ef""})"
"(:VERTEX {memory address: ""7fd05fd04000"",size: ""1000"",subtype: ""memory"",tgid: ""118325"",source: ""syscall"",type: ""Artifact"",version: ""0"",hash: ""b40d995e828bd84fa4df9f45a39009d1""})"
"(:VERTEX {memory address: ""7fd05fcbf000"",size: ""40000"",subtype: ""memory"",tgid: ""118325"",source: ""syscall"",type: ""Artifact"",version: ""0"",hash: ""60cf84b1c598504e6d52ce9d5e21fa76""})"
"(:VERTEX {memory address: ""7fd05fc9f000"",size: ""20000"",subtype: ""memory"",tgid: ""118325"",source: ""syscall"",type: ""Artifact"",version: ""0"",hash: ""dd68efbf37d948ac87491c114130cdcc""})"
"(:VERTEX {memory address: ""7fd05fb9f000"",size: ""100000"",subtype: ""memory"",tgid: ""118325"",source: ""syscall"",type: ""Artifact"",version: ""0"",hash: ""e3841a84191fcfef5d747f52e945dd10""})"
"(:VERTEX {memory address: ""7fd05ecf1000"",size: ""800000"",subtype: ""memory"",tgid: ""118325"",source: ""syscall"",type: ""Artifact"",version: ""0"",hash: ""6c3a73a9c812518954bc41651ea7b447""})"
"(:VERTEX {memory address: ""7fd05acf1000"",size: ""4000000"",subtype: ""memory"",tgid: ""118325"",source: ""syscall"",type: ""Artifact"",version: ""0"",hash: ""ca2412fd7a4a4f1c09e12c2b46506248""})"
"(:VERTEX {memory address: ""7fd03acf1000"",size: ""20000000"",subtype: ""memory"",tgid: ""118325"",source: ""syscall"",type: ""Artifact"",version: ""0"",hash: ""64fa69f02540141b5859671d5689bd15""})"
"(:VERTEX {memory address: ""c000000000"",size: ""4000000"",subtype: ""memory"",tgid: ""118325"",source: ""syscall"",type: ""Artifact"",version: ""0"",hash: ""4fa4ffab44c4bc62910e2e76e29b4c16""})"
"(:VERTEX {memory address: ""7fd038cf1000"",size: ""2000000"",subtype: ""memory"",tgid: ""118325"",source: ""syscall"",type: ""Artifact"",version: ""0"",hash: ""fefbafa93c34c9426c620d0e33ef6d05""})"
"(:VERTEX {memory address: ""7fd038ae0000"",size: ""210c10"",subtype: ""memory"",tgid: ""118325"",source: ""syscall"",type: ""Artifact"",version: ""0"",hash: ""f4208baf1ff510919b9c73d74a42845f""})"
"(:VERTEX {memory address: ""c000000000"",size: ""400000"",subtype: ""memory"",tgid: ""118325"",source: ""syscall"",type: ""Artifact"",version: ""0"",hash: ""41261b9bc8ec7a7e9acea4185b1b7653""})"
"(:VERTEX {memory address: ""7fd05fc9f000"",size: ""20000"",subtype: ""memory"",tgid: ""118325"",source: ""syscall"",type: ""Artifact"",version: ""1"",hash: ""dc1343810156c61f935ab79d4f0efd25""})"
"(:VERTEX {memory address: ""7fd05fc1f000"",size: ""1000"",subtype: ""memory"",tgid: ""118325"",source: ""syscall"",type: ""Artifact"",version: ""0"",hash: ""45977ee76767678fc025abf0548b24db""})"
"(:VERTEX {memory address: ""7fd05f0f7000"",size: ""1000"",subtype: ""memory"",tgid: ""118325"",source: ""syscall"",type: ""Artifact"",version: ""0"",hash: ""61301b556f2fd9a59518e69f6b8530a5""})"
"(:VERTEX {memory address: ""7fd05cd21000"",size: ""1000"",subtype: ""memory"",tgid: ""118325"",source: ""syscall"",type: ""Artifact"",version: ""0"",hash: ""2bcefa06f8897dd03d7c20e63afd4ade""})"
"(:VERTEX {memory address: ""7fd04ae71000"",size: ""1000"",subtype: ""memory"",tgid: ""118325"",source: ""syscall"",type: ""Artifact"",version: ""0"",hash: ""477775007a5d0bb09f3ef008c92d2bd8""})"
"(:VERTEX {memory address: ""7fd0389e0000"",size: ""100000"",subtype: ""memory"",tgid: ""118325"",source: ""syscall"",type: ""Artifact"",version: ""0"",hash: ""c3b8b71f452a679d970696d83507b37e""})"
"(:VERTEX {memory address: ""7fd05fb8f000"",size: ""10000"",subtype: ""memory"",tgid: ""118325"",source: ""syscall"",type: ""Artifact"",version: ""0"",hash: ""ea33987304d647df845c43b96ae7f15e""})"
"(:VERTEX {memory address: ""7fd05fb7f000"",size: ""10000"",subtype: ""memory"",tgid: ""118325"",source: ""syscall"",type: ""Artifact"",version: ""0"",hash: ""80400f92bcca0d8b0dbe77a4c34a3a61""})"
"(:VERTEX {memory address: ""7fd0381df000"",size: ""801000"",subtype: ""memory"",tgid: ""118325"",source: ""syscall"",type: ""Artifact"",version: ""0"",hash: ""8340cf972b6c5fa5175516ae06b2acd4""})"
"(:VERTEX {memory address: ""7fd0381e0000"",size: ""800000"",subtype: ""memory"",tgid: ""118325"",source: ""syscall"",type: ""Artifact"",version: ""0"",hash: ""1c8c5a52116cf926cfeda2746bc5eb44""})"
"(:VERTEX {gid: ""0"",euid: ""999"",children pid namespace: ""4026532779"",start time: ""1690977449.066"",ns pid: ""8768"",pid: ""118331"",source: ""syscall"",type: ""Process"",net namespace: ""4026532705"",ipc namespace: ""4026532772"",ppid: ""118325"",pid namespace: ""4026532779"",cwd: ""/"",uid: ""999"",egid: ""0"",exe: ""/usr/bin/check-status"",mount namespace: ""4026532778"",command line: ""/usr/bin/check-status -l"",name: ""check-status"",hash: ""f52e70c75f00ccfb84caf9aca84986a2"",user namespace: ""4026531837""})"
"(:VERTEX {memory address: ""7fd0301df000"",size: ""8000000"",subtype: ""memory"",tgid: ""118325"",source: ""syscall"",type: ""Artifact"",version: ""0"",hash: ""c1228399dcdc3939375ad36bad839e2f""})"
"(:VERTEX {memory address: ""7fd02f9de000"",size: ""801000"",subtype: ""memory"",tgid: ""118325"",source: ""syscall"",type: ""Artifact"",version: ""0"",hash: ""7f28654cbba239d644d3b67e7f2e5ce7""})"
"(:VERTEX {memory address: ""7fd034000000"",size: ""21000"",subtype: ""memory"",tgid: ""118325"",source: ""syscall"",type: ""Artifact"",version: ""0"",hash: ""59dcdb0cd58bdf59007cea025faec77a""})"
"(:VERTEX {memory address: ""7fd02f9df000"",size: ""800000"",subtype: ""memory"",tgid: ""118325"",source: ""syscall"",type: ""Artifact"",version: ""0"",hash: ""3bc2ce09aa326fc26fd652c95576ac61""})"
"(:VERTEX {gid: ""0"",euid: ""999"",children pid namespace: ""4026532779"",start time: ""1690977449.066"",ns pid: ""8769"",pid: ""118332"",source: ""syscall"",type: ""Process"",net namespace: ""4026532705"",ipc namespace: ""4026532772"",ppid: ""118325"",pid namespace: ""4026532779"",cwd: ""/"",uid: ""999"",egid: ""0"",exe: ""/usr/bin/check-status"",mount namespace: ""4026532778"",command line: ""/usr/bin/check-status -l"",name: ""check-status"",hash: ""3ee6016c6c822ab303d10d84f5fb2e41"",user namespace: ""4026531837""})"
"(:VERTEX {memory address: ""7fd0279de000"",size: ""8000000"",subtype: ""memory"",tgid: ""118325"",source: ""syscall"",type: ""Artifact"",version: ""0"",hash: ""1e047e07d701c3afebc6c46fff5f9a80""})"
"(:VERTEX {memory address: ""7fd0337ff000"",size: ""801000"",subtype: ""memory"",tgid: ""118325"",source: ""syscall"",type: ""Artifact"",version: ""0"",hash: ""d30bd18b42f88122c3438d424a709e14""})"
"(:VERTEX {memory address: ""7fd028000000"",size: ""21000"",subtype: ""memory"",tgid: ""118325"",source: ""syscall"",type: ""Artifact"",version: ""0"",hash: ""2cf7586e20dbb453e06aba4249c2410a""})"
"(:VERTEX {memory address: ""7fd05fb3f000"",size: ""40000"",subtype: ""memory"",tgid: ""118325"",source: ""syscall"",type: ""Artifact"",version: ""0"",hash: ""96b60825270289230dc3ab099574064c""})"
"(:VERTEX {memory address: ""7fd032ffe000"",size: ""801000"",subtype: ""memory"",tgid: ""118325"",source: ""syscall"",type: ""Artifact"",version: ""0"",hash: ""9e55524743da764a6be051ed24644e27""})"
"(:VERTEX {memory address: ""7fd032fff000"",size: ""800000"",subtype: ""memory"",tgid: ""118325"",source: ""syscall"",type: ""Artifact"",version: ""0"",hash: ""12f9bcb811d398959040bdafa6e5f681""})"
"(:VERTEX {memory address: ""7fd033800000"",size: ""800000"",subtype: ""memory"",tgid: ""118325"",source: ""syscall"",type: ""Artifact"",version: ""0"",hash: ""d99f1d95bfc791fdd5617a176b4fe9ed""})"
"(:VERTEX {gid: ""0"",euid: ""999"",children pid namespace: ""4026532779"",start time: ""1690977449.066"",ns pid: ""8770"",pid: ""118333"",source: ""syscall"",type: ""Process"",net namespace: ""4026532705"",ipc namespace: ""4026532772"",ppid: ""118325"",pid namespace: ""4026532779"",cwd: ""/"",uid: ""999"",egid: ""0"",exe: ""/usr/bin/check-status"",mount namespace: ""4026532778"",command line: ""/usr/bin/check-status -l"",name: ""check-status"",hash: ""e801a63a2e1f27bca01f62cc2b0bd7c2"",user namespace: ""4026531837""})"
"(:VERTEX {memory address: ""7fd020000000"",size: ""8000000"",subtype: ""memory"",tgid: ""118325"",source: ""syscall"",type: ""Artifact"",version: ""0"",hash: ""948e71c6aa27ef5ebad9f2ce40e20c2b""})"
"(:VERTEX {memory address: ""7fd020000000"",size: ""21000"",subtype: ""memory"",tgid: ""118325"",source: ""syscall"",type: ""Artifact"",version: ""0"",hash: ""c0edd8432d56a7bc15d729e38a741a2d""})"
"(:VERTEX {gid: ""0"",euid: ""999"",children pid namespace: ""4026532779"",start time: ""1690977449.066"",ns pid: ""8771"",pid: ""118334"",source: ""syscall"",type: ""Process"",net namespace: ""4026532705"",ipc namespace: ""4026532772"",ppid: ""118325"",pid namespace: ""4026532779"",cwd: ""/"",uid: ""999"",egid: ""0"",exe: ""/usr/bin/check-status"",mount namespace: ""4026532778"",command line: ""/usr/bin/check-status -l"",name: ""check-status"",hash: ""0da365f849e7966756e450a8a2e93431"",user namespace: ""4026531837""})"
"(:VERTEX {memory address: ""7fd024000000"",size: ""4000000"",subtype: ""memory"",tgid: ""118325"",source: ""syscall"",type: ""Artifact"",version: ""0"",hash: ""af7d998b0d00f3deb7a661d76cb8b6aa""})"
"(:VERTEX {memory address: ""7fd024000000"",size: ""21000"",subtype: ""memory"",tgid: ""118325"",source: ""syscall"",type: ""Artifact"",version: ""0"",hash: ""cb52c5b43f9e5c4d2fb02e3f2e93561d""})"
"(:VERTEX {memory address: ""7fd0327fd000"",size: ""801000"",subtype: ""memory"",tgid: ""118325"",source: ""syscall"",type: ""Artifact"",version: ""0"",hash: ""04d58bed0a48809295e22b93862a7d91""})"
"(:VERTEX {memory address: ""7fd0327fe000"",size: ""800000"",subtype: ""memory"",tgid: ""118325"",source: ""syscall"",type: ""Artifact"",version: ""0"",hash: ""b4cd096cb82256a257141f257331bef9""})"
"(:VERTEX {gid: ""0"",euid: ""999"",children pid namespace: ""4026532779"",start time: ""1690977449.070"",ns pid: ""8772"",pid: ""118335"",source: ""syscall"",type: ""Process"",net namespace: ""4026532705"",ipc namespace: ""4026532772"",ppid: ""118325"",pid namespace: ""4026532779"",cwd: ""/"",uid: ""999"",egid: ""0"",exe: ""/usr/bin/check-status"",mount namespace: ""4026532778"",command line: ""/usr/bin/check-status -l"",name: ""check-status"",hash: ""b9cc54a4f9820b45716fd16afdfc354d"",user namespace: ""4026531837""})"
"(:VERTEX {memory address: ""7fd018000000"",size: ""8000000"",subtype: ""memory"",tgid: ""118325"",source: ""syscall"",type: ""Artifact"",version: ""0"",hash: ""8d7587d82b216aa7f3ba4d53cfae959b""})"
"(:VERTEX {memory address: ""7fd018000000"",size: ""21000"",subtype: ""memory"",tgid: ""118325"",source: ""syscall"",type: ""Artifact"",version: ""0"",hash: ""1de22a499038b9bf61cfb4deb8770183""})"
"(:VERTEX {remote port: ""53"",epoch: ""0"",source: ""syscall"",type: ""Artifact"",version: ""0"",local port: ""42528"",net namespace: ""-1"",local address: ""10.1.251.204"",protocol: ""udp"",subtype: ""network socket"",remote address: ""10.152.183.10"",hash: ""3048a096b5ea925ce1ce4427092738f9""})"
"(:VERTEX {remote port: ""53"",epoch: ""0"",source: ""syscall"",type: ""Artifact"",version: ""0"",local port: ""33701"",net namespace: ""-1"",local address: ""10.1.251.204"",protocol: ""udp"",subtype: ""network socket"",remote address: ""10.152.183.10"",hash: ""e70d60307771ed381fa338084a5603f0""})"
"(:VERTEX {remote port: ""33138"",epoch: ""0"",source: ""syscall"",type: ""Artifact"",version: ""0"",local port: ""8080"",net namespace: ""-1"",local address: ""0000:0000:0000:0000:0000:0000:0000:0000"",protocol: ""tcp"",subtype: ""network socket"",remote address: ""0000:0000:0000:0000:0000:FFFF:C0A8:2F80"",hash: ""ca273a9d1eac01d87cd9850b86161873""})"
"(:VERTEX {remote port: ""33140"",epoch: ""0"",source: ""syscall"",type: ""Artifact"",version: ""0"",local port: ""8080"",net namespace: ""-1"",local address: ""0000:0000:0000:0000:0000:0000:0000:0000"",protocol: ""tcp"",subtype: ""network socket"",remote address: ""0000:0000:0000:0000:0000:FFFF:C0A8:2F80"",hash: ""3e331c859d371990943e86e567e4b62c""})"
"(:VERTEX {remote port: ""52002"",epoch: ""0"",source: ""syscall"",type: ""Artifact"",version: ""0"",local port: ""50051"",net namespace: ""-1"",local address: ""0000:0000:0000:0000:0000:0000:0000:0000"",protocol: ""tcp"",subtype: ""network socket"",remote address: ""0000:0000:0000:0000:0000:FFFF:C0A8:2F80"",hash: ""039a827a7950ce450fe307b6d2d96382""})"
"(:VERTEX {remote port: ""52008"",epoch: ""0"",source: ""syscall"",type: ""Artifact"",version: ""0"",local port: ""50051"",net namespace: ""-1"",local address: ""0000:0000:0000:0000:0000:0000:0000:0000"",protocol: ""tcp"",subtype: ""network socket"",remote address: ""0000:0000:0000:0000:0000:FFFF:C0A8:2F80"",hash: ""3b13806c54f82566502d63ce1813a13c""})"
"(:VERTEX {remote port: ""45270"",epoch: ""0"",source: ""syscall"",type: ""Artifact"",version: ""0"",local port: ""7000"",net namespace: ""-1"",local address: ""0000:0000:0000:0000:0000:0000:0000:0000"",protocol: ""tcp"",subtype: ""network socket"",remote address: ""0000:0000:0000:0000:0000:FFFF:C0A8:2F80"",hash: ""5d8a437da8dd9e35c1c4dd84f0c29b6d""})"
"(:VERTEX {remote port: ""45286"",epoch: ""0"",source: ""syscall"",type: ""Artifact"",version: ""0"",local port: ""7000"",net namespace: ""-1"",local address: ""0000:0000:0000:0000:0000:0000:0000:0000"",protocol: ""tcp"",subtype: ""network socket"",remote address: ""0000:0000:0000:0000:0000:FFFF:C0A8:2F80"",hash: ""e78fa7f803082514c15f9966131b578a""})"
"(:VERTEX {remote port: ""34708"",epoch: ""0"",source: ""syscall"",type: ""Artifact"",version: ""0"",local port: ""5050"",net namespace: ""-1"",local address: ""0000:0000:0000:0000:0000:0000:0000:0000"",protocol: ""tcp"",subtype: ""network socket"",remote address: ""0000:0000:0000:0000:0000:FFFF:C0A8:2F80"",hash: ""f9c832b057527514c48a5c0abb83ba62""})"
"(:VERTEX {remote port: ""34710"",epoch: ""0"",source: ""syscall"",type: ""Artifact"",version: ""0"",local port: ""5050"",net namespace: ""-1"",local address: ""0000:0000:0000:0000:0000:0000:0000:0000"",protocol: ""tcp"",subtype: ""network socket"",remote address: ""0000:0000:0000:0000:0000:FFFF:C0A8:2F80"",hash: ""cb697874cb0cab53633f18fb399d990d""})"
"(:VERTEX {remote port: ""50588"",epoch: ""0"",source: ""syscall"",type: ""Artifact"",version: ""0"",local port: ""6379"",net namespace: ""-1"",local address: ""0.0.0.0"",protocol: ""tcp"",subtype: ""network socket"",remote address: ""192.168.47.128"",hash: ""87d59891170870e4a9a8a12f7611ba49""})"
"(:VERTEX {remote port: ""50592"",epoch: ""0"",source: ""syscall"",type: ""Artifact"",version: ""0"",local port: ""6379"",net namespace: ""-1"",local address: ""0.0.0.0"",protocol: ""tcp"",subtype: ""network socket"",remote address: ""192.168.47.128"",hash: ""c47e1b478beb859b325675b6c34f9c23""})"
"(:VERTEX {remote port: ""46180"",epoch: ""0"",source: ""syscall"",type: ""Artifact"",version: ""0"",local port: ""8080"",net namespace: ""-1"",local address: ""0000:0000:0000:0000:0000:0000:0000:0000"",protocol: ""tcp"",subtype: ""network socket"",remote address: ""0000:0000:0000:0000:0000:FFFF:C0A8:2F80"",hash: ""62770defca29a5f7698929925b8627bf""})"
"(:VERTEX {remote port: ""46194"",epoch: ""0"",source: ""syscall"",type: ""Artifact"",version: ""0"",local port: ""8080"",net namespace: ""-1"",local address: ""0000:0000:0000:0000:0000:0000:0000:0000"",protocol: ""tcp"",subtype: ""network socket"",remote address: ""0000:0000:0000:0000:0000:FFFF:C0A8:2F80"",hash: ""3f207153f5af9a3d2bae4086aba3e83d""})"
"(:VERTEX {gid: ""1000"",euid: ""1000"",children pid namespace: ""-1"",pid: ""109705"",seen time: ""1690977452.918"",source: ""syscall"",type: ""Process"",net namespace: ""-1"",ipc namespace: ""-1"",ppid: ""59024"",pid namespace: ""-1"",uid: ""1000"",egid: ""1000"",mount namespace: ""-1"",name: "".NET ThreadPool"",hash: ""d11623dc645c614064396e1880fdf5d0"",user namespace: ""-1""})"
"(:VERTEX {remote port: ""41840"",epoch: ""0"",source: ""syscall"",type: ""Artifact"",version: ""0"",local port: ""7070"",net namespace: ""-1"",local address: ""0000:0000:0000:0000:0000:0000:0000:0000"",protocol: ""tcp"",subtype: ""network socket"",remote address: ""0000:0000:0000:0000:0000:FFFF:C0A8:2F80"",hash: ""cd3a64aacec16d735be3b92428d5368b""})"
"(:VERTEX {remote port: ""41856"",epoch: ""0"",source: ""syscall"",type: ""Artifact"",version: ""0"",local port: ""7070"",net namespace: ""-1"",local address: ""0000:0000:0000:0000:0000:0000:0000:0000"",protocol: ""tcp"",subtype: ""network socket"",remote address: ""0000:0000:0000:0000:0000:FFFF:C0A8:2F80"",hash: ""9a62f1ff0ccc38420476d5237d4dca74""})"
"(:VERTEX {remote port: ""41004"",epoch: ""0"",source: ""syscall"",type: ""Artifact"",version: ""0"",local port: ""8080"",net namespace: ""-1"",local address: ""0000:0000:0000:0000:0000:0000:0000:0000"",protocol: ""tcp"",subtype: ""network socket"",remote address: ""0000:0000:0000:0000:0000:FFFF:C0A8:2F80"",hash: ""8ea0af5eda5e4f5d3f4cf8855351d3d5""})"
"(:VERTEX {remote port: ""42884"",epoch: ""0"",source: ""syscall"",type: ""Artifact"",version: ""0"",local port: ""50051"",net namespace: ""-1"",local address: ""0000:0000:0000:0000:0000:0000:0000:0000"",protocol: ""tcp"",subtype: ""network socket"",remote address: ""0000:0000:0000:0000:0000:FFFF:C0A8:2F80"",hash: ""ab527af52dee7f25a85f2e5bc393c006""})"
"(:VERTEX {remote port: ""41006"",epoch: ""0"",source: ""syscall"",type: ""Artifact"",version: ""0"",local port: ""8080"",net namespace: ""-1"",local address: ""0000:0000:0000:0000:0000:0000:0000:0000"",protocol: ""tcp"",subtype: ""network socket"",remote address: ""0000:0000:0000:0000:0000:FFFF:C0A8:2F80"",hash: ""69c6c5c963af11c29b2ed2c15257f4d7""})"
"(:VERTEX {remote port: ""38168"",epoch: ""0"",source: ""syscall"",type: ""Artifact"",version: ""0"",local port: ""3550"",net namespace: ""-1"",local address: ""0000:0000:0000:0000:0000:0000:0000:0000"",protocol: ""tcp"",subtype: ""network socket"",remote address: ""0000:0000:0000:0000:0000:FFFF:C0A8:2F80"",hash: ""b9bea1b33dfd91ea34b4e516da13d9e4""})"
"(:VERTEX {remote port: ""42870"",epoch: ""0"",source: ""syscall"",type: ""Artifact"",version: ""0"",local port: ""50051"",net namespace: ""-1"",local address: ""0000:0000:0000:0000:0000:0000:0000:0000"",protocol: ""tcp"",subtype: ""network socket"",remote address: ""0000:0000:0000:0000:0000:FFFF:C0A8:2F80"",hash: ""33d7b198b72991d71dd448f4531dc6b2""})"
"(:VERTEX {remote port: ""38174"",epoch: ""0"",source: ""syscall"",type: ""Artifact"",version: ""0"",local port: ""3550"",net namespace: ""-1"",local address: ""0000:0000:0000:0000:0000:0000:0000:0000"",protocol: ""tcp"",subtype: ""network socket"",remote address: ""0000:0000:0000:0000:0000:FFFF:C0A8:2F80"",hash: ""05e5274581ecf5e1a403e76371c1d938""})"
"(:VERTEX {gid: ""0"",euid: ""999"",children pid namespace: ""-1"",pid: ""118549"",seen time: ""1690977456.885"",source: ""syscall"",type: ""Process"",net namespace: ""-1"",ipc namespace: ""-1"",ppid: ""118540"",pid namespace: ""-1"",uid: ""999"",egid: ""0"",exe: ""/"",mount namespace: ""-1"",name: ""runc:[2:INIT]"",hash: ""bb4da1790b2380ce5235e21db9001d82"",user namespace: ""-1""})"
"(:VERTEX {path: ""/proc/118549/attr/apparmor/exec"",subtype: ""file"",permissions: ""0666"",epoch: ""0"",source: ""syscall"",type: ""Artifact"",version: ""0"",hash: ""38be58946d32493195509f0e6afb0fbd""})"
"(:VERTEX {gid: ""0"",euid: ""999"",children pid namespace: ""-1"",start time: ""1690977456.885"",pid: ""118549"",source: ""syscall"",type: ""Process"",net namespace: ""-1"",ipc namespace: ""-1"",ppid: ""118540"",pid namespace: ""-1"",cwd: ""/"",uid: ""999"",egid: ""0"",exe: ""/usr/bin/check-status"",mount namespace: ""-1"",command line: ""/usr/bin/check-status -r"",name: ""check-status"",hash: ""497e791703e8085251e0c6fd66b8adbb"",user namespace: ""-1""})"
"(:VERTEX {memory address: ""7f008342d000"",size: ""2000"",subtype: ""memory"",tgid: ""118549"",source: ""syscall"",type: ""Artifact"",version: ""0"",hash: ""c730f0c5aef94063ed080be7b2e06aab""})"
"(:VERTEX {memory address: ""7f0082fe2000"",size: ""21f4c0"",subtype: ""memory"",tgid: ""118549"",source: ""syscall"",type: ""Artifact"",version: ""0"",hash: ""9cc80776e816037833c8e792a6135007""})"
"(:VERTEX {memory address: ""7f0082ffd000"",size: ""1ff000"",subtype: ""memory"",tgid: ""118549"",source: ""syscall"",type: ""Artifact"",version: ""0"",hash: ""26829dcd9fa10443c4432d8d6c6dcf97""})"
"(:VERTEX {memory address: ""7f00831fc000"",size: ""2000"",subtype: ""memory"",tgid: ""118549"",source: ""syscall"",type: ""Artifact"",version: ""0"",hash: ""0f1bd924a72d6d6d617af15e702fbc56""})"
"(:VERTEX {memory address: ""7f00831fe000"",size: ""34c0"",subtype: ""memory"",tgid: ""118549"",source: ""syscall"",type: ""Artifact"",version: ""0"",hash: ""ff0556306d3e991f4608c80fe16b623f""})"
"(:VERTEX {memory address: ""7f0082c1c000"",size: ""3c58c0"",subtype: ""memory"",tgid: ""118549"",source: ""syscall"",type: ""Artifact"",version: ""0"",hash: ""696832a3d8b105210932a1d8e0eef23d""})"
"(:VERTEX {memory address: ""7f0082dd8000"",size: ""200000"",subtype: ""memory"",tgid: ""118549"",source: ""syscall"",type: ""Artifact"",version: ""0"",hash: ""4c7a18136cf2dc901943877b91625e80""})"
"(:VERTEX {memory address: ""7f0082fd8000"",size: ""6000"",subtype: ""memory"",tgid: ""118549"",source: ""syscall"",type: ""Artifact"",version: ""0"",hash: ""d710fcbbe94d0a3f4e19a3055932fa51""})"
"(:VERTEX {memory address: ""7f0082fde000"",size: ""38c0"",subtype: ""memory"",tgid: ""118549"",source: ""syscall"",type: ""Artifact"",version: ""0"",hash: ""02acf9feab225733644aac5f63c20905""})"
"(:VERTEX {memory address: ""7f008342a000"",size: ""3000"",subtype: ""memory"",tgid: ""118549"",source: ""syscall"",type: ""Artifact"",version: ""0"",hash: ""13d05f76d5bb3d74d8cce68abb4c1dc4""})"
"(:VERTEX {memory address: ""7f0082fd8000"",size: ""4000"",subtype: ""memory"",tgid: ""118549"",source: ""syscall"",type: ""Artifact"",version: ""0"",hash: ""b5291971a857f9e4d00b55c5b62e67a5""})"
"(:VERTEX {memory address: ""7f00831fc000"",size: ""1000"",subtype: ""memory"",tgid: ""118549"",source: ""syscall"",type: ""Artifact"",version: ""0"",hash: ""b2a229593c85291d9bd4cdce16c8dd2a""})"
"(:VERTEX {memory address: ""7f008342f000"",size: ""1000"",subtype: ""memory"",tgid: ""118549"",source: ""syscall"",type: ""Artifact"",version: ""0"",hash: ""af07667433430ef8800b10b36248af4b""})"
"(:VERTEX {memory address: ""7f00833ea000"",size: ""40000"",subtype: ""memory"",tgid: ""118549"",source: ""syscall"",type: ""Artifact"",version: ""0"",hash: ""e2d37b016a59a68eb0ef650100c2e49e""})"
"(:VERTEX {memory address: ""7f00833ca000"",size: ""20000"",subtype: ""memory"",tgid: ""118549"",source: ""syscall"",type: ""Artifact"",version: ""0"",hash: ""3567b06dc8b1229cbd4c7752cc0d8e3c""})"
"(:VERTEX {memory address: ""7f00832ca000"",size: ""100000"",subtype: ""memory"",tgid: ""118549"",source: ""syscall"",type: ""Artifact"",version: ""0"",hash: ""a2e74e8b98a9b5ab9b0d5e8463a5bd4f""})"
"(:VERTEX {memory address: ""7f008241c000"",size: ""800000"",subtype: ""memory"",tgid: ""118549"",source: ""syscall"",type: ""Artifact"",version: ""0"",hash: ""a40a9b42b04fbc81357b809b5a982795""})"
"(:VERTEX {memory address: ""7f007e41c000"",size: ""4000000"",subtype: ""memory"",tgid: ""118549"",source: ""syscall"",type: ""Artifact"",version: ""0"",hash: ""dfb2ea25ce3b2a0dfa4014ab3826f43f""})"
"(:VERTEX {memory address: ""7f005e41c000"",size: ""20000000"",subtype: ""memory"",tgid: ""118549"",source: ""syscall"",type: ""Artifact"",version: ""0"",hash: ""4c63a09152d15a5359d4141094d5b74c""})"
"(:VERTEX {memory address: ""c000000000"",size: ""4000000"",subtype: ""memory"",tgid: ""118549"",source: ""syscall"",type: ""Artifact"",version: ""0"",hash: ""7df67702ed523f6f64ee9116ab6e4af7""})"
"(:VERTEX {memory address: ""7f005c41c000"",size: ""2000000"",subtype: ""memory"",tgid: ""118549"",source: ""syscall"",type: ""Artifact"",version: ""0"",hash: ""e52fc235e9227cce2652b76e9200fb8d""})"
"(:VERTEX {memory address: ""7f005c20b000"",size: ""210c10"",subtype: ""memory"",tgid: ""118549"",source: ""syscall"",type: ""Artifact"",version: ""0"",hash: ""454fe3e1cd319c1581bb320413820f21""})"
"(:VERTEX {memory address: ""c000000000"",size: ""400000"",subtype: ""memory"",tgid: ""118549"",source: ""syscall"",type: ""Artifact"",version: ""0"",hash: ""47c259cd9bd907003dee4fef795335cc""})"
"(:VERTEX {memory address: ""7f00833ca000"",size: ""20000"",subtype: ""memory"",tgid: ""118549"",source: ""syscall"",type: ""Artifact"",version: ""1"",hash: ""71a426259dd12cfa02aff377286c0b10""})"
"(:VERTEX {memory address: ""7f008334a000"",size: ""1000"",subtype: ""memory"",tgid: ""118549"",source: ""syscall"",type: ""Artifact"",version: ""0"",hash: ""a0089183e64d3d30136539eea657bfc2""})"
"(:VERTEX {memory address: ""7f0082822000"",size: ""1000"",subtype: ""memory"",tgid: ""118549"",source: ""syscall"",type: ""Artifact"",version: ""0"",hash: ""62940cb611136661f6cb66320d4e8b8f""})"
"(:VERTEX {memory address: ""7f008044c000"",size: ""1000"",subtype: ""memory"",tgid: ""118549"",source: ""syscall"",type: ""Artifact"",version: ""0"",hash: ""b5a4caf9185a877c7a7908070fafd6b6""})"
"(:VERTEX {memory address: ""7f006e59c000"",size: ""1000"",subtype: ""memory"",tgid: ""118549"",source: ""syscall"",type: ""Artifact"",version: ""0"",hash: ""21d4c501a9469eb33ddb96e5cf3cc371""})"
"(:VERTEX {memory address: ""7f005c10b000"",size: ""100000"",subtype: ""memory"",tgid: ""118549"",source: ""syscall"",type: ""Artifact"",version: ""0"",hash: ""3d7080916b3c76e393bbe30ad5972c19""})"
"(:VERTEX {memory address: ""7f00832ba000"",size: ""10000"",subtype: ""memory"",tgid: ""118549"",source: ""syscall"",type: ""Artifact"",version: ""0"",hash: ""1f978925939b6f7cb6a1a79160259dec""})"
"(:VERTEX {memory address: ""7f00832aa000"",size: ""10000"",subtype: ""memory"",tgid: ""118549"",source: ""syscall"",type: ""Artifact"",version: ""0"",hash: ""ff497d9873cc879fdf151bea0aa7af1c""})"
"(:VERTEX {memory address: ""7f005b90a000"",size: ""801000"",subtype: ""memory"",tgid: ""118549"",source: ""syscall"",type: ""Artifact"",version: ""0"",hash: ""54d9b0748f35ba9d058e600f151dc479""})"
"(:VERTEX {memory address: ""7f005b90b000"",size: ""800000"",subtype: ""memory"",tgid: ""118549"",source: ""syscall"",type: ""Artifact"",version: ""0"",hash: ""0c8b87564c287d9d1d37c2d176759b2e""})"
"(:VERTEX {gid: ""0"",euid: ""999"",children pid namespace: ""4026532779"",start time: ""1690977456.889"",ns pid: ""8779"",pid: ""118555"",source: ""syscall"",type: ""Process"",net namespace: ""4026532705"",ipc namespace: ""4026532772"",ppid: ""118549"",pid namespace: ""4026532779"",cwd: ""/"",uid: ""999"",egid: ""0"",exe: ""/usr/bin/check-status"",mount namespace: ""4026532778"",command line: ""/usr/bin/check-status -r"",name: ""check-status"",hash: ""6875d9899247c2d00a927b7112d3d82c"",user namespace: ""4026531837""})"
"(:VERTEX {memory address: ""7f005390a000"",size: ""8000000"",subtype: ""memory"",tgid: ""118549"",source: ""syscall"",type: ""Artifact"",version: ""0"",hash: ""65e78fa8f78b647ebf6b8a0d3e515040""})"
"(:VERTEX {memory address: ""7f0054000000"",size: ""21000"",subtype: ""memory"",tgid: ""118549"",source: ""syscall"",type: ""Artifact"",version: ""0"",hash: ""07ece5a800988b60cfb4181f77e53596""})"
"(:VERTEX {memory address: ""7f005b109000"",size: ""801000"",subtype: ""memory"",tgid: ""118549"",source: ""syscall"",type: ""Artifact"",version: ""0"",hash: ""7346c0b32a74af2818b3717c6d80a4ac""})"
"(:VERTEX {memory address: ""7f005b10a000"",size: ""800000"",subtype: ""memory"",tgid: ""118549"",source: ""syscall"",type: ""Artifact"",version: ""0"",hash: ""bdd2b810c8fcd1a50af1b5d52d3f7fdf""})"
"(:VERTEX {gid: ""0"",euid: ""999"",children pid namespace: ""4026532779"",start time: ""1690977456.893"",ns pid: ""8780"",pid: ""118556"",source: ""syscall"",type: ""Process"",net namespace: ""4026532705"",ipc namespace: ""4026532772"",ppid: ""118549"",pid namespace: ""4026532779"",cwd: ""/"",uid: ""999"",egid: ""0"",exe: ""/usr/bin/check-status"",mount namespace: ""4026532778"",command line: ""/usr/bin/check-status -r"",name: ""check-status"",hash: ""0ba8d4c7f651e42e939b61f58c3fd9f3"",user namespace: ""4026531837""})"
"(:VERTEX {memory address: ""7f005a908000"",size: ""801000"",subtype: ""memory"",tgid: ""118549"",source: ""syscall"",type: ""Artifact"",version: ""0"",hash: ""062bcb5ca33b3368be5f4bf51540af83""})"
"(:VERTEX {memory address: ""7f005a909000"",size: ""800000"",subtype: ""memory"",tgid: ""118549"",source: ""syscall"",type: ""Artifact"",version: ""0"",hash: ""9d51761b3d5433146227151e8c5c7bdf""})"
"(:VERTEX {gid: ""0"",euid: ""999"",children pid namespace: ""4026532779"",start time: ""1690977456.893"",ns pid: ""8781"",pid: ""118557"",source: ""syscall"",type: ""Process"",net namespace: ""4026532705"",ipc namespace: ""4026532772"",ppid: ""118549"",pid namespace: ""4026532779"",cwd: ""/"",uid: ""999"",egid: ""0"",exe: ""/usr/bin/check-status"",mount namespace: ""4026532778"",command line: ""/usr/bin/check-status -r"",name: ""check-status"",hash: ""ce2422e686cc575971028460c1f9ddaf"",user namespace: ""4026531837""})"
"(:VERTEX {memory address: ""7f004c000000"",size: ""8000000"",subtype: ""memory"",tgid: ""118549"",source: ""syscall"",type: ""Artifact"",version: ""0"",hash: ""6eca13f8812269e99df0f8b3c3ae9e28""})"
"(:VERTEX {memory address: ""7f004c000000"",size: ""21000"",subtype: ""memory"",tgid: ""118549"",source: ""syscall"",type: ""Artifact"",version: ""0"",hash: ""111dc39620aa3a6c2b696ab41df8b3f8""})"
"(:VERTEX {memory address: ""7f0050000000"",size: ""4000000"",subtype: ""memory"",tgid: ""118549"",source: ""syscall"",type: ""Artifact"",version: ""0"",hash: ""5c2132df295e3b34f70c277a610d020f""})"
"(:VERTEX {memory address: ""7f005a107000"",size: ""801000"",subtype: ""memory"",tgid: ""118549"",source: ""syscall"",type: ""Artifact"",version: ""0"",hash: ""61c329e37082f2079be24460284ff460""})"
"(:VERTEX {memory address: ""7f005a108000"",size: ""800000"",subtype: ""memory"",tgid: ""118549"",source: ""syscall"",type: ""Artifact"",version: ""0"",hash: ""60507795ab524bf3b47d7cac0a08db73""})"
"(:VERTEX {memory address: ""7f0050000000"",size: ""21000"",subtype: ""memory"",tgid: ""118549"",source: ""syscall"",type: ""Artifact"",version: ""0"",hash: ""e57f4d2035ff0c317cb66863aee6fff5""})"
"(:VERTEX {gid: ""0"",euid: ""999"",children pid namespace: ""4026532779"",start time: ""1690977456.893"",ns pid: ""8782"",pid: ""118558"",source: ""syscall"",type: ""Process"",net namespace: ""4026532705"",ipc namespace: ""4026532772"",ppid: ""118549"",pid namespace: ""4026532779"",cwd: ""/"",uid: ""999"",egid: ""0"",exe: ""/usr/bin/check-status"",mount namespace: ""4026532778"",command line: ""/usr/bin/check-status -r"",name: ""check-status"",hash: ""1ded85df9d328c063760754c6036defb"",user namespace: ""4026531837""})"
"(:VERTEX {memory address: ""7f008326a000"",size: ""40000"",subtype: ""memory"",tgid: ""118549"",source: ""syscall"",type: ""Artifact"",version: ""0"",hash: ""b363e7678f580de9e645cbbab99f238a""})"
"(:VERTEX {memory address: ""7f0044000000"",size: ""8000000"",subtype: ""memory"",tgid: ""118549"",source: ""syscall"",type: ""Artifact"",version: ""0"",hash: ""f4a7001740e5d9c7f9d84a42a90a71c1""})"
"(:VERTEX {memory address: ""7f0044000000"",size: ""21000"",subtype: ""memory"",tgid: ""118549"",source: ""syscall"",type: ""Artifact"",version: ""0"",hash: ""49f50736e15fd56530c9ec042e2fe618""})"
"(:VERTEX {memory address: ""7f0059906000"",size: ""801000"",subtype: ""memory"",tgid: ""118549"",source: ""syscall"",type: ""Artifact"",version: ""0"",hash: ""8cc9c935eaf8b6baa58ea0b73d02d96b""})"
"(:VERTEX {memory address: ""7f0059907000"",size: ""800000"",subtype: ""memory"",tgid: ""118549"",source: ""syscall"",type: ""Artifact"",version: ""0"",hash: ""f452fb84ae5021157608a91a139cd063""})"
"(:VERTEX {gid: ""0"",euid: ""999"",children pid namespace: ""4026532779"",start time: ""1690977456.893"",ns pid: ""8783"",pid: ""118559"",source: ""syscall"",type: ""Process"",net namespace: ""4026532705"",ipc namespace: ""4026532772"",ppid: ""118549"",pid namespace: ""4026532779"",cwd: ""/"",uid: ""999"",egid: ""0"",exe: ""/usr/bin/check-status"",mount namespace: ""4026532778"",command line: ""/usr/bin/check-status -r"",name: ""check-status"",hash: ""3c67b8f05ab31ef1c3a05a9a632a3bd8"",user namespace: ""4026531837""})"
"(:VERTEX {memory address: ""7f0059105000"",size: ""801000"",subtype: ""memory"",tgid: ""118549"",source: ""syscall"",type: ""Artifact"",version: ""0"",hash: ""22cf3fa949e0c7ef0ce615fb22cd9d1d""})"
"(:VERTEX {memory address: ""7f0059106000"",size: ""800000"",subtype: ""memory"",tgid: ""118549"",source: ""syscall"",type: ""Artifact"",version: ""0"",hash: ""9f28bb122adb3230216990e2114f7f28""})"
"(:VERTEX {gid: ""0"",euid: ""999"",children pid namespace: ""4026532779"",start time: ""1690977456.893"",ns pid: ""8784"",pid: ""118560"",source: ""syscall"",type: ""Process"",net namespace: ""4026532705"",ipc namespace: ""4026532772"",ppid: ""118549"",pid namespace: ""4026532779"",cwd: ""/"",uid: ""999"",egid: ""0"",exe: ""/usr/bin/check-status"",mount namespace: ""4026532778"",command line: ""/usr/bin/check-status -r"",name: ""check-status"",hash: ""7adf6ee24fc53ea08e87076896df097b"",user namespace: ""4026531837""})"
"(:VERTEX {memory address: ""7f00590c5000"",size: ""40000"",subtype: ""memory"",tgid: ""118549"",source: ""syscall"",type: ""Artifact"",version: ""0"",hash: ""5766ec318ce3cbb5726f0343f3f106e4""})"
"(:VERTEX {remote port: ""41532"",epoch: ""0"",source: ""syscall"",type: ""Artifact"",version: ""0"",local port: ""8080"",net namespace: ""-1"",local address: ""0000:0000:0000:0000:0000:0000:0000:0000"",protocol: ""tcp"",subtype: ""network socket"",remote address: ""0000:0000:0000:0000:0000:FFFF:C0A8:2F80"",hash: ""b728749afa5ff43fb4be00fb68bbbc73""})"
"(:VERTEX {remote port: ""41548"",epoch: ""0"",source: ""syscall"",type: ""Artifact"",version: ""0"",local port: ""8080"",net namespace: ""-1"",local address: ""0000:0000:0000:0000:0000:0000:0000:0000"",protocol: ""tcp"",subtype: ""network socket"",remote address: ""0000:0000:0000:0000:0000:FFFF:C0A8:2F80"",hash: ""7cd197dcae5504858125c933598c798a""})"
"(:VERTEX {remote port: ""54142"",epoch: ""0"",source: ""syscall"",type: ""Artifact"",version: ""0"",local port: ""50051"",net namespace: ""-1"",local address: ""0000:0000:0000:0000:0000:0000:0000:0000"",protocol: ""tcp"",subtype: ""network socket"",remote address: ""0000:0000:0000:0000:0000:FFFF:C0A8:2F80"",hash: ""cf22016568d2f08b3464c9e4bdc1c8af""})"
"(:VERTEX {remote port: ""53530"",epoch: ""0"",source: ""syscall"",type: ""Artifact"",version: ""0"",local port: ""6379"",net namespace: ""-1"",local address: ""0.0.0.0"",protocol: ""tcp"",subtype: ""network socket"",remote address: ""192.168.47.128"",hash: ""7f573675885691e64fd37a9eafe2b0fe""})"
"(:VERTEX {remote port: ""53538"",epoch: ""0"",source: ""syscall"",type: ""Artifact"",version: ""0"",local port: ""6379"",net namespace: ""-1"",local address: ""0.0.0.0"",protocol: ""tcp"",subtype: ""network socket"",remote address: ""192.168.47.128"",hash: ""21d7cbcb91ec5c117209594827e5ecff""})"
"(:VERTEX {remote port: ""50474"",epoch: ""0"",source: ""syscall"",type: ""Artifact"",version: ""0"",local port: ""9555"",net namespace: ""-1"",local address: ""0000:0000:0000:0000:0000:0000:0000:0000"",protocol: ""tcp"",subtype: ""network socket"",remote address: ""0000:0000:0000:0000:0000:FFFF:C0A8:2F80"",hash: ""970a42791c0a66bf40bb2dd925f93feb""})"
"(:VERTEX {remote port: ""50490"",epoch: ""0"",source: ""syscall"",type: ""Artifact"",version: ""0"",local port: ""9555"",net namespace: ""-1"",local address: ""0000:0000:0000:0000:0000:0000:0000:0000"",protocol: ""tcp"",subtype: ""network socket"",remote address: ""0000:0000:0000:0000:0000:FFFF:C0A8:2F80"",hash: ""36ca904e09157eab805ae6ac00d19a5b""})"
"(:VERTEX {remote port: ""38052"",epoch: ""0"",source: ""syscall"",type: ""Artifact"",version: ""0"",local port: ""8080"",net namespace: ""-1"",local address: ""0000:0000:0000:0000:0000:0000:0000:0000"",protocol: ""tcp"",subtype: ""network socket"",remote address: ""0000:0000:0000:0000:0000:FFFF:C0A8:2F80"",hash: ""006589b7a5f75e16ca7e307d4c31f0a1""})"
"(:VERTEX {remote port: ""38056"",epoch: ""0"",source: ""syscall"",type: ""Artifact"",version: ""0"",local port: ""8080"",net namespace: ""-1"",local address: ""0000:0000:0000:0000:0000:0000:0000:0000"",protocol: ""tcp"",subtype: ""network socket"",remote address: ""0000:0000:0000:0000:0000:FFFF:C0A8:2F80"",hash: ""fd5bbf4c1ab84a0585a54b91ba9dddff""})"
"(:VERTEX {gid: ""0"",euid: ""999"",children pid namespace: ""-1"",pid: ""118572"",seen time: ""1690977459.049"",source: ""syscall"",type: ""Process"",net namespace: ""-1"",ipc namespace: ""-1"",ppid: ""118562"",pid namespace: ""-1"",uid: ""999"",egid: ""0"",exe: ""/"",mount namespace: ""-1"",name: ""runc:[2:INIT]"",hash: ""0a3ec73335fdbf8010483f0e5a0f3ca0"",user namespace: ""-1""})"
"(:VERTEX {path: ""/proc/118572/attr/apparmor/exec"",subtype: ""file"",permissions: ""0666"",epoch: ""0"",source: ""syscall"",type: ""Artifact"",version: ""0"",hash: ""346301a2e1b15202083d9fbac40042b9""})"
"(:VERTEX {gid: ""0"",euid: ""999"",children pid namespace: ""-1"",start time: ""1690977459.049"",pid: ""118572"",source: ""syscall"",type: ""Process"",net namespace: ""-1"",ipc namespace: ""-1"",ppid: ""118562"",pid namespace: ""-1"",cwd: ""/"",uid: ""999"",egid: ""0"",exe: ""/usr/bin/check-status"",mount namespace: ""-1"",command line: ""/usr/bin/check-status -l"",name: ""check-status"",hash: ""32829e2c315934913a43da0c61bb2354"",user namespace: ""-1""})"
"(:VERTEX {memory address: ""7f6065b37000"",size: ""2000"",subtype: ""memory"",tgid: ""118572"",source: ""syscall"",type: ""Artifact"",version: ""0"",hash: ""0da3fbcacab4cb1eabb46c01054a5c97""})"
"(:VERTEX {memory address: ""7f60656ec000"",size: ""21f4c0"",subtype: ""memory"",tgid: ""118572"",source: ""syscall"",type: ""Artifact"",version: ""0"",hash: ""0e9b2a33d72b8211e872bf4d8bee90b6""})"
"(:VERTEX {memory address: ""7f6065707000"",size: ""1ff000"",subtype: ""memory"",tgid: ""118572"",source: ""syscall"",type: ""Artifact"",version: ""0"",hash: ""6b3df72a36bdfef93aa9382649fb5b32""})"
"(:VERTEX {memory address: ""7f6065906000"",size: ""2000"",subtype: ""memory"",tgid: ""118572"",source: ""syscall"",type: ""Artifact"",version: ""0"",hash: ""96c9c444e647d7a7339422d4870d0465""})"
"(:VERTEX {memory address: ""7f6065908000"",size: ""34c0"",subtype: ""memory"",tgid: ""118572"",source: ""syscall"",type: ""Artifact"",version: ""0"",hash: ""1205021aeba9d22d811b8fb93cf546e5""})"
"(:VERTEX {memory address: ""7f6065326000"",size: ""3c58c0"",subtype: ""memory"",tgid: ""118572"",source: ""syscall"",type: ""Artifact"",version: ""0"",hash: ""31c83a6d9ffd153c3a8816da3292a38e""})"
"(:VERTEX {memory address: ""7f60654e2000"",size: ""200000"",subtype: ""memory"",tgid: ""118572"",source: ""syscall"",type: ""Artifact"",version: ""0"",hash: ""1cb816bcf9f57f5b1b29938b675be2e5""})"
"(:VERTEX {memory address: ""7f60656e2000"",size: ""6000"",subtype: ""memory"",tgid: ""118572"",source: ""syscall"",type: ""Artifact"",version: ""0"",hash: ""c1916b61fe3cc02937cb1c5db0554b07""})"
"(:VERTEX {memory address: ""7f60656e8000"",size: ""38c0"",subtype: ""memory"",tgid: ""118572"",source: ""syscall"",type: ""Artifact"",version: ""0"",hash: ""b0f244f0378d8fa31644b4071b788883""})"
"(:VERTEX {memory address: ""7f6065b34000"",size: ""3000"",subtype: ""memory"",tgid: ""118572"",source: ""syscall"",type: ""Artifact"",version: ""0"",hash: ""373b7e0c495111d8bed4e4dc1cc1ec9c""})"
"(:VERTEX {memory address: ""7f60656e2000"",size: ""4000"",subtype: ""memory"",tgid: ""118572"",source: ""syscall"",type: ""Artifact"",version: ""0"",hash: ""d0feb46ece7a82971cb021d26f72a154""})"
"(:VERTEX {memory address: ""7f6065906000"",size: ""1000"",subtype: ""memory"",tgid: ""118572"",source: ""syscall"",type: ""Artifact"",version: ""0"",hash: ""5a994e3b3bcb3b1337759bd27e5c0b9d""})"
"(:VERTEX {memory address: ""7f6065b39000"",size: ""1000"",subtype: ""memory"",tgid: ""118572"",source: ""syscall"",type: ""Artifact"",version: ""0"",hash: ""1e800fefd74cca145acacab9826f0293""})"
"(:VERTEX {memory address: ""7f6065af4000"",size: ""40000"",subtype: ""memory"",tgid: ""118572"",source: ""syscall"",type: ""Artifact"",version: ""0"",hash: ""0ed51456219730185576f8658863f202""})"
"(:VERTEX {memory address: ""7f6065ad4000"",size: ""20000"",subtype: ""memory"",tgid: ""118572"",source: ""syscall"",type: ""Artifact"",version: ""0"",hash: ""df96dec387cb2910a508bb648b156b09""})"
"(:VERTEX {memory address: ""7f60659d4000"",size: ""100000"",subtype: ""memory"",tgid: ""118572"",source: ""syscall"",type: ""Artifact"",version: ""0"",hash: ""3d0f58276ae3ab4a664c5dc336182960""})"
"(:VERTEX {memory address: ""7f6064b26000"",size: ""800000"",subtype: ""memory"",tgid: ""118572"",source: ""syscall"",type: ""Artifact"",version: ""0"",hash: ""93130c925ea19f1a4374f84b3530d431""})"
"(:VERTEX {memory address: ""7f6060b26000"",size: ""4000000"",subtype: ""memory"",tgid: ""118572"",source: ""syscall"",type: ""Artifact"",version: ""0"",hash: ""996f14255feb634f93a684d1985ef973""})"
"(:VERTEX {memory address: ""7f6040b26000"",size: ""20000000"",subtype: ""memory"",tgid: ""118572"",source: ""syscall"",type: ""Artifact"",version: ""0"",hash: ""6a9bce9e11a75620e27d506eac59c336""})"
"(:VERTEX {memory address: ""c000000000"",size: ""4000000"",subtype: ""memory"",tgid: ""118572"",source: ""syscall"",type: ""Artifact"",version: ""0"",hash: ""975e01ec049ddc96a26925358ca38623""})"
"(:VERTEX {memory address: ""7f603eb26000"",size: ""2000000"",subtype: ""memory"",tgid: ""118572"",source: ""syscall"",type: ""Artifact"",version: ""0"",hash: ""1005f89dfb7cd009e5fe0cb6487eaa53""})"
"(:VERTEX {memory address: ""7f603e915000"",size: ""210c10"",subtype: ""memory"",tgid: ""118572"",source: ""syscall"",type: ""Artifact"",version: ""0"",hash: ""09dfae93a4f52c2547d326300f652248""})"
"(:VERTEX {memory address: ""c000000000"",size: ""400000"",subtype: ""memory"",tgid: ""118572"",source: ""syscall"",type: ""Artifact"",version: ""0"",hash: ""23a50a3e31ca5ebeade324ca604523c9""})"
"(:VERTEX {memory address: ""7f6065ad4000"",size: ""20000"",subtype: ""memory"",tgid: ""118572"",source: ""syscall"",type: ""Artifact"",version: ""1"",hash: ""ee1690d7c05f0133ce0d853fb8bec603""})"
"(:VERTEX {memory address: ""7f6065a54000"",size: ""1000"",subtype: ""memory"",tgid: ""118572"",source: ""syscall"",type: ""Artifact"",version: ""0"",hash: ""2c7db99655212a5520043a9b2a897bcd""})"
"(:VERTEX {memory address: ""7f6064f2c000"",size: ""1000"",subtype: ""memory"",tgid: ""118572"",source: ""syscall"",type: ""Artifact"",version: ""0"",hash: ""3b997028bfdc96e430e0c08476c9defc""})"
"(:VERTEX {memory address: ""7f6062b56000"",size: ""1000"",subtype: ""memory"",tgid: ""118572"",source: ""syscall"",type: ""Artifact"",version: ""0"",hash: ""e1928ed505ea088ac09fa637d6790f64""})"
"(:VERTEX {memory address: ""7f6050ca6000"",size: ""1000"",subtype: ""memory"",tgid: ""118572"",source: ""syscall"",type: ""Artifact"",version: ""0"",hash: ""589724dc34a35bdb5a445d469f4131d7""})"
"(:VERTEX {memory address: ""7f603e815000"",size: ""100000"",subtype: ""memory"",tgid: ""118572"",source: ""syscall"",type: ""Artifact"",version: ""0"",hash: ""86ca3c1eae479dbc00f82ca1e7a5cfe2""})"
"(:VERTEX {memory address: ""7f60659c4000"",size: ""10000"",subtype: ""memory"",tgid: ""118572"",source: ""syscall"",type: ""Artifact"",version: ""0"",hash: ""77404ca8496271143e090c5ed70faa93""})"
"(:VERTEX {memory address: ""7f60659b4000"",size: ""10000"",subtype: ""memory"",tgid: ""118572"",source: ""syscall"",type: ""Artifact"",version: ""0"",hash: ""9d59d17bc284da5a2a19485273e8f9d7""})"
"(:VERTEX {memory address: ""7f603e014000"",size: ""801000"",subtype: ""memory"",tgid: ""118572"",source: ""syscall"",type: ""Artifact"",version: ""0"",hash: ""2a2ef2f9282305bd6b856377152d2536""})"
"(:VERTEX {memory address: ""7f603e015000"",size: ""800000"",subtype: ""memory"",tgid: ""118572"",source: ""syscall"",type: ""Artifact"",version: ""0"",hash: ""1105f1dbf752c6bca906f3c0e57ae2b0""})"
"(:VERTEX {gid: ""0"",euid: ""999"",children pid namespace: ""4026532779"",start time: ""1690977459.053"",ns pid: ""8791"",pid: ""118578"",source: ""syscall"",type: ""Process"",net namespace: ""4026532705"",ipc namespace: ""4026532772"",ppid: ""118572"",pid namespace: ""4026532779"",cwd: ""/"",uid: ""999"",egid: ""0"",exe: ""/usr/bin/check-status"",mount namespace: ""4026532778"",command line: ""/usr/bin/check-status -l"",name: ""check-status"",hash: ""288eb7dfe440b1c05252ddd7e47ebe84"",user namespace: ""4026531837""})"
"(:VERTEX {memory address: ""7f6036014000"",size: ""8000000"",subtype: ""memory"",tgid: ""118572"",source: ""syscall"",type: ""Artifact"",version: ""0"",hash: ""3c2a92e1af8c7d59a247069f5165bb38""})"
"(:VERTEX {memory address: ""7f6035813000"",size: ""801000"",subtype: ""memory"",tgid: ""118572"",source: ""syscall"",type: ""Artifact"",version: ""0"",hash: ""18130dfced1a52ea33140356558082ec""})"
"(:VERTEX {memory address: ""7f6035814000"",size: ""800000"",subtype: ""memory"",tgid: ""118572"",source: ""syscall"",type: ""Artifact"",version: ""0"",hash: ""3deb0827c75615abfcacca995669e9c3""})"
"(:VERTEX {memory address: ""7f6038000000"",size: ""21000"",subtype: ""memory"",tgid: ""118572"",source: ""syscall"",type: ""Artifact"",version: ""0"",hash: ""e7f62666e5067bab6ff0fb32431bcf1f""})"
"(:VERTEX {gid: ""0"",euid: ""999"",children pid namespace: ""4026532779"",start time: ""1690977459.053"",ns pid: ""8792"",pid: ""118579"",source: ""syscall"",type: ""Process"",net namespace: ""4026532705"",ipc namespace: ""4026532772"",ppid: ""118572"",pid namespace: ""4026532779"",cwd: ""/"",uid: ""999"",egid: ""0"",exe: ""/usr/bin/check-status"",mount namespace: ""4026532778"",command line: ""/usr/bin/check-status -l"",name: ""check-status"",hash: ""6a8d3073da323ea850343815c98928d9"",user namespace: ""4026531837""})"
"(:VERTEX {memory address: ""7f603d813000"",size: ""801000"",subtype: ""memory"",tgid: ""118572"",source: ""syscall"",type: ""Artifact"",version: ""0"",hash: ""21da0df6eddc3d8acffd2b338ec7a90d""})"
"(:VERTEX {memory address: ""7f603d814000"",size: ""800000"",subtype: ""memory"",tgid: ""118572"",source: ""syscall"",type: ""Artifact"",version: ""0"",hash: ""ea8c67cfdde59c9e23e71e1ff3acafe2""})"
"(:VERTEX {gid: ""0"",euid: ""999"",children pid namespace: ""4026532779"",start time: ""1690977459.053"",ns pid: ""8793"",pid: ""118580"",source: ""syscall"",type: ""Process"",net namespace: ""4026532705"",ipc namespace: ""4026532772"",ppid: ""118572"",pid namespace: ""4026532779"",cwd: ""/"",uid: ""999"",egid: ""0"",exe: ""/usr/bin/check-status"",mount namespace: ""4026532778"",command line: ""/usr/bin/check-status -l"",name: ""check-status"",hash: ""82933fdda8745351d30dc9868795c625"",user namespace: ""4026531837""})"
"(:VERTEX {memory address: ""7f602d813000"",size: ""8000000"",subtype: ""memory"",tgid: ""118572"",source: ""syscall"",type: ""Artifact"",version: ""0"",hash: ""23be1ad228bb4b4b97fbbb4e605353f7""})"
"(:VERTEX {memory address: ""7f6030000000"",size: ""21000"",subtype: ""memory"",tgid: ""118572"",source: ""syscall"",type: ""Artifact"",version: ""0"",hash: ""503d102c0443df25a9815ff253c61e29""})"
"(:VERTEX {memory address: ""7f6028000000"",size: ""8000000"",subtype: ""memory"",tgid: ""118572"",source: ""syscall"",type: ""Artifact"",version: ""0"",hash: ""234cd4b3a255977492d59c69134bc0cb""})"
"(:VERTEX {memory address: ""7f6028000000"",size: ""21000"",subtype: ""memory"",tgid: ""118572"",source: ""syscall"",type: ""Artifact"",version: ""0"",hash: ""e064a900da400a623a19905820be2dfe""})"
"(:VERTEX {memory address: ""7f603d012000"",size: ""801000"",subtype: ""memory"",tgid: ""118572"",source: ""syscall"",type: ""Artifact"",version: ""0"",hash: ""69d1cd3d4cfae7f94f4f4e3c85e0dcc3""})"
"(:VERTEX {memory address: ""7f603d013000"",size: ""800000"",subtype: ""memory"",tgid: ""118572"",source: ""syscall"",type: ""Artifact"",version: ""0"",hash: ""f0a6f2e5cb392aeed0356943ddf6c832""})"
"(:VERTEX {gid: ""0"",euid: ""999"",children pid namespace: ""4026532779"",start time: ""1690977459.053"",ns pid: ""8794"",pid: ""118581"",source: ""syscall"",type: ""Process"",net namespace: ""4026532705"",ipc namespace: ""4026532772"",ppid: ""118572"",pid namespace: ""4026532779"",cwd: ""/"",uid: ""999"",egid: ""0"",exe: ""/usr/bin/check-status"",mount namespace: ""4026532778"",command line: ""/usr/bin/check-status -l"",name: ""check-status"",hash: ""42ad361e7db4d926df5ae6095dfb902f"",user namespace: ""4026531837""})"
"(:VERTEX {memory address: ""7f6065974000"",size: ""40000"",subtype: ""memory"",tgid: ""118572"",source: ""syscall"",type: ""Artifact"",version: ""0"",hash: ""bb3f94da2429d0a6bc430a5336b42ce7""})"
"(:VERTEX {memory address: ""7f602c000000"",size: ""4000000"",subtype: ""memory"",tgid: ""118572"",source: ""syscall"",type: ""Artifact"",version: ""0"",hash: ""0210692813790e8d9c14f7a9dc1f85d3""})"
"(:VERTEX {memory address: ""7f602c000000"",size: ""21000"",subtype: ""memory"",tgid: ""118572"",source: ""syscall"",type: ""Artifact"",version: ""0"",hash: ""9e9ffa09ec93f76e1f07ce302957b20e""})"
"(:VERTEX {remote port: ""53"",epoch: ""0"",source: ""syscall"",type: ""Artifact"",version: ""0"",local port: ""37939"",net namespace: ""-1"",local address: ""10.1.251.204"",protocol: ""udp"",subtype: ""network socket"",remote address: ""10.152.183.10"",hash: ""58a3fc904f47ede0cc8b1dcac3d00ff5""})"
"(:VERTEX {remote port: ""53"",epoch: ""0"",source: ""syscall"",type: ""Artifact"",version: ""0"",local port: ""47585"",net namespace: ""-1"",local address: ""10.1.251.204"",protocol: ""udp"",subtype: ""network socket"",remote address: ""10.152.183.10"",hash: ""1567100711836de1782ec56b26ef59bf""})"
"(:VERTEX {remote port: ""41562"",epoch: ""0"",source: ""syscall"",type: ""Artifact"",version: ""0"",local port: ""8080"",net namespace: ""-1"",local address: ""0000:0000:0000:0000:0000:0000:0000:0000"",protocol: ""tcp"",subtype: ""network socket"",remote address: ""0000:0000:0000:0000:0000:FFFF:C0A8:2F80"",hash: ""c0caa3a1cca01a051a72b1fdfc7e5a31""})"
"(:VERTEX {remote port: ""41568"",epoch: ""0"",source: ""syscall"",type: ""Artifact"",version: ""0"",local port: ""8080"",net namespace: ""-1"",local address: ""0000:0000:0000:0000:0000:0000:0000:0000"",protocol: ""tcp"",subtype: ""network socket"",remote address: ""0000:0000:0000:0000:0000:FFFF:C0A8:2F80"",hash: ""12de82645859c944552d26bca53d797f""})"
"(:VERTEX {gid: ""1000"",euid: ""1000"",children pid namespace: ""-1"",pid: ""60808"",seen time: ""1690977462.480"",source: ""syscall"",type: ""Process"",net namespace: ""-1"",ipc namespace: ""-1"",ppid: ""58654"",pid namespace: ""-1"",uid: ""1000"",egid: ""1000"",mount namespace: ""-1"",name: ""shippingservice"",hash: ""0d2567990441af3bf45d450e756e1ded"",user namespace: ""-1""})"
"(:VERTEX {remote port: ""54158"",epoch: ""0"",source: ""syscall"",type: ""Artifact"",version: ""0"",local port: ""50051"",net namespace: ""-1"",local address: ""0000:0000:0000:0000:0000:0000:0000:0000"",protocol: ""tcp"",subtype: ""network socket"",remote address: ""0000:0000:0000:0000:0000:FFFF:C0A8:2F80"",hash: ""71643792465f89803b64d6aad6855061""})"
"(:VERTEX {remote port: ""54156"",epoch: ""0"",source: ""syscall"",type: ""Artifact"",version: ""0"",local port: ""50051"",net namespace: ""-1"",local address: ""0000:0000:0000:0000:0000:0000:0000:0000"",protocol: ""tcp"",subtype: ""network socket"",remote address: ""0000:0000:0000:0000:0000:FFFF:C0A8:2F80"",hash: ""cdbe88582da4c6c46a1fc1eb0946d619""})"
"(:VERTEX {remote port: ""58398"",epoch: ""0"",source: ""syscall"",type: ""Artifact"",version: ""0"",local port: ""7000"",net namespace: ""-1"",local address: ""0000:0000:0000:0000:0000:0000:0000:0000"",protocol: ""tcp"",subtype: ""network socket"",remote address: ""0000:0000:0000:0000:0000:FFFF:C0A8:2F80"",hash: ""da98fd0ee71f9a16f738cf7d5c4b91fd""})"
"(:VERTEX {remote port: ""58410"",epoch: ""0"",source: ""syscall"",type: ""Artifact"",version: ""0"",local port: ""7000"",net namespace: ""-1"",local address: ""0000:0000:0000:0000:0000:0000:0000:0000"",protocol: ""tcp"",subtype: ""network socket"",remote address: ""0000:0000:0000:0000:0000:FFFF:C0A8:2F80"",hash: ""55f819499fc6ec59c0e346a7f923e94b""})"
"(:VERTEX {remote port: ""47306"",epoch: ""0"",source: ""syscall"",type: ""Artifact"",version: ""0"",local port: ""5050"",net namespace: ""-1"",local address: ""0000:0000:0000:0000:0000:0000:0000:0000"",protocol: ""tcp"",subtype: ""network socket"",remote address: ""0000:0000:0000:0000:0000:FFFF:C0A8:2F80"",hash: ""d734a946daa85ccac8bbda90d3b9c05b""})"
"(:VERTEX {remote port: ""47314"",epoch: ""0"",source: ""syscall"",type: ""Artifact"",version: ""0"",local port: ""5050"",net namespace: ""-1"",local address: ""0000:0000:0000:0000:0000:0000:0000:0000"",protocol: ""tcp"",subtype: ""network socket"",remote address: ""0000:0000:0000:0000:0000:FFFF:C0A8:2F80"",hash: ""58e8c77d6d240e9e5346893c0a682389""})"
"(:VERTEX {remote port: ""53556"",epoch: ""0"",source: ""syscall"",type: ""Artifact"",version: ""0"",local port: ""6379"",net namespace: ""-1"",local address: ""0.0.0.0"",protocol: ""tcp"",subtype: ""network socket"",remote address: ""192.168.47.128"",hash: ""39a5ca3ad4782bcda3644b39cbdcddf8""})"
"(:VERTEX {remote port: ""53540"",epoch: ""0"",source: ""syscall"",type: ""Artifact"",version: ""0"",local port: ""6379"",net namespace: ""-1"",local address: ""0.0.0.0"",protocol: ""tcp"",subtype: ""network socket"",remote address: ""192.168.47.128"",hash: ""eb9654ede6c8560555662f542ec05ca1""})"
"(:VERTEX {remote port: ""40890"",epoch: ""0"",source: ""syscall"",type: ""Artifact"",version: ""0"",local port: ""8080"",net namespace: ""-1"",local address: ""0000:0000:0000:0000:0000:0000:0000:0000"",protocol: ""tcp"",subtype: ""network socket"",remote address: ""0000:0000:0000:0000:0000:FFFF:C0A8:2F80"",hash: ""8fdf3f2439d0f10a05049c994a8f28fc""})"
"(:VERTEX {remote port: ""40902"",epoch: ""0"",source: ""syscall"",type: ""Artifact"",version: ""0"",local port: ""8080"",net namespace: ""-1"",local address: ""0000:0000:0000:0000:0000:0000:0000:0000"",protocol: ""tcp"",subtype: ""network socket"",remote address: ""0000:0000:0000:0000:0000:FFFF:C0A8:2F80"",hash: ""e27f1000ab06b47375f33bc659ec9e51""})"
"(:VERTEX {remote port: ""46972"",epoch: ""0"",source: ""syscall"",type: ""Artifact"",version: ""0"",local port: ""50051"",net namespace: ""-1"",local address: ""0000:0000:0000:0000:0000:0000:0000:0000"",protocol: ""tcp"",subtype: ""network socket"",remote address: ""0000:0000:0000:0000:0000:FFFF:C0A8:2F80"",hash: ""972fb4dfd3136b81dc920f1c6bce2261""})"
"(:VERTEX {remote port: ""32830"",epoch: ""0"",source: ""syscall"",type: ""Artifact"",version: ""0"",local port: ""3550"",net namespace: ""-1"",local address: ""0000:0000:0000:0000:0000:0000:0000:0000"",protocol: ""tcp"",subtype: ""network socket"",remote address: ""0000:0000:0000:0000:0000:FFFF:C0A8:2F80"",hash: ""1139872cf9f4dd1564c639c9e135c918""})"
"(:VERTEX {remote port: ""32836"",epoch: ""0"",source: ""syscall"",type: ""Artifact"",version: ""0"",local port: ""3550"",net namespace: ""-1"",local address: ""0000:0000:0000:0000:0000:0000:0000:0000"",protocol: ""tcp"",subtype: ""network socket"",remote address: ""0000:0000:0000:0000:0000:FFFF:C0A8:2F80"",hash: ""dbc1b0b9b1d7790260084e0f931b8a7b""})"
"(:VERTEX {remote port: ""38060"",epoch: ""0"",source: ""syscall"",type: ""Artifact"",version: ""0"",local port: ""8080"",net namespace: ""-1"",local address: ""0000:0000:0000:0000:0000:0000:0000:0000"",protocol: ""tcp"",subtype: ""network socket"",remote address: ""0000:0000:0000:0000:0000:FFFF:C0A8:2F80"",hash: ""c69f64840e8e99efbe51ea52cddafe68""})"
"(:VERTEX {remote port: ""38066"",epoch: ""0"",source: ""syscall"",type: ""Artifact"",version: ""0"",local port: ""8080"",net namespace: ""-1"",local address: ""0000:0000:0000:0000:0000:0000:0000:0000"",protocol: ""tcp"",subtype: ""network socket"",remote address: ""0000:0000:0000:0000:0000:FFFF:C0A8:2F80"",hash: ""cad479073df1ff5d6883281ac21e2b60""})"
"(:VERTEX {remote port: ""46960"",epoch: ""0"",source: ""syscall"",type: ""Artifact"",version: ""0"",local port: ""50051"",net namespace: ""-1"",local address: ""0000:0000:0000:0000:0000:0000:0000:0000"",protocol: ""tcp"",subtype: ""network socket"",remote address: ""0000:0000:0000:0000:0000:FFFF:C0A8:2F80"",hash: ""041ae81d5f16a30b2123e1e5b45fbe5f""})"
"(:VERTEX {remote port: ""44468"",epoch: ""0"",source: ""syscall"",type: ""Artifact"",version: ""0"",local port: ""7070"",net namespace: ""-1"",local address: ""0000:0000:0000:0000:0000:0000:0000:0000"",protocol: ""tcp"",subtype: ""network socket"",remote address: ""0000:0000:0000:0000:0000:FFFF:C0A8:2F80"",hash: ""edf34a79146741390702546d0842876d""})"
"(:VERTEX {remote port: ""44456"",epoch: ""0"",source: ""syscall"",type: ""Artifact"",version: ""0"",local port: ""7070"",net namespace: ""-1"",local address: ""0000:0000:0000:0000:0000:0000:0000:0000"",protocol: ""tcp"",subtype: ""network socket"",remote address: ""0000:0000:0000:0000:0000:FFFF:C0A8:2F80"",hash: ""6df2e82df6fd430091a05dd9ebc6365c""})"
"(:VERTEX {remote port: ""53"",epoch: ""0"",source: ""syscall"",type: ""Artifact"",version: ""0"",local port: ""35366"",net namespace: ""-1"",local address: ""10.1.251.204"",protocol: ""udp"",subtype: ""network socket"",remote address: ""10.152.183.10"",hash: ""8dd2b227e705c7a94ff51fbced8b1930""})"
"(:VERTEX {remote port: ""53"",epoch: ""0"",source: ""syscall"",type: ""Artifact"",version: ""0"",local port: ""40436"",net namespace: ""-1"",local address: ""10.1.251.204"",protocol: ""udp"",subtype: ""network socket"",remote address: ""10.152.183.10"",hash: ""c4d9589692a938be80257cc0a1da75a1""})"
"(:VERTEX {remote port: ""53"",epoch: ""0"",source: ""syscall"",type: ""Artifact"",version: ""0"",local port: ""35436"",net namespace: ""-1"",local address: ""10.1.251.204"",protocol: ""udp"",subtype: ""network socket"",remote address: ""10.152.183.10"",hash: ""eff97a8c9f25d798863b6e24f8900dfb""})"
"(:VERTEX {remote port: ""53"",epoch: ""0"",source: ""syscall"",type: ""Artifact"",version: ""0"",local port: ""52282"",net namespace: ""-1"",local address: ""10.1.251.204"",protocol: ""udp"",subtype: ""network socket"",remote address: ""10.152.183.10"",hash: ""49211c464c2c91024360f29eea548965""})"
"(:VERTEX {gid: ""0"",euid: ""999"",children pid namespace: ""-1"",pid: ""118795"",seen time: ""1690977466.926"",source: ""syscall"",type: ""Process"",net namespace: ""-1"",ipc namespace: ""-1"",ppid: ""118786"",pid namespace: ""-1"",uid: ""999"",egid: ""0"",exe: ""/"",mount namespace: ""-1"",name: ""runc:[2:INIT]"",hash: ""b3a3db04e350defb73f6e743df5e4e9a"",user namespace: ""-1""})"
"(:VERTEX {path: ""/proc/118795/attr/apparmor/exec"",subtype: ""file"",permissions: ""0666"",epoch: ""0"",source: ""syscall"",type: ""Artifact"",version: ""0"",hash: ""81c58e2404e314d5cea36cb7f0251180""})"
"(:VERTEX {gid: ""0"",euid: ""999"",children pid namespace: ""-1"",start time: ""1690977466.926"",pid: ""118795"",source: ""syscall"",type: ""Process"",net namespace: ""-1"",ipc namespace: ""-1"",ppid: ""118786"",pid namespace: ""-1"",cwd: ""/"",uid: ""999"",egid: ""0"",exe: ""/usr/bin/check-status"",mount namespace: ""-1"",command line: ""/usr/bin/check-status -r"",name: ""check-status"",hash: ""f5047c76618cffbd573660b870de5d31"",user namespace: ""-1""})"
"(:VERTEX {memory address: ""7f391c1ed000"",size: ""2000"",subtype: ""memory"",tgid: ""118795"",source: ""syscall"",type: ""Artifact"",version: ""0"",hash: ""ebc2cd6ef52c9965874c45362f54dbc7""})"
"(:VERTEX {memory address: ""7f391bda2000"",size: ""21f4c0"",subtype: ""memory"",tgid: ""118795"",source: ""syscall"",type: ""Artifact"",version: ""0"",hash: ""5ef9ca2992ba4e022cb299d17b459928""})"
"(:VERTEX {memory address: ""7f391bdbd000"",size: ""1ff000"",subtype: ""memory"",tgid: ""118795"",source: ""syscall"",type: ""Artifact"",version: ""0"",hash: ""6a72993acb6e819a68eb91899f60ad15""})"
"(:VERTEX {memory address: ""7f391bfbc000"",size: ""2000"",subtype: ""memory"",tgid: ""118795"",source: ""syscall"",type: ""Artifact"",version: ""0"",hash: ""cbec4a0469fc89265da83282b8bc54f8""})"
"(:VERTEX {memory address: ""7f391bfbe000"",size: ""34c0"",subtype: ""memory"",tgid: ""118795"",source: ""syscall"",type: ""Artifact"",version: ""0"",hash: ""c1218ebc76a5f105bce163ea97d20f47""})"
"(:VERTEX {memory address: ""7f391b9dc000"",size: ""3c58c0"",subtype: ""memory"",tgid: ""118795"",source: ""syscall"",type: ""Artifact"",version: ""0"",hash: ""0c2018dd0579f2d604e4dc408fd5e29d""})"
"(:VERTEX {memory address: ""7f391bb98000"",size: ""200000"",subtype: ""memory"",tgid: ""118795"",source: ""syscall"",type: ""Artifact"",version: ""0"",hash: ""b0dbbbd27c15cac466fdffeb0b6e6dd1""})"
"(:VERTEX {memory address: ""7f391bd98000"",size: ""6000"",subtype: ""memory"",tgid: ""118795"",source: ""syscall"",type: ""Artifact"",version: ""0"",hash: ""c374754cdb72879f9ea0a595eb213135""})"
"(:VERTEX {memory address: ""7f391bd9e000"",size: ""38c0"",subtype: ""memory"",tgid: ""118795"",source: ""syscall"",type: ""Artifact"",version: ""0"",hash: ""bf70647773704c83e0c5d2ad4a2c0995""})"
"(:VERTEX {memory address: ""7f391c1ea000"",size: ""3000"",subtype: ""memory"",tgid: ""118795"",source: ""syscall"",type: ""Artifact"",version: ""0"",hash: ""0d18c68e4806d367e146e55f2ae9163e""})"
"(:VERTEX {memory address: ""7f391bd98000"",size: ""4000"",subtype: ""memory"",tgid: ""118795"",source: ""syscall"",type: ""Artifact"",version: ""0"",hash: ""02bedd02d03f6f748f370dc82a1550a5""})"
"(:VERTEX {memory address: ""7f391bfbc000"",size: ""1000"",subtype: ""memory"",tgid: ""118795"",source: ""syscall"",type: ""Artifact"",version: ""0"",hash: ""360119870722c22d4012b9e9b93d0720""})"
"(:VERTEX {memory address: ""7f391c1ef000"",size: ""1000"",subtype: ""memory"",tgid: ""118795"",source: ""syscall"",type: ""Artifact"",version: ""0"",hash: ""c7a3742bfcd9092c24c23f1d7f987c77""})"
"(:VERTEX {memory address: ""7f391c1aa000"",size: ""40000"",subtype: ""memory"",tgid: ""118795"",source: ""syscall"",type: ""Artifact"",version: ""0"",hash: ""37cb23b25372c807be9d863f099711b3""})"
"(:VERTEX {memory address: ""7f391c18a000"",size: ""20000"",subtype: ""memory"",tgid: ""118795"",source: ""syscall"",type: ""Artifact"",version: ""0"",hash: ""9b6437a56ca6a5a293ab1a08b867733f""})"
"(:VERTEX {memory address: ""7f391c08a000"",size: ""100000"",subtype: ""memory"",tgid: ""118795"",source: ""syscall"",type: ""Artifact"",version: ""0"",hash: ""ec6a78854711f99cb75fd31c263f63c3""})"
"(:VERTEX {memory address: ""7f391b1dc000"",size: ""800000"",subtype: ""memory"",tgid: ""118795"",source: ""syscall"",type: ""Artifact"",version: ""0"",hash: ""5c850cdebc35aab2307041f864049f4b""})"
"(:VERTEX {memory address: ""7f39171dc000"",size: ""4000000"",subtype: ""memory"",tgid: ""118795"",source: ""syscall"",type: ""Artifact"",version: ""0"",hash: ""5517fe2fa2ada9911c53025d055c88a5""})"
"(:VERTEX {memory address: ""7f38f71dc000"",size: ""20000000"",subtype: ""memory"",tgid: ""118795"",source: ""syscall"",type: ""Artifact"",version: ""0"",hash: ""caaf1c4afa495e4a1e7146eabf8544ff""})"
"(:VERTEX {memory address: ""c000000000"",size: ""4000000"",subtype: ""memory"",tgid: ""118795"",source: ""syscall"",type: ""Artifact"",version: ""0"",hash: ""c33bc1fd8ce20110c908026ca42c981c""})"
"(:VERTEX {memory address: ""7f38f51dc000"",size: ""2000000"",subtype: ""memory"",tgid: ""118795"",source: ""syscall"",type: ""Artifact"",version: ""0"",hash: ""d4446308b76456aa4aaf314fb9a1c580""})"
"(:VERTEX {memory address: ""7f38f4fcb000"",size: ""210c10"",subtype: ""memory"",tgid: ""118795"",source: ""syscall"",type: ""Artifact"",version: ""0"",hash: ""dae103cd6a3bec415497b13aad3fe9ec""})"
"(:VERTEX {memory address: ""c000000000"",size: ""400000"",subtype: ""memory"",tgid: ""118795"",source: ""syscall"",type: ""Artifact"",version: ""0"",hash: ""eacc610593ac421c7cfe96d0a62896f9""})"
"(:VERTEX {memory address: ""7f391c18a000"",size: ""20000"",subtype: ""memory"",tgid: ""118795"",source: ""syscall"",type: ""Artifact"",version: ""1"",hash: ""8416117401373444442fe1f808eb5d77""})"
"(:VERTEX {memory address: ""7f391c10a000"",size: ""1000"",subtype: ""memory"",tgid: ""118795"",source: ""syscall"",type: ""Artifact"",version: ""0"",hash: ""d1f8effe2e1eb307e35c815f94bc5624""})"
"(:VERTEX {memory address: ""7f391b5e2000"",size: ""1000"",subtype: ""memory"",tgid: ""118795"",source: ""syscall"",type: ""Artifact"",version: ""0"",hash: ""20307f7ba83a6a17eea41eb29b470cd9""})"
"(:VERTEX {memory address: ""7f391920c000"",size: ""1000"",subtype: ""memory"",tgid: ""118795"",source: ""syscall"",type: ""Artifact"",version: ""0"",hash: ""1e6161a71c1a6fc27a263a41458fd113""})"
"(:VERTEX {memory address: ""7f390735c000"",size: ""1000"",subtype: ""memory"",tgid: ""118795"",source: ""syscall"",type: ""Artifact"",version: ""0"",hash: ""0f1d9339ee444639ff4c6b759fcdae3c""})"
"(:VERTEX {memory address: ""7f38f4ecb000"",size: ""100000"",subtype: ""memory"",tgid: ""118795"",source: ""syscall"",type: ""Artifact"",version: ""0"",hash: ""f53811380650a1e193785f9aa8e6b523""})"
"(:VERTEX {memory address: ""7f391c07a000"",size: ""10000"",subtype: ""memory"",tgid: ""118795"",source: ""syscall"",type: ""Artifact"",version: ""0"",hash: ""54218b616919d2d1e6dec7ff2cc28291""})"
"(:VERTEX {memory address: ""7f391c06a000"",size: ""10000"",subtype: ""memory"",tgid: ""118795"",source: ""syscall"",type: ""Artifact"",version: ""0"",hash: ""1074fc8b56808ae70b6b94f1f5e36595""})"
"(:VERTEX {memory address: ""7f38f46ca000"",size: ""801000"",subtype: ""memory"",tgid: ""118795"",source: ""syscall"",type: ""Artifact"",version: ""0"",hash: ""b8802dd6ec8e71bca3c21b4852694633""})"
"(:VERTEX {memory address: ""7f38f46cb000"",size: ""800000"",subtype: ""memory"",tgid: ""118795"",source: ""syscall"",type: ""Artifact"",version: ""0"",hash: ""d2feab1f7adcbf672bc6f65f744a03b0""})"
"(:VERTEX {gid: ""0"",euid: ""999"",children pid namespace: ""4026532779"",start time: ""1690977466.929"",ns pid: ""8801"",pid: ""118801"",source: ""syscall"",type: ""Process"",net namespace: ""4026532705"",ipc namespace: ""4026532772"",ppid: ""118795"",pid namespace: ""4026532779"",cwd: ""/"",uid: ""999"",egid: ""0"",exe: ""/usr/bin/check-status"",mount namespace: ""4026532778"",command line: ""/usr/bin/check-status -r"",name: ""check-status"",hash: ""28cb378a94225cf2501893e44e4d5c63"",user namespace: ""4026531837""})"
"(:VERTEX {memory address: ""7f38f3ec9000"",size: ""801000"",subtype: ""memory"",tgid: ""118795"",source: ""syscall"",type: ""Artifact"",version: ""0"",hash: ""4e694110c6e3c3bf617da5f1e33bd3c2""})"
"(:VERTEX {memory address: ""7f38f3eca000"",size: ""800000"",subtype: ""memory"",tgid: ""118795"",source: ""syscall"",type: ""Artifact"",version: ""0"",hash: ""6bca2dce98aa3794c22d9638799d5f9c""})"
"(:VERTEX {gid: ""0"",euid: ""999"",children pid namespace: ""4026532779"",start time: ""1690977466.929"",ns pid: ""8802"",pid: ""118802"",source: ""syscall"",type: ""Process"",net namespace: ""4026532705"",ipc namespace: ""4026532772"",ppid: ""118795"",pid namespace: ""4026532779"",cwd: ""/"",uid: ""999"",egid: ""0"",exe: ""/usr/bin/check-status"",mount namespace: ""4026532778"",command line: ""/usr/bin/check-status -r"",name: ""check-status"",hash: ""a84d2272de2a615004837dc28fb31fb7"",user namespace: ""4026531837""})"
"(:VERTEX {memory address: ""7f38f36c8000"",size: ""801000"",subtype: ""memory"",tgid: ""118795"",source: ""syscall"",type: ""Artifact"",version: ""0"",hash: ""c1ea626746ff775d48b355ed59544465""})"
"(:VERTEX {memory address: ""7f38f36c9000"",size: ""800000"",subtype: ""memory"",tgid: ""118795"",source: ""syscall"",type: ""Artifact"",version: ""0"",hash: ""993a6ed719df5b7793dc7765155b5f51""})"
"(:VERTEX {gid: ""0"",euid: ""999"",children pid namespace: ""4026532779"",start time: ""1690977466.929"",ns pid: ""8803"",pid: ""118803"",source: ""syscall"",type: ""Process"",net namespace: ""4026532705"",ipc namespace: ""4026532772"",ppid: ""118795"",pid namespace: ""4026532779"",cwd: ""/"",uid: ""999"",egid: ""0"",exe: ""/usr/bin/check-status"",mount namespace: ""4026532778"",command line: ""/usr/bin/check-status -r"",name: ""check-status"",hash: ""4c0cf4659d8b153f10fbfa8a5b5b93ba"",user namespace: ""4026531837""})"
"(:VERTEX {memory address: ""7f38eb6c8000"",size: ""8000000"",subtype: ""memory"",tgid: ""118795"",source: ""syscall"",type: ""Artifact"",version: ""0"",hash: ""93a89ad23286b3a79e05815876318e9c""})"
"(:VERTEX {memory address: ""7f38ec000000"",size: ""21000"",subtype: ""memory"",tgid: ""118795"",source: ""syscall"",type: ""Artifact"",version: ""0"",hash: ""d8a7de22a55beba55c9caa609acaa177""})"
"(:VERTEX {memory address: ""7f391c02a000"",size: ""40000"",subtype: ""memory"",tgid: ""118795"",source: ""syscall"",type: ""Artifact"",version: ""0"",hash: ""f72945ae87f5cd7b34c38c7e108542b6""})"
"(:VERTEX {memory address: ""7f38f2ec7000"",size: ""801000"",subtype: ""memory"",tgid: ""118795"",source: ""syscall"",type: ""Artifact"",version: ""0"",hash: ""4f36a84ca3954db2ec57a54e632d4038""})"
"(:VERTEX {memory address: ""7f38f2ec8000"",size: ""800000"",subtype: ""memory"",tgid: ""118795"",source: ""syscall"",type: ""Artifact"",version: ""0"",hash: ""bf9e471ff04190cac340c3e35fd83c7c""})"
"(:VERTEX {gid: ""0"",euid: ""999"",children pid namespace: ""4026532779"",start time: ""1690977466.933"",ns pid: ""8804"",pid: ""118804"",source: ""syscall"",type: ""Process"",net namespace: ""4026532705"",ipc namespace: ""4026532772"",ppid: ""118795"",pid namespace: ""4026532779"",cwd: ""/"",uid: ""999"",egid: ""0"",exe: ""/usr/bin/check-status"",mount namespace: ""4026532778"",command line: ""/usr/bin/check-status -r"",name: ""check-status"",hash: ""ccaee02070010b949faa96ab0b8c03cf"",user namespace: ""4026531837""})"
"(:VERTEX {memory address: ""7f38e4000000"",size: ""8000000"",subtype: ""memory"",tgid: ""118795"",source: ""syscall"",type: ""Artifact"",version: ""0"",hash: ""e5d23e2194a09651f4bebf4f17adae06""})"
"(:VERTEX {memory address: ""7f38e4000000"",size: ""21000"",subtype: ""memory"",tgid: ""118795"",source: ""syscall"",type: ""Artifact"",version: ""0"",hash: ""e745da05f3bf6a35b201eb1a36e80cff""})"
"(:VERTEX {memory address: ""7f38e8000000"",size: ""4000000"",subtype: ""memory"",tgid: ""118795"",source: ""syscall"",type: ""Artifact"",version: ""0"",hash: ""fe8d1728619f73380ecf0f894fb212fb""})"
"(:VERTEX {memory address: ""7f38e8000000"",size: ""21000"",subtype: ""memory"",tgid: ""118795"",source: ""syscall"",type: ""Artifact"",version: ""0"",hash: ""3431eda930bd10a0989a43d9258b6e0d""})"
"(:VERTEX {memory address: ""7f38dc000000"",size: ""8000000"",subtype: ""memory"",tgid: ""118795"",source: ""syscall"",type: ""Artifact"",version: ""0"",hash: ""dbc47f37240743ee1b90c6d0365b9906""})"
"(:VERTEX {memory address: ""7f38dc000000"",size: ""21000"",subtype: ""memory"",tgid: ""118795"",source: ""syscall"",type: ""Artifact"",version: ""0"",hash: ""c5ffb8921a894ad8c844dfd25aeead4b""})"
"(:VERTEX {memory address: ""7f38f26c6000"",size: ""801000"",subtype: ""memory"",tgid: ""118795"",source: ""syscall"",type: ""Artifact"",version: ""0"",hash: ""09f8298b86644c4a534071a3e3d421d7""})"
"(:VERTEX {memory address: ""7f38f26c7000"",size: ""800000"",subtype: ""memory"",tgid: ""118795"",source: ""syscall"",type: ""Artifact"",version: ""0"",hash: ""2bf6778201787f8268c81d112a31aaf2""})"
"(:VERTEX {gid: ""0"",euid: ""999"",children pid namespace: ""4026532779"",start time: ""1690977466.933"",ns pid: ""8805"",pid: ""118805"",source: ""syscall"",type: ""Process"",net namespace: ""4026532705"",ipc namespace: ""4026532772"",ppid: ""118795"",pid namespace: ""4026532779"",cwd: ""/"",uid: ""999"",egid: ""0"",exe: ""/usr/bin/check-status"",mount namespace: ""4026532778"",command line: ""/usr/bin/check-status -r"",name: ""check-status"",hash: ""38e70913bb01420c19bda8835cd86c86"",user namespace: ""4026531837""})"
"(:VERTEX {memory address: ""7f38f2686000"",size: ""40000"",subtype: ""memory"",tgid: ""118795"",source: ""syscall"",type: ""Artifact"",version: ""0"",hash: ""1b261bbd7a2d6b349b7de41b3e1f48b2""})"
"(:VERTEX {gid: ""1000"",euid: ""1000"",children pid namespace: ""-1"",pid: ""61363"",seen time: ""1690977467.084"",source: ""syscall"",type: ""Process"",net namespace: ""-1"",ipc namespace: ""-1"",ppid: ""59024"",pid namespace: ""-1"",uid: ""1000"",egid: ""1000"",exe: ""/app/cartservice"",mount namespace: ""-1"",name: "".NET ThreadPool"",hash: ""279bb21f9342f682dbee9a7af8d70706"",user namespace: ""-1""})"
"(:VERTEX {remote port: ""40732"",epoch: ""0"",source: ""syscall"",type: ""Artifact"",version: ""0"",local port: ""8080"",net namespace: ""-1"",local address: ""0000:0000:0000:0000:0000:0000:0000:0000"",protocol: ""tcp"",subtype: ""network socket"",remote address: ""0000:0000:0000:0000:0000:FFFF:C0A8:2F80"",hash: ""ff1f14896d975e8c835b33e7f57ed7db""})"
"(:VERTEX {remote port: ""40738"",epoch: ""0"",source: ""syscall"",type: ""Artifact"",version: ""0"",local port: ""8080"",net namespace: ""-1"",local address: ""0000:0000:0000:0000:0000:0000:0000:0000"",protocol: ""tcp"",subtype: ""network socket"",remote address: ""0000:0000:0000:0000:0000:FFFF:C0A8:2F80"",hash: ""4e190e299faa1c94af7a8524b05a18cb""})"
"(:VERTEX {remote port: ""41708"",epoch: ""0"",source: ""syscall"",type: ""Artifact"",version: ""0"",local port: ""50051"",net namespace: ""-1"",local address: ""0000:0000:0000:0000:0000:0000:0000:0000"",protocol: ""tcp"",subtype: ""network socket"",remote address: ""0000:0000:0000:0000:0000:FFFF:C0A8:2F80"",hash: ""02ee2250c2621193896ff9af7582833a""})"
"(:VERTEX {remote port: ""53918"",epoch: ""0"",source: ""syscall"",type: ""Artifact"",version: ""0"",local port: ""6379"",net namespace: ""-1"",local address: ""0.0.0.0"",protocol: ""tcp"",subtype: ""network socket"",remote address: ""192.168.47.128"",hash: ""25eed60bcae87e963407daf9748d120f""})"
"(:VERTEX {remote port: ""53934"",epoch: ""0"",source: ""syscall"",type: ""Artifact"",version: ""0"",local port: ""6379"",net namespace: ""-1"",local address: ""0.0.0.0"",protocol: ""tcp"",subtype: ""network socket"",remote address: ""192.168.47.128"",hash: ""2d1e71b2a20b8a4bf207ff7cf1d8ad15""})"
"(:VERTEX {remote port: ""54516"",epoch: ""0"",source: ""syscall"",type: ""Artifact"",version: ""0"",local port: ""8080"",net namespace: ""-1"",local address: ""0000:0000:0000:0000:0000:0000:0000:0000"",protocol: ""tcp"",subtype: ""network socket"",remote address: ""0000:0000:0000:0000:0000:FFFF:C0A8:2F80"",hash: ""4cf70bf016734b93ad19a7efea353b7f""})"
"(:VERTEX {remote port: ""54514"",epoch: ""0"",source: ""syscall"",type: ""Artifact"",version: ""0"",local port: ""8080"",net namespace: ""-1"",local address: ""0000:0000:0000:0000:0000:0000:0000:0000"",protocol: ""tcp"",subtype: ""network socket"",remote address: ""0000:0000:0000:0000:0000:FFFF:C0A8:2F80"",hash: ""d0ab9edbae872a5002532ba30058a607""})"
"(:VERTEX {gid: ""0"",euid: ""999"",children pid namespace: ""-1"",pid: ""118817"",seen time: ""1690977469.043"",source: ""syscall"",type: ""Process"",net namespace: ""-1"",ipc namespace: ""-1"",ppid: ""118807"",pid namespace: ""-1"",uid: ""999"",egid: ""0"",exe: ""/"",mount namespace: ""-1"",name: ""runc:[2:INIT]"",hash: ""c202d2b4ac755546deaafb677029df1a"",user namespace: ""-1""})"
"(:VERTEX {path: ""/proc/118817/attr/apparmor/exec"",subtype: ""file"",permissions: ""0666"",epoch: ""0"",source: ""syscall"",type: ""Artifact"",version: ""0"",hash: ""b5690e3596be79df7f7afacd051de606""})"
"(:VERTEX {gid: ""0"",euid: ""999"",children pid namespace: ""-1"",start time: ""1690977469.043"",pid: ""118817"",source: ""syscall"",type: ""Process"",net namespace: ""-1"",ipc namespace: ""-1"",ppid: ""118807"",pid namespace: ""-1"",cwd: ""/"",uid: ""999"",egid: ""0"",exe: ""/usr/bin/check-status"",mount namespace: ""-1"",command line: ""/usr/bin/check-status -l"",name: ""check-status"",hash: ""87524291639b3229dd9e7707e70a3437"",user namespace: ""-1""})"
"(:VERTEX {memory address: ""7f489c50d000"",size: ""2000"",subtype: ""memory"",tgid: ""118817"",source: ""syscall"",type: ""Artifact"",version: ""0"",hash: ""3f9dc3c435b04cbef1a5be704519e247""})"
"(:VERTEX {memory address: ""7f489c0c2000"",size: ""21f4c0"",subtype: ""memory"",tgid: ""118817"",source: ""syscall"",type: ""Artifact"",version: ""0"",hash: ""8abae37fc6d1f36f45f17a38313fa755""})"
"(:VERTEX {memory address: ""7f489c0dd000"",size: ""1ff000"",subtype: ""memory"",tgid: ""118817"",source: ""syscall"",type: ""Artifact"",version: ""0"",hash: ""f99de53b2b2795403ff6248bab4ecdec""})"
"(:VERTEX {memory address: ""7f489c2dc000"",size: ""2000"",subtype: ""memory"",tgid: ""118817"",source: ""syscall"",type: ""Artifact"",version: ""0"",hash: ""92071f4f98d4770e84d8872f493f64f0""})"
"(:VERTEX {memory address: ""7f489c2de000"",size: ""34c0"",subtype: ""memory"",tgid: ""118817"",source: ""syscall"",type: ""Artifact"",version: ""0"",hash: ""3e9918b297fcfecfbc722d38f6c15c75""})"
"(:VERTEX {memory address: ""7f489bcfc000"",size: ""3c58c0"",subtype: ""memory"",tgid: ""118817"",source: ""syscall"",type: ""Artifact"",version: ""0"",hash: ""1e4e28e1595418fbb9fb100cecd0ff51""})"
"(:VERTEX {memory address: ""7f489beb8000"",size: ""200000"",subtype: ""memory"",tgid: ""118817"",source: ""syscall"",type: ""Artifact"",version: ""0"",hash: ""71506693aae48d2ecbade4df05e36bc0""})"
"(:VERTEX {memory address: ""7f489c0b8000"",size: ""6000"",subtype: ""memory"",tgid: ""118817"",source: ""syscall"",type: ""Artifact"",version: ""0"",hash: ""259655a169b8208845024bd0f0e0ee0b""})"
"(:VERTEX {memory address: ""7f489c0be000"",size: ""38c0"",subtype: ""memory"",tgid: ""118817"",source: ""syscall"",type: ""Artifact"",version: ""0"",hash: ""5219f7070e7314397091b3c5f01df819""})"
"(:VERTEX {memory address: ""7f489c50a000"",size: ""3000"",subtype: ""memory"",tgid: ""118817"",source: ""syscall"",type: ""Artifact"",version: ""0"",hash: ""3b19e480186a75f4bfebf4162b621441""})"
"(:VERTEX {memory address: ""7f489c0b8000"",size: ""4000"",subtype: ""memory"",tgid: ""118817"",source: ""syscall"",type: ""Artifact"",version: ""0"",hash: ""ac217880678a22c35244d3b483f8bf9c""})"
"(:VERTEX {memory address: ""7f489c2dc000"",size: ""1000"",subtype: ""memory"",tgid: ""118817"",source: ""syscall"",type: ""Artifact"",version: ""0"",hash: ""37e99cde768d1b824e148031d10c7756""})"
"(:VERTEX {memory address: ""7f489c50f000"",size: ""1000"",subtype: ""memory"",tgid: ""118817"",source: ""syscall"",type: ""Artifact"",version: ""0"",hash: ""eaf667ad15b11dd8d859ad0d3872b6db""})"
"(:VERTEX {memory address: ""7f489c4ca000"",size: ""40000"",subtype: ""memory"",tgid: ""118817"",source: ""syscall"",type: ""Artifact"",version: ""0"",hash: ""2d2e92878219a175edcc50265433d759""})"
"(:VERTEX {memory address: ""7f489c4aa000"",size: ""20000"",subtype: ""memory"",tgid: ""118817"",source: ""syscall"",type: ""Artifact"",version: ""0"",hash: ""048b33b01798feca143694e8403d5c38""})"
"(:VERTEX {memory address: ""7f489c3aa000"",size: ""100000"",subtype: ""memory"",tgid: ""118817"",source: ""syscall"",type: ""Artifact"",version: ""0"",hash: ""5423d5facac75456af63cef9bce40351""})"
"(:VERTEX {memory address: ""7f489b4fc000"",size: ""800000"",subtype: ""memory"",tgid: ""118817"",source: ""syscall"",type: ""Artifact"",version: ""0"",hash: ""8ad18fbebdf4c0b41a7ba8072c6f4dd2""})"
"(:VERTEX {memory address: ""7f48974fc000"",size: ""4000000"",subtype: ""memory"",tgid: ""118817"",source: ""syscall"",type: ""Artifact"",version: ""0"",hash: ""1cfd5d553a09ad713a9404a46acfaee4""})"
"(:VERTEX {memory address: ""7f48774fc000"",size: ""20000000"",subtype: ""memory"",tgid: ""118817"",source: ""syscall"",type: ""Artifact"",version: ""0"",hash: ""6fcf517369f70b28a419ea6aadb2d0eb""})"
"(:VERTEX {memory address: ""c000000000"",size: ""4000000"",subtype: ""memory"",tgid: ""118817"",source: ""syscall"",type: ""Artifact"",version: ""0"",hash: ""952ccb3472ee0b712764336bc34bc9f0""})"
"(:VERTEX {memory address: ""7f48754fc000"",size: ""2000000"",subtype: ""memory"",tgid: ""118817"",source: ""syscall"",type: ""Artifact"",version: ""0"",hash: ""4586bd20c07a22a5d3d5385c00425982""})"
"(:VERTEX {memory address: ""7f48752eb000"",size: ""210c10"",subtype: ""memory"",tgid: ""118817"",source: ""syscall"",type: ""Artifact"",version: ""0"",hash: ""eb94e66f5e0a5bd6e65e2280f7180c6a""})"
"(:VERTEX {memory address: ""c000000000"",size: ""400000"",subtype: ""memory"",tgid: ""118817"",source: ""syscall"",type: ""Artifact"",version: ""0"",hash: ""c8a5d51421cb9863ae17532083a87b1d""})"
"(:VERTEX {memory address: ""7f489c4aa000"",size: ""20000"",subtype: ""memory"",tgid: ""118817"",source: ""syscall"",type: ""Artifact"",version: ""1"",hash: ""e06bb18e025d51ad3b0d0324b0e89ad5""})"
"(:VERTEX {memory address: ""7f489c42a000"",size: ""1000"",subtype: ""memory"",tgid: ""118817"",source: ""syscall"",type: ""Artifact"",version: ""0"",hash: ""efbfbae6ce2ed061376e76f65088fca7""})"
"(:VERTEX {memory address: ""7f489b902000"",size: ""1000"",subtype: ""memory"",tgid: ""118817"",source: ""syscall"",type: ""Artifact"",version: ""0"",hash: ""78616a8d33412a39f2c6e28828b317cd""})"
"(:VERTEX {memory address: ""7f489952c000"",size: ""1000"",subtype: ""memory"",tgid: ""118817"",source: ""syscall"",type: ""Artifact"",version: ""0"",hash: ""07963e6cdf6d4914a4e77227a46095d3""})"
"(:VERTEX {memory address: ""7f488767c000"",size: ""1000"",subtype: ""memory"",tgid: ""118817"",source: ""syscall"",type: ""Artifact"",version: ""0"",hash: ""f32d235cb73fc201b49f9386ae828536""})"
"(:VERTEX {memory address: ""7f48751eb000"",size: ""100000"",subtype: ""memory"",tgid: ""118817"",source: ""syscall"",type: ""Artifact"",version: ""0"",hash: ""78784e31acd6004796e28627c81cb165""})"
"(:VERTEX {memory address: ""7f489c39a000"",size: ""10000"",subtype: ""memory"",tgid: ""118817"",source: ""syscall"",type: ""Artifact"",version: ""0"",hash: ""494f32093cb1498da2a053be44cf3d77""})"
"(:VERTEX {memory address: ""7f489c38a000"",size: ""10000"",subtype: ""memory"",tgid: ""118817"",source: ""syscall"",type: ""Artifact"",version: ""0"",hash: ""1aa3983b96ac01fbb6b1ae51be895d24""})"
"(:VERTEX {memory address: ""7f48749ea000"",size: ""801000"",subtype: ""memory"",tgid: ""118817"",source: ""syscall"",type: ""Artifact"",version: ""0"",hash: ""d78a136515f75ce40de2159ef886ae12""})"
"(:VERTEX {memory address: ""7f48749eb000"",size: ""800000"",subtype: ""memory"",tgid: ""118817"",source: ""syscall"",type: ""Artifact"",version: ""0"",hash: ""e48ee60738f04d9a168a77de4c380cc8""})"
"(:VERTEX {gid: ""0"",euid: ""999"",children pid namespace: ""4026532779"",start time: ""1690977469.046"",ns pid: ""8812"",pid: ""118823"",source: ""syscall"",type: ""Process"",net namespace: ""4026532705"",ipc namespace: ""4026532772"",ppid: ""118817"",pid namespace: ""4026532779"",cwd: ""/"",uid: ""999"",egid: ""0"",exe: ""/usr/bin/check-status"",mount namespace: ""4026532778"",command line: ""/usr/bin/check-status -l"",name: ""check-status"",hash: ""a2753ee4fa5173e3880ae85d7fc439c9"",user namespace: ""4026531837""})"
"(:VERTEX {memory address: ""7f48741e9000"",size: ""801000"",subtype: ""memory"",tgid: ""118817"",source: ""syscall"",type: ""Artifact"",version: ""0"",hash: ""bf13c40af08bb631da4571fd07062f64""})"
"(:VERTEX {memory address: ""7f48741ea000"",size: ""800000"",subtype: ""memory"",tgid: ""118817"",source: ""syscall"",type: ""Artifact"",version: ""0"",hash: ""e175c2d91f602648e456bde9e33bf1ff""})"
"(:VERTEX {gid: ""0"",euid: ""999"",children pid namespace: ""4026532779"",start time: ""1690977469.046"",ns pid: ""8813"",pid: ""118824"",source: ""syscall"",type: ""Process"",net namespace: ""4026532705"",ipc namespace: ""4026532772"",ppid: ""118817"",pid namespace: ""4026532779"",cwd: ""/"",uid: ""999"",egid: ""0"",exe: ""/usr/bin/check-status"",mount namespace: ""4026532778"",command line: ""/usr/bin/check-status -l"",name: ""check-status"",hash: ""ac756eca5dde50830480c3fccc1003e6"",user namespace: ""4026531837""})"
"(:VERTEX {memory address: ""7f486c1e9000"",size: ""8000000"",subtype: ""memory"",tgid: ""118817"",source: ""syscall"",type: ""Artifact"",version: ""0"",hash: ""2000917e29bb7d92386b1dd9da64b627""})"
"(:VERTEX {memory address: ""7f4870000000"",size: ""21000"",subtype: ""memory"",tgid: ""118817"",source: ""syscall"",type: ""Artifact"",version: ""0"",hash: ""dda39ac0948c03c02d1dddefe011dd52""})"
"(:VERTEX {memory address: ""7f489c34a000"",size: ""40000"",subtype: ""memory"",tgid: ""118817"",source: ""syscall"",type: ""Artifact"",version: ""0"",hash: ""5d498d01e3a23f8351d1b7bb0f2a52d5""})"
"(:VERTEX {memory address: ""7f486f7ff000"",size: ""801000"",subtype: ""memory"",tgid: ""118817"",source: ""syscall"",type: ""Artifact"",version: ""0"",hash: ""dc37dc36b26589eea3cb6209470cc335""})"
"(:VERTEX {memory address: ""7f486f800000"",size: ""800000"",subtype: ""memory"",tgid: ""118817"",source: ""syscall"",type: ""Artifact"",version: ""0"",hash: ""9823032d227b32b576244193a2a62657""})"
"(:VERTEX {memory address: ""7f486effe000"",size: ""801000"",subtype: ""memory"",tgid: ""118817"",source: ""syscall"",type: ""Artifact"",version: ""0"",hash: ""5d3f1fbbaa34a8f33e3cba4c5cb7e23e""})"
"(:VERTEX {gid: ""0"",euid: ""999"",children pid namespace: ""4026532779"",start time: ""1690977469.046"",ns pid: ""8814"",pid: ""118825"",source: ""syscall"",type: ""Process"",net namespace: ""4026532705"",ipc namespace: ""4026532772"",ppid: ""118817"",pid namespace: ""4026532779"",cwd: ""/"",uid: ""999"",egid: ""0"",exe: ""/usr/bin/check-status"",mount namespace: ""4026532778"",command line: ""/usr/bin/check-status -l"",name: ""check-status"",hash: ""9f92ffe106650ea4c306072225469ec1"",user namespace: ""4026531837""})"
"(:VERTEX {memory address: ""7f486efff000"",size: ""800000"",subtype: ""memory"",tgid: ""118817"",source: ""syscall"",type: ""Artifact"",version: ""0"",hash: ""693f216c103624e6c607e60a465f4042""})"
"(:VERTEX {gid: ""0"",euid: ""999"",children pid namespace: ""4026532779"",start time: ""1690977469.046"",ns pid: ""8815"",pid: ""118826"",source: ""syscall"",type: ""Process"",net namespace: ""4026532705"",ipc namespace: ""4026532772"",ppid: ""118817"",pid namespace: ""4026532779"",cwd: ""/"",uid: ""999"",egid: ""0"",exe: ""/usr/bin/check-status"",mount namespace: ""4026532778"",command line: ""/usr/bin/check-status -l"",name: ""check-status"",hash: ""96c48f30e56cfb79f5df7d83943d1e3e"",user namespace: ""4026531837""})"
"(:VERTEX {memory address: ""7f4866ffe000"",size: ""8000000"",subtype: ""memory"",tgid: ""118817"",source: ""syscall"",type: ""Artifact"",version: ""0"",hash: ""d35d71131d6af5ae9e4cfb7aa9625140""})"
"(:VERTEX {memory address: ""7f4868000000"",size: ""21000"",subtype: ""memory"",tgid: ""118817"",source: ""syscall"",type: ""Artifact"",version: ""0"",hash: ""594ec0d937eabb846c6d918744aab278""})"
"(:VERTEX {memory address: ""7f4860000000"",size: ""8000000"",subtype: ""memory"",tgid: ""118817"",source: ""syscall"",type: ""Artifact"",version: ""0"",hash: ""9f88e65a1ef432513e5b79e6aa3afa14""})"
"(:VERTEX {memory address: ""7f486e7fd000"",size: ""801000"",subtype: ""memory"",tgid: ""118817"",source: ""syscall"",type: ""Artifact"",version: ""0"",hash: ""876a8d02c3896037d7be2b63e099a775""})"
"(:VERTEX {memory address: ""7f486e7fe000"",size: ""800000"",subtype: ""memory"",tgid: ""118817"",source: ""syscall"",type: ""Artifact"",version: ""0"",hash: ""2a2b4be99c35c2819a995680193ece6d""})"
"(:VERTEX {memory address: ""7f4860000000"",size: ""21000"",subtype: ""memory"",tgid: ""118817"",source: ""syscall"",type: ""Artifact"",version: ""0"",hash: ""55211902f96c2dec2e8686d09e14eaca""})"
"(:VERTEX {memory address: ""7f4864000000"",size: ""4000000"",subtype: ""memory"",tgid: ""118817"",source: ""syscall"",type: ""Artifact"",version: ""0"",hash: ""c6a6aa9cbdc8077d7334788fa637bed2""})"
"(:VERTEX {memory address: ""7f4864000000"",size: ""21000"",subtype: ""memory"",tgid: ""118817"",source: ""syscall"",type: ""Artifact"",version: ""0"",hash: ""247cea0f1f4615f4a29bc8c8f2c1ea5c""})"
"(:VERTEX {gid: ""0"",euid: ""999"",children pid namespace: ""4026532779"",start time: ""1690977469.046"",ns pid: ""8816"",pid: ""118827"",source: ""syscall"",type: ""Process"",net namespace: ""4026532705"",ipc namespace: ""4026532772"",ppid: ""118817"",pid namespace: ""4026532779"",cwd: ""/"",uid: ""999"",egid: ""0"",exe: ""/usr/bin/check-status"",mount namespace: ""4026532778"",command line: ""/usr/bin/check-status -l"",name: ""check-status"",hash: ""51a36a14eedf857e44bf7e123e8ff6b6"",user namespace: ""4026531837""})"
"(:VERTEX {memory address: ""7f4858000000"",size: ""8000000"",subtype: ""memory"",tgid: ""118817"",source: ""syscall"",type: ""Artifact"",version: ""0"",hash: ""f0581de977b3a2c1f61d0b70827ef3ad""})"
"(:VERTEX {memory address: ""7f4858000000"",size: ""21000"",subtype: ""memory"",tgid: ""118817"",source: ""syscall"",type: ""Artifact"",version: ""0"",hash: ""d060c939e67e6b22b28e26b8d85efd51""})"
"(:VERTEX {memory address: ""7f48741a9000"",size: ""40000"",subtype: ""memory"",tgid: ""118817"",source: ""syscall"",type: ""Artifact"",version: ""0"",hash: ""4b8c61081b1c50055744b2215fe4954f""})"
"(:VERTEX {remote port: ""40750"",epoch: ""0"",source: ""syscall"",type: ""Artifact"",version: ""0"",local port: ""8080"",net namespace: ""-1"",local address: ""0000:0000:0000:0000:0000:0000:0000:0000"",protocol: ""tcp"",subtype: ""network socket"",remote address: ""0000:0000:0000:0000:0000:FFFF:C0A8:2F80"",hash: ""229f4ec0a616d21880fbb6516e6ec651""})"
"(:VERTEX {remote port: ""40764"",epoch: ""0"",source: ""syscall"",type: ""Artifact"",version: ""0"",local port: ""8080"",net namespace: ""-1"",local address: ""0000:0000:0000:0000:0000:0000:0000:0000"",protocol: ""tcp"",subtype: ""network socket"",remote address: ""0000:0000:0000:0000:0000:FFFF:C0A8:2F80"",hash: ""52070c5cb91e8970d9618a5d9d3e5eee""})"
"(:VERTEX {remote port: ""41724"",epoch: ""0"",source: ""syscall"",type: ""Artifact"",version: ""0"",local port: ""50051"",net namespace: ""-1"",local address: ""0000:0000:0000:0000:0000:0000:0000:0000"",protocol: ""tcp"",subtype: ""network socket"",remote address: ""0000:0000:0000:0000:0000:FFFF:C0A8:2F80"",hash: ""353fb06da6a72f68cb3c29ee2e45b92c""})"
"(:VERTEX {remote port: ""41726"",epoch: ""0"",source: ""syscall"",type: ""Artifact"",version: ""0"",local port: ""50051"",net namespace: ""-1"",local address: ""0000:0000:0000:0000:0000:0000:0000:0000"",protocol: ""tcp"",subtype: ""network socket"",remote address: ""0000:0000:0000:0000:0000:FFFF:C0A8:2F80"",hash: ""1789e725d4dcfe2813fc26326e087dc9""})"
"(:VERTEX {remote port: ""56778"",epoch: ""0"",source: ""syscall"",type: ""Artifact"",version: ""0"",local port: ""7000"",net namespace: ""-1"",local address: ""0000:0000:0000:0000:0000:0000:0000:0000"",protocol: ""tcp"",subtype: ""network socket"",remote address: ""0000:0000:0000:0000:0000:FFFF:C0A8:2F80"",hash: ""6408afd3df02b13a8c63d3a0b8ee40e6""})"
"(:VERTEX {remote port: ""53"",epoch: ""0"",source: ""syscall"",type: ""Artifact"",version: ""0"",local port: ""34851"",net namespace: ""-1"",local address: ""10.1.251.204"",protocol: ""udp"",subtype: ""network socket"",remote address: ""10.152.183.10"",hash: ""05699d6513670380e9ead1d211b622fd""})"
"(:VERTEX {gid: ""1000"",euid: ""1000"",children pid namespace: ""-1"",pid: ""61194"",seen time: ""1690978412.714"",source: ""syscall"",type: ""Process"",net namespace: ""-1"",ipc namespace: ""-1"",ppid: ""58880"",pid namespace: ""-1"",uid: ""1000"",egid: ""1000"",mount namespace: ""-1"",name: ""server"",hash: ""59351520260b15b6332c9cddbadb5d47"",user namespace: ""-1""})"
"(:VERTEX {remote port: ""53"",epoch: ""0"",source: ""syscall"",type: ""Artifact"",version: ""0"",local port: ""43322"",net namespace: ""-1"",local address: ""10.1.251.204"",protocol: ""udp"",subtype: ""network socket"",remote address: ""10.152.183.10"",hash: ""7b619a2a1908ad1de4ce0eae5fcd7466""})"
"(:VERTEX {gid: ""0"",euid: ""999"",children pid namespace: ""-1"",pid: ""145404"",seen time: ""1690978516.898"",source: ""syscall"",type: ""Process"",net namespace: ""-1"",ipc namespace: ""-1"",ppid: ""145394"",pid namespace: ""-1"",uid: ""999"",egid: ""0"",exe: ""/"",mount namespace: ""-1"",name: ""runc:[2:INIT]"",hash: ""3bd86f8e385a6ca5c943f1b37033446b"",user namespace: ""-1""})"
"(:VERTEX {path: ""/proc/145404/attr/apparmor/exec"",subtype: ""file"",permissions: ""0666"",epoch: ""0"",source: ""syscall"",type: ""Artifact"",version: ""0"",hash: ""52d7aba54c1986a674c3f9c47e8fd851""})"
"(:VERTEX {gid: ""0"",euid: ""999"",children pid namespace: ""-1"",start time: ""1690978516.898"",pid: ""145404"",source: ""syscall"",type: ""Process"",net namespace: ""-1"",ipc namespace: ""-1"",ppid: ""145394"",pid namespace: ""-1"",cwd: ""/"",uid: ""999"",egid: ""0"",exe: ""/usr/bin/check-status"",mount namespace: ""-1"",command line: ""/usr/bin/check-status -r"",name: ""check-status"",hash: ""d15a2355ec2efe9ca6266d004369f2f3"",user namespace: ""-1""})"
"(:VERTEX {memory address: ""7f3db157b000"",size: ""2000"",subtype: ""memory"",tgid: ""145404"",source: ""syscall"",type: ""Artifact"",version: ""0"",hash: ""3909d41998f9f4e0f23faa52b40fe273""})"
"(:VERTEX {memory address: ""7f3db1130000"",size: ""21f4c0"",subtype: ""memory"",tgid: ""145404"",source: ""syscall"",type: ""Artifact"",version: ""0"",hash: ""4b650f5c7d0cc8cb3340b4d7f98fbf0a""})"
"(:VERTEX {memory address: ""7f3db114b000"",size: ""1ff000"",subtype: ""memory"",tgid: ""145404"",source: ""syscall"",type: ""Artifact"",version: ""0"",hash: ""55b1d6f37705cd302e148bfa6c455f7d""})"
"(:VERTEX {memory address: ""7f3db134a000"",size: ""2000"",subtype: ""memory"",tgid: ""145404"",source: ""syscall"",type: ""Artifact"",version: ""0"",hash: ""f194d05ea05befd1483e497250d6975b""})"
"(:VERTEX {memory address: ""7f3db134c000"",size: ""34c0"",subtype: ""memory"",tgid: ""145404"",source: ""syscall"",type: ""Artifact"",version: ""0"",hash: ""9e98ba7d9261e3329e68c18b4ef8d310""})"
"(:VERTEX {memory address: ""7f3db0d6a000"",size: ""3c58c0"",subtype: ""memory"",tgid: ""145404"",source: ""syscall"",type: ""Artifact"",version: ""0"",hash: ""4a35680ba856cdadfe869eedfb5529ab""})"
"(:VERTEX {memory address: ""7f3db0f26000"",size: ""200000"",subtype: ""memory"",tgid: ""145404"",source: ""syscall"",type: ""Artifact"",version: ""0"",hash: ""2cda6183004b0fdfcd73958b0da71a77""})"
"(:VERTEX {memory address: ""7f3db1126000"",size: ""6000"",subtype: ""memory"",tgid: ""145404"",source: ""syscall"",type: ""Artifact"",version: ""0"",hash: ""4b1a783fc7ea3bca827b1dfdce771cbd""})"
"(:VERTEX {memory address: ""7f3db112c000"",size: ""38c0"",subtype: ""memory"",tgid: ""145404"",source: ""syscall"",type: ""Artifact"",version: ""0"",hash: ""1d684ae0140b048687fba26b9877a530""})"
"(:VERTEX {memory address: ""7f3db1578000"",size: ""3000"",subtype: ""memory"",tgid: ""145404"",source: ""syscall"",type: ""Artifact"",version: ""0"",hash: ""d4301cc846223e833a10501d89b3ced0""})"
"(:VERTEX {memory address: ""7f3db1126000"",size: ""4000"",subtype: ""memory"",tgid: ""145404"",source: ""syscall"",type: ""Artifact"",version: ""0"",hash: ""67807ca32e0d680a8ed39e183547411f""})"
"(:VERTEX {memory address: ""7f3db134a000"",size: ""1000"",subtype: ""memory"",tgid: ""145404"",source: ""syscall"",type: ""Artifact"",version: ""0"",hash: ""6836a6b31549381593ac36ff0b80a795""})"
"(:VERTEX {memory address: ""7f3db157d000"",size: ""1000"",subtype: ""memory"",tgid: ""145404"",source: ""syscall"",type: ""Artifact"",version: ""0"",hash: ""9008d2c2a010e5d42a24483bf48b72f5""})"
"(:VERTEX {memory address: ""7f3db1538000"",size: ""40000"",subtype: ""memory"",tgid: ""145404"",source: ""syscall"",type: ""Artifact"",version: ""0"",hash: ""61640ce20036fc67f23169fccf3cc01d""})"
"(:VERTEX {memory address: ""7f3db1518000"",size: ""20000"",subtype: ""memory"",tgid: ""145404"",source: ""syscall"",type: ""Artifact"",version: ""0"",hash: ""d041f452759a304ba1e499e080e35598""})"
"(:VERTEX {memory address: ""7f3db1418000"",size: ""100000"",subtype: ""memory"",tgid: ""145404"",source: ""syscall"",type: ""Artifact"",version: ""0"",hash: ""3e8a8d502c1c9c9c5b5c1d9e25e68939""})"
"(:VERTEX {memory address: ""7f3db056a000"",size: ""800000"",subtype: ""memory"",tgid: ""145404"",source: ""syscall"",type: ""Artifact"",version: ""0"",hash: ""9886c6743d9956953b8acf2c0fd0bacd""})"
"(:VERTEX {memory address: ""7f3dac56a000"",size: ""4000000"",subtype: ""memory"",tgid: ""145404"",source: ""syscall"",type: ""Artifact"",version: ""0"",hash: ""d7f15bf750c1ccff43ad17b4c334b512""})"
"(:VERTEX {memory address: ""7f3d8c56a000"",size: ""20000000"",subtype: ""memory"",tgid: ""145404"",source: ""syscall"",type: ""Artifact"",version: ""0"",hash: ""2d833845ff17824b054c6430a5dcdc47""})"
"(:VERTEX {memory address: ""c000000000"",size: ""4000000"",subtype: ""memory"",tgid: ""145404"",source: ""syscall"",type: ""Artifact"",version: ""0"",hash: ""fbbc0ea33f55d8577791cdb29863f5c2""})"
"(:VERTEX {memory address: ""7f3d8a56a000"",size: ""2000000"",subtype: ""memory"",tgid: ""145404"",source: ""syscall"",type: ""Artifact"",version: ""0"",hash: ""6cb3aae8b205c0cae4fb8d699ac3fe2c""})"
"(:VERTEX {memory address: ""7f3d8a359000"",size: ""210c10"",subtype: ""memory"",tgid: ""145404"",source: ""syscall"",type: ""Artifact"",version: ""0"",hash: ""6a15155b2aab912cf77a4ae82081f47e""})"
"(:VERTEX {memory address: ""c000000000"",size: ""400000"",subtype: ""memory"",tgid: ""145404"",source: ""syscall"",type: ""Artifact"",version: ""0"",hash: ""4f3a9ca6ded7b73673c7f7d42ab64a90""})"
"(:VERTEX {memory address: ""7f3db1518000"",size: ""20000"",subtype: ""memory"",tgid: ""145404"",source: ""syscall"",type: ""Artifact"",version: ""1"",hash: ""3664105a914fd603356f0ef06024e4a5""})"
"(:VERTEX {memory address: ""7f3db1498000"",size: ""1000"",subtype: ""memory"",tgid: ""145404"",source: ""syscall"",type: ""Artifact"",version: ""0"",hash: ""223f0489d879156f3fbc0d0525f2ddc6""})"
"(:VERTEX {memory address: ""7f3db0970000"",size: ""1000"",subtype: ""memory"",tgid: ""145404"",source: ""syscall"",type: ""Artifact"",version: ""0"",hash: ""60ffc5cf6aabc48a589506d7389c731e""})"
"(:VERTEX {memory address: ""7f3dae59a000"",size: ""1000"",subtype: ""memory"",tgid: ""145404"",source: ""syscall"",type: ""Artifact"",version: ""0"",hash: ""b8f375913f5fb19b8a325bd2f2cc46f6""})"
"(:VERTEX {memory address: ""7f3d9c6ea000"",size: ""1000"",subtype: ""memory"",tgid: ""145404"",source: ""syscall"",type: ""Artifact"",version: ""0"",hash: ""81dc3b29aaebe42733f86acddd437e70""})"
"(:VERTEX {memory address: ""7f3d8a259000"",size: ""100000"",subtype: ""memory"",tgid: ""145404"",source: ""syscall"",type: ""Artifact"",version: ""0"",hash: ""f17cc4e2298716c6a643b9f9529c6392""})"
"(:VERTEX {memory address: ""7f3db1408000"",size: ""10000"",subtype: ""memory"",tgid: ""145404"",source: ""syscall"",type: ""Artifact"",version: ""0"",hash: ""57cafc3f091b49d8eb836e4b7a126c7f""})"
"(:VERTEX {memory address: ""7f3db13f8000"",size: ""10000"",subtype: ""memory"",tgid: ""145404"",source: ""syscall"",type: ""Artifact"",version: ""0"",hash: ""c5fb3c1d9681c2f0fc024e1a427afc5a""})"
"(:VERTEX {memory address: ""7f3d89a58000"",size: ""801000"",subtype: ""memory"",tgid: ""145404"",source: ""syscall"",type: ""Artifact"",version: ""0"",hash: ""445918fd5e1fe21a7aba723b948f5b1d""})"
"(:VERTEX {memory address: ""7f3d89a59000"",size: ""800000"",subtype: ""memory"",tgid: ""145404"",source: ""syscall"",type: ""Artifact"",version: ""0"",hash: ""d19b60bac67f1451d43c6f9dd1dd16e5""})"
"(:VERTEX {gid: ""0"",euid: ""999"",children pid namespace: ""4026532779"",start time: ""1690978516.905"",ns pid: ""11187"",pid: ""145411"",source: ""syscall"",type: ""Process"",net namespace: ""4026532705"",ipc namespace: ""4026532772"",ppid: ""145404"",pid namespace: ""4026532779"",cwd: ""/"",uid: ""999"",egid: ""0"",exe: ""/usr/bin/check-status"",mount namespace: ""4026532778"",command line: ""/usr/bin/check-status -r"",name: ""check-status"",hash: ""df4292abe483a05b42baf0e52ff9ca5c"",user namespace: ""4026531837""})"
"(:VERTEX {memory address: ""7f3d89257000"",size: ""801000"",subtype: ""memory"",tgid: ""145404"",source: ""syscall"",type: ""Artifact"",version: ""0"",hash: ""e5e7ce605e3bb88f933a0307d8b3b6ba""})"
"(:VERTEX {memory address: ""7f3d89258000"",size: ""800000"",subtype: ""memory"",tgid: ""145404"",source: ""syscall"",type: ""Artifact"",version: ""0"",hash: ""bc0d93d3fbe3a070240f05be264df176""})"
"(:VERTEX {gid: ""0"",euid: ""999"",children pid namespace: ""4026532779"",start time: ""1690978516.905"",ns pid: ""11188"",pid: ""145412"",source: ""syscall"",type: ""Process"",net namespace: ""4026532705"",ipc namespace: ""4026532772"",ppid: ""145404"",pid namespace: ""4026532779"",cwd: ""/"",uid: ""999"",egid: ""0"",exe: ""/usr/bin/check-status"",mount namespace: ""4026532778"",command line: ""/usr/bin/check-status -r"",name: ""check-status"",hash: ""249032c16260223915a6293c041da6c2"",user namespace: ""4026531837""})"
"(:VERTEX {memory address: ""7f3d88a56000"",size: ""801000"",subtype: ""memory"",tgid: ""145404"",source: ""syscall"",type: ""Artifact"",version: ""0"",hash: ""416376f7bf141a3684cc0363ea461f48""})"
"(:VERTEX {memory address: ""7f3d88a57000"",size: ""800000"",subtype: ""memory"",tgid: ""145404"",source: ""syscall"",type: ""Artifact"",version: ""0"",hash: ""b2377eb5b9d14de91309e1a81fc18e08""})"
"(:VERTEX {gid: ""0"",euid: ""999"",children pid namespace: ""4026532779"",start time: ""1690978516.905"",ns pid: ""11189"",pid: ""145413"",source: ""syscall"",type: ""Process"",net namespace: ""4026532705"",ipc namespace: ""4026532772"",ppid: ""145404"",pid namespace: ""4026532779"",cwd: ""/"",uid: ""999"",egid: ""0"",exe: ""/usr/bin/check-status"",mount namespace: ""4026532778"",command line: ""/usr/bin/check-status -r"",name: ""check-status"",hash: ""7e03c89e19db1e13eb2adcc137ee4d00"",user namespace: ""4026531837""})"
"(:VERTEX {memory address: ""7f3d80a56000"",size: ""8000000"",subtype: ""memory"",tgid: ""145404"",source: ""syscall"",type: ""Artifact"",version: ""0"",hash: ""ed63fea289656c71eb28fc24494c4bcb""})"
"(:VERTEX {memory address: ""7f3d78a56000"",size: ""8000000"",subtype: ""memory"",tgid: ""145404"",source: ""syscall"",type: ""Artifact"",version: ""0"",hash: ""a5a114836a6efbc546ef47ba04c657c5""})"
"(:VERTEX {memory address: ""7f3d84000000"",size: ""21000"",subtype: ""memory"",tgid: ""145404"",source: ""syscall"",type: ""Artifact"",version: ""0"",hash: ""4d2f2216e26b7c53ca0e3f603816c489""})"
"(:VERTEX {memory address: ""7f3d7c000000"",size: ""21000"",subtype: ""memory"",tgid: ""145404"",source: ""syscall"",type: ""Artifact"",version: ""0"",hash: ""51feb0cc38e4bdf6d66d6fd3f2b8a484""})"
"(:VERTEX {memory address: ""7f3db13b8000"",size: ""40000"",subtype: ""memory"",tgid: ""145404"",source: ""syscall"",type: ""Artifact"",version: ""0"",hash: ""37b4988107f297a161b864b4576ada72""})"
"(:VERTEX {memory address: ""7f3d88255000"",size: ""801000"",subtype: ""memory"",tgid: ""145404"",source: ""syscall"",type: ""Artifact"",version: ""0"",hash: ""1e23d9cc9fb9cebd9bb6cede00914032""})"
"(:VERTEX {memory address: ""7f3d88256000"",size: ""800000"",subtype: ""memory"",tgid: ""145404"",source: ""syscall"",type: ""Artifact"",version: ""0"",hash: ""61ae7e551ad6721476dcb5a2ec3483b9""})"
"(:VERTEX {gid: ""0"",euid: ""999"",children pid namespace: ""4026532779"",start time: ""1690978516.905"",ns pid: ""11190"",pid: ""145414"",source: ""syscall"",type: ""Process"",net namespace: ""4026532705"",ipc namespace: ""4026532772"",ppid: ""145404"",pid namespace: ""4026532779"",cwd: ""/"",uid: ""999"",egid: ""0"",exe: ""/usr/bin/check-status"",mount namespace: ""4026532778"",command line: ""/usr/bin/check-status -r"",name: ""check-status"",hash: ""57ef8e647cc3c187dd53021599244b9a"",user namespace: ""4026531837""})"
"(:VERTEX {memory address: ""7f3d74000000"",size: ""8000000"",subtype: ""memory"",tgid: ""145404"",source: ""syscall"",type: ""Artifact"",version: ""0"",hash: ""c053776235029c69fcd2d37423c62f3c""})"
"(:VERTEX {memory address: ""7f3d74000000"",size: ""21000"",subtype: ""memory"",tgid: ""145404"",source: ""syscall"",type: ""Artifact"",version: ""0"",hash: ""b6e789977c34bcc6469b27ee861a1446""})"
"(:VERTEX {memory address: ""7f3d837ff000"",size: ""801000"",subtype: ""memory"",tgid: ""145404"",source: ""syscall"",type: ""Artifact"",version: ""0"",hash: ""b4b70e89dd92e7c0c80d37318e232a4b""})"
"(:VERTEX {memory address: ""7f3d83800000"",size: ""800000"",subtype: ""memory"",tgid: ""145404"",source: ""syscall"",type: ""Artifact"",version: ""0"",hash: ""d39d6404a515590894ea6ab541a29c44""})"
"(:VERTEX {gid: ""0"",euid: ""999"",children pid namespace: ""4026532779"",start time: ""1690978516.909"",ns pid: ""11191"",pid: ""145415"",source: ""syscall"",type: ""Process"",net namespace: ""4026532705"",ipc namespace: ""4026532772"",ppid: ""145404"",pid namespace: ""4026532779"",cwd: ""/"",uid: ""999"",egid: ""0"",exe: ""/usr/bin/check-status"",mount namespace: ""4026532778"",command line: ""/usr/bin/check-status -r"",name: ""check-status"",hash: ""e7e4ce0424a34a9da0b85afa26859835"",user namespace: ""4026531837""})"
"(:VERTEX {memory address: ""7f3d88215000"",size: ""40000"",subtype: ""memory"",tgid: ""145404"",source: ""syscall"",type: ""Artifact"",version: ""0"",hash: ""c5e4ab63e73fa50b4913d5c70309de7d""})"
"(:VERTEX {remote port: ""53"",epoch: ""0"",source: ""syscall"",type: ""Artifact"",version: ""0"",local port: ""54203"",net namespace: ""-1"",local address: ""10.1.251.204"",protocol: ""udp"",subtype: ""network socket"",remote address: ""10.152.183.10"",hash: ""941ec62032395cfb077bff83f5fd42b8""})"
"(:VERTEX {gid: ""1000"",euid: ""1000"",children pid namespace: ""-1"",pid: ""61215"",seen time: ""1690978490.658"",source: ""syscall"",type: ""Process"",net namespace: ""-1"",ipc namespace: ""-1"",ppid: ""58880"",pid namespace: ""-1"",uid: ""1000"",egid: ""1000"",mount namespace: ""-1"",name: ""server"",hash: ""8b9ecb007edcef5565859257c1de08fc"",user namespace: ""-1""})"
"(:VERTEX {remote port: ""53"",epoch: ""0"",source: ""syscall"",type: ""Artifact"",version: ""0"",local port: ""44717"",net namespace: ""-1"",local address: ""10.1.251.204"",protocol: ""udp"",subtype: ""network socket"",remote address: ""10.152.183.10"",hash: ""2f02402641fbe80d38262329d0f39961""})"
"(:VERTEX {remote port: ""50018"",epoch: ""0"",source: ""syscall"",type: ""Artifact"",version: ""0"",local port: ""8080"",net namespace: ""-1"",local address: ""0000:0000:0000:0000:0000:0000:0000:0000"",protocol: ""tcp"",subtype: ""network socket"",remote address: ""0000:0000:0000:0000:0000:FFFF:C0A8:2F80"",hash: ""9098b888145730223c3e3a82a351cbf6""})"
"(:VERTEX {gid: ""1000"",euid: ""1000"",children pid namespace: ""-1"",pid: ""59634"",seen time: ""1690978412.473"",source: ""syscall"",type: ""Process"",net namespace: ""-1"",ipc namespace: ""-1"",ppid: ""58330"",pid namespace: ""-1"",uid: ""1000"",egid: ""1000"",mount namespace: ""-1"",name: ""python"",hash: ""f710f11a9a89e1524d5b10da05e52a77"",user namespace: ""-1""})"
"(:VERTEX {remote port: ""50030"",epoch: ""0"",source: ""syscall"",type: ""Artifact"",version: ""0"",local port: ""8080"",net namespace: ""-1"",local address: ""0000:0000:0000:0000:0000:0000:0000:0000"",protocol: ""tcp"",subtype: ""network socket"",remote address: ""0000:0000:0000:0000:0000:FFFF:C0A8:2F80"",hash: ""7b6655188dc264b76be8abde3195130b""})"
"(:VERTEX {remote port: ""41070"",epoch: ""0"",source: ""syscall"",type: ""Artifact"",version: ""0"",local port: ""50051"",net namespace: ""-1"",local address: ""0000:0000:0000:0000:0000:0000:0000:0000"",protocol: ""tcp"",subtype: ""network socket"",remote address: ""0000:0000:0000:0000:0000:FFFF:C0A8:2F80"",hash: ""4a26706c8e7e374d602c36916534c5e0""})"
"(:VERTEX {gid: ""1000"",euid: ""1000"",children pid namespace: ""-1"",pid: ""60791"",seen time: ""1690978412.484"",source: ""syscall"",type: ""Process"",net namespace: ""-1"",ipc namespace: ""-1"",ppid: ""58654"",pid namespace: ""-1"",uid: ""1000"",egid: ""1000"",mount namespace: ""-1"",name: ""shippingservice"",hash: ""8aeb22883367a485ddc73ac25f256737"",user namespace: ""-1""})"
"(:VERTEX {remote port: ""35532"",epoch: ""0"",source: ""syscall"",type: ""Artifact"",version: ""0"",local port: ""6379"",net namespace: ""-1"",local address: ""0.0.0.0"",protocol: ""tcp"",subtype: ""network socket"",remote address: ""192.168.47.128"",hash: ""afeb39701f24954e48d99e7a2729f5d0""})"
"(:VERTEX {gid: ""1000"",euid: ""1000"",children pid namespace: ""-1"",pid: ""59971"",seen time: ""1690978412.509"",source: ""syscall"",type: ""Process"",net namespace: ""-1"",ipc namespace: ""-1"",ppid: ""58457"",pid namespace: ""-1"",uid: ""1000"",egid: ""1000"",mount namespace: ""-1"",name: ""redis-server"",hash: ""90846b49818b5cd66c9df596aef356f7"",user namespace: ""-1""})"
"(:VERTEX {remote port: ""35536"",epoch: ""0"",source: ""syscall"",type: ""Artifact"",version: ""0"",local port: ""6379"",net namespace: ""-1"",local address: ""0.0.0.0"",protocol: ""tcp"",subtype: ""network socket"",remote address: ""192.168.47.128"",hash: ""b5c72bea52a1b72824f7d7082c5a3068""})"
"(:VERTEX {remote port: ""55210"",epoch: ""0"",source: ""syscall"",type: ""Artifact"",version: ""0"",local port: ""8080"",net namespace: ""-1"",local address: ""0000:0000:0000:0000:0000:0000:0000:0000"",protocol: ""tcp"",subtype: ""network socket"",remote address: ""0000:0000:0000:0000:0000:FFFF:C0A8:2F80"",hash: ""cdf90fcb0055e333faa7a82042ea3abf""})"
"(:VERTEX {gid: ""1000"",euid: ""1000"",children pid namespace: ""-1"",pid: ""61592"",seen time: ""1690978412.934"",source: ""syscall"",type: ""Process"",net namespace: ""-1"",ipc namespace: ""-1"",ppid: ""59070"",pid namespace: ""-1"",uid: ""1000"",egid: ""1000"",mount namespace: ""-1"",name: ""python"",hash: ""70d5e923d477ceb8fc575ac7c4f9f911"",user namespace: ""-1""})"
"(:VERTEX {remote port: ""55220"",epoch: ""0"",source: ""syscall"",type: ""Artifact"",version: ""0"",local port: ""8080"",net namespace: ""-1"",local address: ""0000:0000:0000:0000:0000:0000:0000:0000"",protocol: ""tcp"",subtype: ""network socket"",remote address: ""0000:0000:0000:0000:0000:FFFF:C0A8:2F80"",hash: ""73d5a0ab37b72bec49a46eaee55f4071""})"
"(:VERTEX {gid: ""0"",euid: ""999"",children pid namespace: ""-1"",pid: ""145510"",seen time: ""1690978519.044"",source: ""syscall"",type: ""Process"",net namespace: ""-1"",ipc namespace: ""-1"",ppid: ""145500"",pid namespace: ""-1"",uid: ""999"",egid: ""0"",exe: ""/"",mount namespace: ""-1"",name: ""runc:[2:INIT]"",hash: ""bb4b363b4e9eeb00b9d8ab2dbc58eb6c"",user namespace: ""-1""})"
"(:VERTEX {path: ""/proc/145510/attr/apparmor/exec"",subtype: ""file"",permissions: ""0666"",epoch: ""0"",source: ""syscall"",type: ""Artifact"",version: ""0"",hash: ""6d57e3f8d43709b37026a4ae4bd78c5e""})"
"(:VERTEX {gid: ""0"",euid: ""999"",children pid namespace: ""-1"",start time: ""1690978519.044"",pid: ""145510"",source: ""syscall"",type: ""Process"",net namespace: ""-1"",ipc namespace: ""-1"",ppid: ""145500"",pid namespace: ""-1"",cwd: ""/"",uid: ""999"",egid: ""0"",exe: ""/usr/bin/check-status"",mount namespace: ""-1"",command line: ""/usr/bin/check-status -l"",name: ""check-status"",hash: ""054ad4850e8521d7ad1fe7c3d3e00e79"",user namespace: ""-1""})"
"(:VERTEX {memory address: ""7f014e859000"",size: ""2000"",subtype: ""memory"",tgid: ""145510"",source: ""syscall"",type: ""Artifact"",version: ""0"",hash: ""1bc8b9986393c8e0484d73d4155742ee""})"
"(:VERTEX {memory address: ""7f014e40e000"",size: ""21f4c0"",subtype: ""memory"",tgid: ""145510"",source: ""syscall"",type: ""Artifact"",version: ""0"",hash: ""3856128c8e36f6d4755f748e88344a7b""})"
"(:VERTEX {memory address: ""7f014e429000"",size: ""1ff000"",subtype: ""memory"",tgid: ""145510"",source: ""syscall"",type: ""Artifact"",version: ""0"",hash: ""c44b394d7ff816eaeaf29d70a4649e5d""})"
"(:VERTEX {memory address: ""7f014e628000"",size: ""2000"",subtype: ""memory"",tgid: ""145510"",source: ""syscall"",type: ""Artifact"",version: ""0"",hash: ""3dff723e9a7985283a2e7ddebce72a7b""})"
"(:VERTEX {memory address: ""7f014e62a000"",size: ""34c0"",subtype: ""memory"",tgid: ""145510"",source: ""syscall"",type: ""Artifact"",version: ""0"",hash: ""c371cecbfb985011dee506276dbedd99""})"
"(:VERTEX {memory address: ""7f014e048000"",size: ""3c58c0"",subtype: ""memory"",tgid: ""145510"",source: ""syscall"",type: ""Artifact"",version: ""0"",hash: ""63290f558717c04895f67d0e84544dec""})"
"(:VERTEX {memory address: ""7f014e204000"",size: ""200000"",subtype: ""memory"",tgid: ""145510"",source: ""syscall"",type: ""Artifact"",version: ""0"",hash: ""ccbc00cce2beeee30b9f4603e8920d34""})"
"(:VERTEX {memory address: ""7f014e404000"",size: ""6000"",subtype: ""memory"",tgid: ""145510"",source: ""syscall"",type: ""Artifact"",version: ""0"",hash: ""9ebf0aee78fc354c3b1cb991968772f5""})"
"(:VERTEX {memory address: ""7f014e40a000"",size: ""38c0"",subtype: ""memory"",tgid: ""145510"",source: ""syscall"",type: ""Artifact"",version: ""0"",hash: ""4917492bfcee54a83149d3efd7142d5f""})"
"(:VERTEX {memory address: ""7f014e856000"",size: ""3000"",subtype: ""memory"",tgid: ""145510"",source: ""syscall"",type: ""Artifact"",version: ""0"",hash: ""18c0ea97de6bce268baecd8b46d0aa90""})"
"(:VERTEX {memory address: ""7f014e404000"",size: ""4000"",subtype: ""memory"",tgid: ""145510"",source: ""syscall"",type: ""Artifact"",version: ""0"",hash: ""19c8029806ba4c4a68c2a4b6cfe3ce27""})"
"(:VERTEX {memory address: ""7f014e628000"",size: ""1000"",subtype: ""memory"",tgid: ""145510"",source: ""syscall"",type: ""Artifact"",version: ""0"",hash: ""f6457b4a9fdb1c37fbcc6cca57642e1c""})"
"(:VERTEX {memory address: ""7f014e85b000"",size: ""1000"",subtype: ""memory"",tgid: ""145510"",source: ""syscall"",type: ""Artifact"",version: ""0"",hash: ""c5ea7be43b6ccb8cfeca44558f2dc438""})"
"(:VERTEX {memory address: ""7f014e816000"",size: ""40000"",subtype: ""memory"",tgid: ""145510"",source: ""syscall"",type: ""Artifact"",version: ""0"",hash: ""b42827429bdae60449b640cde91875cb""})"
"(:VERTEX {memory address: ""7f014e7f6000"",size: ""20000"",subtype: ""memory"",tgid: ""145510"",source: ""syscall"",type: ""Artifact"",version: ""0"",hash: ""563b92faf9f8af417d7565f9dd458c36""})"
"(:VERTEX {memory address: ""7f014e6f6000"",size: ""100000"",subtype: ""memory"",tgid: ""145510"",source: ""syscall"",type: ""Artifact"",version: ""0"",hash: ""5a807e942b9c9c04807fd8d92f4e4895""})"
"(:VERTEX {memory address: ""7f014d848000"",size: ""800000"",subtype: ""memory"",tgid: ""145510"",source: ""syscall"",type: ""Artifact"",version: ""0"",hash: ""d04c956788247f8466baf7cb4a6aed3a""})"
"(:VERTEX {memory address: ""7f0149848000"",size: ""4000000"",subtype: ""memory"",tgid: ""145510"",source: ""syscall"",type: ""Artifact"",version: ""0"",hash: ""2c27ec7c195c8626ccfbf03b0d580718""})"
"(:VERTEX {memory address: ""7f0129848000"",size: ""20000000"",subtype: ""memory"",tgid: ""145510"",source: ""syscall"",type: ""Artifact"",version: ""0"",hash: ""1b3a487670c81c9ef94b60562016025f""})"
"(:VERTEX {memory address: ""c000000000"",size: ""4000000"",subtype: ""memory"",tgid: ""145510"",source: ""syscall"",type: ""Artifact"",version: ""0"",hash: ""be8859c5d32f9b00bf706b8370fe4093""})"
"(:VERTEX {memory address: ""7f0127848000"",size: ""2000000"",subtype: ""memory"",tgid: ""145510"",source: ""syscall"",type: ""Artifact"",version: ""0"",hash: ""28bb7043e23f9df42361dc97c7b2cd40""})"
"(:VERTEX {memory address: ""7f0127637000"",size: ""210c10"",subtype: ""memory"",tgid: ""145510"",source: ""syscall"",type: ""Artifact"",version: ""0"",hash: ""204a7a66d8eeff073ea0fc73d413973a""})"
"(:VERTEX {memory address: ""c000000000"",size: ""400000"",subtype: ""memory"",tgid: ""145510"",source: ""syscall"",type: ""Artifact"",version: ""0"",hash: ""72694e6136684b088043382b33837447""})"
"(:VERTEX {memory address: ""7f014e7f6000"",size: ""20000"",subtype: ""memory"",tgid: ""145510"",source: ""syscall"",type: ""Artifact"",version: ""1"",hash: ""d042e24787adac9ae552d8d1da57874d""})"
"(:VERTEX {memory address: ""7f014e776000"",size: ""1000"",subtype: ""memory"",tgid: ""145510"",source: ""syscall"",type: ""Artifact"",version: ""0"",hash: ""2cdb23f5b14d7acdec6fe68c5d098a81""})"
"(:VERTEX {memory address: ""7f014dc4e000"",size: ""1000"",subtype: ""memory"",tgid: ""145510"",source: ""syscall"",type: ""Artifact"",version: ""0"",hash: ""766d9fc8b95240447a07ad8425dc8fd4""})"
"(:VERTEX {memory address: ""7f014b878000"",size: ""1000"",subtype: ""memory"",tgid: ""145510"",source: ""syscall"",type: ""Artifact"",version: ""0"",hash: ""47074272d3ec5d87ead168612e0223a8""})"
"(:VERTEX {memory address: ""7f01399c8000"",size: ""1000"",subtype: ""memory"",tgid: ""145510"",source: ""syscall"",type: ""Artifact"",version: ""0"",hash: ""69f8116e54cb110da6b9052ba3cd240e""})"
"(:VERTEX {memory address: ""7f0127537000"",size: ""100000"",subtype: ""memory"",tgid: ""145510"",source: ""syscall"",type: ""Artifact"",version: ""0"",hash: ""4578f74de67308551403eb059e7aac7d""})"
"(:VERTEX {memory address: ""7f014e6e6000"",size: ""10000"",subtype: ""memory"",tgid: ""145510"",source: ""syscall"",type: ""Artifact"",version: ""0"",hash: ""5dcb03e1b65c5488772ee81273163c65""})"
"(:VERTEX {memory address: ""7f014e6d6000"",size: ""10000"",subtype: ""memory"",tgid: ""145510"",source: ""syscall"",type: ""Artifact"",version: ""0"",hash: ""b4d1f1456bdf6b0f0abc8b3238d291f9""})"
"(:VERTEX {memory address: ""7f0126d36000"",size: ""801000"",subtype: ""memory"",tgid: ""145510"",source: ""syscall"",type: ""Artifact"",version: ""0"",hash: ""ce0c97a9dfbde27e510d8234a900ecec""})"
"(:VERTEX {memory address: ""7f0126d37000"",size: ""800000"",subtype: ""memory"",tgid: ""145510"",source: ""syscall"",type: ""Artifact"",version: ""0"",hash: ""803dbb6ab5ec7c13756819b71ed9f515""})"
"(:VERTEX {gid: ""0"",euid: ""999"",children pid namespace: ""4026532779"",start time: ""1690978519.055"",ns pid: ""11198"",pid: ""145516"",source: ""syscall"",type: ""Process"",net namespace: ""4026532705"",ipc namespace: ""4026532772"",ppid: ""145510"",pid namespace: ""4026532779"",cwd: ""/"",uid: ""999"",egid: ""0"",exe: ""/usr/bin/check-status"",mount namespace: ""4026532778"",command line: ""/usr/bin/check-status -l"",name: ""check-status"",hash: ""0124900dddcef09dfbf7a4ee89be7c9e"",user namespace: ""4026531837""})"
"(:VERTEX {memory address: ""7f011ed36000"",size: ""8000000"",subtype: ""memory"",tgid: ""145510"",source: ""syscall"",type: ""Artifact"",version: ""0"",hash: ""c15e6dc5e5a3ea1016e66e2f06812173""})"
"(:VERTEX {memory address: ""7f0120000000"",size: ""21000"",subtype: ""memory"",tgid: ""145510"",source: ""syscall"",type: ""Artifact"",version: ""0"",hash: ""3c994eae02523fdc89e6a9a0580d1055""})"
"(:VERTEX {memory address: ""7f0126535000"",size: ""801000"",subtype: ""memory"",tgid: ""145510"",source: ""syscall"",type: ""Artifact"",version: ""0"",hash: ""f50167590ae45a413d86f9a1c7ff5385""})"
"(:VERTEX {memory address: ""7f0126536000"",size: ""800000"",subtype: ""memory"",tgid: ""145510"",source: ""syscall"",type: ""Artifact"",version: ""0"",hash: ""7e820d57e2b9e82287f6b1833d5d653c""})"
"(:VERTEX {gid: ""0"",euid: ""999"",children pid namespace: ""4026532779"",start time: ""1690978519.055"",ns pid: ""11199"",pid: ""145517"",source: ""syscall"",type: ""Process"",net namespace: ""4026532705"",ipc namespace: ""4026532772"",ppid: ""145510"",pid namespace: ""4026532779"",cwd: ""/"",uid: ""999"",egid: ""0"",exe: ""/usr/bin/check-status"",mount namespace: ""4026532778"",command line: ""/usr/bin/check-status -l"",name: ""check-status"",hash: ""db9b8aa1c2623fad2f2d3b3fdbc74e16"",user namespace: ""4026531837""})"
"(:VERTEX {memory address: ""7f0125d34000"",size: ""801000"",subtype: ""memory"",tgid: ""145510"",source: ""syscall"",type: ""Artifact"",version: ""0"",hash: ""294e88081074eaddaa7282896015efb5""})"
"(:VERTEX {memory address: ""7f0118000000"",size: ""8000000"",subtype: ""memory"",tgid: ""145510"",source: ""syscall"",type: ""Artifact"",version: ""0"",hash: ""09281ef21bedd1f8e6b57eb6da64bded""})"
"(:VERTEX {memory address: ""7f0118000000"",size: ""21000"",subtype: ""memory"",tgid: ""145510"",source: ""syscall"",type: ""Artifact"",version: ""0"",hash: ""9e608b1aec45b6787298d88e51f6657b""})"
"(:VERTEX {memory address: ""7f014e696000"",size: ""40000"",subtype: ""memory"",tgid: ""145510"",source: ""syscall"",type: ""Artifact"",version: ""0"",hash: ""3b10063a4495ffeab4ad1a8d0772871e""})"
"(:VERTEX {memory address: ""7f0125d35000"",size: ""800000"",subtype: ""memory"",tgid: ""145510"",source: ""syscall"",type: ""Artifact"",version: ""0"",hash: ""25ca9337d76a9ff11da372a1860dc4c4""})"
"(:VERTEX {gid: ""0"",euid: ""999"",children pid namespace: ""4026532779"",start time: ""1690978519.055"",ns pid: ""11200"",pid: ""145518"",source: ""syscall"",type: ""Process"",net namespace: ""4026532705"",ipc namespace: ""4026532772"",ppid: ""145510"",pid namespace: ""4026532779"",cwd: ""/"",uid: ""999"",egid: ""0"",exe: ""/usr/bin/check-status"",mount namespace: ""4026532778"",command line: ""/usr/bin/check-status -l"",name: ""check-status"",hash: ""4e5f67972923e8d03d75ffc2a74fb306"",user namespace: ""4026531837""})"
"(:VERTEX {memory address: ""7f0125533000"",size: ""801000"",subtype: ""memory"",tgid: ""145510"",source: ""syscall"",type: ""Artifact"",version: ""0"",hash: ""0bb3f13d2f2d0d176e11542e6b1cbf66""})"
"(:VERTEX {memory address: ""7f0125534000"",size: ""800000"",subtype: ""memory"",tgid: ""145510"",source: ""syscall"",type: ""Artifact"",version: ""0"",hash: ""7534177631d6b6d4df32213c679d1891""})"
"(:VERTEX {gid: ""0"",euid: ""999"",children pid namespace: ""4026532779"",start time: ""1690978519.055"",ns pid: ""11201"",pid: ""145519"",source: ""syscall"",type: ""Process"",net namespace: ""4026532705"",ipc namespace: ""4026532772"",ppid: ""145510"",pid namespace: ""4026532779"",cwd: ""/"",uid: ""999"",egid: ""0"",exe: ""/usr/bin/check-status"",mount namespace: ""4026532778"",command line: ""/usr/bin/check-status -l"",name: ""check-status"",hash: ""9a129da45c42f5e5a9518257b615583a"",user namespace: ""4026531837""})"
"(:VERTEX {memory address: ""7f011c000000"",size: ""4000000"",subtype: ""memory"",tgid: ""145510"",source: ""syscall"",type: ""Artifact"",version: ""0"",hash: ""50bb80a87112025200d519a59c1a9fd1""})"
"(:VERTEX {memory address: ""7f011c000000"",size: ""21000"",subtype: ""memory"",tgid: ""145510"",source: ""syscall"",type: ""Artifact"",version: ""0"",hash: ""a014ef8a1c20bfb8e867c33372866654""})"
"(:VERTEX {memory address: ""7f0124d32000"",size: ""801000"",subtype: ""memory"",tgid: ""145510"",source: ""syscall"",type: ""Artifact"",version: ""0"",hash: ""e75409939102ef3d4e9dce49f45b72fa""})"
"(:VERTEX {memory address: ""7f0124d33000"",size: ""800000"",subtype: ""memory"",tgid: ""145510"",source: ""syscall"",type: ""Artifact"",version: ""0"",hash: ""f3b784c8879de5eb2a16c947cbf5ff08""})"
"(:VERTEX {gid: ""0"",euid: ""999"",children pid namespace: ""4026532779"",start time: ""1690978519.055"",ns pid: ""11202"",pid: ""145520"",source: ""syscall"",type: ""Process"",net namespace: ""4026532705"",ipc namespace: ""4026532772"",ppid: ""145510"",pid namespace: ""4026532779"",cwd: ""/"",uid: ""999"",egid: ""0"",exe: ""/usr/bin/check-status"",mount namespace: ""4026532778"",command line: ""/usr/bin/check-status -l"",name: ""check-status"",hash: ""38b24c10733d061c73ec6f01793163b4"",user namespace: ""4026531837""})"
"(:VERTEX {memory address: ""7f0110000000"",size: ""8000000"",subtype: ""memory"",tgid: ""145510"",source: ""syscall"",type: ""Artifact"",version: ""0"",hash: ""f49f97b11da1c137d52854ae9952f2af""})"
"(:VERTEX {memory address: ""7f0110000000"",size: ""21000"",subtype: ""memory"",tgid: ""145510"",source: ""syscall"",type: ""Artifact"",version: ""0"",hash: ""cf59f7497935a930d9ca878399424c90""})"
"(:VERTEX {memory address: ""7f0114000000"",size: ""4000000"",subtype: ""memory"",tgid: ""145510"",source: ""syscall"",type: ""Artifact"",version: ""0"",hash: ""5ad764d14eb9a29dd2ceb1d242d07d80""})"
"(:VERTEX {memory address: ""7f0124531000"",size: ""801000"",subtype: ""memory"",tgid: ""145510"",source: ""syscall"",type: ""Artifact"",version: ""0"",hash: ""1d51900630f2874ac16077bc3503fbd8""})"
"(:VERTEX {memory address: ""7f0124532000"",size: ""800000"",subtype: ""memory"",tgid: ""145510"",source: ""syscall"",type: ""Artifact"",version: ""0"",hash: ""63ec947bdebc6340c5ee3d4751616912""})"
"(:VERTEX {gid: ""0"",euid: ""999"",children pid namespace: ""4026532779"",start time: ""1690978519.058"",ns pid: ""11203"",pid: ""145521"",source: ""syscall"",type: ""Process"",net namespace: ""4026532705"",ipc namespace: ""4026532772"",ppid: ""145510"",pid namespace: ""4026532779"",cwd: ""/"",uid: ""999"",egid: ""0"",exe: ""/usr/bin/check-status"",mount namespace: ""4026532778"",command line: ""/usr/bin/check-status -l"",name: ""check-status"",hash: ""1e0bd3306b2ff374376e53878f41d98e"",user namespace: ""4026531837""})"
"(:VERTEX {memory address: ""7f0108000000"",size: ""8000000"",subtype: ""memory"",tgid: ""145510"",source: ""syscall"",type: ""Artifact"",version: ""0"",hash: ""229961077f356f6c3bd726029abe386c""})"
"(:VERTEX {memory address: ""7f0108000000"",size: ""21000"",subtype: ""memory"",tgid: ""145510"",source: ""syscall"",type: ""Artifact"",version: ""0"",hash: ""782418567d8ef243fd5d2b8f4fb64b63""})"
"(:VERTEX {memory address: ""7f01244f1000"",size: ""40000"",subtype: ""memory"",tgid: ""145510"",source: ""syscall"",type: ""Artifact"",version: ""0"",hash: ""76078f6b142e51c3a4b1bf02e52f158d""})"
"(:VERTEX {memory address: ""7f0114000000"",size: ""21000"",subtype: ""memory"",tgid: ""145510"",source: ""syscall"",type: ""Artifact"",version: ""0"",hash: ""725e0e43466b0429265ddf7595d9c5d1""})"
"(:VERTEX {gid: ""0"",euid: ""999"",children pid namespace: ""-1"",pid: ""145510"",seen time: ""1690978519.058"",source: ""syscall"",type: ""Process"",net namespace: ""-1"",ipc namespace: ""-1"",ppid: ""2140"",pid namespace: ""-1"",uid: ""999"",egid: ""0"",exe: ""/usr/bin/check-status"",mount namespace: ""-1"",name: ""check-status"",hash: ""c1a4ac08610b6a81ffeff57cd9c68921"",user namespace: ""-1""})"
"(:VERTEX {remote port: ""50058"",epoch: ""0"",source: ""syscall"",type: ""Artifact"",version: ""0"",local port: ""8080"",net namespace: ""-1"",local address: ""0000:0000:0000:0000:0000:0000:0000:0000"",protocol: ""tcp"",subtype: ""network socket"",remote address: ""0000:0000:0000:0000:0000:FFFF:C0A8:2F80"",hash: ""137a8fb7b3d8c50649f1920eba75b56f""})"
"(:VERTEX {remote port: ""50042"",epoch: ""0"",source: ""syscall"",type: ""Artifact"",version: ""0"",local port: ""8080"",net namespace: ""-1"",local address: ""0000:0000:0000:0000:0000:0000:0000:0000"",protocol: ""tcp"",subtype: ""network socket"",remote address: ""0000:0000:0000:0000:0000:FFFF:C0A8:2F80"",hash: ""8ecb6488908933324de9f9c51363ec12""})"
"(:VERTEX {remote port: ""41074"",epoch: ""0"",source: ""syscall"",type: ""Artifact"",version: ""0"",local port: ""50051"",net namespace: ""-1"",local address: ""0000:0000:0000:0000:0000:0000:0000:0000"",protocol: ""tcp"",subtype: ""network socket"",remote address: ""0000:0000:0000:0000:0000:FFFF:C0A8:2F80"",hash: ""9d0f708f41bd26f6ad9a8594811b72e6""})"
"(:VERTEX {gid: ""1000"",euid: ""1000"",children pid namespace: ""-1"",pid: ""60810"",seen time: ""1690978417.481"",source: ""syscall"",type: ""Process"",net namespace: ""-1"",ipc namespace: ""-1"",ppid: ""58654"",pid namespace: ""-1"",uid: ""1000"",egid: ""1000"",mount namespace: ""-1"",name: ""shippingservice"",hash: ""b80a1356c46fa87365be51085e09b5b1"",user namespace: ""-1""})"
"(:VERTEX {remote port: ""41076"",epoch: ""0"",source: ""syscall"",type: ""Artifact"",version: ""0"",local port: ""50051"",net namespace: ""-1"",local address: ""0000:0000:0000:0000:0000:0000:0000:0000"",protocol: ""tcp"",subtype: ""network socket"",remote address: ""0000:0000:0000:0000:0000:FFFF:C0A8:2F80"",hash: ""d55065dc2e7b57fccea19fd6c0dc24d1""})"
"(:VERTEX {remote port: ""48882"",epoch: ""0"",source: ""syscall"",type: ""Artifact"",version: ""0"",local port: ""7000"",net namespace: ""-1"",local address: ""0000:0000:0000:0000:0000:0000:0000:0000"",protocol: ""tcp"",subtype: ""network socket"",remote address: ""0000:0000:0000:0000:0000:FFFF:C0A8:2F80"",hash: ""b93c210340602f20c9ffaeab2c3b8fe6""})"
"(:VERTEX {gid: ""1000"",euid: ""1000"",children pid namespace: ""-1"",pid: ""60475"",seen time: ""1690978412.498"",source: ""syscall"",type: ""Process"",net namespace: ""-1"",ipc namespace: ""-1"",ppid: ""58571"",pid namespace: ""-1"",uid: ""1000"",egid: ""1000"",mount namespace: ""-1"",name: ""node"",hash: ""3ba12458165c194978aa81886b64648b"",user namespace: ""-1""})"
"(:VERTEX {remote port: ""48896"",epoch: ""0"",source: ""syscall"",type: ""Artifact"",version: ""0"",local port: ""7000"",net namespace: ""-1"",local address: ""0000:0000:0000:0000:0000:0000:0000:0000"",protocol: ""tcp"",subtype: ""network socket"",remote address: ""0000:0000:0000:0000:0000:FFFF:C0A8:2F80"",hash: ""bd91976635bdfd2c547eabd228d797f6""})"
"(:VERTEX {remote port: ""41196"",epoch: ""0"",source: ""syscall"",type: ""Artifact"",version: ""0"",local port: ""5050"",net namespace: ""-1"",local address: ""0000:0000:0000:0000:0000:0000:0000:0000"",protocol: ""tcp"",subtype: ""network socket"",remote address: ""0000:0000:0000:0000:0000:FFFF:C0A8:2F80"",hash: ""7cc6d629a01043a88af8e2cd51747d29""})"
"(:VERTEX {gid: ""1000"",euid: ""1000"",children pid namespace: ""-1"",pid: ""60145"",seen time: ""1690978422.510"",source: ""syscall"",type: ""Process"",net namespace: ""-1"",ipc namespace: ""-1"",ppid: ""58532"",pid namespace: ""-1"",uid: ""1000"",egid: ""1000"",mount namespace: ""-1"",name: ""checkoutservice"",hash: ""f0001ba2d786bd7990ca24e1f5d7982c"",user namespace: ""-1""})"
"(:VERTEX {remote port: ""41210"",epoch: ""0"",source: ""syscall"",type: ""Artifact"",version: ""0"",local port: ""5050"",net namespace: ""-1"",local address: ""0000:0000:0000:0000:0000:0000:0000:0000"",protocol: ""tcp"",subtype: ""network socket"",remote address: ""0000:0000:0000:0000:0000:FFFF:C0A8:2F80"",hash: ""779249429f2faee42a25a811707f719e""})"
"(:VERTEX {gid: ""1000"",euid: ""1000"",children pid namespace: ""-1"",pid: ""60144"",seen time: ""1690978412.509"",source: ""syscall"",type: ""Process"",net namespace: ""-1"",ipc namespace: ""-1"",ppid: ""58532"",pid namespace: ""-1"",uid: ""1000"",egid: ""1000"",mount namespace: ""-1"",name: ""checkoutservice"",hash: ""81a174b1efcdcc7a3f31640a8e8d4aec"",user namespace: ""-1""})"
"(:VERTEX {remote port: ""35552"",epoch: ""0"",source: ""syscall"",type: ""Artifact"",version: ""0"",local port: ""6379"",net namespace: ""-1"",local address: ""0.0.0.0"",protocol: ""tcp"",subtype: ""network socket"",remote address: ""192.168.47.128"",hash: ""9200f14ff942847fc1c2f58a2066be92""})"
"(:VERTEX {remote port: ""35562"",epoch: ""0"",source: ""syscall"",type: ""Artifact"",version: ""0"",local port: ""6379"",net namespace: ""-1"",local address: ""0.0.0.0"",protocol: ""tcp"",subtype: ""network socket"",remote address: ""192.168.47.128"",hash: ""4c16c75dcb44d96040da1ea1c8c7de1a""})"
"(:VERTEX {remote port: ""49584"",epoch: ""0"",source: ""syscall"",type: ""Artifact"",version: ""0"",local port: ""9555"",net namespace: ""-1"",local address: ""0000:0000:0000:0000:0000:0000:0000:0000"",protocol: ""tcp"",subtype: ""network socket"",remote address: ""0000:0000:0000:0000:0000:FFFF:C0A8:2F80"",hash: ""21d7d67b78f4224858fd1013d6014ce7""})"
"(:VERTEX {gid: ""1000"",euid: ""1000"",children pid namespace: ""-1"",pid: ""60169"",seen time: ""1690978417.617"",source: ""syscall"",type: ""Process"",net namespace: ""-1"",ipc namespace: ""-1"",ppid: ""58483"",pid namespace: ""-1"",uid: ""1000"",egid: ""1000"",mount namespace: ""-1"",name: ""grpc-nio-boss-E"",hash: ""66cf4ba8c8e596dc1b68ecfd0420955b"",user namespace: ""-1""})"
"(:VERTEX {remote port: ""49574"",epoch: ""0"",source: ""syscall"",type: ""Artifact"",version: ""0"",local port: ""9555"",net namespace: ""-1"",local address: ""0000:0000:0000:0000:0000:0000:0000:0000"",protocol: ""tcp"",subtype: ""network socket"",remote address: ""0000:0000:0000:0000:0000:FFFF:C0A8:2F80"",hash: ""9971f350a47d5916ce74d2f1f7c22b6d""})"
"(:VERTEX {remote port: ""36548"",epoch: ""0"",source: ""syscall"",type: ""Artifact"",version: ""0"",local port: ""8080"",net namespace: ""-1"",local address: ""0000:0000:0000:0000:0000:0000:0000:0000"",protocol: ""tcp"",subtype: ""network socket"",remote address: ""0000:0000:0000:0000:0000:FFFF:C0A8:2F80"",hash: ""17af7fc82dfd22feeb186f34995817dd""})"
"(:VERTEX {gid: ""1000"",euid: ""1000"",children pid namespace: ""-1"",pid: ""61219"",seen time: ""1690978438.767"",source: ""syscall"",type: ""Process"",net namespace: ""-1"",ipc namespace: ""-1"",ppid: ""58880"",pid namespace: ""-1"",uid: ""1000"",egid: ""1000"",mount namespace: ""-1"",name: ""server"",hash: ""5148a2d943dfd3d0609522e4d04b4e38"",user namespace: ""-1""})"
"(:VERTEX {remote port: ""36556"",epoch: ""0"",source: ""syscall"",type: ""Artifact"",version: ""0"",local port: ""8080"",net namespace: ""-1"",local address: ""0000:0000:0000:0000:0000:0000:0000:0000"",protocol: ""tcp"",subtype: ""network socket"",remote address: ""0000:0000:0000:0000:0000:FFFF:C0A8:2F80"",hash: ""42c7221a080b19d1d945801525eeb4c2""})"
"(:VERTEX {remote port: ""51052"",epoch: ""0"",source: ""syscall"",type: ""Artifact"",version: ""0"",local port: ""50051"",net namespace: ""-1"",local address: ""0000:0000:0000:0000:0000:0000:0000:0000"",protocol: ""tcp"",subtype: ""network socket"",remote address: ""0000:0000:0000:0000:0000:FFFF:C0A8:2F80"",hash: ""2fec6b0fbad296bad2eff7f512786632""})"
"(:VERTEX {gid: ""1000"",euid: ""1000"",children pid namespace: ""-1"",pid: ""61014"",seen time: ""1690978412.916"",source: ""syscall"",type: ""Process"",net namespace: ""-1"",ipc namespace: ""-1"",ppid: ""58924"",pid namespace: ""-1"",uid: ""1000"",egid: ""1000"",mount namespace: ""-1"",name: ""node"",hash: ""c96c308f463da333d85b0a9b04566e3e"",user namespace: ""-1""})"
"(:VERTEX {remote port: ""55000"",epoch: ""0"",source: ""syscall"",type: ""Artifact"",version: ""0"",local port: ""7070"",net namespace: ""-1"",local address: ""0000:0000:0000:0000:0000:0000:0000:0000"",protocol: ""tcp"",subtype: ""network socket"",remote address: ""0000:0000:0000:0000:0000:FFFF:C0A8:2F80"",hash: ""507873ea4b6965869d39a0bdef07e07b""})"
"(:VERTEX {gid: ""1000"",euid: ""1000"",children pid namespace: ""-1"",pid: ""132997"",seen time: ""1690978422.917"",source: ""syscall"",type: ""Process"",net namespace: ""-1"",ipc namespace: ""-1"",ppid: ""59024"",pid namespace: ""-1"",uid: ""1000"",egid: ""1000"",mount namespace: ""-1"",name: "".NET ThreadPool"",hash: ""a58af5aaa5de3233f854027ecfa6132a"",user namespace: ""-1""})"
"(:VERTEX {remote port: ""54994"",epoch: ""0"",source: ""syscall"",type: ""Artifact"",version: ""0"",local port: ""7070"",net namespace: ""-1"",local address: ""0000:0000:0000:0000:0000:0000:0000:0000"",protocol: ""tcp"",subtype: ""network socket"",remote address: ""0000:0000:0000:0000:0000:FFFF:C0A8:2F80"",hash: ""1c2bbec9bbc88ed83bca567a07de3eff""})"
"(:VERTEX {remote port: ""51056"",epoch: ""0"",source: ""syscall"",type: ""Artifact"",version: ""0"",local port: ""50051"",net namespace: ""-1"",local address: ""0000:0000:0000:0000:0000:0000:0000:0000"",protocol: ""tcp"",subtype: ""network socket"",remote address: ""0000:0000:0000:0000:0000:FFFF:C0A8:2F80"",hash: ""6401f2bdaebd6c20305cb26462f65e27""})"
"(:VERTEX {remote port: ""55226"",epoch: ""0"",source: ""syscall"",type: ""Artifact"",version: ""0"",local port: ""8080"",net namespace: ""-1"",local address: ""0000:0000:0000:0000:0000:0000:0000:0000"",protocol: ""tcp"",subtype: ""network socket"",remote address: ""0000:0000:0000:0000:0000:FFFF:C0A8:2F80"",hash: ""7aba2ca19939401c7842aff73bc3d0f4""})"
"(:VERTEX {gid: ""1000"",euid: ""1000"",children pid namespace: ""-1"",pid: ""61363"",seen time: ""1690978510.911"",source: ""syscall"",type: ""Process"",net namespace: ""-1"",ipc namespace: ""-1"",ppid: ""59024"",pid namespace: ""-1"",uid: ""1000"",egid: ""1000"",exe: ""/app/cartservice"",mount namespace: ""-1"",name: "".NET ThreadPool"",hash: ""acfe301f1777cc9f238e0a710b563e1c"",user namespace: ""-1""})"
"(:VERTEX {remote port: ""55234"",epoch: ""0"",source: ""syscall"",type: ""Artifact"",version: ""0"",local port: ""8080"",net namespace: ""-1"",local address: ""0000:0000:0000:0000:0000:0000:0000:0000"",protocol: ""tcp"",subtype: ""network socket"",remote address: ""0000:0000:0000:0000:0000:FFFF:C0A8:2F80"",hash: ""a230bc4229f8c24c77b1351bec781215""})"
"(:VERTEX {remote port: ""42002"",epoch: ""0"",source: ""syscall"",type: ""Artifact"",version: ""0"",local port: ""3550"",net namespace: ""-1"",local address: ""0000:0000:0000:0000:0000:0000:0000:0000"",protocol: ""tcp"",subtype: ""network socket"",remote address: ""0000:0000:0000:0000:0000:FFFF:C0A8:2F80"",hash: ""5be79e3797b4765371ba7173fbdaca86""})"
"(:VERTEX {gid: ""1000"",euid: ""1000"",children pid namespace: ""-1"",pid: ""61645"",seen time: ""1690978442.922"",source: ""syscall"",type: ""Process"",net namespace: ""-1"",ipc namespace: ""-1"",ppid: ""59160"",pid namespace: ""-1"",uid: ""1000"",egid: ""1000"",mount namespace: ""-1"",name: ""server"",hash: ""519b1758928250b436d6593fa8bd733d"",user namespace: ""-1""})"
"(:VERTEX {remote port: ""42008"",epoch: ""0"",source: ""syscall"",type: ""Artifact"",version: ""0"",local port: ""3550"",net namespace: ""-1"",local address: ""0000:0000:0000:0000:0000:0000:0000:0000"",protocol: ""tcp"",subtype: ""network socket"",remote address: ""0000:0000:0000:0000:0000:FFFF:C0A8:2F80"",hash: ""7dd837fc145891a840843fd196424662""})"
"(:VERTEX {gid: ""0"",euid: ""999"",children pid namespace: ""-1"",pid: ""145796"",seen time: ""1690978526.895"",source: ""syscall"",type: ""Process"",net namespace: ""-1"",ipc namespace: ""-1"",ppid: ""145786"",pid namespace: ""-1"",uid: ""999"",egid: ""0"",exe: ""/"",mount namespace: ""-1"",name: ""runc:[2:INIT]"",hash: ""42cc50d1554b0f7813213cd4c265d5df"",user namespace: ""-1""})"
"(:VERTEX {path: ""/proc/145796/attr/apparmor/exec"",subtype: ""file"",permissions: ""0666"",epoch: ""0"",source: ""syscall"",type: ""Artifact"",version: ""0"",hash: ""cebc27ad4ab4e52e28fe53f456e9aaca""})"
"(:VERTEX {gid: ""0"",euid: ""999"",children pid namespace: ""-1"",start time: ""1690978526.895"",pid: ""145796"",source: ""syscall"",type: ""Process"",net namespace: ""-1"",ipc namespace: ""-1"",ppid: ""145786"",pid namespace: ""-1"",cwd: ""/"",uid: ""999"",egid: ""0"",exe: ""/usr/bin/check-status"",mount namespace: ""-1"",command line: ""/usr/bin/check-status -r"",name: ""check-status"",hash: ""5005369434b7b0bdfe698fa61b85f08e"",user namespace: ""-1""})"
"(:VERTEX {memory address: ""7f37dbd1e000"",size: ""2000"",subtype: ""memory"",tgid: ""145796"",source: ""syscall"",type: ""Artifact"",version: ""0"",hash: ""06c10c89d073418e3a1d9aaae95bf11d""})"
"(:VERTEX {memory address: ""7f37db8d3000"",size: ""21f4c0"",subtype: ""memory"",tgid: ""145796"",source: ""syscall"",type: ""Artifact"",version: ""0"",hash: ""bc2f3042368487c2f7ef6e8ceeba6c54""})"
"(:VERTEX {memory address: ""7f37db8ee000"",size: ""1ff000"",subtype: ""memory"",tgid: ""145796"",source: ""syscall"",type: ""Artifact"",version: ""0"",hash: ""44e96168bba8468eabcc33250fca8309""})"
"(:VERTEX {memory address: ""7f37dbaed000"",size: ""2000"",subtype: ""memory"",tgid: ""145796"",source: ""syscall"",type: ""Artifact"",version: ""0"",hash: ""b91129b9855ba288edde5316e4139e95""})"
"(:VERTEX {memory address: ""7f37dbaef000"",size: ""34c0"",subtype: ""memory"",tgid: ""145796"",source: ""syscall"",type: ""Artifact"",version: ""0"",hash: ""cba6dc8a8810502777303c1e913a06eb""})"
"(:VERTEX {memory address: ""7f37db50d000"",size: ""3c58c0"",subtype: ""memory"",tgid: ""145796"",source: ""syscall"",type: ""Artifact"",version: ""0"",hash: ""63842eb28ccdcb026b164a3577daeabe""})"
"(:VERTEX {memory address: ""7f37db6c9000"",size: ""200000"",subtype: ""memory"",tgid: ""145796"",source: ""syscall"",type: ""Artifact"",version: ""0"",hash: ""4e332655753249ad0acb7cb0070d9c8b""})"
"(:VERTEX {memory address: ""7f37db8c9000"",size: ""6000"",subtype: ""memory"",tgid: ""145796"",source: ""syscall"",type: ""Artifact"",version: ""0"",hash: ""a59af86cb127731ac296111a1a213a88""})"
"(:VERTEX {memory address: ""7f37db8cf000"",size: ""38c0"",subtype: ""memory"",tgid: ""145796"",source: ""syscall"",type: ""Artifact"",version: ""0"",hash: ""ef7dec2e021c7cfb6e291630993ef811""})"
"(:VERTEX {memory address: ""7f37dbd1b000"",size: ""3000"",subtype: ""memory"",tgid: ""145796"",source: ""syscall"",type: ""Artifact"",version: ""0"",hash: ""291ad705e66dffe424c3771ab381e282""})"
"(:VERTEX {memory address: ""7f37db8c9000"",size: ""4000"",subtype: ""memory"",tgid: ""145796"",source: ""syscall"",type: ""Artifact"",version: ""0"",hash: ""ab6a60d22e4b77523d78828f516cb94c""})"
"(:VERTEX {memory address: ""7f37dbaed000"",size: ""1000"",subtype: ""memory"",tgid: ""145796"",source: ""syscall"",type: ""Artifact"",version: ""0"",hash: ""c3b71abfa23f6ad7a567b8c96039e4e5""})"
"(:VERTEX {memory address: ""7f37dbd20000"",size: ""1000"",subtype: ""memory"",tgid: ""145796"",source: ""syscall"",type: ""Artifact"",version: ""0"",hash: ""c91c61df692ed4fb6ff75d328456c5b3""})"
"(:VERTEX {memory address: ""7f37dbcdb000"",size: ""40000"",subtype: ""memory"",tgid: ""145796"",source: ""syscall"",type: ""Artifact"",version: ""0"",hash: ""2e79d89c99f6361a1e7ac94eefa1d3c0""})"
"(:VERTEX {memory address: ""7f37dbcbb000"",size: ""20000"",subtype: ""memory"",tgid: ""145796"",source: ""syscall"",type: ""Artifact"",version: ""0"",hash: ""c73988b99398d3f46c4faa9c838e7715""})"
"(:VERTEX {memory address: ""7f37dbbbb000"",size: ""100000"",subtype: ""memory"",tgid: ""145796"",source: ""syscall"",type: ""Artifact"",version: ""0"",hash: ""442d45622ff967cc06d479f1bba44e5e""})"
"(:VERTEX {memory address: ""7f37dad0d000"",size: ""800000"",subtype: ""memory"",tgid: ""145796"",source: ""syscall"",type: ""Artifact"",version: ""0"",hash: ""31dd37edf21c99db1485aec0bd868924""})"
"(:VERTEX {memory address: ""7f37d6d0d000"",size: ""4000000"",subtype: ""memory"",tgid: ""145796"",source: ""syscall"",type: ""Artifact"",version: ""0"",hash: ""4be9eed119130a310958604806b07741""})"
"(:VERTEX {memory address: ""7f37b6d0d000"",size: ""20000000"",subtype: ""memory"",tgid: ""145796"",source: ""syscall"",type: ""Artifact"",version: ""0"",hash: ""c54e202c58e2a81da755e758e496b220""})"
"(:VERTEX {memory address: ""c000000000"",size: ""4000000"",subtype: ""memory"",tgid: ""145796"",source: ""syscall"",type: ""Artifact"",version: ""0"",hash: ""15491f0914f536eda76687ecffe527f4""})"
"(:VERTEX {memory address: ""7f37b4d0d000"",size: ""2000000"",subtype: ""memory"",tgid: ""145796"",source: ""syscall"",type: ""Artifact"",version: ""0"",hash: ""fa709abea20dd81092778eb30f6191eb""})"
"(:VERTEX {memory address: ""7f37b4afc000"",size: ""210c10"",subtype: ""memory"",tgid: ""145796"",source: ""syscall"",type: ""Artifact"",version: ""0"",hash: ""19828e95fc9720b2db4c3683429c3058""})"
"(:VERTEX {memory address: ""c000000000"",size: ""400000"",subtype: ""memory"",tgid: ""145796"",source: ""syscall"",type: ""Artifact"",version: ""0"",hash: ""1f04269adf3f367d0035f50fd855d7f6""})"
"(:VERTEX {memory address: ""7f37dbcbb000"",size: ""20000"",subtype: ""memory"",tgid: ""145796"",source: ""syscall"",type: ""Artifact"",version: ""1"",hash: ""35b1baa285f5199749a53d27c0e762df""})"
"(:VERTEX {memory address: ""7f37dbc3b000"",size: ""1000"",subtype: ""memory"",tgid: ""145796"",source: ""syscall"",type: ""Artifact"",version: ""0"",hash: ""0cfff19ddd752f6ba71fa54ba46f39a4""})"
"(:VERTEX {memory address: ""7f37db113000"",size: ""1000"",subtype: ""memory"",tgid: ""145796"",source: ""syscall"",type: ""Artifact"",version: ""0"",hash: ""a0aaf7f84501fa3e2b4aaee1f14981c4""})"
"(:VERTEX {memory address: ""7f37d8d3d000"",size: ""1000"",subtype: ""memory"",tgid: ""145796"",source: ""syscall"",type: ""Artifact"",version: ""0"",hash: ""d439e2a4c798c82e34656059ea51c215""})"
"(:VERTEX {memory address: ""7f37c6e8d000"",size: ""1000"",subtype: ""memory"",tgid: ""145796"",source: ""syscall"",type: ""Artifact"",version: ""0"",hash: ""f9810d814b822e5e2b5b76efba7353a6""})"
"(:VERTEX {memory address: ""7f37b49fc000"",size: ""100000"",subtype: ""memory"",tgid: ""145796"",source: ""syscall"",type: ""Artifact"",version: ""0"",hash: ""8699e798f27f0d7c0d68f134f9446b97""})"
"(:VERTEX {memory address: ""7f37dbbab000"",size: ""10000"",subtype: ""memory"",tgid: ""145796"",source: ""syscall"",type: ""Artifact"",version: ""0"",hash: ""164c04763839af05aaf1e0321ab84257""})"
"(:VERTEX {memory address: ""7f37dbb9b000"",size: ""10000"",subtype: ""memory"",tgid: ""145796"",source: ""syscall"",type: ""Artifact"",version: ""0"",hash: ""1336ca8ee7f9157d46b3774e1acc6076""})"
"(:VERTEX {memory address: ""7f37b41fb000"",size: ""801000"",subtype: ""memory"",tgid: ""145796"",source: ""syscall"",type: ""Artifact"",version: ""0"",hash: ""77ccec87d816ccfb665486cf61e2db94""})"
"(:VERTEX {memory address: ""7f37b41fc000"",size: ""800000"",subtype: ""memory"",tgid: ""145796"",source: ""syscall"",type: ""Artifact"",version: ""0"",hash: ""97b55af5562707e3cd3d536146faa12d""})"
"(:VERTEX {gid: ""0"",euid: ""999"",children pid namespace: ""4026532779"",start time: ""1690978526.903"",ns pid: ""11210"",pid: ""145802"",source: ""syscall"",type: ""Process"",net namespace: ""4026532705"",ipc namespace: ""4026532772"",ppid: ""145796"",pid namespace: ""4026532779"",cwd: ""/"",uid: ""999"",egid: ""0"",exe: ""/usr/bin/check-status"",mount namespace: ""4026532778"",command line: ""/usr/bin/check-status -r"",name: ""check-status"",hash: ""8fef509a0c707a04a1658af1de42a08d"",user namespace: ""4026531837""})"
"(:VERTEX {memory address: ""7f37b39fa000"",size: ""801000"",subtype: ""memory"",tgid: ""145796"",source: ""syscall"",type: ""Artifact"",version: ""0"",hash: ""20a67a9516e0f4e27958ea9e4ac3b04c""})"
"(:VERTEX {memory address: ""7f37ab9fa000"",size: ""8000000"",subtype: ""memory"",tgid: ""145796"",source: ""syscall"",type: ""Artifact"",version: ""0"",hash: ""5c0f1faccb10937ddd5fdbe8b7f2a352""})"
"(:VERTEX {memory address: ""7f37b39fb000"",size: ""800000"",subtype: ""memory"",tgid: ""145796"",source: ""syscall"",type: ""Artifact"",version: ""0"",hash: ""59dc1b7522d875fab8e56ce38cbb34c8""})"
"(:VERTEX {gid: ""0"",euid: ""999"",children pid namespace: ""4026532779"",start time: ""1690978526.903"",ns pid: ""11211"",pid: ""145803"",source: ""syscall"",type: ""Process"",net namespace: ""4026532705"",ipc namespace: ""4026532772"",ppid: ""145796"",pid namespace: ""4026532779"",cwd: ""/"",uid: ""999"",egid: ""0"",exe: ""/usr/bin/check-status"",mount namespace: ""4026532778"",command line: ""/usr/bin/check-status -r"",name: ""check-status"",hash: ""dd16af39d0dec8da03d6eafe86023eb7"",user namespace: ""4026531837""})"
"(:VERTEX {memory address: ""7f37ac000000"",size: ""21000"",subtype: ""memory"",tgid: ""145796"",source: ""syscall"",type: ""Artifact"",version: ""0"",hash: ""194029c371f85b833e2487995a83423d""})"
"(:VERTEX {memory address: ""7f37b31f9000"",size: ""801000"",subtype: ""memory"",tgid: ""145796"",source: ""syscall"",type: ""Artifact"",version: ""0"",hash: ""19a5fd36af68ba1834a52402346edb80""})"
"(:VERTEX {memory address: ""7f37b31fa000"",size: ""800000"",subtype: ""memory"",tgid: ""145796"",source: ""syscall"",type: ""Artifact"",version: ""0"",hash: ""0b5e2b94e898c8b08e8cffb706272bf1""})"
"(:VERTEX {gid: ""0"",euid: ""999"",children pid namespace: ""4026532779"",start time: ""1690978526.903"",ns pid: ""11212"",pid: ""145804"",source: ""syscall"",type: ""Process"",net namespace: ""4026532705"",ipc namespace: ""4026532772"",ppid: ""145796"",pid namespace: ""4026532779"",cwd: ""/"",uid: ""999"",egid: ""0"",exe: ""/usr/bin/check-status"",mount namespace: ""4026532778"",command line: ""/usr/bin/check-status -r"",name: ""check-status"",hash: ""e676073774ca1aa9d83ff2cf77ed6475"",user namespace: ""4026531837""})"
"(:VERTEX {memory address: ""7f37a4000000"",size: ""8000000"",subtype: ""memory"",tgid: ""145796"",source: ""syscall"",type: ""Artifact"",version: ""0"",hash: ""67e3730975e084d8f6123d0bc8e2ee6d""})"
"(:VERTEX {memory address: ""7f37a4000000"",size: ""21000"",subtype: ""memory"",tgid: ""145796"",source: ""syscall"",type: ""Artifact"",version: ""0"",hash: ""0665ceb79e832d3d9e90a3beca4d57cd""})"
"(:VERTEX {memory address: ""7f37b29f8000"",size: ""801000"",subtype: ""memory"",tgid: ""145796"",source: ""syscall"",type: ""Artifact"",version: ""0"",hash: ""f15de1ca4650dd76923ac7b6229a1d6a""})"
"(:VERTEX {memory address: ""7f37b29f9000"",size: ""800000"",subtype: ""memory"",tgid: ""145796"",source: ""syscall"",type: ""Artifact"",version: ""0"",hash: ""75c42aae8492ee0a4a466599c27ab14e""})"
"(:VERTEX {gid: ""0"",euid: ""999"",children pid namespace: ""4026532779"",start time: ""1690978526.903"",ns pid: ""11213"",pid: ""145805"",source: ""syscall"",type: ""Process"",net namespace: ""4026532705"",ipc namespace: ""4026532772"",ppid: ""145796"",pid namespace: ""4026532779"",cwd: ""/"",uid: ""999"",egid: ""0"",exe: ""/usr/bin/check-status"",mount namespace: ""4026532778"",command line: ""/usr/bin/check-status -r"",name: ""check-status"",hash: ""68067356275b782c8ce77bc80d59ac9d"",user namespace: ""4026531837""})"
"(:VERTEX {memory address: ""7f37dbb5b000"",size: ""40000"",subtype: ""memory"",tgid: ""145796"",source: ""syscall"",type: ""Artifact"",version: ""0"",hash: ""f1535ca6df917e26d0d07ed313645b70""})"
"(:VERTEX {remote port: ""54942"",epoch: ""0"",source: ""syscall"",type: ""Artifact"",version: ""0"",local port: ""8080"",net namespace: ""-1"",local address: ""0000:0000:0000:0000:0000:0000:0000:0000"",protocol: ""tcp"",subtype: ""network socket"",remote address: ""0000:0000:0000:0000:0000:FFFF:C0A8:2F80"",hash: ""709bafa54e86bb703b44e549d0c702bc""})"
"(:VERTEX {remote port: ""54958"",epoch: ""0"",source: ""syscall"",type: ""Artifact"",version: ""0"",local port: ""8080"",net namespace: ""-1"",local address: ""0000:0000:0000:0000:0000:0000:0000:0000"",protocol: ""tcp"",subtype: ""network socket"",remote address: ""0000:0000:0000:0000:0000:FFFF:C0A8:2F80"",hash: ""b90272bf3ff9758fea9b96f320b0d414""})"
"(:VERTEX {remote port: ""47046"",epoch: ""0"",source: ""syscall"",type: ""Artifact"",version: ""0"",local port: ""50051"",net namespace: ""-1"",local address: ""0000:0000:0000:0000:0000:0000:0000:0000"",protocol: ""tcp"",subtype: ""network socket"",remote address: ""0000:0000:0000:0000:0000:FFFF:C0A8:2F80"",hash: ""45212ded74c5d76af0fc8f1ac4c518ec""})"
"(:VERTEX {remote port: ""38374"",epoch: ""0"",source: ""syscall"",type: ""Artifact"",version: ""0"",local port: ""6379"",net namespace: ""-1"",local address: ""0.0.0.0"",protocol: ""tcp"",subtype: ""network socket"",remote address: ""192.168.47.128"",hash: ""eab801f013e73ee39eba4eaab64801c6""})"
"(:VERTEX {remote port: ""38380"",epoch: ""0"",source: ""syscall"",type: ""Artifact"",version: ""0"",local port: ""6379"",net namespace: ""-1"",local address: ""0.0.0.0"",protocol: ""tcp"",subtype: ""network socket"",remote address: ""192.168.47.128"",hash: ""412bfa106d802d31cf1841c126aba988""})"
"(:VERTEX {remote port: ""53"",epoch: ""0"",source: ""syscall"",type: ""Artifact"",version: ""0"",local port: ""43230"",net namespace: ""-1"",local address: ""10.1.251.204"",protocol: ""udp"",subtype: ""network socket"",remote address: ""10.152.183.10"",hash: ""c8b78013427f5f8572768c51cc25440f""})"
"(:VERTEX {gid: ""1000"",euid: ""1000"",children pid namespace: ""-1"",pid: ""61217"",seen time: ""1690978412.714"",source: ""syscall"",type: ""Process"",net namespace: ""-1"",ipc namespace: ""-1"",ppid: ""58880"",pid namespace: ""-1"",uid: ""1000"",egid: ""1000"",mount namespace: ""-1"",name: ""server"",hash: ""33e25d9e9bce3497cd4332e90edc8391"",user namespace: ""-1""})"
"(:VERTEX {remote port: ""53"",epoch: ""0"",source: ""syscall"",type: ""Artifact"",version: ""0"",local port: ""55664"",net namespace: ""-1"",local address: ""10.1.251.204"",protocol: ""udp"",subtype: ""network socket"",remote address: ""10.152.183.10"",hash: ""1a27944b33a049cb4c6fa22013c76200""})"
"(:VERTEX {remote port: ""50600"",epoch: ""0"",source: ""syscall"",type: ""Artifact"",version: ""0"",local port: ""8080"",net namespace: ""-1"",local address: ""0000:0000:0000:0000:0000:0000:0000:0000"",protocol: ""tcp"",subtype: ""network socket"",remote address: ""0000:0000:0000:0000:0000:FFFF:C0A8:2F80"",hash: ""a8f4a8bec4c00b2ec8458aea31bfc17d""})"
"(:VERTEX {remote port: ""50612"",epoch: ""0"",source: ""syscall"",type: ""Artifact"",version: ""0"",local port: ""8080"",net namespace: ""-1"",local address: ""0000:0000:0000:0000:0000:0000:0000:0000"",protocol: ""tcp"",subtype: ""network socket"",remote address: ""0000:0000:0000:0000:0000:FFFF:C0A8:2F80"",hash: ""90d909a2ed4d1bc7f169abbf2259c9d9""})"
"(:VERTEX {gid: ""0"",euid: ""999"",children pid namespace: ""-1"",pid: ""145894"",seen time: ""1690978529.048"",source: ""syscall"",type: ""Process"",net namespace: ""-1"",ipc namespace: ""-1"",ppid: ""145884"",pid namespace: ""-1"",uid: ""999"",egid: ""0"",exe: ""/"",mount namespace: ""-1"",name: ""runc:[2:INIT]"",hash: ""0ed8e38da9bdcc64169afa1e8765264a"",user namespace: ""-1""})"
"(:VERTEX {path: ""/proc/145894/attr/apparmor/exec"",subtype: ""file"",permissions: ""0666"",epoch: ""0"",source: ""syscall"",type: ""Artifact"",version: ""0"",hash: ""08e7a4275dd053120dd9532a5399252b""})"
"(:VERTEX {gid: ""0"",euid: ""999"",children pid namespace: ""-1"",start time: ""1690978529.048"",pid: ""145894"",source: ""syscall"",type: ""Process"",net namespace: ""-1"",ipc namespace: ""-1"",ppid: ""145884"",pid namespace: ""-1"",cwd: ""/"",uid: ""999"",egid: ""0"",exe: ""/usr/bin/check-status"",mount namespace: ""-1"",command line: ""/usr/bin/check-status -l"",name: ""check-status"",hash: ""119f89dbe0c3f2db6d8b88f716487413"",user namespace: ""-1""})"
"(:VERTEX {memory address: ""7ffb1fd9b000"",size: ""2000"",subtype: ""memory"",tgid: ""145894"",source: ""syscall"",type: ""Artifact"",version: ""0"",hash: ""ccac9959ba11c2c29463bb365543c49f""})"
"(:VERTEX {memory address: ""7ffb1f950000"",size: ""21f4c0"",subtype: ""memory"",tgid: ""145894"",source: ""syscall"",type: ""Artifact"",version: ""0"",hash: ""0f3818b4790aa770db2f6d0e22a79428""})"
"(:VERTEX {memory address: ""7ffb1f96b000"",size: ""1ff000"",subtype: ""memory"",tgid: ""145894"",source: ""syscall"",type: ""Artifact"",version: ""0"",hash: ""454438ebea9e78a57e1749c6e35c0a42""})"
"(:VERTEX {memory address: ""7ffb1fb6a000"",size: ""2000"",subtype: ""memory"",tgid: ""145894"",source: ""syscall"",type: ""Artifact"",version: ""0"",hash: ""5302210fcf5ac18be2e6ec1d15407d6c""})"
"(:VERTEX {memory address: ""7ffb1fb6c000"",size: ""34c0"",subtype: ""memory"",tgid: ""145894"",source: ""syscall"",type: ""Artifact"",version: ""0"",hash: ""141b099145b9af7d073f88b35a7e083b""})"
"(:VERTEX {memory address: ""7ffb1f58a000"",size: ""3c58c0"",subtype: ""memory"",tgid: ""145894"",source: ""syscall"",type: ""Artifact"",version: ""0"",hash: ""6679933f6dfd1ef8d98ec4c63395da12""})"
"(:VERTEX {memory address: ""7ffb1f746000"",size: ""200000"",subtype: ""memory"",tgid: ""145894"",source: ""syscall"",type: ""Artifact"",version: ""0"",hash: ""12a97201b42092127669e0e85aabbc29""})"
"(:VERTEX {memory address: ""7ffb1f946000"",size: ""6000"",subtype: ""memory"",tgid: ""145894"",source: ""syscall"",type: ""Artifact"",version: ""0"",hash: ""ac0c2507da7286c7e818cde08b002b02""})"
"(:VERTEX {memory address: ""7ffb1f94c000"",size: ""38c0"",subtype: ""memory"",tgid: ""145894"",source: ""syscall"",type: ""Artifact"",version: ""0"",hash: ""f3c7cfb538f9d6b38a7568037fb38eff""})"
"(:VERTEX {memory address: ""7ffb1fd98000"",size: ""3000"",subtype: ""memory"",tgid: ""145894"",source: ""syscall"",type: ""Artifact"",version: ""0"",hash: ""4e6a7acb3b613ab0871ddf7be0ac6e61""})"
"(:VERTEX {memory address: ""7ffb1f946000"",size: ""4000"",subtype: ""memory"",tgid: ""145894"",source: ""syscall"",type: ""Artifact"",version: ""0"",hash: ""a20c9f85a11f293944908d294b94e693""})"
"(:VERTEX {memory address: ""7ffb1fb6a000"",size: ""1000"",subtype: ""memory"",tgid: ""145894"",source: ""syscall"",type: ""Artifact"",version: ""0"",hash: ""42e07c06a65f70f4012a6cc9ab49a0ec""})"
"(:VERTEX {memory address: ""7ffb1fd9d000"",size: ""1000"",subtype: ""memory"",tgid: ""145894"",source: ""syscall"",type: ""Artifact"",version: ""0"",hash: ""2451044eff33e7f81b9dd79f3b06bb68""})"
"(:VERTEX {memory address: ""7ffb1fd58000"",size: ""40000"",subtype: ""memory"",tgid: ""145894"",source: ""syscall"",type: ""Artifact"",version: ""0"",hash: ""870258a84b048be3fa297802a196ed68""})"
"(:VERTEX {memory address: ""7ffb1fd38000"",size: ""20000"",subtype: ""memory"",tgid: ""145894"",source: ""syscall"",type: ""Artifact"",version: ""0"",hash: ""0f6990c47b589613be70087f078a3709""})"
"(:VERTEX {memory address: ""7ffb1fc38000"",size: ""100000"",subtype: ""memory"",tgid: ""145894"",source: ""syscall"",type: ""Artifact"",version: ""0"",hash: ""d67952b63659a95b425bb570496f970f""})"
"(:VERTEX {memory address: ""7ffb1ed8a000"",size: ""800000"",subtype: ""memory"",tgid: ""145894"",source: ""syscall"",type: ""Artifact"",version: ""0"",hash: ""c7d0c4cb6b6f0bcbce41fee17e5be2fd""})"
"(:VERTEX {memory address: ""7ffb1ad8a000"",size: ""4000000"",subtype: ""memory"",tgid: ""145894"",source: ""syscall"",type: ""Artifact"",version: ""0"",hash: ""d770a2d7b8ced2de13fb20b242748e61""})"
"(:VERTEX {memory address: ""7ffafad8a000"",size: ""20000000"",subtype: ""memory"",tgid: ""145894"",source: ""syscall"",type: ""Artifact"",version: ""0"",hash: ""a1690f7ed1173221f2c1c4f0682b7ca6""})"
"(:VERTEX {memory address: ""c000000000"",size: ""4000000"",subtype: ""memory"",tgid: ""145894"",source: ""syscall"",type: ""Artifact"",version: ""0"",hash: ""ef875f0e4950994951ba87c35b79e176""})"
"(:VERTEX {memory address: ""7ffaf8d8a000"",size: ""2000000"",subtype: ""memory"",tgid: ""145894"",source: ""syscall"",type: ""Artifact"",version: ""0"",hash: ""d6cad055cec5ae9496ddf2c0ac5e7e91""})"
"(:VERTEX {memory address: ""7ffaf8b79000"",size: ""210c10"",subtype: ""memory"",tgid: ""145894"",source: ""syscall"",type: ""Artifact"",version: ""0"",hash: ""414ae81e5663bc2d56c34523383e28ad""})"
"(:VERTEX {memory address: ""c000000000"",size: ""400000"",subtype: ""memory"",tgid: ""145894"",source: ""syscall"",type: ""Artifact"",version: ""0"",hash: ""9a0af8658c6ad0ff0ce7882ef259380d""})"
"(:VERTEX {memory address: ""7ffb1fd38000"",size: ""20000"",subtype: ""memory"",tgid: ""145894"",source: ""syscall"",type: ""Artifact"",version: ""1"",hash: ""749bdf3fb8beab649827f9ce56292686""})"
"(:VERTEX {memory address: ""7ffb1fcb8000"",size: ""1000"",subtype: ""memory"",tgid: ""145894"",source: ""syscall"",type: ""Artifact"",version: ""0"",hash: ""f213b85cb39f80f79b94713e0582f035""})"
"(:VERTEX {memory address: ""7ffb1f190000"",size: ""1000"",subtype: ""memory"",tgid: ""145894"",source: ""syscall"",type: ""Artifact"",version: ""0"",hash: ""a82f31d95f59db07d8bfa732391c8a22""})"
"(:VERTEX {memory address: ""7ffb1cdba000"",size: ""1000"",subtype: ""memory"",tgid: ""145894"",source: ""syscall"",type: ""Artifact"",version: ""0"",hash: ""a7461619c07abc5bd6ed68093c5e08b3""})"
"(:VERTEX {memory address: ""7ffb0af0a000"",size: ""1000"",subtype: ""memory"",tgid: ""145894"",source: ""syscall"",type: ""Artifact"",version: ""0"",hash: ""4d70c93d5e89ea76f091231d2c2d17ba""})"
"(:VERTEX {memory address: ""7ffaf8a79000"",size: ""100000"",subtype: ""memory"",tgid: ""145894"",source: ""syscall"",type: ""Artifact"",version: ""0"",hash: ""c6ff20bbce9d1cb10d96cce90d656309""})"
"(:VERTEX {memory address: ""7ffb1fc28000"",size: ""10000"",subtype: ""memory"",tgid: ""145894"",source: ""syscall"",type: ""Artifact"",version: ""0"",hash: ""e5c5e6514820cce5eb2e8e5c5aa93d6e""})"
"(:VERTEX {memory address: ""7ffb1fc18000"",size: ""10000"",subtype: ""memory"",tgid: ""145894"",source: ""syscall"",type: ""Artifact"",version: ""0"",hash: ""fbe3af073f56a3d350d7171730cd9341""})"
"(:VERTEX {memory address: ""7ffaf8278000"",size: ""801000"",subtype: ""memory"",tgid: ""145894"",source: ""syscall"",type: ""Artifact"",version: ""0"",hash: ""8534a094d8727a1534316061e4d0de88""})"
"(:VERTEX {memory address: ""7ffaf8279000"",size: ""800000"",subtype: ""memory"",tgid: ""145894"",source: ""syscall"",type: ""Artifact"",version: ""0"",hash: ""85f87ff68a176f145e1046b9beef4370""})"
"(:VERTEX {gid: ""0"",euid: ""999"",children pid namespace: ""4026532779"",start time: ""1690978529.052"",ns pid: ""11220"",pid: ""145900"",source: ""syscall"",type: ""Process"",net namespace: ""4026532705"",ipc namespace: ""4026532772"",ppid: ""145894"",pid namespace: ""4026532779"",cwd: ""/"",uid: ""999"",egid: ""0"",exe: ""/usr/bin/check-status"",mount namespace: ""4026532778"",command line: ""/usr/bin/check-status -l"",name: ""check-status"",hash: ""5b8c8c4144a24e2ea6de91af40383348"",user namespace: ""4026531837""})"
"(:VERTEX {memory address: ""7ffaf7a77000"",size: ""801000"",subtype: ""memory"",tgid: ""145894"",source: ""syscall"",type: ""Artifact"",version: ""0"",hash: ""6a85199bb520cb0c072ccc44437c303b""})"
"(:VERTEX {memory address: ""7ffaf7a78000"",size: ""800000"",subtype: ""memory"",tgid: ""145894"",source: ""syscall"",type: ""Artifact"",version: ""0"",hash: ""532bb09c30710ae0a22989d18126975d""})"
"(:VERTEX {memory address: ""7ffaefa77000"",size: ""8000000"",subtype: ""memory"",tgid: ""145894"",source: ""syscall"",type: ""Artifact"",version: ""0"",hash: ""0669a1e33174b2ca77ab2943ca28c963""})"
"(:VERTEX {memory address: ""7ffaf0000000"",size: ""21000"",subtype: ""memory"",tgid: ""145894"",source: ""syscall"",type: ""Artifact"",version: ""0"",hash: ""2c58d5b4a14e9dc670ae958fbd16968f""})"
"(:VERTEX {gid: ""0"",euid: ""999"",children pid namespace: ""4026532779"",start time: ""1690978529.052"",ns pid: ""11221"",pid: ""145901"",source: ""syscall"",type: ""Process"",net namespace: ""4026532705"",ipc namespace: ""4026532772"",ppid: ""145894"",pid namespace: ""4026532779"",cwd: ""/"",uid: ""999"",egid: ""0"",exe: ""/usr/bin/check-status"",mount namespace: ""4026532778"",command line: ""/usr/bin/check-status -l"",name: ""check-status"",hash: ""163704a8e8e44e5a59acb1197e982107"",user namespace: ""4026531837""})"
"(:VERTEX {memory address: ""7ffae8000000"",size: ""8000000"",subtype: ""memory"",tgid: ""145894"",source: ""syscall"",type: ""Artifact"",version: ""0"",hash: ""76fbbb718526dccf615aa34f52693f36""})"
"(:VERTEX {memory address: ""7ffaf7276000"",size: ""801000"",subtype: ""memory"",tgid: ""145894"",source: ""syscall"",type: ""Artifact"",version: ""0"",hash: ""5e97e96dbb68d4295709d3add21c08c2""})"
"(:VERTEX {memory address: ""7ffae8000000"",size: ""21000"",subtype: ""memory"",tgid: ""145894"",source: ""syscall"",type: ""Artifact"",version: ""0"",hash: ""8793073917fea5816440ea09909fc566""})"
"(:VERTEX {memory address: ""7ffaf7277000"",size: ""800000"",subtype: ""memory"",tgid: ""145894"",source: ""syscall"",type: ""Artifact"",version: ""0"",hash: ""bff76124ea1fad56bb9d9cbcf26f65e0""})"
"(:VERTEX {memory address: ""7ffb1fbd8000"",size: ""40000"",subtype: ""memory"",tgid: ""145894"",source: ""syscall"",type: ""Artifact"",version: ""0"",hash: ""6d2b16d73e10c8a0f06dba2db1f7cecf""})"
"(:VERTEX {memory address: ""7ffaf6a75000"",size: ""801000"",subtype: ""memory"",tgid: ""145894"",source: ""syscall"",type: ""Artifact"",version: ""0"",hash: ""477037630b709c6f4bca19a4d7602ec5""})"
"(:VERTEX {memory address: ""7ffaf6a76000"",size: ""800000"",subtype: ""memory"",tgid: ""145894"",source: ""syscall"",type: ""Artifact"",version: ""0"",hash: ""971cba0598a082d6ab1d655da6dccd04""})"
"(:VERTEX {gid: ""0"",euid: ""999"",children pid namespace: ""4026532779"",start time: ""1690978529.055"",ns pid: ""11222"",pid: ""145902"",source: ""syscall"",type: ""Process"",net namespace: ""4026532705"",ipc namespace: ""4026532772"",ppid: ""145894"",pid namespace: ""4026532779"",cwd: ""/"",uid: ""999"",egid: ""0"",exe: ""/usr/bin/check-status"",mount namespace: ""4026532778"",command line: ""/usr/bin/check-status -l"",name: ""check-status"",hash: ""404ae4e6ff34dc9cda8882f9e6e3b9b0"",user namespace: ""4026531837""})"
"(:VERTEX {gid: ""0"",euid: ""999"",children pid namespace: ""4026532779"",start time: ""1690978529.055"",ns pid: ""11223"",pid: ""145903"",source: ""syscall"",type: ""Process"",net namespace: ""4026532705"",ipc namespace: ""4026532772"",ppid: ""145894"",pid namespace: ""4026532779"",cwd: ""/"",uid: ""999"",egid: ""0"",exe: ""/usr/bin/check-status"",mount namespace: ""4026532778"",command line: ""/usr/bin/check-status -l"",name: ""check-status"",hash: ""98109d04e9a2fb4b205e32f2b225862d"",user namespace: ""4026531837""})"
"(:VERTEX {memory address: ""7ffaec000000"",size: ""4000000"",subtype: ""memory"",tgid: ""145894"",source: ""syscall"",type: ""Artifact"",version: ""0"",hash: ""319ba730491f28bf757b6fcab177e12f""})"
"(:VERTEX {memory address: ""7ffaec000000"",size: ""21000"",subtype: ""memory"",tgid: ""145894"",source: ""syscall"",type: ""Artifact"",version: ""0"",hash: ""75d476522d550759046d5d05bcbb071e""})"
"(:VERTEX {memory address: ""7ffaf6274000"",size: ""801000"",subtype: ""memory"",tgid: ""145894"",source: ""syscall"",type: ""Artifact"",version: ""0"",hash: ""7737b547f4089597d6edb79e5f6579f0""})"
"(:VERTEX {memory address: ""7ffaf6275000"",size: ""800000"",subtype: ""memory"",tgid: ""145894"",source: ""syscall"",type: ""Artifact"",version: ""0"",hash: ""7cfe56a7c694cbb9b44193b2fec6e2fd""})"
"(:VERTEX {gid: ""0"",euid: ""999"",children pid namespace: ""4026532779"",start time: ""1690978529.055"",ns pid: ""11224"",pid: ""145904"",source: ""syscall"",type: ""Process"",net namespace: ""4026532705"",ipc namespace: ""4026532772"",ppid: ""145894"",pid namespace: ""4026532779"",cwd: ""/"",uid: ""999"",egid: ""0"",exe: ""/usr/bin/check-status"",mount namespace: ""4026532778"",command line: ""/usr/bin/check-status -l"",name: ""check-status"",hash: ""82727dd9b2f1127e907bbbef11814004"",user namespace: ""4026531837""})"
"(:VERTEX {memory address: ""7ffae0000000"",size: ""8000000"",subtype: ""memory"",tgid: ""145894"",source: ""syscall"",type: ""Artifact"",version: ""0"",hash: ""c6294bdf7b69cbbf300b0a92f08b76a2""})"
"(:VERTEX {memory address: ""7ffae0000000"",size: ""21000"",subtype: ""memory"",tgid: ""145894"",source: ""syscall"",type: ""Artifact"",version: ""0"",hash: ""653d6af4f203b97b34b0b9c48666adee""})"
"(:VERTEX {memory address: ""7ffae4000000"",size: ""4000000"",subtype: ""memory"",tgid: ""145894"",source: ""syscall"",type: ""Artifact"",version: ""0"",hash: ""4f3f893f9c5bd1489e5fdf72bac18891""})"
"(:VERTEX {memory address: ""7ffae4000000"",size: ""21000"",subtype: ""memory"",tgid: ""145894"",source: ""syscall"",type: ""Artifact"",version: ""0"",hash: ""d8439b3a3f2febdc9a99194fe7a62566""})"
"(:VERTEX {memory address: ""7ffaf5a73000"",size: ""801000"",subtype: ""memory"",tgid: ""145894"",source: ""syscall"",type: ""Artifact"",version: ""0"",hash: ""2a816582fe036c88b347b10400008505""})"
"(:VERTEX {memory address: ""7ffaf5a74000"",size: ""800000"",subtype: ""memory"",tgid: ""145894"",source: ""syscall"",type: ""Artifact"",version: ""0"",hash: ""5c5673603644987d091ac71afa92cd78""})"
"(:VERTEX {gid: ""0"",euid: ""999"",children pid namespace: ""4026532779"",start time: ""1690978529.055"",ns pid: ""11225"",pid: ""145905"",source: ""syscall"",type: ""Process"",net namespace: ""4026532705"",ipc namespace: ""4026532772"",ppid: ""145894"",pid namespace: ""4026532779"",cwd: ""/"",uid: ""999"",egid: ""0"",exe: ""/usr/bin/check-status"",mount namespace: ""4026532778"",command line: ""/usr/bin/check-status -l"",name: ""check-status"",hash: ""2f0a74029941acdcca3fcd0713a5ccdb"",user namespace: ""4026531837""})"
"(:VERTEX {memory address: ""7ffad8000000"",size: ""8000000"",subtype: ""memory"",tgid: ""145894"",source: ""syscall"",type: ""Artifact"",version: ""0"",hash: ""6e104443ca75a6d7219a96e22fdf3106""})"
"(:VERTEX {memory address: ""7ffad8000000"",size: ""21000"",subtype: ""memory"",tgid: ""145894"",source: ""syscall"",type: ""Artifact"",version: ""0"",hash: ""deb91dc374dc888fd9dd786aca5ce8f6""})"
"(:VERTEX {remote port: ""54962"",epoch: ""0"",source: ""syscall"",type: ""Artifact"",version: ""0"",local port: ""8080"",net namespace: ""-1"",local address: ""0000:0000:0000:0000:0000:0000:0000:0000"",protocol: ""tcp"",subtype: ""network socket"",remote address: ""0000:0000:0000:0000:0000:FFFF:C0A8:2F80"",hash: ""6cb51b30b1f24aaa1b1a752f466f2c98""})"
"(:VERTEX {remote port: ""54970"",epoch: ""0"",source: ""syscall"",type: ""Artifact"",version: ""0"",local port: ""8080"",net namespace: ""-1"",local address: ""0000:0000:0000:0000:0000:0000:0000:0000"",protocol: ""tcp"",subtype: ""network socket"",remote address: ""0000:0000:0000:0000:0000:FFFF:C0A8:2F80"",hash: ""4b2cba0d866deb7ee2e28e56c1a23714""})"
"(:VERTEX {remote port: ""47052"",epoch: ""0"",source: ""syscall"",type: ""Artifact"",version: ""0"",local port: ""50051"",net namespace: ""-1"",local address: ""0000:0000:0000:0000:0000:0000:0000:0000"",protocol: ""tcp"",subtype: ""network socket"",remote address: ""0000:0000:0000:0000:0000:FFFF:C0A8:2F80"",hash: ""e7993d71fceb1ddb7c41953b2da158c7""})"
"(:VERTEX {gid: ""1000"",euid: ""1000"",children pid namespace: ""-1"",pid: ""61222"",seen time: ""1690978452.480"",source: ""syscall"",type: ""Process"",net namespace: ""-1"",ipc namespace: ""-1"",ppid: ""58654"",pid namespace: ""-1"",uid: ""1000"",egid: ""1000"",mount namespace: ""-1"",name: ""shippingservice"",hash: ""69a790ed4df031ccd89bdf9d26509cd3"",user namespace: ""-1""})"
"(:VERTEX {remote port: ""47064"",epoch: ""0"",source: ""syscall"",type: ""Artifact"",version: ""0"",local port: ""50051"",net namespace: ""-1"",local address: ""0000:0000:0000:0000:0000:0000:0000:0000"",protocol: ""tcp"",subtype: ""network socket"",remote address: ""0000:0000:0000:0000:0000:FFFF:C0A8:2F80"",hash: ""2a7d6779ec9230ecfda4b3ae284fbf6a""})"
"(:VERTEX {remote port: ""59052"",epoch: ""0"",source: ""syscall"",type: ""Artifact"",version: ""0"",local port: ""7000"",net namespace: ""-1"",local address: ""0000:0000:0000:0000:0000:0000:0000:0000"",protocol: ""tcp"",subtype: ""network socket"",remote address: ""0000:0000:0000:0000:0000:FFFF:C0A8:2F80"",hash: ""8fa1823293f38d1fc82cd86c82c1ed8d""})"
"(:VERTEX {remote port: ""59058"",epoch: ""0"",source: ""syscall"",type: ""Artifact"",version: ""0"",local port: ""7000"",net namespace: ""-1"",local address: ""0000:0000:0000:0000:0000:0000:0000:0000"",protocol: ""tcp"",subtype: ""network socket"",remote address: ""0000:0000:0000:0000:0000:FFFF:C0A8:2F80"",hash: ""d5dc6344cc111c4e33ee981d29bca831""})"
"(:VERTEX {remote port: ""38392"",epoch: ""0"",source: ""syscall"",type: ""Artifact"",version: ""0"",local port: ""6379"",net namespace: ""-1"",local address: ""0.0.0.0"",protocol: ""tcp"",subtype: ""network socket"",remote address: ""192.168.47.128"",hash: ""4268cd1fdcaf093f758bc357a673b87e""})"
"(:VERTEX {remote port: ""38400"",epoch: ""0"",source: ""syscall"",type: ""Artifact"",version: ""0"",local port: ""6379"",net namespace: ""-1"",local address: ""0.0.0.0"",protocol: ""tcp"",subtype: ""network socket"",remote address: ""192.168.47.128"",hash: ""32aac183ff8fbdac78481506495cd39f""})"
"(:VERTEX {remote port: ""46342"",epoch: ""0"",source: ""syscall"",type: ""Artifact"",version: ""0"",local port: ""5050"",net namespace: ""-1"",local address: ""0000:0000:0000:0000:0000:0000:0000:0000"",protocol: ""tcp"",subtype: ""network socket"",remote address: ""0000:0000:0000:0000:0000:FFFF:C0A8:2F80"",hash: ""e27bc4efe3a755867fdc957ab2b48255""})"
"(:VERTEX {remote port: ""46346"",epoch: ""0"",source: ""syscall"",type: ""Artifact"",version: ""0"",local port: ""5050"",net namespace: ""-1"",local address: ""0000:0000:0000:0000:0000:0000:0000:0000"",protocol: ""tcp"",subtype: ""network socket"",remote address: ""0000:0000:0000:0000:0000:FFFF:C0A8:2F80"",hash: ""8c12946d8d1696f6ea49e7560f4c9eda""})"
"(:VERTEX {remote port: ""44194"",epoch: ""0"",source: ""syscall"",type: ""Artifact"",version: ""0"",local port: ""8080"",net namespace: ""-1"",local address: ""0000:0000:0000:0000:0000:0000:0000:0000"",protocol: ""tcp"",subtype: ""network socket"",remote address: ""0000:0000:0000:0000:0000:FFFF:C0A8:2F80"",hash: ""5be807714b05c25d1535335e6ea2f2cf""})"
"(:VERTEX {remote port: ""44204"",epoch: ""0"",source: ""syscall"",type: ""Artifact"",version: ""0"",local port: ""8080"",net namespace: ""-1"",local address: ""0000:0000:0000:0000:0000:0000:0000:0000"",protocol: ""tcp"",subtype: ""network socket"",remote address: ""0000:0000:0000:0000:0000:FFFF:C0A8:2F80"",hash: ""8fd27bd8be63e2936d3d823a86217446""})"
"(:VERTEX {remote port: ""54452"",epoch: ""0"",source: ""syscall"",type: ""Artifact"",version: ""0"",local port: ""7070"",net namespace: ""4026533266"",local address: ""0000:0000:0000:0000:0000:0000:0000:0000"",protocol: ""tcp"",subtype: ""network socket"",remote address: ""0000:0000:0000:0000:0000:FFFF:C0A8:2F80"",hash: ""c3727e65796facea9d6b69e055117c50""})"
"(:VERTEX {gid: ""1000"",euid: ""1000"",children pid namespace: ""4026533564"",start time: ""1690978500.662"",ns pid: ""162"",pid: ""144950"",source: ""syscall"",type: ""Process"",net namespace: ""4026533266"",ipc namespace: ""4026533539"",ppid: ""61363"",pid namespace: ""4026533564"",uid: ""1000"",egid: ""1000"",exe: ""/app/cartservice"",mount namespace: ""4026533563"",name: "".NET ThreadPool"",hash: ""4d1d7019e31b10edf1689f55ab83c05c"",user namespace: ""4026531837""})"
"(:VERTEX {remote port: ""36558"",epoch: ""0"",source: ""syscall"",type: ""Artifact"",version: ""0"",local port: ""50051"",net namespace: ""-1"",local address: ""0000:0000:0000:0000:0000:0000:0000:0000"",protocol: ""tcp"",subtype: ""network socket"",remote address: ""0000:0000:0000:0000:0000:FFFF:C0A8:2F80"",hash: ""1c3aa75ae3ffeef1bfd533292a411368""})"
"(:VERTEX {remote port: ""54454"",epoch: ""0"",source: ""syscall"",type: ""Artifact"",version: ""0"",local port: ""7070"",net namespace: ""4026533266"",local address: ""0000:0000:0000:0000:0000:0000:0000:0000"",protocol: ""tcp"",subtype: ""network socket"",remote address: ""0000:0000:0000:0000:0000:FFFF:C0A8:2F80"",hash: ""f4170221149c6f15346cc0d6d740bbfd""})"
"(:VERTEX {remote port: ""36564"",epoch: ""0"",source: ""syscall"",type: ""Artifact"",version: ""0"",local port: ""50051"",net namespace: ""-1"",local address: ""0000:0000:0000:0000:0000:0000:0000:0000"",protocol: ""tcp"",subtype: ""network socket"",remote address: ""0000:0000:0000:0000:0000:FFFF:C0A8:2F80"",hash: ""14621fc76cb8de5426148aca7500b185""})"
"(:VERTEX {remote port: ""50626"",epoch: ""0"",source: ""syscall"",type: ""Artifact"",version: ""0"",local port: ""8080"",net namespace: ""-1"",local address: ""0000:0000:0000:0000:0000:0000:0000:0000"",protocol: ""tcp"",subtype: ""network socket"",remote address: ""0000:0000:0000:0000:0000:FFFF:C0A8:2F80"",hash: ""549eca22ad2e690d0ace3bc2e9d016b9""})"
"(:VERTEX {remote port: ""50642"",epoch: ""0"",source: ""syscall"",type: ""Artifact"",version: ""0"",local port: ""8080"",net namespace: ""-1"",local address: ""0000:0000:0000:0000:0000:0000:0000:0000"",protocol: ""tcp"",subtype: ""network socket"",remote address: ""0000:0000:0000:0000:0000:FFFF:C0A8:2F80"",hash: ""065b719fb649bbd688411e917339f298""})"
"(:VERTEX {remote port: ""58472"",epoch: ""0"",source: ""syscall"",type: ""Artifact"",version: ""0"",local port: ""3550"",net namespace: ""-1"",local address: ""0000:0000:0000:0000:0000:0000:0000:0000"",protocol: ""tcp"",subtype: ""network socket"",remote address: ""0000:0000:0000:0000:0000:FFFF:C0A8:2F80"",hash: ""2f68d55351b4225be55ceb9ddca65653""})"
"(:VERTEX {gid: ""1000"",euid: ""1000"",children pid namespace: ""-1"",pid: ""61646"",seen time: ""1690978422.920"",source: ""syscall"",type: ""Process"",net namespace: ""-1"",ipc namespace: ""-1"",ppid: ""59160"",pid namespace: ""-1"",uid: ""1000"",egid: ""1000"",mount namespace: ""-1"",name: ""server"",hash: ""f9a33fca323853de7d3aa7a6a7bed12d"",user namespace: ""-1""})"
"(:VERTEX {remote port: ""58482"",epoch: ""0"",source: ""syscall"",type: ""Artifact"",version: ""0"",local port: ""3550"",net namespace: ""-1"",local address: ""0000:0000:0000:0000:0000:0000:0000:0000"",protocol: ""tcp"",subtype: ""network socket"",remote address: ""0000:0000:0000:0000:0000:FFFF:C0A8:2F80"",hash: ""8105019ec54c033f44ff4d4042003068""})"
"(:VERTEX {remote port: ""53"",epoch: ""0"",source: ""syscall"",type: ""Artifact"",version: ""0"",local port: ""59341"",net namespace: ""-1"",local address: ""10.1.251.204"",protocol: ""udp"",subtype: ""network socket"",remote address: ""10.152.183.10"",hash: ""e97655ed8d960892e23980c52c2849cc""})"
"(:VERTEX {remote port: ""53"",epoch: ""0"",source: ""syscall"",type: ""Artifact"",version: ""0"",local port: ""56635"",net namespace: ""-1"",local address: ""10.1.251.204"",protocol: ""udp"",subtype: ""network socket"",remote address: ""10.152.183.10"",hash: ""e40b758b8ce31f6ee17fefa5d875bf93""})"
"(:VERTEX {remote port: ""53"",epoch: ""0"",source: ""syscall"",type: ""Artifact"",version: ""0"",local port: ""54208"",net namespace: ""-1"",local address: ""10.1.251.204"",protocol: ""udp"",subtype: ""network socket"",remote address: ""10.152.183.10"",hash: ""47edb453373a2a3425ee38fe83632d1c""})"
"(:VERTEX {remote port: ""53"",epoch: ""0"",source: ""syscall"",type: ""Artifact"",version: ""0"",local port: ""50263"",net namespace: ""-1"",local address: ""10.1.251.204"",protocol: ""udp"",subtype: ""network socket"",remote address: ""10.152.183.10"",hash: ""57c3427ffd60c6bf57e26f14fd0c2aef""})"
"(:VERTEX {remote port: ""53"",epoch: ""0"",source: ""syscall"",type: ""Artifact"",version: ""0"",local port: ""52054"",net namespace: ""-1"",local address: ""10.1.251.204"",protocol: ""udp"",subtype: ""network socket"",remote address: ""10.152.183.10"",hash: ""5ac3b64acdc8bfba2f8b1a1c305994d0""})"
"(:VERTEX {remote port: ""53"",epoch: ""0"",source: ""syscall"",type: ""Artifact"",version: ""0"",local port: ""59780"",net namespace: ""-1"",local address: ""10.1.251.204"",protocol: ""udp"",subtype: ""network socket"",remote address: ""10.152.183.10"",hash: ""79d0c625c07cb2f111ba7ef797fd3848""})"
"(:VERTEX {gid: ""0"",euid: ""999"",children pid namespace: ""-1"",pid: ""146049"",seen time: ""1690978536.957"",source: ""syscall"",type: ""Process"",net namespace: ""-1"",ipc namespace: ""-1"",ppid: ""146038"",pid namespace: ""-1"",uid: ""999"",egid: ""0"",exe: ""/"",mount namespace: ""-1"",name: ""runc:[2:INIT]"",hash: ""a1ff685338912690bb4bd4d69a7c1729"",user namespace: ""-1""})"
"(:VERTEX {path: ""/proc/146049/attr/apparmor/exec"",subtype: ""file"",permissions: ""0666"",epoch: ""0"",source: ""syscall"",type: ""Artifact"",version: ""0"",hash: ""fe3ecd2708f16443614bf4ef59448896""})"
"(:VERTEX {gid: ""0"",euid: ""999"",children pid namespace: ""-1"",start time: ""1690978536.957"",pid: ""146049"",source: ""syscall"",type: ""Process"",net namespace: ""-1"",ipc namespace: ""-1"",ppid: ""146038"",pid namespace: ""-1"",cwd: ""/"",uid: ""999"",egid: ""0"",exe: ""/usr/bin/check-status"",mount namespace: ""-1"",command line: ""/usr/bin/check-status -r"",name: ""check-status"",hash: ""539936f37dbb55866675ccf6a58d32a9"",user namespace: ""-1""})"
"(:VERTEX {memory address: ""7fdd67d38000"",size: ""2000"",subtype: ""memory"",tgid: ""146049"",source: ""syscall"",type: ""Artifact"",version: ""0"",hash: ""286a66b289af8e4378e73b14d08d4f7d""})"
"(:VERTEX {memory address: ""7fdd678ed000"",size: ""21f4c0"",subtype: ""memory"",tgid: ""146049"",source: ""syscall"",type: ""Artifact"",version: ""0"",hash: ""a9d203cfa144730c37126663035fd2c7""})"
"(:VERTEX {memory address: ""7fdd67908000"",size: ""1ff000"",subtype: ""memory"",tgid: ""146049"",source: ""syscall"",type: ""Artifact"",version: ""0"",hash: ""eab7b4a31633d512a46f0d962de4ee0e""})"
"(:VERTEX {memory address: ""7fdd67b07000"",size: ""2000"",subtype: ""memory"",tgid: ""146049"",source: ""syscall"",type: ""Artifact"",version: ""0"",hash: ""4ff5411cb0750c11b1b1bdc9fb6438bc""})"
"(:VERTEX {memory address: ""7fdd67b09000"",size: ""34c0"",subtype: ""memory"",tgid: ""146049"",source: ""syscall"",type: ""Artifact"",version: ""0"",hash: ""0047ed97f63ecd0a7a0b77ada2098b1d""})"
"(:VERTEX {memory address: ""7fdd67527000"",size: ""3c58c0"",subtype: ""memory"",tgid: ""146049"",source: ""syscall"",type: ""Artifact"",version: ""0"",hash: ""3e79b9fd15f774e4af43de79675af3d3""})"
"(:VERTEX {memory address: ""7fdd676e3000"",size: ""200000"",subtype: ""memory"",tgid: ""146049"",source: ""syscall"",type: ""Artifact"",version: ""0"",hash: ""4d0e33b517d9317dad184fc5df2b1b04""})"
"(:VERTEX {memory address: ""7fdd678e3000"",size: ""6000"",subtype: ""memory"",tgid: ""146049"",source: ""syscall"",type: ""Artifact"",version: ""0"",hash: ""51cbb523972601446d811923e5b45d3b""})"
"(:VERTEX {memory address: ""7fdd678e9000"",size: ""38c0"",subtype: ""memory"",tgid: ""146049"",source: ""syscall"",type: ""Artifact"",version: ""0"",hash: ""6c0b59121499f14b032e0b26a5218977""})"
"(:VERTEX {memory address: ""7fdd67d35000"",size: ""3000"",subtype: ""memory"",tgid: ""146049"",source: ""syscall"",type: ""Artifact"",version: ""0"",hash: ""1fa45996a70dd02b3096c31bd24997d4""})"
"(:VERTEX {memory address: ""7fdd678e3000"",size: ""4000"",subtype: ""memory"",tgid: ""146049"",source: ""syscall"",type: ""Artifact"",version: ""0"",hash: ""2069ccd4754b640c2ed2aa357cd99aec""})"
"(:VERTEX {memory address: ""7fdd67b07000"",size: ""1000"",subtype: ""memory"",tgid: ""146049"",source: ""syscall"",type: ""Artifact"",version: ""0"",hash: ""f86ed7c0ad693854ef3a1c039e9ddcd8""})"
"(:VERTEX {memory address: ""7fdd67d3a000"",size: ""1000"",subtype: ""memory"",tgid: ""146049"",source: ""syscall"",type: ""Artifact"",version: ""0"",hash: ""57cb843e06bda70c1af9b12ce36c94bc""})"
"(:VERTEX {memory address: ""7fdd67cf5000"",size: ""40000"",subtype: ""memory"",tgid: ""146049"",source: ""syscall"",type: ""Artifact"",version: ""0"",hash: ""5e5cde155aea477d283c16625b2e0131""})"
"(:VERTEX {memory address: ""7fdd67cd5000"",size: ""20000"",subtype: ""memory"",tgid: ""146049"",source: ""syscall"",type: ""Artifact"",version: ""0"",hash: ""132cf083271b381219f5c366242f5cc2""})"
"(:VERTEX {memory address: ""7fdd67bd5000"",size: ""100000"",subtype: ""memory"",tgid: ""146049"",source: ""syscall"",type: ""Artifact"",version: ""0"",hash: ""28da28087a5d56ef6989931c708c0755""})"
"(:VERTEX {memory address: ""7fdd66d27000"",size: ""800000"",subtype: ""memory"",tgid: ""146049"",source: ""syscall"",type: ""Artifact"",version: ""0"",hash: ""358ed1b57eacb8b9f4dc9772ef65fef3""})"
"(:VERTEX {memory address: ""7fdd62d27000"",size: ""4000000"",subtype: ""memory"",tgid: ""146049"",source: ""syscall"",type: ""Artifact"",version: ""0"",hash: ""85e6a65a4c9cf6a9ac6f1129fd39eff8""})"
"(:VERTEX {memory address: ""7fdd42d27000"",size: ""20000000"",subtype: ""memory"",tgid: ""146049"",source: ""syscall"",type: ""Artifact"",version: ""0"",hash: ""610ed39989ee56ead464e0a51a8e4a03""})"
"(:VERTEX {memory address: ""c000000000"",size: ""4000000"",subtype: ""memory"",tgid: ""146049"",source: ""syscall"",type: ""Artifact"",version: ""0"",hash: ""b7fcfe644a9ff0e9ee46af1bff66d72b""})"
"(:VERTEX {memory address: ""7fdd40d27000"",size: ""2000000"",subtype: ""memory"",tgid: ""146049"",source: ""syscall"",type: ""Artifact"",version: ""0"",hash: ""d974c43a5fa025bb0a0b3d1cc4fbed3b""})"
"(:VERTEX {memory address: ""7fdd40b16000"",size: ""210c10"",subtype: ""memory"",tgid: ""146049"",source: ""syscall"",type: ""Artifact"",version: ""0"",hash: ""e31684d57cfe7a1007177ee494dcdd6f""})"
"(:VERTEX {memory address: ""c000000000"",size: ""400000"",subtype: ""memory"",tgid: ""146049"",source: ""syscall"",type: ""Artifact"",version: ""0"",hash: ""0755470d1a7c4a6804b5d9fc36e059f7""})"
"(:VERTEX {memory address: ""7fdd67cd5000"",size: ""20000"",subtype: ""memory"",tgid: ""146049"",source: ""syscall"",type: ""Artifact"",version: ""1"",hash: ""67792d72192642cafcaca258ab1d8fe9""})"
"(:VERTEX {memory address: ""7fdd67c55000"",size: ""1000"",subtype: ""memory"",tgid: ""146049"",source: ""syscall"",type: ""Artifact"",version: ""0"",hash: ""3585117c4e62ddabfd73bff9c93924f9""})"
"(:VERTEX {memory address: ""7fdd6712d000"",size: ""1000"",subtype: ""memory"",tgid: ""146049"",source: ""syscall"",type: ""Artifact"",version: ""0"",hash: ""ba08c75c3a1c39fbf7ca8223c3dcabaa""})"
"(:VERTEX {memory address: ""7fdd64d57000"",size: ""1000"",subtype: ""memory"",tgid: ""146049"",source: ""syscall"",type: ""Artifact"",version: ""0"",hash: ""01d5ea18c51717d78b9f773991134463""})"
"(:VERTEX {memory address: ""7fdd52ea7000"",size: ""1000"",subtype: ""memory"",tgid: ""146049"",source: ""syscall"",type: ""Artifact"",version: ""0"",hash: ""c3a6a9673c0c88c60ba935837f9e55a1""})"
"(:VERTEX {memory address: ""7fdd40a16000"",size: ""100000"",subtype: ""memory"",tgid: ""146049"",source: ""syscall"",type: ""Artifact"",version: ""0"",hash: ""cabc23699f2d1e2640ff44ff06711a15""})"
"(:VERTEX {memory address: ""7fdd67bc5000"",size: ""10000"",subtype: ""memory"",tgid: ""146049"",source: ""syscall"",type: ""Artifact"",version: ""0"",hash: ""900051c6f89a5d40929621b2d48ec62c""})"
"(:VERTEX {memory address: ""7fdd67bb5000"",size: ""10000"",subtype: ""memory"",tgid: ""146049"",source: ""syscall"",type: ""Artifact"",version: ""0"",hash: ""cfa318e73532a357a0c24ffeb7fa1499""})"
"(:VERTEX {memory address: ""7fdd40215000"",size: ""801000"",subtype: ""memory"",tgid: ""146049"",source: ""syscall"",type: ""Artifact"",version: ""0"",hash: ""ce9a6e9b79eb902e9725ab8f342fac7f""})"
"(:VERTEX {memory address: ""7fdd40216000"",size: ""800000"",subtype: ""memory"",tgid: ""146049"",source: ""syscall"",type: ""Artifact"",version: ""0"",hash: ""bd132d9718451e76adb189dbdf4c76c9""})"
"(:VERTEX {gid: ""0"",euid: ""999"",children pid namespace: ""4026532779"",start time: ""1690978536.961"",ns pid: ""11233"",pid: ""146056"",source: ""syscall"",type: ""Process"",net namespace: ""4026532705"",ipc namespace: ""4026532772"",ppid: ""146049"",pid namespace: ""4026532779"",cwd: ""/"",uid: ""999"",egid: ""0"",exe: ""/usr/bin/check-status"",mount namespace: ""4026532778"",command line: ""/usr/bin/check-status -r"",name: ""check-status"",hash: ""397083aaa062844ee8c7a238e9e88bc3"",user namespace: ""4026531837""})"
"(:VERTEX {memory address: ""7fdd3fa14000"",size: ""801000"",subtype: ""memory"",tgid: ""146049"",source: ""syscall"",type: ""Artifact"",version: ""0"",hash: ""5a16f1764fa5b57a8668e5ee105473ee""})"
"(:VERTEX {memory address: ""7fdd37a14000"",size: ""8000000"",subtype: ""memory"",tgid: ""146049"",source: ""syscall"",type: ""Artifact"",version: ""0"",hash: ""8d2eb674da2d689cae329ff9b7331a29""})"
"(:VERTEX {memory address: ""7fdd3fa15000"",size: ""800000"",subtype: ""memory"",tgid: ""146049"",source: ""syscall"",type: ""Artifact"",version: ""0"",hash: ""499147d55ae5db7060648260a04278d5""})"
"(:VERTEX {gid: ""0"",euid: ""999"",children pid namespace: ""4026532779"",start time: ""1690978536.961"",ns pid: ""11234"",pid: ""146057"",source: ""syscall"",type: ""Process"",net namespace: ""4026532705"",ipc namespace: ""4026532772"",ppid: ""146049"",pid namespace: ""4026532779"",cwd: ""/"",uid: ""999"",egid: ""0"",exe: ""/usr/bin/check-status"",mount namespace: ""4026532778"",command line: ""/usr/bin/check-status -r"",name: ""check-status"",hash: ""3e9851ce8a6735400b054c68a1b034ca"",user namespace: ""4026531837""})"
"(:VERTEX {memory address: ""7fdd2f213000"",size: ""801000"",subtype: ""memory"",tgid: ""146049"",source: ""syscall"",type: ""Artifact"",version: ""0"",hash: ""e0b853cde7ec8488c63a87ecd89c1e00""})"
"(:VERTEX {memory address: ""7fdd2f214000"",size: ""800000"",subtype: ""memory"",tgid: ""146049"",source: ""syscall"",type: ""Artifact"",version: ""0"",hash: ""768309112d1fea0491a52ec6f039fd71""})"
"(:VERTEX {memory address: ""7fdd38000000"",size: ""21000"",subtype: ""memory"",tgid: ""146049"",source: ""syscall"",type: ""Artifact"",version: ""0"",hash: ""72548bc4fd470045a8b9c112e04afa7f""})"
"(:VERTEX {gid: ""0"",euid: ""999"",children pid namespace: ""4026532779"",start time: ""1690978536.961"",ns pid: ""11235"",pid: ""146058"",source: ""syscall"",type: ""Process"",net namespace: ""4026532705"",ipc namespace: ""4026532772"",ppid: ""146049"",pid namespace: ""4026532779"",cwd: ""/"",uid: ""999"",egid: ""0"",exe: ""/usr/bin/check-status"",mount namespace: ""4026532778"",command line: ""/usr/bin/check-status -r"",name: ""check-status"",hash: ""7e4758c7e3af198a75c755f28ef7accf"",user namespace: ""4026531837""})"
"(:VERTEX {memory address: ""7fdd2fa14000"",size: ""8000000"",subtype: ""memory"",tgid: ""146049"",source: ""syscall"",type: ""Artifact"",version: ""0"",hash: ""d331ff63a084dbf13c6b18d3b63ee06a""})"
"(:VERTEX {memory address: ""7fdd30000000"",size: ""21000"",subtype: ""memory"",tgid: ""146049"",source: ""syscall"",type: ""Artifact"",version: ""0"",hash: ""20b27458936024b314984983566021a0""})"
"(:VERTEX {memory address: ""7fdd67b75000"",size: ""40000"",subtype: ""memory"",tgid: ""146049"",source: ""syscall"",type: ""Artifact"",version: ""0"",hash: ""f1d96f39844a15381c4f1b00d46cc779""})"
"(:VERTEX {memory address: ""7fdd3f213000"",size: ""801000"",subtype: ""memory"",tgid: ""146049"",source: ""syscall"",type: ""Artifact"",version: ""0"",hash: ""d7ba36a69e855ce4cc92649a5bfa9194""})"
"(:VERTEX {memory address: ""7fdd3f214000"",size: ""800000"",subtype: ""memory"",tgid: ""146049"",source: ""syscall"",type: ""Artifact"",version: ""0"",hash: ""4a1225daf36e6f5de609a1c31e01265e""})"
"(:VERTEX {gid: ""0"",euid: ""999"",children pid namespace: ""4026532779"",start time: ""1690978536.965"",ns pid: ""11236"",pid: ""146059"",source: ""syscall"",type: ""Process"",net namespace: ""4026532705"",ipc namespace: ""4026532772"",ppid: ""146049"",pid namespace: ""4026532779"",cwd: ""/"",uid: ""999"",egid: ""0"",exe: ""/usr/bin/check-status"",mount namespace: ""4026532778"",command line: ""/usr/bin/check-status -r"",name: ""check-status"",hash: ""d9d86560e985ec7fb6b602884867cce3"",user namespace: ""4026531837""})"
"(:VERTEX {memory address: ""7fdd27213000"",size: ""8000000"",subtype: ""memory"",tgid: ""146049"",source: ""syscall"",type: ""Artifact"",version: ""0"",hash: ""c04ca249a3b703c3797dc278719c94a8""})"
"(:VERTEX {memory address: ""7fdd28000000"",size: ""21000"",subtype: ""memory"",tgid: ""146049"",source: ""syscall"",type: ""Artifact"",version: ""0"",hash: ""60ab30e2ab0689ab856dcccc822efc49""})"
"(:VERTEX {memory address: ""7fdd20000000"",size: ""8000000"",subtype: ""memory"",tgid: ""146049"",source: ""syscall"",type: ""Artifact"",version: ""0"",hash: ""960645e69f4786d19605adc7c071b555""})"
"(:VERTEX {memory address: ""7fdd3ea12000"",size: ""801000"",subtype: ""memory"",tgid: ""146049"",source: ""syscall"",type: ""Artifact"",version: ""0"",hash: ""cb884e21eccd0b144a6d37a5e79fb345""})"
"(:VERTEX {memory address: ""7fdd3ea13000"",size: ""800000"",subtype: ""memory"",tgid: ""146049"",source: ""syscall"",type: ""Artifact"",version: ""0"",hash: ""2df37bc3da827952ccacd626e87b5445""})"
"(:VERTEX {gid: ""0"",euid: ""999"",children pid namespace: ""4026532779"",start time: ""1690978536.968"",ns pid: ""11237"",pid: ""146060"",source: ""syscall"",type: ""Process"",net namespace: ""4026532705"",ipc namespace: ""4026532772"",ppid: ""146049"",pid namespace: ""4026532779"",cwd: ""/"",uid: ""999"",egid: ""0"",exe: ""/usr/bin/check-status"",mount namespace: ""4026532778"",command line: ""/usr/bin/check-status -r"",name: ""check-status"",hash: ""6009a86d055e2a2dd69752d183a1ff45"",user namespace: ""4026531837""})"
"(:VERTEX {memory address: ""7fdd3e9d2000"",size: ""40000"",subtype: ""memory"",tgid: ""146049"",source: ""syscall"",type: ""Artifact"",version: ""0"",hash: ""8d8541f83d8cf555b2a906c64afc97d3""})"
"(:VERTEX {remote port: ""57326"",epoch: ""0"",source: ""syscall"",type: ""Artifact"",version: ""0"",local port: ""8080"",net namespace: ""-1"",local address: ""0000:0000:0000:0000:0000:0000:0000:0000"",protocol: ""tcp"",subtype: ""network socket"",remote address: ""0000:0000:0000:0000:0000:FFFF:C0A8:2F80"",hash: ""49427740e6c057ecc64fefd38fa51a8f""})"
"(:VERTEX {remote port: ""57342"",epoch: ""0"",source: ""syscall"",type: ""Artifact"",version: ""0"",local port: ""8080"",net namespace: ""-1"",local address: ""0000:0000:0000:0000:0000:0000:0000:0000"",protocol: ""tcp"",subtype: ""network socket"",remote address: ""0000:0000:0000:0000:0000:FFFF:C0A8:2F80"",hash: ""a703a0e07bdb77ac5982abf7de1f5667""})"
"(:VERTEX {remote port: ""36988"",epoch: ""0"",source: ""syscall"",type: ""Artifact"",version: ""0"",local port: ""50051"",net namespace: ""-1"",local address: ""0000:0000:0000:0000:0000:0000:0000:0000"",protocol: ""tcp"",subtype: ""network socket"",remote address: ""0000:0000:0000:0000:0000:FFFF:C0A8:2F80"",hash: ""86b810c73ef1c08604e116eebe9f8e80""})"
"(:VERTEX {remote port: ""52604"",epoch: ""0"",source: ""syscall"",type: ""Artifact"",version: ""0"",local port: ""6379"",net namespace: ""-1"",local address: ""0.0.0.0"",protocol: ""tcp"",subtype: ""network socket"",remote address: ""192.168.47.128"",hash: ""a3f43ec1021be0785b644a2e402180bb""})"
"(:VERTEX {remote port: ""52606"",epoch: ""0"",source: ""syscall"",type: ""Artifact"",version: ""0"",local port: ""6379"",net namespace: ""-1"",local address: ""0.0.0.0"",protocol: ""tcp"",subtype: ""network socket"",remote address: ""192.168.47.128"",hash: ""1e67a808b758c53aaaf179d80b20c49f""})"
"(:VERTEX {remote port: ""43320"",epoch: ""0"",source: ""syscall"",type: ""Artifact"",version: ""0"",local port: ""9555"",net namespace: ""-1"",local address: ""0000:0000:0000:0000:0000:0000:0000:0000"",protocol: ""tcp"",subtype: ""network socket"",remote address: ""0000:0000:0000:0000:0000:FFFF:C0A8:2F80"",hash: ""f6bc61a0732798ec93d8c0125734da55""})"
"(:VERTEX {remote port: ""43330"",epoch: ""0"",source: ""syscall"",type: ""Artifact"",version: ""0"",local port: ""9555"",net namespace: ""-1"",local address: ""0000:0000:0000:0000:0000:0000:0000:0000"",protocol: ""tcp"",subtype: ""network socket"",remote address: ""0000:0000:0000:0000:0000:FFFF:C0A8:2F80"",hash: ""d04e362c175b81847717c974c3cb8bd7""})"
"(:VERTEX {remote port: ""59396"",epoch: ""0"",source: ""syscall"",type: ""Artifact"",version: ""0"",local port: ""8080"",net namespace: ""-1"",local address: ""0000:0000:0000:0000:0000:0000:0000:0000"",protocol: ""tcp"",subtype: ""network socket"",remote address: ""0000:0000:0000:0000:0000:FFFF:C0A8:2F80"",hash: ""d8a597ed69218b13f86dccf44638611f""})"
"(:VERTEX {remote port: ""59394"",epoch: ""0"",source: ""syscall"",type: ""Artifact"",version: ""0"",local port: ""8080"",net namespace: ""-1"",local address: ""0000:0000:0000:0000:0000:0000:0000:0000"",protocol: ""tcp"",subtype: ""network socket"",remote address: ""0000:0000:0000:0000:0000:FFFF:C0A8:2F80"",hash: ""f5db689e3caa15ddf14a3d47deb30956""})"
"(:VERTEX {gid: ""0"",euid: ""999"",children pid namespace: ""-1"",pid: ""146124"",seen time: ""1690978539.042"",source: ""syscall"",type: ""Process"",net namespace: ""-1"",ipc namespace: ""-1"",ppid: ""146100"",pid namespace: ""-1"",uid: ""999"",egid: ""0"",exe: ""/"",mount namespace: ""-1"",name: ""runc:[2:INIT]"",hash: ""d095ae2b8ed931cd1b72c7d319ce7af0"",user namespace: ""-1""})"
"(:VERTEX {path: ""/proc/146124/attr/apparmor/exec"",subtype: ""file"",permissions: ""0666"",epoch: ""0"",source: ""syscall"",type: ""Artifact"",version: ""0"",hash: ""09e265683efc03e5b74e9271b354476a""})"
"(:VERTEX {gid: ""0"",euid: ""999"",children pid namespace: ""-1"",start time: ""1690978539.042"",pid: ""146124"",source: ""syscall"",type: ""Process"",net namespace: ""-1"",ipc namespace: ""-1"",ppid: ""146100"",pid namespace: ""-1"",cwd: ""/"",uid: ""999"",egid: ""0"",exe: ""/usr/bin/check-status"",mount namespace: ""-1"",command line: ""/usr/bin/check-status -l"",name: ""check-status"",hash: ""9e1ba36e77bf18aa999da7b04f995bef"",user namespace: ""-1""})"
"(:VERTEX {memory address: ""7f043429b000"",size: ""2000"",subtype: ""memory"",tgid: ""146124"",source: ""syscall"",type: ""Artifact"",version: ""0"",hash: ""75c10fff420e92dea878ab600b00bf63""})"
"(:VERTEX {memory address: ""7f0433e50000"",size: ""21f4c0"",subtype: ""memory"",tgid: ""146124"",source: ""syscall"",type: ""Artifact"",version: ""0"",hash: ""167053a7b1d43efeeec57f079424a1bc""})"
"(:VERTEX {memory address: ""7f0433e6b000"",size: ""1ff000"",subtype: ""memory"",tgid: ""146124"",source: ""syscall"",type: ""Artifact"",version: ""0"",hash: ""2403d8e712d44e4adc539e69b73666c4""})"
"(:VERTEX {memory address: ""7f043406a000"",size: ""2000"",subtype: ""memory"",tgid: ""146124"",source: ""syscall"",type: ""Artifact"",version: ""0"",hash: ""aa7592d0af92b48fe4d87a28c15ffaf9""})"
"(:VERTEX {memory address: ""7f043406c000"",size: ""34c0"",subtype: ""memory"",tgid: ""146124"",source: ""syscall"",type: ""Artifact"",version: ""0"",hash: ""41b053fccd2c5136637542381751c8ee""})"
"(:VERTEX {memory address: ""7f0433a8a000"",size: ""3c58c0"",subtype: ""memory"",tgid: ""146124"",source: ""syscall"",type: ""Artifact"",version: ""0"",hash: ""9665d89d829678eb09c0cf0774365411""})"
"(:VERTEX {memory address: ""7f0433c46000"",size: ""200000"",subtype: ""memory"",tgid: ""146124"",source: ""syscall"",type: ""Artifact"",version: ""0"",hash: ""c49a7059e4523d52d7983267bdcb7dd9""})"
"(:VERTEX {memory address: ""7f0433e46000"",size: ""6000"",subtype: ""memory"",tgid: ""146124"",source: ""syscall"",type: ""Artifact"",version: ""0"",hash: ""2dfe70a9c870d8698de2e64f2df1a921""})"
"(:VERTEX {memory address: ""7f0433e4c000"",size: ""38c0"",subtype: ""memory"",tgid: ""146124"",source: ""syscall"",type: ""Artifact"",version: ""0"",hash: ""fd6522259f6ef3a2a5ffcf8b459a15c0""})"
"(:VERTEX {memory address: ""7f0434298000"",size: ""3000"",subtype: ""memory"",tgid: ""146124"",source: ""syscall"",type: ""Artifact"",version: ""0"",hash: ""dfb1b3ef6b747e6d33e401b2b912ef46""})"
"(:VERTEX {memory address: ""7f0433e46000"",size: ""4000"",subtype: ""memory"",tgid: ""146124"",source: ""syscall"",type: ""Artifact"",version: ""0"",hash: ""cd0c68e05f7d5311198f2d9525a44123""})"
"(:VERTEX {memory address: ""7f043406a000"",size: ""1000"",subtype: ""memory"",tgid: ""146124"",source: ""syscall"",type: ""Artifact"",version: ""0"",hash: ""0ac5267059d4f8434e03b68a90ca99e9""})"
"(:VERTEX {memory address: ""7f043429d000"",size: ""1000"",subtype: ""memory"",tgid: ""146124"",source: ""syscall"",type: ""Artifact"",version: ""0"",hash: ""7479741ef0bb89d1e90358d2606450ba""})"
"(:VERTEX {memory address: ""7f0434258000"",size: ""40000"",subtype: ""memory"",tgid: ""146124"",source: ""syscall"",type: ""Artifact"",version: ""0"",hash: ""6483cf235fb80a31eb0e7810f4186f13""})"
"(:VERTEX {memory address: ""7f0434238000"",size: ""20000"",subtype: ""memory"",tgid: ""146124"",source: ""syscall"",type: ""Artifact"",version: ""0"",hash: ""889d4fecd5e2d3ac57eeb0c90edffc52""})"
"(:VERTEX {memory address: ""7f0434138000"",size: ""100000"",subtype: ""memory"",tgid: ""146124"",source: ""syscall"",type: ""Artifact"",version: ""0"",hash: ""c9f60bda6a7f19ceb206d3c37d47849e""})"
"(:VERTEX {memory address: ""7f043328a000"",size: ""800000"",subtype: ""memory"",tgid: ""146124"",source: ""syscall"",type: ""Artifact"",version: ""0"",hash: ""2c765a627bbe8483e8119eba15427baa""})"
"(:VERTEX {memory address: ""7f042f28a000"",size: ""4000000"",subtype: ""memory"",tgid: ""146124"",source: ""syscall"",type: ""Artifact"",version: ""0"",hash: ""026aac9f85d0ed45d486ab40f02bbcea""})"
"(:VERTEX {memory address: ""7f040f28a000"",size: ""20000000"",subtype: ""memory"",tgid: ""146124"",source: ""syscall"",type: ""Artifact"",version: ""0"",hash: ""2d2918f6ad0f5dafa92bf9adeb558e1a""})"
"(:VERTEX {memory address: ""c000000000"",size: ""4000000"",subtype: ""memory"",tgid: ""146124"",source: ""syscall"",type: ""Artifact"",version: ""0"",hash: ""b4129cda871ade20c7974a0a3e36fdb6""})"
"(:VERTEX {memory address: ""7f040d28a000"",size: ""2000000"",subtype: ""memory"",tgid: ""146124"",source: ""syscall"",type: ""Artifact"",version: ""0"",hash: ""e03f4667f8b5f782beb65509920a44c3""})"
"(:VERTEX {memory address: ""7f040d079000"",size: ""210c10"",subtype: ""memory"",tgid: ""146124"",source: ""syscall"",type: ""Artifact"",version: ""0"",hash: ""62766018dd2619b8e091783cf2fcb560""})"
"(:VERTEX {memory address: ""c000000000"",size: ""400000"",subtype: ""memory"",tgid: ""146124"",source: ""syscall"",type: ""Artifact"",version: ""0"",hash: ""3361e9ecedcbc0ed5f8685acee1412e1""})"
"(:VERTEX {memory address: ""7f0434238000"",size: ""20000"",subtype: ""memory"",tgid: ""146124"",source: ""syscall"",type: ""Artifact"",version: ""1"",hash: ""491936ed38b18e3067e8c15a267121df""})"
"(:VERTEX {memory address: ""7f04341b8000"",size: ""1000"",subtype: ""memory"",tgid: ""146124"",source: ""syscall"",type: ""Artifact"",version: ""0"",hash: ""8af26b1f033a4e875db505ef78bafac4""})"
"(:VERTEX {memory address: ""7f0433690000"",size: ""1000"",subtype: ""memory"",tgid: ""146124"",source: ""syscall"",type: ""Artifact"",version: ""0"",hash: ""f85c245be9054414161d0e293feb03a8""})"
"(:VERTEX {memory address: ""7f04312ba000"",size: ""1000"",subtype: ""memory"",tgid: ""146124"",source: ""syscall"",type: ""Artifact"",version: ""0"",hash: ""9f299ea2013a13f9d7c386d937ace824""})"
"(:VERTEX {memory address: ""7f041f40a000"",size: ""1000"",subtype: ""memory"",tgid: ""146124"",source: ""syscall"",type: ""Artifact"",version: ""0"",hash: ""2061216e41b6d9dd8c7568b6bc6be9db""})"
"(:VERTEX {memory address: ""7f040cf79000"",size: ""100000"",subtype: ""memory"",tgid: ""146124"",source: ""syscall"",type: ""Artifact"",version: ""0"",hash: ""d1fc12f5efec5dd49bd55d113d4ba336""})"
"(:VERTEX {memory address: ""7f0434128000"",size: ""10000"",subtype: ""memory"",tgid: ""146124"",source: ""syscall"",type: ""Artifact"",version: ""0"",hash: ""a26f25726d5c92a9860d6c3f8d0a205d""})"
"(:VERTEX {memory address: ""7f0434118000"",size: ""10000"",subtype: ""memory"",tgid: ""146124"",source: ""syscall"",type: ""Artifact"",version: ""0"",hash: ""900481d606d2651a7251c1746890ce40""})"
"(:VERTEX {memory address: ""7f040c778000"",size: ""801000"",subtype: ""memory"",tgid: ""146124"",source: ""syscall"",type: ""Artifact"",version: ""0"",hash: ""72abb0adee09f7ce75d72c9839c099f8""})"
"(:VERTEX {memory address: ""7f040c779000"",size: ""800000"",subtype: ""memory"",tgid: ""146124"",source: ""syscall"",type: ""Artifact"",version: ""0"",hash: ""a000c400847416f6796d2d8f6a68ec2d""})"
"(:VERTEX {gid: ""0"",euid: ""999"",children pid namespace: ""4026532779"",start time: ""1690978539.049"",ns pid: ""11243"",pid: ""146129"",source: ""syscall"",type: ""Process"",net namespace: ""4026532705"",ipc namespace: ""4026532772"",ppid: ""146124"",pid namespace: ""4026532779"",cwd: ""/"",uid: ""999"",egid: ""0"",exe: ""/usr/bin/check-status"",mount namespace: ""4026532778"",command line: ""/usr/bin/check-status -l"",name: ""check-status"",hash: ""a87f6c4b2ea6483ec43fdf81a58a7f76"",user namespace: ""4026531837""})"
"(:VERTEX {memory address: ""7f040bf77000"",size: ""801000"",subtype: ""memory"",tgid: ""146124"",source: ""syscall"",type: ""Artifact"",version: ""0"",hash: ""0c98d807ea63bacbe29364453819d0e2""})"
"(:VERTEX {memory address: ""7f040bf78000"",size: ""800000"",subtype: ""memory"",tgid: ""146124"",source: ""syscall"",type: ""Artifact"",version: ""0"",hash: ""c81543b55ace70c2342282b12b922522""})"
"(:VERTEX {gid: ""0"",euid: ""999"",children pid namespace: ""4026532779"",start time: ""1690978539.049"",ns pid: ""11244"",pid: ""146130"",source: ""syscall"",type: ""Process"",net namespace: ""4026532705"",ipc namespace: ""4026532772"",ppid: ""146124"",pid namespace: ""4026532779"",cwd: ""/"",uid: ""999"",egid: ""0"",exe: ""/usr/bin/check-status"",mount namespace: ""4026532778"",command line: ""/usr/bin/check-status -l"",name: ""check-status"",hash: ""e3148cce27714af6ac3d35ca92034e66"",user namespace: ""4026531837""})"
"(:VERTEX {memory address: ""7f040b776000"",size: ""801000"",subtype: ""memory"",tgid: ""146124"",source: ""syscall"",type: ""Artifact"",version: ""0"",hash: ""b3e725c9e3b9b8b8b9557ece07974c29""})"
"(:VERTEX {memory address: ""7f040b777000"",size: ""800000"",subtype: ""memory"",tgid: ""146124"",source: ""syscall"",type: ""Artifact"",version: ""0"",hash: ""56138ec163f03a86628f2cc3be6d9a39""})"
"(:VERTEX {gid: ""0"",euid: ""999"",children pid namespace: ""4026532779"",start time: ""1690978539.049"",ns pid: ""11245"",pid: ""146131"",source: ""syscall"",type: ""Process"",net namespace: ""4026532705"",ipc namespace: ""4026532772"",ppid: ""146124"",pid namespace: ""4026532779"",cwd: ""/"",uid: ""999"",egid: ""0"",exe: ""/usr/bin/check-status"",mount namespace: ""4026532778"",command line: ""/usr/bin/check-status -l"",name: ""check-status"",hash: ""2f12fe9e97951613eaf293d1569cd420"",user namespace: ""4026531837""})"
"(:VERTEX {memory address: ""7f0403776000"",size: ""8000000"",subtype: ""memory"",tgid: ""146124"",source: ""syscall"",type: ""Artifact"",version: ""0"",hash: ""e8485278e30d20531820e5a22a593ac5""})"
"(:VERTEX {memory address: ""7f0404000000"",size: ""21000"",subtype: ""memory"",tgid: ""146124"",source: ""syscall"",type: ""Artifact"",version: ""0"",hash: ""7d292ccfcd72f83000152fd4cf7747f3""})"
"(:VERTEX {memory address: ""7f040af75000"",size: ""801000"",subtype: ""memory"",tgid: ""146124"",source: ""syscall"",type: ""Artifact"",version: ""0"",hash: ""52625241f1409ab1fafcbf33156ed424""})"
"(:VERTEX {memory address: ""7f040af76000"",size: ""800000"",subtype: ""memory"",tgid: ""146124"",source: ""syscall"",type: ""Artifact"",version: ""0"",hash: ""24b722957fd1d0e7d23890be94925b29""})"
"(:VERTEX {gid: ""0"",euid: ""999"",children pid namespace: ""4026532779"",start time: ""1690978539.049"",ns pid: ""11246"",pid: ""146132"",source: ""syscall"",type: ""Process"",net namespace: ""4026532705"",ipc namespace: ""4026532772"",ppid: ""146124"",pid namespace: ""4026532779"",cwd: ""/"",uid: ""999"",egid: ""0"",exe: ""/usr/bin/check-status"",mount namespace: ""4026532778"",command line: ""/usr/bin/check-status -l"",name: ""check-status"",hash: ""00771471c010d2515b782b4f7e8e43cc"",user namespace: ""4026531837""})"
"(:VERTEX {memory address: ""7f03fc000000"",size: ""8000000"",subtype: ""memory"",tgid: ""146124"",source: ""syscall"",type: ""Artifact"",version: ""0"",hash: ""75ab122b57304120b2e611e8cd0a9f32""})"
"(:VERTEX {memory address: ""7f03fc000000"",size: ""21000"",subtype: ""memory"",tgid: ""146124"",source: ""syscall"",type: ""Artifact"",version: ""0"",hash: ""5cb4cddbbfb2f1ac480717c96ceb8acc""})"
"(:VERTEX {memory address: ""7f04340d8000"",size: ""40000"",subtype: ""memory"",tgid: ""146124"",source: ""syscall"",type: ""Artifact"",version: ""0"",hash: ""fa815519ec77cfb6581620a26220a427""})"
"(:VERTEX {memory address: ""7f040a774000"",size: ""801000"",subtype: ""memory"",tgid: ""146124"",source: ""syscall"",type: ""Artifact"",version: ""0"",hash: ""c18e5377b72895bdc2acd0de9d5d47f6""})"
"(:VERTEX {memory address: ""7f040a775000"",size: ""800000"",subtype: ""memory"",tgid: ""146124"",source: ""syscall"",type: ""Artifact"",version: ""0"",hash: ""ba9d23e912fde0b01c398ff47783096a""})"
"(:VERTEX {gid: ""0"",euid: ""999"",children pid namespace: ""4026532779"",start time: ""1690978539.049"",ns pid: ""11247"",pid: ""146133"",source: ""syscall"",type: ""Process"",net namespace: ""4026532705"",ipc namespace: ""4026532772"",ppid: ""146124"",pid namespace: ""4026532779"",cwd: ""/"",uid: ""999"",egid: ""0"",exe: ""/usr/bin/check-status"",mount namespace: ""4026532778"",command line: ""/usr/bin/check-status -l"",name: ""check-status"",hash: ""3ff83f32f841a07153a05c7f09e9d347"",user namespace: ""4026531837""})"
"(:VERTEX {remote port: ""57356"",epoch: ""0"",source: ""syscall"",type: ""Artifact"",version: ""0"",local port: ""8080"",net namespace: ""-1"",local address: ""0000:0000:0000:0000:0000:0000:0000:0000"",protocol: ""tcp"",subtype: ""network socket"",remote address: ""0000:0000:0000:0000:0000:FFFF:C0A8:2F80"",hash: ""8bd45c67e2d83cef98540049f0283ffd""})"
"(:VERTEX {remote port: ""57370"",epoch: ""0"",source: ""syscall"",type: ""Artifact"",version: ""0"",local port: ""8080"",net namespace: ""-1"",local address: ""0000:0000:0000:0000:0000:0000:0000:0000"",protocol: ""tcp"",subtype: ""network socket"",remote address: ""0000:0000:0000:0000:0000:FFFF:C0A8:2F80"",hash: ""0f9b3ae30e667e8c994a03537f1af693""})"
"(:VERTEX {remote port: ""37012"",epoch: ""0"",source: ""syscall"",type: ""Artifact"",version: ""0"",local port: ""50051"",net namespace: ""-1"",local address: ""0000:0000:0000:0000:0000:0000:0000:0000"",protocol: ""tcp"",subtype: ""network socket"",remote address: ""0000:0000:0000:0000:0000:FFFF:C0A8:2F80"",hash: ""96818e9f8a54c157f4402ef680470117""})"
"(:VERTEX {remote port: ""37002"",epoch: ""0"",source: ""syscall"",type: ""Artifact"",version: ""0"",local port: ""50051"",net namespace: ""-1"",local address: ""0000:0000:0000:0000:0000:0000:0000:0000"",protocol: ""tcp"",subtype: ""network socket"",remote address: ""0000:0000:0000:0000:0000:FFFF:C0A8:2F80"",hash: ""d1d0c0795570533fee8d40b5a621b535""})"
"(:VERTEX {remote port: ""52052"",epoch: ""0"",source: ""syscall"",type: ""Artifact"",version: ""0"",local port: ""7000"",net namespace: ""-1"",local address: ""0000:0000:0000:0000:0000:0000:0000:0000"",protocol: ""tcp"",subtype: ""network socket"",remote address: ""0000:0000:0000:0000:0000:FFFF:C0A8:2F80"",hash: ""b63bf2877dcc0c9670e9a54c4c80d459""})"
"(:VERTEX {remote port: ""52066"",epoch: ""0"",source: ""syscall"",type: ""Artifact"",version: ""0"",local port: ""7000"",net namespace: ""-1"",local address: ""0000:0000:0000:0000:0000:0000:0000:0000"",protocol: ""tcp"",subtype: ""network socket"",remote address: ""0000:0000:0000:0000:0000:FFFF:C0A8:2F80"",hash: ""1b5130d40ea482def574f2113c06a15d""})"
"(:VERTEX {remote port: ""52612"",epoch: ""0"",source: ""syscall"",type: ""Artifact"",version: ""0"",local port: ""6379"",net namespace: ""-1"",local address: ""0.0.0.0"",protocol: ""tcp"",subtype: ""network socket"",remote address: ""192.168.47.128"",hash: ""9358cfb7a701c3e093c247a15448bb41""})"
"(:VERTEX {remote port: ""51328"",epoch: ""0"",source: ""syscall"",type: ""Artifact"",version: ""0"",local port: ""5050"",net namespace: ""-1"",local address: ""0000:0000:0000:0000:0000:0000:0000:0000"",protocol: ""tcp"",subtype: ""network socket"",remote address: ""0000:0000:0000:0000:0000:FFFF:C0A8:2F80"",hash: ""ccf34834e688fa1164c2de83a476ac01""})"
"(:VERTEX {remote port: ""52620"",epoch: ""0"",source: ""syscall"",type: ""Artifact"",version: ""0"",local port: ""6379"",net namespace: ""-1"",local address: ""0.0.0.0"",protocol: ""tcp"",subtype: ""network socket"",remote address: ""192.168.47.128"",hash: ""90973f31721dd0d7fee9265733876c5b""})"
"(:VERTEX {remote port: ""51332"",epoch: ""0"",source: ""syscall"",type: ""Artifact"",version: ""0"",local port: ""5050"",net namespace: ""-1"",local address: ""0000:0000:0000:0000:0000:0000:0000:0000"",protocol: ""tcp"",subtype: ""network socket"",remote address: ""0000:0000:0000:0000:0000:FFFF:C0A8:2F80"",hash: ""cc5cabd32dfb1c6f4a6e664fd0a07466""})"
"(:VERTEX {gid: ""1000"",euid: ""1000"",children pid namespace: ""-1"",pid: ""60101"",seen time: ""1690978492.512"",source: ""syscall"",type: ""Process"",net namespace: ""-1"",ipc namespace: ""-1"",ppid: ""58532"",pid namespace: ""-1"",uid: ""1000"",egid: ""1000"",mount namespace: ""-1"",name: ""checkoutservice"",hash: ""ca6def0b7934561e6f12e4a5125c9448"",user namespace: ""-1""})"
"(:VERTEX {remote port: ""51306"",epoch: ""0"",source: ""syscall"",type: ""Artifact"",version: ""0"",local port: ""8080"",net namespace: ""-1"",local address: ""0000:0000:0000:0000:0000:0000:0000:0000"",protocol: ""tcp"",subtype: ""network socket"",remote address: ""0000:0000:0000:0000:0000:FFFF:C0A8:2F80"",hash: ""9873379d7ac6198ff6c39693e3cf9a9f""})"
"(:VERTEX {remote port: ""51308"",epoch: ""0"",source: ""syscall"",type: ""Artifact"",version: ""0"",local port: ""8080"",net namespace: ""-1"",local address: ""0000:0000:0000:0000:0000:0000:0000:0000"",protocol: ""tcp"",subtype: ""network socket"",remote address: ""0000:0000:0000:0000:0000:FFFF:C0A8:2F80"",hash: ""4801bffec4acd4e89886c8fcf0dec8cf""})"
"(:VERTEX {remote port: ""34330"",epoch: ""0"",source: ""syscall"",type: ""Artifact"",version: ""0"",local port: ""7070"",net namespace: ""-1"",local address: ""0000:0000:0000:0000:0000:0000:0000:0000"",protocol: ""tcp"",subtype: ""network socket"",remote address: ""0000:0000:0000:0000:0000:FFFF:C0A8:2F80"",hash: ""42bbfbbfb5e2fc5a7aee776106a959a7""})"
"(:VERTEX {gid: ""1000"",euid: ""1000"",children pid namespace: ""-1"",pid: ""140394"",seen time: ""1690978502.916"",source: ""syscall"",type: ""Process"",net namespace: ""-1"",ipc namespace: ""-1"",ppid: ""59024"",pid namespace: ""-1"",uid: ""1000"",egid: ""1000"",mount namespace: ""-1"",name: "".NET ThreadPool"",hash: ""9015a9015e2453060e73e9aa12594537"",user namespace: ""-1""})"
"(:VERTEX {remote port: ""34344"",epoch: ""0"",source: ""syscall"",type: ""Artifact"",version: ""0"",local port: ""7070"",net namespace: ""-1"",local address: ""0000:0000:0000:0000:0000:0000:0000:0000"",protocol: ""tcp"",subtype: ""network socket"",remote address: ""0000:0000:0000:0000:0000:FFFF:C0A8:2F80"",hash: ""5b86e7f25b13667a7586e1a26652de26""})"
"(:VERTEX {remote port: ""43318"",epoch: ""0"",source: ""syscall"",type: ""Artifact"",version: ""0"",local port: ""50051"",net namespace: ""-1"",local address: ""0000:0000:0000:0000:0000:0000:0000:0000"",protocol: ""tcp"",subtype: ""network socket"",remote address: ""0000:0000:0000:0000:0000:FFFF:C0A8:2F80"",hash: ""c23ae4264d6fde7de46b86b75eecab5c""})"
"(:VERTEX {remote port: ""43334"",epoch: ""0"",source: ""syscall"",type: ""Artifact"",version: ""0"",local port: ""50051"",net namespace: ""-1"",local address: ""0000:0000:0000:0000:0000:0000:0000:0000"",protocol: ""tcp"",subtype: ""network socket"",remote address: ""0000:0000:0000:0000:0000:FFFF:C0A8:2F80"",hash: ""dce4c78b7da96f55ada1cd82c5d1a6a7""})"
"(:VERTEX {remote port: ""59422"",epoch: ""0"",source: ""syscall"",type: ""Artifact"",version: ""0"",local port: ""8080"",net namespace: ""-1"",local address: ""0000:0000:0000:0000:0000:0000:0000:0000"",protocol: ""tcp"",subtype: ""network socket"",remote address: ""0000:0000:0000:0000:0000:FFFF:C0A8:2F80"",hash: ""f21f7cc9239b2187ef0bb08d4e9402f4""})"
"(:VERTEX {remote port: ""59428"",epoch: ""0"",source: ""syscall"",type: ""Artifact"",version: ""0"",local port: ""8080"",net namespace: ""-1"",local address: ""0000:0000:0000:0000:0000:0000:0000:0000"",protocol: ""tcp"",subtype: ""network socket"",remote address: ""0000:0000:0000:0000:0000:FFFF:C0A8:2F80"",hash: ""3e44fd9c9aa086ea9c8d3b699884a04e""})"
"(:VERTEX {gid: ""1000"",euid: ""1000"",children pid namespace: ""-1"",pid: ""61363"",seen time: ""1690978542.926"",source: ""syscall"",type: ""Process"",net namespace: ""-1"",ipc namespace: ""-1"",ppid: ""59024"",pid namespace: ""-1"",uid: ""1000"",egid: ""1000"",exe: ""/app/cartservice"",mount namespace: ""-1"",name: "".NET ThreadPool"",hash: ""87ad08e5fce0e8582a37fa1d970313a1"",user namespace: ""-1""})"
"(:VERTEX {remote port: ""52942"",epoch: ""0"",source: ""syscall"",type: ""Artifact"",version: ""0"",local port: ""3550"",net namespace: ""-1"",local address: ""0000:0000:0000:0000:0000:0000:0000:0000"",protocol: ""tcp"",subtype: ""network socket"",remote address: ""0000:0000:0000:0000:0000:FFFF:C0A8:2F80"",hash: ""4867ff2e7a7b4253d5cf86d7c2f69562""})"
"(:VERTEX {remote port: ""52954"",epoch: ""0"",source: ""syscall"",type: ""Artifact"",version: ""0"",local port: ""3550"",net namespace: ""-1"",local address: ""0000:0000:0000:0000:0000:0000:0000:0000"",protocol: ""tcp"",subtype: ""network socket"",remote address: ""0000:0000:0000:0000:0000:FFFF:C0A8:2F80"",hash: ""d8c185fbde645ca62440c05b871fe6d8""})"
"(:VERTEX {remote port: ""22196"",epoch: ""0"",source: ""syscall"",type: ""Artifact"",version: ""0"",local port: ""8080"",net namespace: ""-1"",local address: ""0000:0000:0000:0000:0000:0000:0000:0000"",protocol: ""tcp"",subtype: ""network socket"",remote address: ""0000:0000:0000:0000:0000:FFFF:C0A8:2F80"",hash: ""7983fbe14015938681b979a25d7a1a74""})"
"(:VERTEX {remote port: ""51084"",epoch: ""0"",source: ""syscall"",type: ""Artifact"",version: ""0"",local port: ""8080"",net namespace: ""-1"",local address: ""0000:0000:0000:0000:0000:0000:0000:0000"",protocol: ""tcp"",subtype: ""network socket"",remote address: ""0000:0000:0000:0000:0000:FFFF:C0A8:2F80"",hash: ""e1a33a21abe890381bfdd221302aac8e""})"
"(:VERTEX {gid: ""1000"",euid: ""1000"",children pid namespace: ""-1"",pid: ""61363"",seen time: ""1690978545.137"",source: ""syscall"",type: ""Process"",net namespace: ""-1"",ipc namespace: ""-1"",ppid: ""59024"",pid namespace: ""-1"",uid: ""1000"",egid: ""1000"",exe: ""/app/cartservice"",mount namespace: ""-1"",name: "".NET ThreadPool"",hash: ""414fb28043fdbcf22262268fb1b47807"",user namespace: ""-1""})"
"(:VERTEX {memory address: ""7f981a38e000"",size: ""183000"",subtype: ""memory"",tgid: ""61363"",source: ""syscall"",type: ""Artifact"",version: ""0"",hash: ""cff6cde26e34c17d321397d174d75d52""})"
"(:VERTEX {memory address: ""7f981a390000"",size: ""181000"",subtype: ""memory"",tgid: ""61363"",source: ""syscall"",type: ""Artifact"",version: ""0"",hash: ""ef40c9a7aada522cdab673bd28edcc33""})"
"(:VERTEX {gid: ""1000"",euid: ""1000"",children pid namespace: ""4026533564"",start time: ""1690978545.137"",ns pid: ""164"",pid: ""146338"",source: ""syscall"",type: ""Process"",net namespace: ""4026533266"",ipc namespace: ""4026533539"",ppid: ""61363"",pid namespace: ""4026533564"",uid: ""1000"",egid: ""1000"",exe: ""/app/cartservice"",mount namespace: ""4026533563"",name: "".NET ThreadPool"",hash: ""f6bc619cbae9b7106552ad23ee9cd6cd"",user namespace: ""4026531837""})"
"(:VERTEX {memory address: ""7f981aa1c000"",size: ""4000"",subtype: ""memory"",tgid: ""61363"",source: ""syscall"",type: ""Artifact"",version: ""1"",hash: ""88c8fdf65bbdb4265f0226d9cb330403""})"
"(:VERTEX {memory address: ""7f981aa1c000"",size: ""1000"",subtype: ""memory"",tgid: ""61363"",source: ""syscall"",type: ""Artifact"",version: ""1"",hash: ""e1aa03ffd8049253250de830960e9b4d""})"
"(:VERTEX {remote port: ""53"",epoch: ""0"",source: ""syscall"",type: ""Artifact"",version: ""0"",local port: ""48161"",net namespace: ""-1"",local address: ""10.1.251.204"",protocol: ""udp"",subtype: ""network socket"",remote address: ""10.152.183.10"",hash: ""e28e6435c1700e4093546f871c752604""})"
"(:VERTEX {remote port: ""53"",epoch: ""0"",source: ""syscall"",type: ""Artifact"",version: ""0"",local port: ""47900"",net namespace: ""-1"",local address: ""10.1.251.204"",protocol: ""udp"",subtype: ""network socket"",remote address: ""10.152.183.10"",hash: ""c76358e019de9959128bed2ed5f2dc8f""})"
"(:VERTEX {gid: ""0"",euid: ""999"",children pid namespace: ""-1"",pid: ""146348"",seen time: ""1690978546.893"",source: ""syscall"",type: ""Process"",net namespace: ""-1"",ipc namespace: ""-1"",ppid: ""146339"",pid namespace: ""-1"",uid: ""999"",egid: ""0"",exe: ""/"",mount namespace: ""-1"",name: ""runc:[2:INIT]"",hash: ""d7295d3036fcaecc97f464992f86bcbd"",user namespace: ""-1""})"
"(:VERTEX {path: ""/proc/146348/attr/apparmor/exec"",subtype: ""file"",permissions: ""0666"",epoch: ""0"",source: ""syscall"",type: ""Artifact"",version: ""0"",hash: ""acaaa697ada2163b0b692ec3c8d3ec18""})"
"(:VERTEX {gid: ""0"",euid: ""999"",children pid namespace: ""-1"",start time: ""1690978546.893"",pid: ""146348"",source: ""syscall"",type: ""Process"",net namespace: ""-1"",ipc namespace: ""-1"",ppid: ""146339"",pid namespace: ""-1"",cwd: ""/"",uid: ""999"",egid: ""0"",exe: ""/usr/bin/check-status"",mount namespace: ""-1"",command line: ""/usr/bin/check-status -r"",name: ""check-status"",hash: ""bd7657ce0a74c4ad437d02198ef2eba7"",user namespace: ""-1""})"
"(:VERTEX {memory address: ""7f4967cad000"",size: ""2000"",subtype: ""memory"",tgid: ""146348"",source: ""syscall"",type: ""Artifact"",version: ""0"",hash: ""1e6ebaf7379e79e1b7e96670b1827203""})"
"(:VERTEX {memory address: ""7f4967862000"",size: ""21f4c0"",subtype: ""memory"",tgid: ""146348"",source: ""syscall"",type: ""Artifact"",version: ""0"",hash: ""42cc3485221098477016ef3ce5dee3cc""})"
"(:VERTEX {memory address: ""7f496787d000"",size: ""1ff000"",subtype: ""memory"",tgid: ""146348"",source: ""syscall"",type: ""Artifact"",version: ""0"",hash: ""0590932e8ee26539a3162389a89b89ef""})"
"(:VERTEX {memory address: ""7f4967a7c000"",size: ""2000"",subtype: ""memory"",tgid: ""146348"",source: ""syscall"",type: ""Artifact"",version: ""0"",hash: ""e713285fbf268bc1934ad5903423b44f""})"
"(:VERTEX {memory address: ""7f4967a7e000"",size: ""34c0"",subtype: ""memory"",tgid: ""146348"",source: ""syscall"",type: ""Artifact"",version: ""0"",hash: ""3f433c8ed21c16d7186465e0248aa09f""})"
"(:VERTEX {memory address: ""7f496749c000"",size: ""3c58c0"",subtype: ""memory"",tgid: ""146348"",source: ""syscall"",type: ""Artifact"",version: ""0"",hash: ""6f2e291f7f1d6870b1aedad47bba6eea""})"
"(:VERTEX {memory address: ""7f4967658000"",size: ""200000"",subtype: ""memory"",tgid: ""146348"",source: ""syscall"",type: ""Artifact"",version: ""0"",hash: ""2332ead8ae244f0b262d627214837e7b""})"
"(:VERTEX {memory address: ""7f4967858000"",size: ""6000"",subtype: ""memory"",tgid: ""146348"",source: ""syscall"",type: ""Artifact"",version: ""0"",hash: ""5bc536e416a6355fb8591523b46aeba9""})"
"(:VERTEX {memory address: ""7f496785e000"",size: ""38c0"",subtype: ""memory"",tgid: ""146348"",source: ""syscall"",type: ""Artifact"",version: ""0"",hash: ""6049042583062fd68511918cebb588b3""})"
"(:VERTEX {memory address: ""7f4967caa000"",size: ""3000"",subtype: ""memory"",tgid: ""146348"",source: ""syscall"",type: ""Artifact"",version: ""0"",hash: ""68dad6bd3638ddfebb9a0eba6c4a1787""})"
"(:VERTEX {memory address: ""7f4967858000"",size: ""4000"",subtype: ""memory"",tgid: ""146348"",source: ""syscall"",type: ""Artifact"",version: ""0"",hash: ""2fbfb5242723f266833c4ba041fc176f""})"
"(:VERTEX {memory address: ""7f4967a7c000"",size: ""1000"",subtype: ""memory"",tgid: ""146348"",source: ""syscall"",type: ""Artifact"",version: ""0"",hash: ""bbf623659f1fe5250ed3b3a70ff2a71f""})"
"(:VERTEX {memory address: ""7f4967caf000"",size: ""1000"",subtype: ""memory"",tgid: ""146348"",source: ""syscall"",type: ""Artifact"",version: ""0"",hash: ""85c6e5e09fd27cad21a021bf5ca9afe6""})"
"(:VERTEX {memory address: ""7f4967c6a000"",size: ""40000"",subtype: ""memory"",tgid: ""146348"",source: ""syscall"",type: ""Artifact"",version: ""0"",hash: ""9655f33e3f66f550ffe33332ef0eb8a2""})"
"(:VERTEX {memory address: ""7f4967c4a000"",size: ""20000"",subtype: ""memory"",tgid: ""146348"",source: ""syscall"",type: ""Artifact"",version: ""0"",hash: ""eb3df584159a20eecb31f6f1e9f37251""})"
"(:VERTEX {memory address: ""7f4967b4a000"",size: ""100000"",subtype: ""memory"",tgid: ""146348"",source: ""syscall"",type: ""Artifact"",version: ""0"",hash: ""190b678885982071a1634d5a32c1510f""})"
"(:VERTEX {memory address: ""7f4966c9c000"",size: ""800000"",subtype: ""memory"",tgid: ""146348"",source: ""syscall"",type: ""Artifact"",version: ""0"",hash: ""2e3a7123d7bde78851b907c6bd6e1589""})"
"(:VERTEX {memory address: ""7f4962c9c000"",size: ""4000000"",subtype: ""memory"",tgid: ""146348"",source: ""syscall"",type: ""Artifact"",version: ""0"",hash: ""2f66303b4205606743abc429abada4a0""})"
"(:VERTEX {memory address: ""7f4942c9c000"",size: ""20000000"",subtype: ""memory"",tgid: ""146348"",source: ""syscall"",type: ""Artifact"",version: ""0"",hash: ""c9ed9ccc1f1c2716c3c57fe42bd455d1""})"
"(:VERTEX {memory address: ""c000000000"",size: ""4000000"",subtype: ""memory"",tgid: ""146348"",source: ""syscall"",type: ""Artifact"",version: ""0"",hash: ""8ed43ebe5250148bdeec81aacd4b28ba""})"
"(:VERTEX {memory address: ""7f4940c9c000"",size: ""2000000"",subtype: ""memory"",tgid: ""146348"",source: ""syscall"",type: ""Artifact"",version: ""0"",hash: ""3fafba740954b643f369e4766e50a224""})"
"(:VERTEX {memory address: ""7f4940a8b000"",size: ""210c10"",subtype: ""memory"",tgid: ""146348"",source: ""syscall"",type: ""Artifact"",version: ""0"",hash: ""e96f71c092800b6147b3c280161dcdf2""})"
"(:VERTEX {memory address: ""c000000000"",size: ""400000"",subtype: ""memory"",tgid: ""146348"",source: ""syscall"",type: ""Artifact"",version: ""0"",hash: ""1de1497d301fb4638b6f2b2faf7e7269""})"
"(:VERTEX {memory address: ""7f4967c4a000"",size: ""20000"",subtype: ""memory"",tgid: ""146348"",source: ""syscall"",type: ""Artifact"",version: ""1"",hash: ""1d8ea9b06d48cdc78c819c6375bd3f72""})"
"(:VERTEX {memory address: ""7f4967bca000"",size: ""1000"",subtype: ""memory"",tgid: ""146348"",source: ""syscall"",type: ""Artifact"",version: ""0"",hash: ""d8fa1b2f99fe24a6f5aed15af7a96ca6""})"
"(:VERTEX {memory address: ""7f49670a2000"",size: ""1000"",subtype: ""memory"",tgid: ""146348"",source: ""syscall"",type: ""Artifact"",version: ""0"",hash: ""c212297cb650fb9bfdc50b5ca966466d""})"
"(:VERTEX {memory address: ""7f4964ccc000"",size: ""1000"",subtype: ""memory"",tgid: ""146348"",source: ""syscall"",type: ""Artifact"",version: ""0"",hash: ""5859c96680b364a767ee8c6130099808""})"
"(:VERTEX {memory address: ""7f4952e1c000"",size: ""1000"",subtype: ""memory"",tgid: ""146348"",source: ""syscall"",type: ""Artifact"",version: ""0"",hash: ""76cbd11fb964f03ade94b2a9eb3f6689""})"
"(:VERTEX {memory address: ""7f494098b000"",size: ""100000"",subtype: ""memory"",tgid: ""146348"",source: ""syscall"",type: ""Artifact"",version: ""0"",hash: ""61fccd3179b3f35afb712885101c4875""})"
"(:VERTEX {memory address: ""7f4967b3a000"",size: ""10000"",subtype: ""memory"",tgid: ""146348"",source: ""syscall"",type: ""Artifact"",version: ""0"",hash: ""dfa413d49d16919e9b629113d27c86b2""})"
"(:VERTEX {memory address: ""7f4967b2a000"",size: ""10000"",subtype: ""memory"",tgid: ""146348"",source: ""syscall"",type: ""Artifact"",version: ""0"",hash: ""ee19a9cf2c548eb02ee7e47ac05ca3fc""})"
"(:VERTEX {memory address: ""7f494018a000"",size: ""801000"",subtype: ""memory"",tgid: ""146348"",source: ""syscall"",type: ""Artifact"",version: ""0"",hash: ""b94804a458e706b598e2632ed41bda78""})"
"(:VERTEX {memory address: ""7f494018b000"",size: ""800000"",subtype: ""memory"",tgid: ""146348"",source: ""syscall"",type: ""Artifact"",version: ""0"",hash: ""dd655beb59383f937bf5940b9e5dc01f""})"
"(:VERTEX {gid: ""0"",euid: ""999"",children pid namespace: ""4026532779"",start time: ""1690978546.908"",ns pid: ""11254"",pid: ""146354"",source: ""syscall"",type: ""Process"",net namespace: ""4026532705"",ipc namespace: ""4026532772"",ppid: ""146348"",pid namespace: ""4026532779"",cwd: ""/"",uid: ""999"",egid: ""0"",exe: ""/usr/bin/check-status"",mount namespace: ""4026532778"",command line: ""/usr/bin/check-status -r"",name: ""check-status"",hash: ""8e33b9340af7eec161f796f9c3a89864"",user namespace: ""4026531837""})"
"(:VERTEX {memory address: ""7f493f989000"",size: ""801000"",subtype: ""memory"",tgid: ""146348"",source: ""syscall"",type: ""Artifact"",version: ""0"",hash: ""4cc2d5c35992df2b74cd0065cfa48fba""})"
"(:VERTEX {memory address: ""7f493f98a000"",size: ""800000"",subtype: ""memory"",tgid: ""146348"",source: ""syscall"",type: ""Artifact"",version: ""0"",hash: ""0ec701fcb1a9cf764af9d266fefa8da8""})"
"(:VERTEX {gid: ""0"",euid: ""999"",children pid namespace: ""4026532779"",start time: ""1690978546.908"",ns pid: ""11255"",pid: ""146355"",source: ""syscall"",type: ""Process"",net namespace: ""4026532705"",ipc namespace: ""4026532772"",ppid: ""146348"",pid namespace: ""4026532779"",cwd: ""/"",uid: ""999"",egid: ""0"",exe: ""/usr/bin/check-status"",mount namespace: ""4026532778"",command line: ""/usr/bin/check-status -r"",name: ""check-status"",hash: ""a8be339cb486e409da2cce3463ace3db"",user namespace: ""4026531837""})"
"(:VERTEX {memory address: ""7f493f188000"",size: ""801000"",subtype: ""memory"",tgid: ""146348"",source: ""syscall"",type: ""Artifact"",version: ""0"",hash: ""33c40bf92db90c1d7d184035119baf45""})"
"(:VERTEX {memory address: ""7f493f189000"",size: ""800000"",subtype: ""memory"",tgid: ""146348"",source: ""syscall"",type: ""Artifact"",version: ""0"",hash: ""1ee6f51833d6e757094cb3ec44ef5f09""})"
"(:VERTEX {gid: ""0"",euid: ""999"",children pid namespace: ""4026532779"",start time: ""1690978546.908"",ns pid: ""11256"",pid: ""146356"",source: ""syscall"",type: ""Process"",net namespace: ""4026532705"",ipc namespace: ""4026532772"",ppid: ""146348"",pid namespace: ""4026532779"",cwd: ""/"",uid: ""999"",egid: ""0"",exe: ""/usr/bin/check-status"",mount namespace: ""4026532778"",command line: ""/usr/bin/check-status -r"",name: ""check-status"",hash: ""f288677264fdb6e5dbf8a724f44dc51c"",user namespace: ""4026531837""})"
"(:VERTEX {memory address: ""7f4937188000"",size: ""8000000"",subtype: ""memory"",tgid: ""146348"",source: ""syscall"",type: ""Artifact"",version: ""0"",hash: ""cafcf81c12f45045842ef3779b1da32e""})"
"(:VERTEX {memory address: ""7f4938000000"",size: ""21000"",subtype: ""memory"",tgid: ""146348"",source: ""syscall"",type: ""Artifact"",version: ""0"",hash: ""467346fd86f54e997e4c51af0c55ea30""})"
"(:VERTEX {memory address: ""7f4930000000"",size: ""8000000"",subtype: ""memory"",tgid: ""146348"",source: ""syscall"",type: ""Artifact"",version: ""0"",hash: ""82d35c31ba4a146600ce4d4c4c168acd""})"
"(:VERTEX {memory address: ""7f4930000000"",size: ""21000"",subtype: ""memory"",tgid: ""146348"",source: ""syscall"",type: ""Artifact"",version: ""0"",hash: ""c548ba2ad69f26f1b12b23636111e6db""})"
"(:VERTEX {memory address: ""7f4934000000"",size: ""4000000"",subtype: ""memory"",tgid: ""146348"",source: ""syscall"",type: ""Artifact"",version: ""0"",hash: ""392177602cd9edbc388c351d70c2bcdb""})"
"(:VERTEX {memory address: ""7f4934000000"",size: ""21000"",subtype: ""memory"",tgid: ""146348"",source: ""syscall"",type: ""Artifact"",version: ""0"",hash: ""f3dd6ddfea62eb5a85deba8cd1e86952""})"
"(:VERTEX {memory address: ""7f4967aea000"",size: ""40000"",subtype: ""memory"",tgid: ""146348"",source: ""syscall"",type: ""Artifact"",version: ""0"",hash: ""7e88c80ce7ece4211382c331a62dea11""})"
"(:VERTEX {memory address: ""7f493e987000"",size: ""801000"",subtype: ""memory"",tgid: ""146348"",source: ""syscall"",type: ""Artifact"",version: ""0"",hash: ""3e793ce0e1dc454e0b831f80bc20a815""})"
"(:VERTEX {memory address: ""7f493e988000"",size: ""800000"",subtype: ""memory"",tgid: ""146348"",source: ""syscall"",type: ""Artifact"",version: ""0"",hash: ""5aa761eb8098c11f00174e5d77432082""})"
"(:VERTEX {gid: ""0"",euid: ""999"",children pid namespace: ""4026532779"",start time: ""1690978546.911"",ns pid: ""11257"",pid: ""146357"",source: ""syscall"",type: ""Process"",net namespace: ""4026532705"",ipc namespace: ""4026532772"",ppid: ""146348"",pid namespace: ""4026532779"",cwd: ""/"",uid: ""999"",egid: ""0"",exe: ""/usr/bin/check-status"",mount namespace: ""4026532778"",command line: ""/usr/bin/check-status -r"",name: ""check-status"",hash: ""4c2f91f9eeb21b742e5ceee552531709"",user namespace: ""4026531837""})"
"(:VERTEX {memory address: ""7f493e186000"",size: ""801000"",subtype: ""memory"",tgid: ""146348"",source: ""syscall"",type: ""Artifact"",version: ""0"",hash: ""704a9eaec7f272b955efe555604c9686""})"
"(:VERTEX {memory address: ""7f493e187000"",size: ""800000"",subtype: ""memory"",tgid: ""146348"",source: ""syscall"",type: ""Artifact"",version: ""0"",hash: ""20d0c4288eba4483b8eb4b86d7eef47d""})"
"(:VERTEX {gid: ""0"",euid: ""999"",children pid namespace: ""4026532779"",start time: ""1690978546.911"",ns pid: ""11258"",pid: ""146358"",source: ""syscall"",type: ""Process"",net namespace: ""4026532705"",ipc namespace: ""4026532772"",ppid: ""146348"",pid namespace: ""4026532779"",cwd: ""/"",uid: ""999"",egid: ""0"",exe: ""/usr/bin/check-status"",mount namespace: ""4026532778"",command line: ""/usr/bin/check-status -r"",name: ""check-status"",hash: ""bce41417646051139a71163aca230c76"",user namespace: ""4026531837""})"
"(:VERTEX {memory address: ""55eec729a000"",size: ""1000"",subtype: ""memory"",tgid: ""61363"",source: ""syscall"",type: ""Artifact"",version: ""0"",hash: ""bcea649aef0e754f40e4d1d83b86db45""})"
"(:VERTEX {remote port: ""53"",epoch: ""0"",source: ""syscall"",type: ""Artifact"",version: ""0"",local port: ""43645"",net namespace: ""-1"",local address: ""10.1.251.204"",protocol: ""udp"",subtype: ""network socket"",remote address: ""10.152.183.10"",hash: ""db90c9d5da15f9e7372e952c3c07f828""})"
"(:VERTEX {gid: ""1000"",euid: ""1000"",children pid namespace: ""-1"",pid: ""61220"",seen time: ""1690978417.477"",source: ""syscall"",type: ""Process"",net namespace: ""-1"",ipc namespace: ""-1"",ppid: ""58880"",pid namespace: ""-1"",uid: ""1000"",egid: ""1000"",mount namespace: ""-1"",name: ""server"",hash: ""aa5e809e2ca64b448096bc32a5f1e3dc"",user namespace: ""-1""})"
"(:VERTEX {remote port: ""53"",epoch: ""0"",source: ""syscall"",type: ""Artifact"",version: ""0"",local port: ""39982"",net namespace: ""-1"",local address: ""10.1.251.204"",protocol: ""udp"",subtype: ""network socket"",remote address: ""10.152.183.10"",hash: ""355e739e5d4ba3774989fa37c1577dc8""})"
"(:VERTEX {remote port: ""57854"",epoch: ""0"",source: ""syscall"",type: ""Artifact"",version: ""0"",local port: ""8080"",net namespace: ""-1"",local address: ""0000:0000:0000:0000:0000:0000:0000:0000"",protocol: ""tcp"",subtype: ""network socket"",remote address: ""0000:0000:0000:0000:0000:FFFF:C0A8:2F80"",hash: ""58efe950abb3d567b3b7d3f08e3f9160""})"
"(:VERTEX {remote port: ""57840"",epoch: ""0"",source: ""syscall"",type: ""Artifact"",version: ""0"",local port: ""8080"",net namespace: ""-1"",local address: ""0000:0000:0000:0000:0000:0000:0000:0000"",protocol: ""tcp"",subtype: ""network socket"",remote address: ""0000:0000:0000:0000:0000:FFFF:C0A8:2F80"",hash: ""111e9db02db6c90e523fbee5992b89df""})"
"(:VERTEX {remote port: ""38130"",epoch: ""0"",source: ""syscall"",type: ""Artifact"",version: ""0"",local port: ""50051"",net namespace: ""-1"",local address: ""0000:0000:0000:0000:0000:0000:0000:0000"",protocol: ""tcp"",subtype: ""network socket"",remote address: ""0000:0000:0000:0000:0000:FFFF:C0A8:2F80"",hash: ""36bab75c6fc14bfe8bcd3ea8f4845d39""})"
"(:VERTEX {remote port: ""44208"",epoch: ""0"",source: ""syscall"",type: ""Artifact"",version: ""0"",local port: ""6379"",net namespace: ""-1"",local address: ""0.0.0.0"",protocol: ""tcp"",subtype: ""network socket"",remote address: ""192.168.47.128"",hash: ""4036c41b056aa6b2a13b3b9ce551b5a5""})"
"(:VERTEX {remote port: ""44210"",epoch: ""0"",source: ""syscall"",type: ""Artifact"",version: ""0"",local port: ""6379"",net namespace: ""-1"",local address: ""0.0.0.0"",protocol: ""tcp"",subtype: ""network socket"",remote address: ""192.168.47.128"",hash: ""61952fb20524139ba9afd4c85629b53c""})"
"(:VERTEX {remote port: ""57766"",epoch: ""0"",source: ""syscall"",type: ""Artifact"",version: ""0"",local port: ""8080"",net namespace: ""-1"",local address: ""0000:0000:0000:0000:0000:0000:0000:0000"",protocol: ""tcp"",subtype: ""network socket"",remote address: ""0000:0000:0000:0000:0000:FFFF:C0A8:2F80"",hash: ""815c71cdfbc767ad232f648f064585c8""})"
"(:VERTEX {remote port: ""57770"",epoch: ""0"",source: ""syscall"",type: ""Artifact"",version: ""0"",local port: ""8080"",net namespace: ""-1"",local address: ""0000:0000:0000:0000:0000:0000:0000:0000"",protocol: ""tcp"",subtype: ""network socket"",remote address: ""0000:0000:0000:0000:0000:FFFF:C0A8:2F80"",hash: ""72f304ca99c2b714bb59a096d7892a2b""})"
"(:VERTEX {remote port: ""53"",epoch: ""0"",source: ""syscall"",type: ""Artifact"",version: ""0"",local port: ""38086"",net namespace: ""-1"",local address: ""10.1.251.204"",protocol: ""udp"",subtype: ""network socket"",remote address: ""10.152.183.10"",hash: ""b6089e5478ad1c3aad597dec603dc245""})"
"(:VERTEX {remote port: ""53"",epoch: ""0"",source: ""syscall"",type: ""Artifact"",version: ""0"",local port: ""32953"",net namespace: ""-1"",local address: ""10.1.251.204"",protocol: ""udp"",subtype: ""network socket"",remote address: ""10.152.183.10"",hash: ""674b24ded0b79ad23d89aaec23cca14c""})"
"(:VERTEX {gid: ""0"",euid: ""999"",children pid namespace: ""-1"",pid: ""146372"",seen time: ""1690978549.086"",source: ""syscall"",type: ""Process"",net namespace: ""-1"",ipc namespace: ""-1"",ppid: ""146362"",pid namespace: ""-1"",uid: ""999"",egid: ""0"",exe: ""/"",mount namespace: ""-1"",name: ""runc:[2:INIT]"",hash: ""d587d9e95b31cf850fe61fc1815f526a"",user namespace: ""-1""})"
"(:VERTEX {path: ""/proc/146372/attr/apparmor/exec"",subtype: ""file"",permissions: ""0666"",epoch: ""0"",source: ""syscall"",type: ""Artifact"",version: ""0"",hash: ""0cfe96e025a8b5d92f20ecef86b1bc22""})"
"(:VERTEX {gid: ""0"",euid: ""999"",children pid namespace: ""-1"",start time: ""1690978549.089"",pid: ""146372"",source: ""syscall"",type: ""Process"",net namespace: ""-1"",ipc namespace: ""-1"",ppid: ""146362"",pid namespace: ""-1"",cwd: ""/"",uid: ""999"",egid: ""0"",exe: ""/usr/bin/check-status"",mount namespace: ""-1"",command line: ""/usr/bin/check-status -l"",name: ""check-status"",hash: ""7c063b3989ceacf5e38d608b2554e309"",user namespace: ""-1""})"
"(:VERTEX {memory address: ""7f1c485ae000"",size: ""2000"",subtype: ""memory"",tgid: ""146372"",source: ""syscall"",type: ""Artifact"",version: ""0"",hash: ""fb45fdd39a389e8bd4b40001440e67ff""})"
"(:VERTEX {memory address: ""7f1c48163000"",size: ""21f4c0"",subtype: ""memory"",tgid: ""146372"",source: ""syscall"",type: ""Artifact"",version: ""0"",hash: ""de28fba007f3cabf04b9b9a777da9c98""})"
"(:VERTEX {memory address: ""7f1c4817e000"",size: ""1ff000"",subtype: ""memory"",tgid: ""146372"",source: ""syscall"",type: ""Artifact"",version: ""0"",hash: ""97568ec6ffb6fe2f8f822e4be35cdaf3""})"
"(:VERTEX {memory address: ""7f1c4837d000"",size: ""2000"",subtype: ""memory"",tgid: ""146372"",source: ""syscall"",type: ""Artifact"",version: ""0"",hash: ""e4e11da56348a7c05d737838ab9e0d1e""})"
"(:VERTEX {memory address: ""7f1c4837f000"",size: ""34c0"",subtype: ""memory"",tgid: ""146372"",source: ""syscall"",type: ""Artifact"",version: ""0"",hash: ""ae809f539fcda53770941fc81d9f53aa""})"
"(:VERTEX {memory address: ""7f1c47d9d000"",size: ""3c58c0"",subtype: ""memory"",tgid: ""146372"",source: ""syscall"",type: ""Artifact"",version: ""0"",hash: ""54b5c443cbdc00815693034eadbad73f""})"
"(:VERTEX {memory address: ""7f1c47f59000"",size: ""200000"",subtype: ""memory"",tgid: ""146372"",source: ""syscall"",type: ""Artifact"",version: ""0"",hash: ""592c591fcd8389dc33176119c381fa83""})"
"(:VERTEX {memory address: ""7f1c48159000"",size: ""6000"",subtype: ""memory"",tgid: ""146372"",source: ""syscall"",type: ""Artifact"",version: ""0"",hash: ""f46932a16bcbb4933352b7d71b33004d""})"
"(:VERTEX {memory address: ""7f1c4815f000"",size: ""38c0"",subtype: ""memory"",tgid: ""146372"",source: ""syscall"",type: ""Artifact"",version: ""0"",hash: ""c91103e4d934f68b77981aada96e5b7a""})"
"(:VERTEX {memory address: ""7f1c485ab000"",size: ""3000"",subtype: ""memory"",tgid: ""146372"",source: ""syscall"",type: ""Artifact"",version: ""0"",hash: ""fa0dfb10d1eca80f016b23299189e0ab""})"
"(:VERTEX {memory address: ""7f1c48159000"",size: ""4000"",subtype: ""memory"",tgid: ""146372"",source: ""syscall"",type: ""Artifact"",version: ""0"",hash: ""70a5425cd5bcb757fa7729fb6e2a1adf""})"
"(:VERTEX {memory address: ""7f1c4837d000"",size: ""1000"",subtype: ""memory"",tgid: ""146372"",source: ""syscall"",type: ""Artifact"",version: ""0"",hash: ""5c9004bd5ab892860afeecad5c2393ea""})"
"(:VERTEX {memory address: ""7f1c485b0000"",size: ""1000"",subtype: ""memory"",tgid: ""146372"",source: ""syscall"",type: ""Artifact"",version: ""0"",hash: ""192e612dcf296fb6a8ca9758d9bcb4d7""})"
"(:VERTEX {memory address: ""7f1c4856b000"",size: ""40000"",subtype: ""memory"",tgid: ""146372"",source: ""syscall"",type: ""Artifact"",version: ""0"",hash: ""833a47ac2103bfec449baec8101e12d8""})"
"(:VERTEX {memory address: ""7f1c4854b000"",size: ""20000"",subtype: ""memory"",tgid: ""146372"",source: ""syscall"",type: ""Artifact"",version: ""0"",hash: ""325f469240c56edc35616eae5286da6a""})"
"(:VERTEX {memory address: ""7f1c4844b000"",size: ""100000"",subtype: ""memory"",tgid: ""146372"",source: ""syscall"",type: ""Artifact"",version: ""0"",hash: ""e4799b47eaace079a02cc9effafe3d8e""})"
"(:VERTEX {memory address: ""7f1c4759d000"",size: ""800000"",subtype: ""memory"",tgid: ""146372"",source: ""syscall"",type: ""Artifact"",version: ""0"",hash: ""d70e233eb4c4a4db3458ecd5521a96c3""})"
"(:VERTEX {memory address: ""7f1c4359d000"",size: ""4000000"",subtype: ""memory"",tgid: ""146372"",source: ""syscall"",type: ""Artifact"",version: ""0"",hash: ""f1e77772d7b20dde577eddc1dcf09751""})"
"(:VERTEX {memory address: ""7f1c2359d000"",size: ""20000000"",subtype: ""memory"",tgid: ""146372"",source: ""syscall"",type: ""Artifact"",version: ""0"",hash: ""988cdbcad9ab13c5add70915f48b4380""})"
"(:VERTEX {memory address: ""c000000000"",size: ""4000000"",subtype: ""memory"",tgid: ""146372"",source: ""syscall"",type: ""Artifact"",version: ""0"",hash: ""dc410bbb0ad6e317db420b3ac663de2d""})"
"(:VERTEX {memory address: ""7f1c2159d000"",size: ""2000000"",subtype: ""memory"",tgid: ""146372"",source: ""syscall"",type: ""Artifact"",version: ""0"",hash: ""1c3359390afcf431e9f07c2affb8f074""})"
"(:VERTEX {memory address: ""7f1c2138c000"",size: ""210c10"",subtype: ""memory"",tgid: ""146372"",source: ""syscall"",type: ""Artifact"",version: ""0"",hash: ""756d875b3366938e3731d40be78e4cb2""})"
"(:VERTEX {memory address: ""c000000000"",size: ""400000"",subtype: ""memory"",tgid: ""146372"",source: ""syscall"",type: ""Artifact"",version: ""0"",hash: ""ab0ae9ac303884e02fae4dd20bdd5c35""})"
"(:VERTEX {memory address: ""7f1c4854b000"",size: ""20000"",subtype: ""memory"",tgid: ""146372"",source: ""syscall"",type: ""Artifact"",version: ""1"",hash: ""2d0f357b033e80a0a98aa9ab21e6f426""})"
"(:VERTEX {memory address: ""7f1c484cb000"",size: ""1000"",subtype: ""memory"",tgid: ""146372"",source: ""syscall"",type: ""Artifact"",version: ""0"",hash: ""44a52082e603373350a549b3b166dfcf""})"
"(:VERTEX {memory address: ""7f1c479a3000"",size: ""1000"",subtype: ""memory"",tgid: ""146372"",source: ""syscall"",type: ""Artifact"",version: ""0"",hash: ""063f289a6b18ae4b557a4e2303ca9a80""})"
"(:VERTEX {memory address: ""7f1c455cd000"",size: ""1000"",subtype: ""memory"",tgid: ""146372"",source: ""syscall"",type: ""Artifact"",version: ""0"",hash: ""425a3c9c5d5efe6fbb31009a384420ed""})"
"(:VERTEX {memory address: ""7f1c3371d000"",size: ""1000"",subtype: ""memory"",tgid: ""146372"",source: ""syscall"",type: ""Artifact"",version: ""0"",hash: ""1ce913df1378904bc187800c755b478c""})"
"(:VERTEX {memory address: ""7f1c2128c000"",size: ""100000"",subtype: ""memory"",tgid: ""146372"",source: ""syscall"",type: ""Artifact"",version: ""0"",hash: ""0df9717680b5d437305289ac37110785""})"
"(:VERTEX {memory address: ""7f1c4843b000"",size: ""10000"",subtype: ""memory"",tgid: ""146372"",source: ""syscall"",type: ""Artifact"",version: ""0"",hash: ""eac762f334f7da6b0a58766799e641eb""})"
"(:VERTEX {memory address: ""7f1c4842b000"",size: ""10000"",subtype: ""memory"",tgid: ""146372"",source: ""syscall"",type: ""Artifact"",version: ""0"",hash: ""66a49600e2b24d37c118f1e9f7df995d""})"
"(:VERTEX {memory address: ""7f1c20a8b000"",size: ""801000"",subtype: ""memory"",tgid: ""146372"",source: ""syscall"",type: ""Artifact"",version: ""0"",hash: ""6953a95c78d87ee5e05ce78a181e4a30""})"
"(:VERTEX {memory address: ""7f1c20a8c000"",size: ""800000"",subtype: ""memory"",tgid: ""146372"",source: ""syscall"",type: ""Artifact"",version: ""0"",hash: ""f692a9bf973942d689c6fcf97449467b""})"
"(:VERTEX {gid: ""0"",euid: ""999"",children pid namespace: ""4026532779"",start time: ""1690978549.093"",ns pid: ""11265"",pid: ""146378"",source: ""syscall"",type: ""Process"",net namespace: ""4026532705"",ipc namespace: ""4026532772"",ppid: ""146372"",pid namespace: ""4026532779"",cwd: ""/"",uid: ""999"",egid: ""0"",exe: ""/usr/bin/check-status"",mount namespace: ""4026532778"",command line: ""/usr/bin/check-status -l"",name: ""check-status"",hash: ""018cc6bb233dfa92e55a0f8b953378b4"",user namespace: ""4026531837""})"
"(:VERTEX {memory address: ""7f1c2028a000"",size: ""801000"",subtype: ""memory"",tgid: ""146372"",source: ""syscall"",type: ""Artifact"",version: ""0"",hash: ""efbb83434228527f45852f534b9a8d1e""})"
"(:VERTEX {memory address: ""7f1c2028b000"",size: ""800000"",subtype: ""memory"",tgid: ""146372"",source: ""syscall"",type: ""Artifact"",version: ""0"",hash: ""7477b31f10295a3a637e7faf969552c7""})"
"(:VERTEX {gid: ""0"",euid: ""999"",children pid namespace: ""4026532779"",start time: ""1690978549.093"",ns pid: ""11266"",pid: ""146379"",source: ""syscall"",type: ""Process"",net namespace: ""4026532705"",ipc namespace: ""4026532772"",ppid: ""146372"",pid namespace: ""4026532779"",cwd: ""/"",uid: ""999"",egid: ""0"",exe: ""/usr/bin/check-status"",mount namespace: ""4026532778"",command line: ""/usr/bin/check-status -l"",name: ""check-status"",hash: ""286f5906ed11128fd29d16be3b777e5c"",user namespace: ""4026531837""})"
"(:VERTEX {memory address: ""7f1c1fa89000"",size: ""801000"",subtype: ""memory"",tgid: ""146372"",source: ""syscall"",type: ""Artifact"",version: ""0"",hash: ""4a0045f416cff082a576e3a1bf79570c""})"
"(:VERTEX {memory address: ""7f1c1fa8a000"",size: ""800000"",subtype: ""memory"",tgid: ""146372"",source: ""syscall"",type: ""Artifact"",version: ""0"",hash: ""d49c2d7458121449cb5a61410f138d1d""})"
"(:VERTEX {gid: ""0"",euid: ""999"",children pid namespace: ""4026532779"",start time: ""1690978549.093"",ns pid: ""11267"",pid: ""146380"",source: ""syscall"",type: ""Process"",net namespace: ""4026532705"",ipc namespace: ""4026532772"",ppid: ""146372"",pid namespace: ""4026532779"",cwd: ""/"",uid: ""999"",egid: ""0"",exe: ""/usr/bin/check-status"",mount namespace: ""4026532778"",command line: ""/usr/bin/check-status -l"",name: ""check-status"",hash: ""c8fa4bf36f9bf9b2005615cf5e037b14"",user namespace: ""4026531837""})"
"(:VERTEX {memory address: ""7f1c17a89000"",size: ""8000000"",subtype: ""memory"",tgid: ""146372"",source: ""syscall"",type: ""Artifact"",version: ""0"",hash: ""ce80cfeba303bcb9a0fd4ad9ff459a64""})"
"(:VERTEX {memory address: ""7f1c18000000"",size: ""21000"",subtype: ""memory"",tgid: ""146372"",source: ""syscall"",type: ""Artifact"",version: ""0"",hash: ""bdf9d7815fbed3bac9c57e95eca3c536""})"
"(:VERTEX {memory address: ""7f1c1f288000"",size: ""801000"",subtype: ""memory"",tgid: ""146372"",source: ""syscall"",type: ""Artifact"",version: ""0"",hash: ""07ee1c616ff965360aeecfb53fd38201""})"
"(:VERTEX {memory address: ""7f1c1f289000"",size: ""800000"",subtype: ""memory"",tgid: ""146372"",source: ""syscall"",type: ""Artifact"",version: ""0"",hash: ""35aaef34cf421f8ae97ae2f8068dab03""})"
"(:VERTEX {gid: ""0"",euid: ""999"",children pid namespace: ""4026532779"",start time: ""1690978549.093"",ns pid: ""11268"",pid: ""146381"",source: ""syscall"",type: ""Process"",net namespace: ""4026532705"",ipc namespace: ""4026532772"",ppid: ""146372"",pid namespace: ""4026532779"",cwd: ""/"",uid: ""999"",egid: ""0"",exe: ""/usr/bin/check-status"",mount namespace: ""4026532778"",command line: ""/usr/bin/check-status -l"",name: ""check-status"",hash: ""18e1023325b9a3dbf234cffab0c22e4e"",user namespace: ""4026531837""})"
"(:VERTEX {memory address: ""7f1c483eb000"",size: ""40000"",subtype: ""memory"",tgid: ""146372"",source: ""syscall"",type: ""Artifact"",version: ""0"",hash: ""f2d1083506bad505233299f9e41604d1""})"
"(:VERTEX {remote port: ""53"",epoch: ""0"",source: ""syscall"",type: ""Artifact"",version: ""0"",local port: ""43933"",net namespace: ""-1"",local address: ""10.1.251.204"",protocol: ""udp"",subtype: ""network socket"",remote address: ""10.152.183.10"",hash: ""e8cd8f5529bdfb58fedcad6ab2d8a08a""})"
"(:VERTEX {remote port: ""53"",epoch: ""0"",source: ""syscall"",type: ""Artifact"",version: ""0"",local port: ""44455"",net namespace: ""-1"",local address: ""10.1.251.204"",protocol: ""udp"",subtype: ""network socket"",remote address: ""10.152.183.10"",hash: ""83039f0c1cdec00b18dcb6ea6286cb72""})"
"(:VERTEX {remote port: ""53"",epoch: ""0"",source: ""syscall"",type: ""Artifact"",version: ""0"",local port: ""49787"",net namespace: ""-1"",local address: ""10.1.251.204"",protocol: ""udp"",subtype: ""network socket"",remote address: ""10.152.183.10"",hash: ""b5c198203ce8bb5b0bc8562a4461dc08""})"
"(:VERTEX {remote port: ""53"",epoch: ""0"",source: ""syscall"",type: ""Artifact"",version: ""0"",local port: ""42714"",net namespace: ""-1"",local address: ""10.1.251.204"",protocol: ""udp"",subtype: ""network socket"",remote address: ""10.152.183.10"",hash: ""13dee9c9b6ca017f51b79089a547a212""})"
"(:VERTEX {remote port: ""53"",epoch: ""0"",source: ""syscall"",type: ""Artifact"",version: ""0"",local port: ""58350"",net namespace: ""-1"",local address: ""10.1.251.204"",protocol: ""udp"",subtype: ""network socket"",remote address: ""10.152.183.10"",hash: ""06152a40b4fbb79d3bf5884a7db339c1""})"
"(:VERTEX {remote port: ""53"",epoch: ""0"",source: ""syscall"",type: ""Artifact"",version: ""0"",local port: ""60069"",net namespace: ""-1"",local address: ""10.1.251.204"",protocol: ""udp"",subtype: ""network socket"",remote address: ""10.152.183.10"",hash: ""64bb5d2a1315b19ea19aa96c8367db7a""})"
"(:VERTEX {remote port: ""57866"",epoch: ""0"",source: ""syscall"",type: ""Artifact"",version: ""0"",local port: ""8080"",net namespace: ""-1"",local address: ""0000:0000:0000:0000:0000:0000:0000:0000"",protocol: ""tcp"",subtype: ""network socket"",remote address: ""0000:0000:0000:0000:0000:FFFF:C0A8:2F80"",hash: ""aa0dfbb7be8ae3a1266f7ce277bcd86f""})"
"(:VERTEX {remote port: ""57864"",epoch: ""0"",source: ""syscall"",type: ""Artifact"",version: ""0"",local port: ""8080"",net namespace: ""-1"",local address: ""0000:0000:0000:0000:0000:0000:0000:0000"",protocol: ""tcp"",subtype: ""network socket"",remote address: ""0000:0000:0000:0000:0000:FFFF:C0A8:2F80"",hash: ""429507e2a32384a2c203e41ded123337""})"
"(:VERTEX {remote port: ""38144"",epoch: ""0"",source: ""syscall"",type: ""Artifact"",version: ""0"",local port: ""50051"",net namespace: ""-1"",local address: ""0000:0000:0000:0000:0000:0000:0000:0000"",protocol: ""tcp"",subtype: ""network socket"",remote address: ""0000:0000:0000:0000:0000:FFFF:C0A8:2F80"",hash: ""77b890d9aa2b1ac5e5fd8a7763b5aa17""})"
"(:VERTEX {remote port: ""38158"",epoch: ""0"",source: ""syscall"",type: ""Artifact"",version: ""0"",local port: ""50051"",net namespace: ""-1"",local address: ""0000:0000:0000:0000:0000:0000:0000:0000"",protocol: ""tcp"",subtype: ""network socket"",remote address: ""0000:0000:0000:0000:0000:FFFF:C0A8:2F80"",hash: ""615c42c52ab14ddb4f7a8f66d92bc0c3""})"
"(:VERTEX {remote port: ""42874"",epoch: ""0"",source: ""syscall"",type: ""Artifact"",version: ""0"",local port: ""7000"",net namespace: ""-1"",local address: ""0000:0000:0000:0000:0000:0000:0000:0000"",protocol: ""tcp"",subtype: ""network socket"",remote address: ""0000:0000:0000:0000:0000:FFFF:C0A8:2F80"",hash: ""76cc60617f6e3638ded3a82ded58d53b""})"
"(:VERTEX {remote port: ""42880"",epoch: ""0"",source: ""syscall"",type: ""Artifact"",version: ""0"",local port: ""7000"",net namespace: ""-1"",local address: ""0000:0000:0000:0000:0000:0000:0000:0000"",protocol: ""tcp"",subtype: ""network socket"",remote address: ""0000:0000:0000:0000:0000:FFFF:C0A8:2F80"",hash: ""1eafc7030d617fc6f75fc5a3c3949707""})"
"(:VERTEX {remote port: ""44216"",epoch: ""0"",source: ""syscall"",type: ""Artifact"",version: ""0"",local port: ""6379"",net namespace: ""-1"",local address: ""0.0.0.0"",protocol: ""tcp"",subtype: ""network socket"",remote address: ""192.168.47.128"",hash: ""0c33b0b6ac41a7ab29885bbc9c96310d""})"
"(:VERTEX {remote port: ""44220"",epoch: ""0"",source: ""syscall"",type: ""Artifact"",version: ""0"",local port: ""6379"",net namespace: ""-1"",local address: ""0.0.0.0"",protocol: ""tcp"",subtype: ""network socket"",remote address: ""192.168.47.128"",hash: ""654b1659ede4cc0dfd694ecd44fd5a7f""})"
"(:VERTEX {remote port: ""33434"",epoch: ""0"",source: ""syscall"",type: ""Artifact"",version: ""0"",local port: ""5050"",net namespace: ""-1"",local address: ""0000:0000:0000:0000:0000:0000:0000:0000"",protocol: ""tcp"",subtype: ""network socket"",remote address: ""0000:0000:0000:0000:0000:FFFF:C0A8:2F80"",hash: ""5fb41e6faaebb0d5369d25f32e7fad95""})"
"(:VERTEX {gid: ""1000"",euid: ""1000"",children pid namespace: ""-1"",pid: ""60146"",seen time: ""1690978442.508"",source: ""syscall"",type: ""Process"",net namespace: ""-1"",ipc namespace: ""-1"",ppid: ""58532"",pid namespace: ""-1"",uid: ""1000"",egid: ""1000"",mount namespace: ""-1"",name: ""checkoutservice"",hash: ""4482fad969fc3456dabecbf468e7fe98"",user namespace: ""-1""})"
"(:VERTEX {remote port: ""33448"",epoch: ""0"",source: ""syscall"",type: ""Artifact"",version: ""0"",local port: ""5050"",net namespace: ""-1"",local address: ""0000:0000:0000:0000:0000:0000:0000:0000"",protocol: ""tcp"",subtype: ""network socket"",remote address: ""0000:0000:0000:0000:0000:FFFF:C0A8:2F80"",hash: ""0382f77907e5e50282ab2f7a133e2841""})"
"(:VERTEX {remote port: ""50790"",epoch: ""0"",source: ""syscall"",type: ""Artifact"",version: ""0"",local port: ""9555"",net namespace: ""-1"",local address: ""0000:0000:0000:0000:0000:0000:0000:0000"",protocol: ""tcp"",subtype: ""network socket"",remote address: ""0000:0000:0000:0000:0000:FFFF:C0A8:2F80"",hash: ""84c0eca516b34f513cf3460e349fd6ea""})"
"(:VERTEX {remote port: ""50798"",epoch: ""0"",source: ""syscall"",type: ""Artifact"",version: ""0"",local port: ""9555"",net namespace: ""-1"",local address: ""0000:0000:0000:0000:0000:0000:0000:0000"",protocol: ""tcp"",subtype: ""network socket"",remote address: ""0000:0000:0000:0000:0000:FFFF:C0A8:2F80"",hash: ""086b4ba2beb8bb30893e60365251c3ae""})"
"(:VERTEX {remote port: ""34994"",epoch: ""0"",source: ""syscall"",type: ""Artifact"",version: ""0"",local port: ""8080"",net namespace: ""-1"",local address: ""0000:0000:0000:0000:0000:0000:0000:0000"",protocol: ""tcp"",subtype: ""network socket"",remote address: ""0000:0000:0000:0000:0000:FFFF:C0A8:2F80"",hash: ""ab6fe76bd565955afd52af9e3310929b""})"
"(:VERTEX {remote port: ""34978"",epoch: ""0"",source: ""syscall"",type: ""Artifact"",version: ""0"",local port: ""8080"",net namespace: ""-1"",local address: ""0000:0000:0000:0000:0000:0000:0000:0000"",protocol: ""tcp"",subtype: ""network socket"",remote address: ""0000:0000:0000:0000:0000:FFFF:C0A8:2F80"",hash: ""11a75ffc3a7684d9bca2563beaa93aee""})"
"(:VERTEX {remote port: ""38780"",epoch: ""0"",source: ""syscall"",type: ""Artifact"",version: ""0"",local port: ""50051"",net namespace: ""-1"",local address: ""0000:0000:0000:0000:0000:0000:0000:0000"",protocol: ""tcp"",subtype: ""network socket"",remote address: ""0000:0000:0000:0000:0000:FFFF:C0A8:2F80"",hash: ""21ad37ebb7730a5506956971e2cf7d00""})"
"(:VERTEX {remote port: ""57424"",epoch: ""0"",source: ""syscall"",type: ""Artifact"",version: ""0"",local port: ""7070"",net namespace: ""4026533266"",local address: ""0000:0000:0000:0000:0000:0000:0000:0000"",protocol: ""tcp"",subtype: ""network socket"",remote address: ""0000:0000:0000:0000:0000:FFFF:C0A8:2F80"",hash: ""de8373920043e72674bb33ab17bc1faf""})"
"(:VERTEX {remote port: ""57436"",epoch: ""0"",source: ""syscall"",type: ""Artifact"",version: ""0"",local port: ""7070"",net namespace: ""4026533266"",local address: ""0000:0000:0000:0000:0000:0000:0000:0000"",protocol: ""tcp"",subtype: ""network socket"",remote address: ""0000:0000:0000:0000:0000:FFFF:C0A8:2F80"",hash: ""e9ae12457072105b683fa2a4585d1731""})"
"(:VERTEX {remote port: ""57786"",epoch: ""0"",source: ""syscall"",type: ""Artifact"",version: ""0"",local port: ""8080"",net namespace: ""-1"",local address: ""0000:0000:0000:0000:0000:0000:0000:0000"",protocol: ""tcp"",subtype: ""network socket"",remote address: ""0000:0000:0000:0000:0000:FFFF:C0A8:2F80"",hash: ""5587c7625908af06f8a09d89138aa380""})"
"(:VERTEX {remote port: ""38790"",epoch: ""0"",source: ""syscall"",type: ""Artifact"",version: ""0"",local port: ""50051"",net namespace: ""-1"",local address: ""0000:0000:0000:0000:0000:0000:0000:0000"",protocol: ""tcp"",subtype: ""network socket"",remote address: ""0000:0000:0000:0000:0000:FFFF:C0A8:2F80"",hash: ""5e18d99b2ef9b468c44be2c9a8986aa9""})"
"(:VERTEX {remote port: ""45042"",epoch: ""0"",source: ""syscall"",type: ""Artifact"",version: ""0"",local port: ""3550"",net namespace: ""-1"",local address: ""0000:0000:0000:0000:0000:0000:0000:0000"",protocol: ""tcp"",subtype: ""network socket"",remote address: ""0000:0000:0000:0000:0000:FFFF:C0A8:2F80"",hash: ""4687a6fa57c2f03e1652ac97bb6c113a""})"
"(:VERTEX {remote port: ""45048"",epoch: ""0"",source: ""syscall"",type: ""Artifact"",version: ""0"",local port: ""3550"",net namespace: ""-1"",local address: ""0000:0000:0000:0000:0000:0000:0000:0000"",protocol: ""tcp"",subtype: ""network socket"",remote address: ""0000:0000:0000:0000:0000:FFFF:C0A8:2F80"",hash: ""68c51639dd80dfc03eb4973dce70249b""})"
"(:VERTEX {gid: ""1000"",euid: ""1000"",children pid namespace: ""-1"",pid: ""95728"",seen time: ""1690978462.923"",source: ""syscall"",type: ""Process"",net namespace: ""-1"",ipc namespace: ""-1"",ppid: ""59160"",pid namespace: ""-1"",uid: ""1000"",egid: ""1000"",mount namespace: ""-1"",name: ""server"",hash: ""f545689de78801aba8158f9883463503"",user namespace: ""-1""})"
"(:VERTEX {remote port: ""57800"",epoch: ""0"",source: ""syscall"",type: ""Artifact"",version: ""0"",local port: ""8080"",net namespace: ""-1"",local address: ""0000:0000:0000:0000:0000:0000:0000:0000"",protocol: ""tcp"",subtype: ""network socket"",remote address: ""0000:0000:0000:0000:0000:FFFF:C0A8:2F80"",hash: ""0aba9e3694919623748a854b524a7c9b""})"
"(:VERTEX {gid: ""0"",euid: ""999"",children pid namespace: ""-1"",pid: ""146595"",seen time: ""1690978556.905"",source: ""syscall"",type: ""Process"",net namespace: ""-1"",ipc namespace: ""-1"",ppid: ""146585"",pid namespace: ""-1"",uid: ""999"",egid: ""0"",exe: ""/"",mount namespace: ""-1"",name: ""runc:[2:INIT]"",hash: ""6dd4a067b3088263c459363062310a5c"",user namespace: ""-1""})"
"(:VERTEX {path: ""/proc/146595/attr/apparmor/exec"",subtype: ""file"",permissions: ""0666"",epoch: ""0"",source: ""syscall"",type: ""Artifact"",version: ""0"",hash: ""ebf32ea3e46ba4aa082bce8678b53103""})"
"(:VERTEX {gid: ""0"",euid: ""999"",children pid namespace: ""-1"",start time: ""1690978556.909"",pid: ""146595"",source: ""syscall"",type: ""Process"",net namespace: ""-1"",ipc namespace: ""-1"",ppid: ""146585"",pid namespace: ""-1"",cwd: ""/"",uid: ""999"",egid: ""0"",exe: ""/usr/bin/check-status"",mount namespace: ""-1"",command line: ""/usr/bin/check-status -r"",name: ""check-status"",hash: ""9d3f3abaf7185bcb6ee16aba17c513c8"",user namespace: ""-1""})"
"(:VERTEX {memory address: ""7f98584f3000"",size: ""2000"",subtype: ""memory"",tgid: ""146595"",source: ""syscall"",type: ""Artifact"",version: ""0"",hash: ""5d46985b5822550adafb63dc77bd63cf""})"
"(:VERTEX {memory address: ""7f98580a8000"",size: ""21f4c0"",subtype: ""memory"",tgid: ""146595"",source: ""syscall"",type: ""Artifact"",version: ""0"",hash: ""7e56faf48bb69e2817a2c6b4cc111bc9""})"
"(:VERTEX {memory address: ""7f98580c3000"",size: ""1ff000"",subtype: ""memory"",tgid: ""146595"",source: ""syscall"",type: ""Artifact"",version: ""0"",hash: ""6ae192271130ecbff25ea0f3bec32009""})"
"(:VERTEX {memory address: ""7f98582c2000"",size: ""2000"",subtype: ""memory"",tgid: ""146595"",source: ""syscall"",type: ""Artifact"",version: ""0"",hash: ""0d1adf88c4ffb558f46ecc1f78e2a86a""})"
"(:VERTEX {memory address: ""7f98582c4000"",size: ""34c0"",subtype: ""memory"",tgid: ""146595"",source: ""syscall"",type: ""Artifact"",version: ""0"",hash: ""271abc4333b0ab4572beef722c84d6eb""})"
"(:VERTEX {memory address: ""7f9857ce2000"",size: ""3c58c0"",subtype: ""memory"",tgid: ""146595"",source: ""syscall"",type: ""Artifact"",version: ""0"",hash: ""bb538be5c6ac13948ebdde3c262aad17""})"
"(:VERTEX {memory address: ""7f9857e9e000"",size: ""200000"",subtype: ""memory"",tgid: ""146595"",source: ""syscall"",type: ""Artifact"",version: ""0"",hash: ""85689061b2e19a48fe7aa567c2e287d3""})"
"(:VERTEX {memory address: ""7f985809e000"",size: ""6000"",subtype: ""memory"",tgid: ""146595"",source: ""syscall"",type: ""Artifact"",version: ""0"",hash: ""55610897d6bca4a4266c9a0d3eb8d53f""})"
"(:VERTEX {memory address: ""7f98580a4000"",size: ""38c0"",subtype: ""memory"",tgid: ""146595"",source: ""syscall"",type: ""Artifact"",version: ""0"",hash: ""59c5ec4fe03a4718fd3c1138951dbaff""})"
"(:VERTEX {memory address: ""7f98584f0000"",size: ""3000"",subtype: ""memory"",tgid: ""146595"",source: ""syscall"",type: ""Artifact"",version: ""0"",hash: ""4d72b01200784d1ca1829d1e5c31140f""})"
"(:VERTEX {memory address: ""7f985809e000"",size: ""4000"",subtype: ""memory"",tgid: ""146595"",source: ""syscall"",type: ""Artifact"",version: ""0"",hash: ""e916ad9ca860c591191aaceb7fe2dcb2""})"
"(:VERTEX {memory address: ""7f98582c2000"",size: ""1000"",subtype: ""memory"",tgid: ""146595"",source: ""syscall"",type: ""Artifact"",version: ""0"",hash: ""3812ff66d134bd42d85eb8f9b97fe71f""})"
"(:VERTEX {memory address: ""7f98584f5000"",size: ""1000"",subtype: ""memory"",tgid: ""146595"",source: ""syscall"",type: ""Artifact"",version: ""0"",hash: ""45c9614ad99cd5394eced26c2d801599""})"
"(:VERTEX {memory address: ""7f98584b0000"",size: ""40000"",subtype: ""memory"",tgid: ""146595"",source: ""syscall"",type: ""Artifact"",version: ""0"",hash: ""3457fdcf31140cdaed57bd783af63527""})"
"(:VERTEX {memory address: ""7f9858490000"",size: ""20000"",subtype: ""memory"",tgid: ""146595"",source: ""syscall"",type: ""Artifact"",version: ""0"",hash: ""3041c777bfead4b579ca3f920817dcfa""})"
"(:VERTEX {memory address: ""7f9858390000"",size: ""100000"",subtype: ""memory"",tgid: ""146595"",source: ""syscall"",type: ""Artifact"",version: ""0"",hash: ""2e263af6439f1e5a042cdb1d09cfa5a2""})"
"(:VERTEX {memory address: ""7f98574e2000"",size: ""800000"",subtype: ""memory"",tgid: ""146595"",source: ""syscall"",type: ""Artifact"",version: ""0"",hash: ""c93a2516fbc7813f1775df5940413d88""})"
"(:VERTEX {memory address: ""7f98534e2000"",size: ""4000000"",subtype: ""memory"",tgid: ""146595"",source: ""syscall"",type: ""Artifact"",version: ""0"",hash: ""0881190b9bc3c79f8686afa50f17e225""})"
"(:VERTEX {memory address: ""7f98334e2000"",size: ""20000000"",subtype: ""memory"",tgid: ""146595"",source: ""syscall"",type: ""Artifact"",version: ""0"",hash: ""d2ada7b8c6551b4de67c83fd37a2a597""})"
"(:VERTEX {memory address: ""c000000000"",size: ""4000000"",subtype: ""memory"",tgid: ""146595"",source: ""syscall"",type: ""Artifact"",version: ""0"",hash: ""00a69c90eb9e401b1b86fdd90372c5ad""})"
"(:VERTEX {memory address: ""7f98314e2000"",size: ""2000000"",subtype: ""memory"",tgid: ""146595"",source: ""syscall"",type: ""Artifact"",version: ""0"",hash: ""5dc4c6b8e9faa3614fb9c041b7541fd9""})"
"(:VERTEX {memory address: ""7f98312d1000"",size: ""210c10"",subtype: ""memory"",tgid: ""146595"",source: ""syscall"",type: ""Artifact"",version: ""0"",hash: ""f563f9bf87217e5f1a360c2858c565bf""})"
"(:VERTEX {memory address: ""c000000000"",size: ""400000"",subtype: ""memory"",tgid: ""146595"",source: ""syscall"",type: ""Artifact"",version: ""0"",hash: ""fa13592417e40cf6387949b3bb3805da""})"
"(:VERTEX {memory address: ""7f9858490000"",size: ""20000"",subtype: ""memory"",tgid: ""146595"",source: ""syscall"",type: ""Artifact"",version: ""1"",hash: ""57b814e2966bfb1939cd5b3af557e32b""})"
"(:VERTEX {memory address: ""7f9858410000"",size: ""1000"",subtype: ""memory"",tgid: ""146595"",source: ""syscall"",type: ""Artifact"",version: ""0"",hash: ""52046e16cdfd577909544b78205f7d68""})"
"(:VERTEX {memory address: ""7f98578e8000"",size: ""1000"",subtype: ""memory"",tgid: ""146595"",source: ""syscall"",type: ""Artifact"",version: ""0"",hash: ""bf9f028885f6d99ad2f2028ee7f0e6da""})"
"(:VERTEX {memory address: ""7f9855512000"",size: ""1000"",subtype: ""memory"",tgid: ""146595"",source: ""syscall"",type: ""Artifact"",version: ""0"",hash: ""75cc9045ed606195c6362fdb8c7b9ba5""})"
"(:VERTEX {memory address: ""7f9843662000"",size: ""1000"",subtype: ""memory"",tgid: ""146595"",source: ""syscall"",type: ""Artifact"",version: ""0"",hash: ""88181036fed1f8bec2a0582a7b7b2ce3""})"
"(:VERTEX {memory address: ""7f98311d1000"",size: ""100000"",subtype: ""memory"",tgid: ""146595"",source: ""syscall"",type: ""Artifact"",version: ""0"",hash: ""0b1854cec10fb3ddb15d5a9be6898c95""})"
"(:VERTEX {memory address: ""7f9858380000"",size: ""10000"",subtype: ""memory"",tgid: ""146595"",source: ""syscall"",type: ""Artifact"",version: ""0"",hash: ""7d0f26f9192425935ab46c2de7a2402a""})"
"(:VERTEX {memory address: ""7f9858370000"",size: ""10000"",subtype: ""memory"",tgid: ""146595"",source: ""syscall"",type: ""Artifact"",version: ""0"",hash: ""e9714dd17c78ef544042e52b85f0875f""})"
"(:VERTEX {memory address: ""7f98309d0000"",size: ""801000"",subtype: ""memory"",tgid: ""146595"",source: ""syscall"",type: ""Artifact"",version: ""0"",hash: ""eaeb7481cecb5e3c86a382a71bc9eeb2""})"
"(:VERTEX {memory address: ""7f98309d1000"",size: ""800000"",subtype: ""memory"",tgid: ""146595"",source: ""syscall"",type: ""Artifact"",version: ""0"",hash: ""92a436b6d65121253a1b1cb1ea7ba7b5""})"
"(:VERTEX {gid: ""0"",euid: ""999"",children pid namespace: ""4026532779"",start time: ""1690978556.912"",ns pid: ""11275"",pid: ""146601"",source: ""syscall"",type: ""Process"",net namespace: ""4026532705"",ipc namespace: ""4026532772"",ppid: ""146595"",pid namespace: ""4026532779"",cwd: ""/"",uid: ""999"",egid: ""0"",exe: ""/usr/bin/check-status"",mount namespace: ""4026532778"",command line: ""/usr/bin/check-status -r"",name: ""check-status"",hash: ""fdfe4e32c499d62fb6e90b052f6a9af9"",user namespace: ""4026531837""})"
"(:VERTEX {memory address: ""7f98289d0000"",size: ""8000000"",subtype: ""memory"",tgid: ""146595"",source: ""syscall"",type: ""Artifact"",version: ""0"",hash: ""0202f489dcf889b0a137fe82d643fb9b""})"
"(:VERTEX {memory address: ""7f982c000000"",size: ""21000"",subtype: ""memory"",tgid: ""146595"",source: ""syscall"",type: ""Artifact"",version: ""0"",hash: ""6dede25539440787fcf973dd4f94e93f""})"
"(:VERTEX {memory address: ""7f98301cf000"",size: ""801000"",subtype: ""memory"",tgid: ""146595"",source: ""syscall"",type: ""Artifact"",version: ""0"",hash: ""3a8b10bbf97d2cbeb483de4c8de511b5""})"
"(:VERTEX {memory address: ""7f98301d0000"",size: ""800000"",subtype: ""memory"",tgid: ""146595"",source: ""syscall"",type: ""Artifact"",version: ""0"",hash: ""8c11273cd69b18ca1cad3cb29741bab5""})"
"(:VERTEX {gid: ""0"",euid: ""999"",children pid namespace: ""4026532779"",start time: ""1690978556.912"",ns pid: ""11276"",pid: ""146602"",source: ""syscall"",type: ""Process"",net namespace: ""4026532705"",ipc namespace: ""4026532772"",ppid: ""146595"",pid namespace: ""4026532779"",cwd: ""/"",uid: ""999"",egid: ""0"",exe: ""/usr/bin/check-status"",mount namespace: ""4026532778"",command line: ""/usr/bin/check-status -r"",name: ""check-status"",hash: ""6766aa58249103c2aca2945936efec3a"",user namespace: ""4026531837""})"
"(:VERTEX {memory address: ""7f9824000000"",size: ""8000000"",subtype: ""memory"",tgid: ""146595"",source: ""syscall"",type: ""Artifact"",version: ""0"",hash: ""5535eb9c3bf6288212e643cb05ed264c""})"
"(:VERTEX {memory address: ""7f9824000000"",size: ""21000"",subtype: ""memory"",tgid: ""146595"",source: ""syscall"",type: ""Artifact"",version: ""0"",hash: ""a0a8d79705d6917f3decaaaf6b6f6ee9""})"
"(:VERTEX {memory address: ""7f9858330000"",size: ""40000"",subtype: ""memory"",tgid: ""146595"",source: ""syscall"",type: ""Artifact"",version: ""0"",hash: ""52ae26779767d81c6de927e07658a69a""})"
"(:VERTEX {memory address: ""7f982b7ff000"",size: ""801000"",subtype: ""memory"",tgid: ""146595"",source: ""syscall"",type: ""Artifact"",version: ""0"",hash: ""8bd393723a0ae6144f6738b3bd78720c""})"
"(:VERTEX {memory address: ""7f982affe000"",size: ""801000"",subtype: ""memory"",tgid: ""146595"",source: ""syscall"",type: ""Artifact"",version: ""0"",hash: ""24a25ef61ed07dd12b625c5c952e33d2""})"
"(:VERTEX {memory address: ""7f982afff000"",size: ""800000"",subtype: ""memory"",tgid: ""146595"",source: ""syscall"",type: ""Artifact"",version: ""0"",hash: ""dd0976da8c1949f7550b20e69049a81f""})"
"(:VERTEX {gid: ""0"",euid: ""999"",children pid namespace: ""4026532779"",start time: ""1690978556.916"",ns pid: ""11277"",pid: ""146603"",source: ""syscall"",type: ""Process"",net namespace: ""4026532705"",ipc namespace: ""4026532772"",ppid: ""146595"",pid namespace: ""4026532779"",cwd: ""/"",uid: ""999"",egid: ""0"",exe: ""/usr/bin/check-status"",mount namespace: ""4026532778"",command line: ""/usr/bin/check-status -r"",name: ""check-status"",hash: ""c67b84a2899f9309c05d2d27e97eb55f"",user namespace: ""4026531837""})"
"(:VERTEX {memory address: ""7f982b800000"",size: ""800000"",subtype: ""memory"",tgid: ""146595"",source: ""syscall"",type: ""Artifact"",version: ""0"",hash: ""2f7c421180fc4adf94a495ed95958721""})"
"(:VERTEX {gid: ""0"",euid: ""999"",children pid namespace: ""4026532779"",start time: ""1690978556.916"",ns pid: ""11278"",pid: ""146604"",source: ""syscall"",type: ""Process"",net namespace: ""4026532705"",ipc namespace: ""4026532772"",ppid: ""146595"",pid namespace: ""4026532779"",cwd: ""/"",uid: ""999"",egid: ""0"",exe: ""/usr/bin/check-status"",mount namespace: ""4026532778"",command line: ""/usr/bin/check-status -r"",name: ""check-status"",hash: ""0b6c06ffe219e39b86e3f9780c9762e4"",user namespace: ""4026531837""})"
"(:VERTEX {memory address: ""7f9820000000"",size: ""4000000"",subtype: ""memory"",tgid: ""146595"",source: ""syscall"",type: ""Artifact"",version: ""0"",hash: ""fe00823b315c76daec68a07fe2f31843""})"
"(:VERTEX {memory address: ""7f981c000000"",size: ""4000000"",subtype: ""memory"",tgid: ""146595"",source: ""syscall"",type: ""Artifact"",version: ""0"",hash: ""9ebcc7c8a1e9062553b510fd97a758ee""})"
"(:VERTEX {memory address: ""7f9820000000"",size: ""21000"",subtype: ""memory"",tgid: ""146595"",source: ""syscall"",type: ""Artifact"",version: ""0"",hash: ""afd0920bd554eae7a4d56953899ca9fe""})"
"(:VERTEX {memory address: ""7f981c000000"",size: ""21000"",subtype: ""memory"",tgid: ""146595"",source: ""syscall"",type: ""Artifact"",version: ""0"",hash: ""c1652d37df4c8e3c3d08fe695ccf1f0f""})"
"(:VERTEX {memory address: ""7f982a7fd000"",size: ""801000"",subtype: ""memory"",tgid: ""146595"",source: ""syscall"",type: ""Artifact"",version: ""0"",hash: ""e1810fefc53cf8efe3cd1a0803fac124""})"
"(:VERTEX {memory address: ""7f982a7fe000"",size: ""800000"",subtype: ""memory"",tgid: ""146595"",source: ""syscall"",type: ""Artifact"",version: ""0"",hash: ""73ceef1f8d35743aa50a0ad2ab5bc7ab""})"
"(:VERTEX {gid: ""0"",euid: ""999"",children pid namespace: ""4026532779"",start time: ""1690978556.916"",ns pid: ""11279"",pid: ""146605"",source: ""syscall"",type: ""Process"",net namespace: ""4026532705"",ipc namespace: ""4026532772"",ppid: ""146595"",pid namespace: ""4026532779"",cwd: ""/"",uid: ""999"",egid: ""0"",exe: ""/usr/bin/check-status"",mount namespace: ""4026532778"",command line: ""/usr/bin/check-status -r"",name: ""check-status"",hash: ""8d16f858911fe1ce4443a96962bb5998"",user namespace: ""4026531837""})"
"(:VERTEX {memory address: ""7f9814000000"",size: ""8000000"",subtype: ""memory"",tgid: ""146595"",source: ""syscall"",type: ""Artifact"",version: ""0"",hash: ""f192413435886a038a7a3da847e3ceeb""})"
"(:VERTEX {memory address: ""7f9814000000"",size: ""21000"",subtype: ""memory"",tgid: ""146595"",source: ""syscall"",type: ""Artifact"",version: ""0"",hash: ""5af34c85e005eefee0e210975f169bcf""})"
"(:VERTEX {memory address: ""7f983018f000"",size: ""40000"",subtype: ""memory"",tgid: ""146595"",source: ""syscall"",type: ""Artifact"",version: ""0"",hash: ""2bd31c17f7c812544d46d044784ba251""})"
"(:VERTEX {remote port: ""53"",epoch: ""0"",source: ""syscall"",type: ""Artifact"",version: ""0"",local port: ""49298"",net namespace: ""-1"",local address: ""10.1.251.204"",protocol: ""udp"",subtype: ""network socket"",remote address: ""10.152.183.10"",hash: ""a6c266cef26beb78aa3bc580b39962d4""})"
"(:VERTEX {remote port: ""53"",epoch: ""0"",source: ""syscall"",type: ""Artifact"",version: ""0"",local port: ""35915"",net namespace: ""-1"",local address: ""10.1.251.204"",protocol: ""udp"",subtype: ""network socket"",remote address: ""10.152.183.10"",hash: ""96c189492343dd15139de5e213803d26""})"
"(:VERTEX {remote port: ""50062"",epoch: ""0"",source: ""syscall"",type: ""Artifact"",version: ""0"",local port: ""8080"",net namespace: ""-1"",local address: ""0000:0000:0000:0000:0000:0000:0000:0000"",protocol: ""tcp"",subtype: ""network socket"",remote address: ""0000:0000:0000:0000:0000:FFFF:C0A8:2F80"",hash: ""c3375b774843324a6f5546a111b0c7f8""})"
"(:VERTEX {remote port: ""50064"",epoch: ""0"",source: ""syscall"",type: ""Artifact"",version: ""0"",local port: ""8080"",net namespace: ""-1"",local address: ""0000:0000:0000:0000:0000:0000:0000:0000"",protocol: ""tcp"",subtype: ""network socket"",remote address: ""0000:0000:0000:0000:0000:FFFF:C0A8:2F80"",hash: ""d46bab03635747f2b8d2524f284edc48""})"
"(:VERTEX {remote port: ""40652"",epoch: ""0"",source: ""syscall"",type: ""Artifact"",version: ""0"",local port: ""50051"",net namespace: ""-1"",local address: ""0000:0000:0000:0000:0000:0000:0000:0000"",protocol: ""tcp"",subtype: ""network socket"",remote address: ""0000:0000:0000:0000:0000:FFFF:C0A8:2F80"",hash: ""6a3a4971fa04eeebf9959aaf6206f78d""})"
"(:VERTEX {remote port: ""41780"",epoch: ""0"",source: ""syscall"",type: ""Artifact"",version: ""0"",local port: ""6379"",net namespace: ""-1"",local address: ""0.0.0.0"",protocol: ""tcp"",subtype: ""network socket"",remote address: ""192.168.47.128"",hash: ""0c205d876780e912a4ca08bc27baebf0""})"
"(:VERTEX {remote port: ""41766"",epoch: ""0"",source: ""syscall"",type: ""Artifact"",version: ""0"",local port: ""6379"",net namespace: ""-1"",local address: ""0.0.0.0"",protocol: ""tcp"",subtype: ""network socket"",remote address: ""192.168.47.128"",hash: ""0015451391fb4c483ca94e4963dbfc52""})"
"(:VERTEX {remote port: ""49758"",epoch: ""0"",source: ""syscall"",type: ""Artifact"",version: ""0"",local port: ""8080"",net namespace: ""-1"",local address: ""0000:0000:0000:0000:0000:0000:0000:0000"",protocol: ""tcp"",subtype: ""network socket"",remote address: ""0000:0000:0000:0000:0000:FFFF:C0A8:2F80"",hash: ""f7a32eac246b0601104173b911a209e3""})"
"(:VERTEX {remote port: ""49774"",epoch: ""0"",source: ""syscall"",type: ""Artifact"",version: ""0"",local port: ""8080"",net namespace: ""-1"",local address: ""0000:0000:0000:0000:0000:0000:0000:0000"",protocol: ""tcp"",subtype: ""network socket"",remote address: ""0000:0000:0000:0000:0000:FFFF:C0A8:2F80"",hash: ""a76f318f55c96b4a772c3d3d194bdd4f""})"
"(:VERTEX {remote port: ""53"",epoch: ""0"",source: ""syscall"",type: ""Artifact"",version: ""0"",local port: ""51239"",net namespace: ""-1"",local address: ""10.1.251.204"",protocol: ""udp"",subtype: ""network socket"",remote address: ""10.152.183.10"",hash: ""266e3cefb4d9c0c0b555448e8f3c310d""})"
"(:VERTEX {remote port: ""53"",epoch: ""0"",source: ""syscall"",type: ""Artifact"",version: ""0"",local port: ""40717"",net namespace: ""-1"",local address: ""10.1.251.204"",protocol: ""udp"",subtype: ""network socket"",remote address: ""10.152.183.10"",hash: ""f2f34fd77ab1e43d1c4e025d39674cb8""})"
"(:VERTEX {gid: ""0"",euid: ""999"",children pid namespace: ""-1"",pid: ""146615"",seen time: ""1690978559.058"",source: ""syscall"",type: ""Process"",net namespace: ""-1"",ipc namespace: ""-1"",ppid: ""146607"",pid namespace: ""-1"",uid: ""999"",egid: ""0"",exe: ""/"",mount namespace: ""-1"",name: ""runc:[2:INIT]"",hash: ""c020c5eeadd9c8a37c8185a69ef1a034"",user namespace: ""-1""})"
"(:VERTEX {path: ""/proc/146615/attr/apparmor/exec"",subtype: ""file"",permissions: ""0666"",epoch: ""0"",source: ""syscall"",type: ""Artifact"",version: ""0"",hash: ""e781c5500886826c72b1131c2e2097ed""})"
"(:VERTEX {gid: ""0"",euid: ""999"",children pid namespace: ""-1"",start time: ""1690978559.058"",pid: ""146615"",source: ""syscall"",type: ""Process"",net namespace: ""-1"",ipc namespace: ""-1"",ppid: ""146607"",pid namespace: ""-1"",cwd: ""/"",uid: ""999"",egid: ""0"",exe: ""/usr/bin/check-status"",mount namespace: ""-1"",command line: ""/usr/bin/check-status -l"",name: ""check-status"",hash: ""6bfd2d19c7cdc1d9d79ba109431e7aa9"",user namespace: ""-1""})"
"(:VERTEX {memory address: ""7f8f658f8000"",size: ""2000"",subtype: ""memory"",tgid: ""146615"",source: ""syscall"",type: ""Artifact"",version: ""0"",hash: ""098db086a58fe233c7b37546be81c68a""})"
"(:VERTEX {memory address: ""7f8f654ad000"",size: ""21f4c0"",subtype: ""memory"",tgid: ""146615"",source: ""syscall"",type: ""Artifact"",version: ""0"",hash: ""0f306dbcc8b2dbcdb89f28d20fdbb3d0""})"
"(:VERTEX {memory address: ""7f8f654c8000"",size: ""1ff000"",subtype: ""memory"",tgid: ""146615"",source: ""syscall"",type: ""Artifact"",version: ""0"",hash: ""7e58a2752c63d3b35b8d5c94db9d0dbb""})"
"(:VERTEX {memory address: ""7f8f656c7000"",size: ""2000"",subtype: ""memory"",tgid: ""146615"",source: ""syscall"",type: ""Artifact"",version: ""0"",hash: ""fbed18126eebd1869f1f154315759c69""})"
"(:VERTEX {memory address: ""7f8f656c9000"",size: ""34c0"",subtype: ""memory"",tgid: ""146615"",source: ""syscall"",type: ""Artifact"",version: ""0"",hash: ""9cd4bbbb9f14a29b93160c1ebc000814""})"
"(:VERTEX {memory address: ""7f8f650e7000"",size: ""3c58c0"",subtype: ""memory"",tgid: ""146615"",source: ""syscall"",type: ""Artifact"",version: ""0"",hash: ""48ad589ba2a3f72724004c401c29a62a""})"
"(:VERTEX {memory address: ""7f8f652a3000"",size: ""200000"",subtype: ""memory"",tgid: ""146615"",source: ""syscall"",type: ""Artifact"",version: ""0"",hash: ""534ada0e1668f214e6ecfa733311452d""})"
"(:VERTEX {memory address: ""7f8f654a3000"",size: ""6000"",subtype: ""memory"",tgid: ""146615"",source: ""syscall"",type: ""Artifact"",version: ""0"",hash: ""874cbf765beb528e89284cfb31389823""})"
"(:VERTEX {memory address: ""7f8f654a9000"",size: ""38c0"",subtype: ""memory"",tgid: ""146615"",source: ""syscall"",type: ""Artifact"",version: ""0"",hash: ""d2622e723ef0a01961a78a5c0d8a1dab""})"
"(:VERTEX {memory address: ""7f8f658f5000"",size: ""3000"",subtype: ""memory"",tgid: ""146615"",source: ""syscall"",type: ""Artifact"",version: ""0"",hash: ""e345a17ebc52d7e17fb09cb484b468f5""})"
"(:VERTEX {memory address: ""7f8f654a3000"",size: ""4000"",subtype: ""memory"",tgid: ""146615"",source: ""syscall"",type: ""Artifact"",version: ""0"",hash: ""b8f076fea6cf496b386420037955b1bb""})"
"(:VERTEX {memory address: ""7f8f656c7000"",size: ""1000"",subtype: ""memory"",tgid: ""146615"",source: ""syscall"",type: ""Artifact"",version: ""0"",hash: ""6d1992976d02fd053eefeb4b78185e16""})"
"(:VERTEX {memory address: ""7f8f658fa000"",size: ""1000"",subtype: ""memory"",tgid: ""146615"",source: ""syscall"",type: ""Artifact"",version: ""0"",hash: ""24a1d464acd9d4b2a938d8c207eba536""})"
"(:VERTEX {memory address: ""7f8f658b5000"",size: ""40000"",subtype: ""memory"",tgid: ""146615"",source: ""syscall"",type: ""Artifact"",version: ""0"",hash: ""c5d014d71583299ee70b293a27eb01a0""})"
"(:VERTEX {memory address: ""7f8f65895000"",size: ""20000"",subtype: ""memory"",tgid: ""146615"",source: ""syscall"",type: ""Artifact"",version: ""0"",hash: ""e8fb3293ed8f47337030c129eb7cf6b4""})"
"(:VERTEX {memory address: ""7f8f65795000"",size: ""100000"",subtype: ""memory"",tgid: ""146615"",source: ""syscall"",type: ""Artifact"",version: ""0"",hash: ""3df3de0940a4061e0793d145d545ff97""})"
"(:VERTEX {memory address: ""7f8f648e7000"",size: ""800000"",subtype: ""memory"",tgid: ""146615"",source: ""syscall"",type: ""Artifact"",version: ""0"",hash: ""a369af382c4b27d706ffb85c8c5ec1f2""})"
"(:VERTEX {memory address: ""7f8f608e7000"",size: ""4000000"",subtype: ""memory"",tgid: ""146615"",source: ""syscall"",type: ""Artifact"",version: ""0"",hash: ""b800ea9726c6444e18b208f6773d862e""})"
"(:VERTEX {memory address: ""7f8f408e7000"",size: ""20000000"",subtype: ""memory"",tgid: ""146615"",source: ""syscall"",type: ""Artifact"",version: ""0"",hash: ""e195e9abe243944c0f10be432f444130""})"
"(:VERTEX {memory address: ""c000000000"",size: ""4000000"",subtype: ""memory"",tgid: ""146615"",source: ""syscall"",type: ""Artifact"",version: ""0"",hash: ""040c009258c9c28a09e6200aeeaf3fc9""})"
"(:VERTEX {memory address: ""7f8f3e8e7000"",size: ""2000000"",subtype: ""memory"",tgid: ""146615"",source: ""syscall"",type: ""Artifact"",version: ""0"",hash: ""a8fb71b8ed5cccced44d8a5ec5b5af2f""})"
"(:VERTEX {memory address: ""7f8f3e6d6000"",size: ""210c10"",subtype: ""memory"",tgid: ""146615"",source: ""syscall"",type: ""Artifact"",version: ""0"",hash: ""bf2c8adef3dafb6fa78377a6b59c47c2""})"
"(:VERTEX {memory address: ""c000000000"",size: ""400000"",subtype: ""memory"",tgid: ""146615"",source: ""syscall"",type: ""Artifact"",version: ""0"",hash: ""03ad3b8ba2bef18175a5bbf1660512f1""})"
"(:VERTEX {memory address: ""7f8f65895000"",size: ""20000"",subtype: ""memory"",tgid: ""146615"",source: ""syscall"",type: ""Artifact"",version: ""1"",hash: ""44f36321294a22c8c3d7cd01210aad8e""})"
"(:VERTEX {memory address: ""7f8f65815000"",size: ""1000"",subtype: ""memory"",tgid: ""146615"",source: ""syscall"",type: ""Artifact"",version: ""0"",hash: ""0e17181878d2f0e2fdae87d147028dac""})"
"(:VERTEX {memory address: ""7f8f64ced000"",size: ""1000"",subtype: ""memory"",tgid: ""146615"",source: ""syscall"",type: ""Artifact"",version: ""0"",hash: ""e92ab861bdca49427649ef05378b4650""})"
"(:VERTEX {memory address: ""7f8f62917000"",size: ""1000"",subtype: ""memory"",tgid: ""146615"",source: ""syscall"",type: ""Artifact"",version: ""0"",hash: ""7f17ce12aaef43061ee599c8514665ac""})"
"(:VERTEX {memory address: ""7f8f50a67000"",size: ""1000"",subtype: ""memory"",tgid: ""146615"",source: ""syscall"",type: ""Artifact"",version: ""0"",hash: ""c113b4f07d7a82939a31f3fde6ed1c12""})"
"(:VERTEX {memory address: ""7f8f3e5d6000"",size: ""100000"",subtype: ""memory"",tgid: ""146615"",source: ""syscall"",type: ""Artifact"",version: ""0"",hash: ""9b72e2756ddf3d94a594a95747d2dd86""})"
"(:VERTEX {memory address: ""7f8f65785000"",size: ""10000"",subtype: ""memory"",tgid: ""146615"",source: ""syscall"",type: ""Artifact"",version: ""0"",hash: ""ddeac55844a6bf26c3385ece1556a07e""})"
"(:VERTEX {memory address: ""7f8f65775000"",size: ""10000"",subtype: ""memory"",tgid: ""146615"",source: ""syscall"",type: ""Artifact"",version: ""0"",hash: ""8893ec2357fd5ba75d6f4e7e60fc4bf9""})"
"(:VERTEX {memory address: ""7f8f3ddd5000"",size: ""801000"",subtype: ""memory"",tgid: ""146615"",source: ""syscall"",type: ""Artifact"",version: ""0"",hash: ""d8cd76abdee800d13691431339201333""})"
"(:VERTEX {memory address: ""7f8f3ddd6000"",size: ""800000"",subtype: ""memory"",tgid: ""146615"",source: ""syscall"",type: ""Artifact"",version: ""0"",hash: ""1e86e593a0a18239ba6f13a59008eed7""})"
"(:VERTEX {gid: ""0"",euid: ""999"",children pid namespace: ""4026532779"",start time: ""1690978559.061"",ns pid: ""11287"",pid: ""146623"",source: ""syscall"",type: ""Process"",net namespace: ""4026532705"",ipc namespace: ""4026532772"",ppid: ""146615"",pid namespace: ""4026532779"",cwd: ""/"",uid: ""999"",egid: ""0"",exe: ""/usr/bin/check-status"",mount namespace: ""4026532778"",command line: ""/usr/bin/check-status -l"",name: ""check-status"",hash: ""e4a561e92faccd8d47f8fff15abd7362"",user namespace: ""4026531837""})"
"(:VERTEX {memory address: ""7f8f35dd5000"",size: ""8000000"",subtype: ""memory"",tgid: ""146615"",source: ""syscall"",type: ""Artifact"",version: ""0"",hash: ""f4765f45af3156a01144f4fbe488b87a""})"
"(:VERTEX {memory address: ""7f8f38000000"",size: ""21000"",subtype: ""memory"",tgid: ""146615"",source: ""syscall"",type: ""Artifact"",version: ""0"",hash: ""72cb6d86a6aeb5ec38a639cca7fae4c2""})"
"(:VERTEX {memory address: ""7f8f3d5d4000"",size: ""801000"",subtype: ""memory"",tgid: ""146615"",source: ""syscall"",type: ""Artifact"",version: ""0"",hash: ""d453607898849835cf2c75f6f3468289""})"
"(:VERTEX {memory address: ""7f8f3d5d5000"",size: ""800000"",subtype: ""memory"",tgid: ""146615"",source: ""syscall"",type: ""Artifact"",version: ""0"",hash: ""bb3ec8946f09b64e6e9dc8077249207b""})"
"(:VERTEX {gid: ""0"",euid: ""999"",children pid namespace: ""4026532779"",start time: ""1690978559.065"",ns pid: ""11288"",pid: ""146624"",source: ""syscall"",type: ""Process"",net namespace: ""4026532705"",ipc namespace: ""4026532772"",ppid: ""146615"",pid namespace: ""4026532779"",cwd: ""/"",uid: ""999"",egid: ""0"",exe: ""/usr/bin/check-status"",mount namespace: ""4026532778"",command line: ""/usr/bin/check-status -l"",name: ""check-status"",hash: ""c2a7211d7a118022068a87a57b4e3457"",user namespace: ""4026531837""})"
"(:VERTEX {memory address: ""7f8f3cdd3000"",size: ""801000"",subtype: ""memory"",tgid: ""146615"",source: ""syscall"",type: ""Artifact"",version: ""0"",hash: ""39fe691e51066fa87ab5126cbca69d75""})"
"(:VERTEX {memory address: ""7f8f30000000"",size: ""8000000"",subtype: ""memory"",tgid: ""146615"",source: ""syscall"",type: ""Artifact"",version: ""0"",hash: ""e73c0d9ed73a8d06fbbd8c1696d72f14""})"
"(:VERTEX {memory address: ""7f8f3cdd4000"",size: ""800000"",subtype: ""memory"",tgid: ""146615"",source: ""syscall"",type: ""Artifact"",version: ""0"",hash: ""a48f276ff2a4b2b1636142c2a5ddba3c""})"
"(:VERTEX {memory address: ""7f8f30000000"",size: ""21000"",subtype: ""memory"",tgid: ""146615"",source: ""syscall"",type: ""Artifact"",version: ""0"",hash: ""f041841c860d6ad2d7af9756d7e26cbd""})"
"(:VERTEX {memory address: ""7f8f65735000"",size: ""40000"",subtype: ""memory"",tgid: ""146615"",source: ""syscall"",type: ""Artifact"",version: ""0"",hash: ""6e9a33beda58993601103b2f13cef5eb""})"
"(:VERTEX {gid: ""0"",euid: ""999"",children pid namespace: ""4026532779"",start time: ""1690978559.065"",ns pid: ""11289"",pid: ""146625"",source: ""syscall"",type: ""Process"",net namespace: ""4026532705"",ipc namespace: ""4026532772"",ppid: ""146615"",pid namespace: ""4026532779"",cwd: ""/"",uid: ""999"",egid: ""0"",exe: ""/usr/bin/check-status"",mount namespace: ""4026532778"",command line: ""/usr/bin/check-status -l"",name: ""check-status"",hash: ""6f2d5c2b40f849cdcbc49bf383beb823"",user namespace: ""4026531837""})"
"(:VERTEX {memory address: ""7f8f3c5d2000"",size: ""801000"",subtype: ""memory"",tgid: ""146615"",source: ""syscall"",type: ""Artifact"",version: ""0"",hash: ""613cab07968f24461d1976d38384f421""})"
"(:VERTEX {memory address: ""7f8f3c5d3000"",size: ""800000"",subtype: ""memory"",tgid: ""146615"",source: ""syscall"",type: ""Artifact"",version: ""0"",hash: ""8f1607ac326e3b8c99aa2e78be2dfbe6""})"
"(:VERTEX {gid: ""0"",euid: ""999"",children pid namespace: ""4026532779"",start time: ""1690978559.065"",ns pid: ""11290"",pid: ""146626"",source: ""syscall"",type: ""Process"",net namespace: ""4026532705"",ipc namespace: ""4026532772"",ppid: ""146615"",pid namespace: ""4026532779"",cwd: ""/"",uid: ""999"",egid: ""0"",exe: ""/usr/bin/check-status"",mount namespace: ""4026532778"",command line: ""/usr/bin/check-status -l"",name: ""check-status"",hash: ""897704f3cfd2a74ccc429e0a97224351"",user namespace: ""4026531837""})"
"(:VERTEX {memory address: ""7f8f34000000"",size: ""4000000"",subtype: ""memory"",tgid: ""146615"",source: ""syscall"",type: ""Artifact"",version: ""0"",hash: ""49d969dbc0360671114f3205c8a4b149""})"
"(:VERTEX {memory address: ""7f8f34000000"",size: ""21000"",subtype: ""memory"",tgid: ""146615"",source: ""syscall"",type: ""Artifact"",version: ""0"",hash: ""46e691de6d037036480fd8ad3736fc4a""})"
"(:VERTEX {memory address: ""7f8f2f7ff000"",size: ""801000"",subtype: ""memory"",tgid: ""146615"",source: ""syscall"",type: ""Artifact"",version: ""0"",hash: ""97f6583db9760a0f55e91e93bd6e6ca8""})"
"(:VERTEX {memory address: ""7f8f2f800000"",size: ""800000"",subtype: ""memory"",tgid: ""146615"",source: ""syscall"",type: ""Artifact"",version: ""0"",hash: ""638f12b8df34caeccb98815f7bd634cf""})"
"(:VERTEX {gid: ""0"",euid: ""999"",children pid namespace: ""4026532779"",start time: ""1690978559.065"",ns pid: ""11291"",pid: ""146627"",source: ""syscall"",type: ""Process"",net namespace: ""4026532705"",ipc namespace: ""4026532772"",ppid: ""146615"",pid namespace: ""4026532779"",cwd: ""/"",uid: ""999"",egid: ""0"",exe: ""/usr/bin/check-status"",mount namespace: ""4026532778"",command line: ""/usr/bin/check-status -l"",name: ""check-status"",hash: ""2bad655d575a7aad5c6e6d94d35cbc4f"",user namespace: ""4026531837""})"
"(:VERTEX {memory address: ""7f8f277ff000"",size: ""8000000"",subtype: ""memory"",tgid: ""146615"",source: ""syscall"",type: ""Artifact"",version: ""0"",hash: ""fb9aa5ec53df73c110de4cdec20ed87e""})"
"(:VERTEX {memory address: ""7f8f20000000"",size: ""8000000"",subtype: ""memory"",tgid: ""146615"",source: ""syscall"",type: ""Artifact"",version: ""0"",hash: ""8c54e4ea94f90eda2f5327018e0eac42""})"
"(:VERTEX {memory address: ""7f8f28000000"",size: ""21000"",subtype: ""memory"",tgid: ""146615"",source: ""syscall"",type: ""Artifact"",version: ""0"",hash: ""561701250568514fa8ca8b1cb0e72fec""})"
"(:VERTEX {memory address: ""7f8f20000000"",size: ""21000"",subtype: ""memory"",tgid: ""146615"",source: ""syscall"",type: ""Artifact"",version: ""0"",hash: ""30fcb4619414bd15742349d1672df05a""})"
"(:VERTEX {memory address: ""7f8f2effe000"",size: ""801000"",subtype: ""memory"",tgid: ""146615"",source: ""syscall"",type: ""Artifact"",version: ""0"",hash: ""7c37b21c2c236d2fe7499b0f7065778e""})"
"(:VERTEX {memory address: ""7f8f2efff000"",size: ""800000"",subtype: ""memory"",tgid: ""146615"",source: ""syscall"",type: ""Artifact"",version: ""0"",hash: ""439645ebddce1634c22699e1b3a1750e""})"
"(:VERTEX {gid: ""0"",euid: ""999"",children pid namespace: ""4026532779"",start time: ""1690978559.065"",ns pid: ""11292"",pid: ""146628"",source: ""syscall"",type: ""Process"",net namespace: ""4026532705"",ipc namespace: ""4026532772"",ppid: ""146615"",pid namespace: ""4026532779"",cwd: ""/"",uid: ""999"",egid: ""0"",exe: ""/usr/bin/check-status"",mount namespace: ""4026532778"",command line: ""/usr/bin/check-status -l"",name: ""check-status"",hash: ""e11309b45d4c55b1add4480791a62516"",user namespace: ""4026531837""})"
"(:VERTEX {memory address: ""7f8f24000000"",size: ""4000000"",subtype: ""memory"",tgid: ""146615"",source: ""syscall"",type: ""Artifact"",version: ""0"",hash: ""ded70b4e303202c0ff26f79034f8321b""})"
"(:VERTEX {memory address: ""7f8f24000000"",size: ""21000"",subtype: ""memory"",tgid: ""146615"",source: ""syscall"",type: ""Artifact"",version: ""0"",hash: ""9ffe0361f4511aff3cf68f83865c2856""})"
"(:VERTEX {memory address: ""7f0288137000"",size: ""4000"",subtype: ""memory"",tgid: ""146710"",source: ""syscall"",type: ""Artifact"",version: ""0"",hash: ""d5a2cfde8c88c1523c125b17898f46b2""})"
"(:VERTEX {gid: ""1000"",euid: ""1000"",children pid namespace: ""-1"",pid: ""146710"",seen time: ""1690978561.009"",source: ""syscall"",type: ""Process"",net namespace: ""-1"",ipc namespace: ""-1"",ppid: ""59971"",pid namespace: ""-1"",uid: ""1000"",egid: ""1000"",exe: ""/usr/local/bin/redis-server"",mount namespace: ""-1"",name: ""redis-server"",hash: ""37256f81a135d0acba1b0b5456b53979"",user namespace: ""-1""})"
"(:VERTEX {path: ""/data/temp-21.rdb"",subtype: ""file"",permissions: ""0600"",epoch: ""0"",source: ""syscall"",type: ""Artifact"",version: ""0"",hash: ""38901cfd67626e643ec499ed8616c310""})"
"(:VERTEX {path: ""/proc/146710/smaps"",subtype: ""file"",permissions: ""0444"",epoch: ""0"",source: ""syscall"",type: ""Artifact"",version: ""0"",hash: ""15455f29ec3378d9ee46a8c660858c71""})"
"(:VERTEX {path: ""/data/dump.rdb"",subtype: ""file"",permissions: ""0600"",epoch: ""0"",source: ""syscall"",type: ""Artifact"",version: ""0"",hash: ""c7c6ae03002f67700ef48b9876434bdd""})"
"(:VERTEX {path: ""/data"",subtype: ""directory"",permissions: ""2777"",epoch: ""0"",source: ""syscall"",type: ""Artifact"",version: ""0"",hash: ""ac1c9023ecfceb616c24bb7cb58e13aa""})"
"(:VERTEX {remote port: ""50070"",epoch: ""0"",source: ""syscall"",type: ""Artifact"",version: ""0"",local port: ""8080"",net namespace: ""-1"",local address: ""0000:0000:0000:0000:0000:0000:0000:0000"",protocol: ""tcp"",subtype: ""network socket"",remote address: ""0000:0000:0000:0000:0000:FFFF:C0A8:2F80"",hash: ""b419db0f6bbe31bf0c86ee08bc7ff0ac""})"
"(:VERTEX {remote port: ""40660"",epoch: ""0"",source: ""syscall"",type: ""Artifact"",version: ""0"",local port: ""50051"",net namespace: ""-1"",local address: ""0000:0000:0000:0000:0000:0000:0000:0000"",protocol: ""tcp"",subtype: ""network socket"",remote address: ""0000:0000:0000:0000:0000:FFFF:C0A8:2F80"",hash: ""7367136f5d7eda68cedc7d75f2269f55""})"
"(:VERTEX {remote port: ""50086"",epoch: ""0"",source: ""syscall"",type: ""Artifact"",version: ""0"",local port: ""8080"",net namespace: ""-1"",local address: ""0000:0000:0000:0000:0000:0000:0000:0000"",protocol: ""tcp"",subtype: ""network socket"",remote address: ""0000:0000:0000:0000:0000:FFFF:C0A8:2F80"",hash: ""158dd021df90d70da46dc666124c1164""})"
"(:VERTEX {remote port: ""47564"",epoch: ""0"",source: ""syscall"",type: ""Artifact"",version: ""0"",local port: ""7000"",net namespace: ""-1"",local address: ""0000:0000:0000:0000:0000:0000:0000:0000"",protocol: ""tcp"",subtype: ""network socket"",remote address: ""0000:0000:0000:0000:0000:FFFF:C0A8:2F80"",hash: ""c7ca39789ad49830dc801aad27055f32""})"
"(:VERTEX {remote port: ""47568"",epoch: ""0"",source: ""syscall"",type: ""Artifact"",version: ""0"",local port: ""7000"",net namespace: ""-1"",local address: ""0000:0000:0000:0000:0000:0000:0000:0000"",protocol: ""tcp"",subtype: ""network socket"",remote address: ""0000:0000:0000:0000:0000:FFFF:C0A8:2F80"",hash: ""065b36f7355effe4e980e32f40ea33e0""})"
"(:VERTEX {remote port: ""41784"",epoch: ""0"",source: ""syscall"",type: ""Artifact"",version: ""0"",local port: ""6379"",net namespace: ""-1"",local address: ""0.0.0.0"",protocol: ""tcp"",subtype: ""network socket"",remote address: ""192.168.47.128"",hash: ""d09e5ba11de2b5f846572332034641c2""})"
"(:VERTEX {remote port: ""57950"",epoch: ""0"",source: ""syscall"",type: ""Artifact"",version: ""0"",local port: ""5050"",net namespace: ""-1"",local address: ""0000:0000:0000:0000:0000:0000:0000:0000"",protocol: ""tcp"",subtype: ""network socket"",remote address: ""0000:0000:0000:0000:0000:FFFF:C0A8:2F80"",hash: ""6ce6cc76de675c041ecd49a63f157f60""})"
"(:VERTEX {remote port: ""57952"",epoch: ""0"",source: ""syscall"",type: ""Artifact"",version: ""0"",local port: ""5050"",net namespace: ""-1"",local address: ""0000:0000:0000:0000:0000:0000:0000:0000"",protocol: ""tcp"",subtype: ""network socket"",remote address: ""0000:0000:0000:0000:0000:FFFF:C0A8:2F80"",hash: ""bbe83bcb9745aa5a280f224f3ad72b95""})"
"(:VERTEX {remote port: ""41796"",epoch: ""0"",source: ""syscall"",type: ""Artifact"",version: ""0"",local port: ""6379"",net namespace: ""-1"",local address: ""0.0.0.0"",protocol: ""tcp"",subtype: ""network socket"",remote address: ""192.168.47.128"",hash: ""bcfd073e78d8bc9bb849cdfb6dcc9b40""})"
"(:VERTEX {remote port: ""42110"",epoch: ""0"",source: ""syscall"",type: ""Artifact"",version: ""0"",local port: ""8080"",net namespace: ""-1"",local address: ""0000:0000:0000:0000:0000:0000:0000:0000"",protocol: ""tcp"",subtype: ""network socket"",remote address: ""0000:0000:0000:0000:0000:FFFF:C0A8:2F80"",hash: ""a96bc680273b78952ebad8f5fdde7fa6""})"
"(:VERTEX {remote port: ""42116"",epoch: ""0"",source: ""syscall"",type: ""Artifact"",version: ""0"",local port: ""8080"",net namespace: ""-1"",local address: ""0000:0000:0000:0000:0000:0000:0000:0000"",protocol: ""tcp"",subtype: ""network socket"",remote address: ""0000:0000:0000:0000:0000:FFFF:C0A8:2F80"",hash: ""6bc1ed3c73085c41e935943d4f60da61""})"
"(:VERTEX {remote port: ""60156"",epoch: ""0"",source: ""syscall"",type: ""Artifact"",version: ""0"",local port: ""50051"",net namespace: ""-1"",local address: ""0000:0000:0000:0000:0000:0000:0000:0000"",protocol: ""tcp"",subtype: ""network socket"",remote address: ""0000:0000:0000:0000:0000:FFFF:C0A8:2F80"",hash: ""dfa38c7dc6f2e68af66cb2d309f37fa0""})"
"(:VERTEX {remote port: ""60158"",epoch: ""0"",source: ""syscall"",type: ""Artifact"",version: ""0"",local port: ""50051"",net namespace: ""-1"",local address: ""0000:0000:0000:0000:0000:0000:0000:0000"",protocol: ""tcp"",subtype: ""network socket"",remote address: ""0000:0000:0000:0000:0000:FFFF:C0A8:2F80"",hash: ""3f1a0c0d3387b4fdba6d498b1e1aacbc""})"
"(:VERTEX {remote port: ""50742"",epoch: ""0"",source: ""syscall"",type: ""Artifact"",version: ""0"",local port: ""7070"",net namespace: ""4026533266"",local address: ""0000:0000:0000:0000:0000:0000:0000:0000"",protocol: ""tcp"",subtype: ""network socket"",remote address: ""0000:0000:0000:0000:0000:FFFF:C0A8:2F80"",hash: ""28c1d73c66584950119a2cebe077d51e""})"
"(:VERTEX {remote port: ""50754"",epoch: ""0"",source: ""syscall"",type: ""Artifact"",version: ""0"",local port: ""7070"",net namespace: ""4026533266"",local address: ""0000:0000:0000:0000:0000:0000:0000:0000"",protocol: ""tcp"",subtype: ""network socket"",remote address: ""0000:0000:0000:0000:0000:FFFF:C0A8:2F80"",hash: ""0b45a3e5c99beaa1e35d1dfb914e85cb""})"
"(:VERTEX {remote port: ""44260"",epoch: ""0"",source: ""syscall"",type: ""Artifact"",version: ""0"",local port: ""3550"",net namespace: ""-1"",local address: ""0000:0000:0000:0000:0000:0000:0000:0000"",protocol: ""tcp"",subtype: ""network socket"",remote address: ""0000:0000:0000:0000:0000:FFFF:C0A8:2F80"",hash: ""b19a5edd07ceaa01e6a6635971b336a9""})"
"(:VERTEX {gid: ""1000"",euid: ""1000"",children pid namespace: ""-1"",pid: ""61631"",seen time: ""1690978412.919"",source: ""syscall"",type: ""Process"",net namespace: ""-1"",ipc namespace: ""-1"",ppid: ""59160"",pid namespace: ""-1"",uid: ""1000"",egid: ""1000"",mount namespace: ""-1"",name: ""server"",hash: ""75a0c2fc751116dd4ef2c6ccb732ee5f"",user namespace: ""-1""})"
"(:VERTEX {remote port: ""49786"",epoch: ""0"",source: ""syscall"",type: ""Artifact"",version: ""0"",local port: ""8080"",net namespace: ""-1"",local address: ""0000:0000:0000:0000:0000:0000:0000:0000"",protocol: ""tcp"",subtype: ""network socket"",remote address: ""0000:0000:0000:0000:0000:FFFF:C0A8:2F80"",hash: ""b82e23e0a9e7c8c7306cd6eb7815ead5""})"
"(:VERTEX {remote port: ""49794"",epoch: ""0"",source: ""syscall"",type: ""Artifact"",version: ""0"",local port: ""8080"",net namespace: ""-1"",local address: ""0000:0000:0000:0000:0000:0000:0000:0000"",protocol: ""tcp"",subtype: ""network socket"",remote address: ""0000:0000:0000:0000:0000:FFFF:C0A8:2F80"",hash: ""d0a1220396b1ee51fbd6a1f66c6cff70""})"
"(:VERTEX {remote port: ""44270"",epoch: ""0"",source: ""syscall"",type: ""Artifact"",version: ""0"",local port: ""3550"",net namespace: ""-1"",local address: ""0000:0000:0000:0000:0000:0000:0000:0000"",protocol: ""tcp"",subtype: ""network socket"",remote address: ""0000:0000:0000:0000:0000:FFFF:C0A8:2F80"",hash: ""3a9c3552d02e0c0db23fcccf65b169df""})"
"(:VERTEX {remote port: ""53"",epoch: ""0"",source: ""syscall"",type: ""Artifact"",version: ""0"",local port: ""49130"",net namespace: ""-1"",local address: ""10.1.251.204"",protocol: ""udp"",subtype: ""network socket"",remote address: ""10.152.183.10"",hash: ""0c78764f9f9a34f6ea69819516357100""})"
"(:VERTEX {remote port: ""53"",epoch: ""0"",source: ""syscall"",type: ""Artifact"",version: ""0"",local port: ""41107"",net namespace: ""-1"",local address: ""10.1.251.204"",protocol: ""udp"",subtype: ""network socket"",remote address: ""10.152.183.10"",hash: ""436ce2e7c2240ce0ea12f974debdfb64""})"
"(:VERTEX {remote port: ""53"",epoch: ""0"",source: ""syscall"",type: ""Artifact"",version: ""0"",local port: ""52262"",net namespace: ""-1"",local address: ""10.1.251.204"",protocol: ""udp"",subtype: ""network socket"",remote address: ""10.152.183.10"",hash: ""e6ce84a483b5ec45fb15bc7006b14e91""})"
"(:VERTEX {remote port: ""53"",epoch: ""0"",source: ""syscall"",type: ""Artifact"",version: ""0"",local port: ""43721"",net namespace: ""-1"",local address: ""10.1.251.204"",protocol: ""udp"",subtype: ""network socket"",remote address: ""10.152.183.10"",hash: ""f1b4307abc6ca9565869ec336eb072bc""})"
"(:VERTEX {gid: ""0"",euid: ""999"",children pid namespace: ""-1"",pid: ""146847"",seen time: ""1690978566.891"",source: ""syscall"",type: ""Process"",net namespace: ""-1"",ipc namespace: ""-1"",ppid: ""146838"",pid namespace: ""-1"",uid: ""999"",egid: ""0"",exe: ""/"",mount namespace: ""-1"",name: ""runc:[2:INIT]"",hash: ""9ce9b4712e643cc1f127904179eca037"",user namespace: ""-1""})"
"(:VERTEX {path: ""/proc/146847/attr/apparmor/exec"",subtype: ""file"",permissions: ""0666"",epoch: ""0"",source: ""syscall"",type: ""Artifact"",version: ""0"",hash: ""37d698e7e8864faa54fc10499d8bb9bb""})"
"(:VERTEX {gid: ""0"",euid: ""999"",children pid namespace: ""-1"",start time: ""1690978566.891"",pid: ""146847"",source: ""syscall"",type: ""Process"",net namespace: ""-1"",ipc namespace: ""-1"",ppid: ""146838"",pid namespace: ""-1"",cwd: ""/"",uid: ""999"",egid: ""0"",exe: ""/usr/bin/check-status"",mount namespace: ""-1"",command line: ""/usr/bin/check-status -r"",name: ""check-status"",hash: ""e8c5d3db20cc5ec362921a95a97d3a70"",user namespace: ""-1""})"
"(:VERTEX {memory address: ""7ff945d79000"",size: ""2000"",subtype: ""memory"",tgid: ""146847"",source: ""syscall"",type: ""Artifact"",version: ""0"",hash: ""c3d20f4ed874f3ce9be4625984d8872b""})"
"(:VERTEX {memory address: ""7ff94592e000"",size: ""21f4c0"",subtype: ""memory"",tgid: ""146847"",source: ""syscall"",type: ""Artifact"",version: ""0"",hash: ""9df116aec7acd6830ffb3d5cabc08cdf""})"
"(:VERTEX {memory address: ""7ff945949000"",size: ""1ff000"",subtype: ""memory"",tgid: ""146847"",source: ""syscall"",type: ""Artifact"",version: ""0"",hash: ""9519e7c6e1f3e86f6a8bcbfd8341ef29""})"
"(:VERTEX {memory address: ""7ff945b48000"",size: ""2000"",subtype: ""memory"",tgid: ""146847"",source: ""syscall"",type: ""Artifact"",version: ""0"",hash: ""2743988dca3f4f269a8976cbdabc8068""})"
"(:VERTEX {memory address: ""7ff945b4a000"",size: ""34c0"",subtype: ""memory"",tgid: ""146847"",source: ""syscall"",type: ""Artifact"",version: ""0"",hash: ""dd9ff8d4640c915fbc98875a084b422c""})"
"(:VERTEX {memory address: ""7ff945568000"",size: ""3c58c0"",subtype: ""memory"",tgid: ""146847"",source: ""syscall"",type: ""Artifact"",version: ""0"",hash: ""a9ad902faecc480a19840c398506d09b""})"
"(:VERTEX {memory address: ""7ff945724000"",size: ""200000"",subtype: ""memory"",tgid: ""146847"",source: ""syscall"",type: ""Artifact"",version: ""0"",hash: ""0165f08cfb7f23982273d0d2131f5195""})"
"(:VERTEX {memory address: ""7ff945924000"",size: ""6000"",subtype: ""memory"",tgid: ""146847"",source: ""syscall"",type: ""Artifact"",version: ""0"",hash: ""8e5054537619914359e1b3c04234093f""})"
"(:VERTEX {memory address: ""7ff94592a000"",size: ""38c0"",subtype: ""memory"",tgid: ""146847"",source: ""syscall"",type: ""Artifact"",version: ""0"",hash: ""35c8e77b56a3069a738462cf415fbb0d""})"
"(:VERTEX {memory address: ""7ff945d76000"",size: ""3000"",subtype: ""memory"",tgid: ""146847"",source: ""syscall"",type: ""Artifact"",version: ""0"",hash: ""9a5fc8020a26fc1cd5a14a8688f7b7be""})"
"(:VERTEX {memory address: ""7ff945924000"",size: ""4000"",subtype: ""memory"",tgid: ""146847"",source: ""syscall"",type: ""Artifact"",version: ""0"",hash: ""8071ce20d359d90f6ef7d5d1ee5fdd97""})"
"(:VERTEX {memory address: ""7ff945b48000"",size: ""1000"",subtype: ""memory"",tgid: ""146847"",source: ""syscall"",type: ""Artifact"",version: ""0"",hash: ""176bb04409cf911de09ee9d2c44ceb95""})"
"(:VERTEX {memory address: ""7ff945d7b000"",size: ""1000"",subtype: ""memory"",tgid: ""146847"",source: ""syscall"",type: ""Artifact"",version: ""0"",hash: ""dc3be9c469d0a5824a86b4397ae78d85""})"
"(:VERTEX {memory address: ""7ff945d36000"",size: ""40000"",subtype: ""memory"",tgid: ""146847"",source: ""syscall"",type: ""Artifact"",version: ""0"",hash: ""297e7c6fea2db9bfb6ca75e43a749846""})"
"(:VERTEX {memory address: ""7ff945d16000"",size: ""20000"",subtype: ""memory"",tgid: ""146847"",source: ""syscall"",type: ""Artifact"",version: ""0"",hash: ""171d8e33c537d09191f78a2f56e45701""})"
"(:VERTEX {memory address: ""7ff945c16000"",size: ""100000"",subtype: ""memory"",tgid: ""146847"",source: ""syscall"",type: ""Artifact"",version: ""0"",hash: ""0c6f179671df57e0968956e80fdfdcc6""})"
"(:VERTEX {memory address: ""7ff944d68000"",size: ""800000"",subtype: ""memory"",tgid: ""146847"",source: ""syscall"",type: ""Artifact"",version: ""0"",hash: ""08a65d6f6a07abe221a3e93bd84e1d6a""})"
"(:VERTEX {memory address: ""7ff940d68000"",size: ""4000000"",subtype: ""memory"",tgid: ""146847"",source: ""syscall"",type: ""Artifact"",version: ""0"",hash: ""ac8da28ddb343ee07f69159ed85e3bfd""})"
"(:VERTEX {memory address: ""7ff920d68000"",size: ""20000000"",subtype: ""memory"",tgid: ""146847"",source: ""syscall"",type: ""Artifact"",version: ""0"",hash: ""015a3885a1a1f37b2c2b5698229a7dd6""})"
"(:VERTEX {memory address: ""c000000000"",size: ""4000000"",subtype: ""memory"",tgid: ""146847"",source: ""syscall"",type: ""Artifact"",version: ""0"",hash: ""895a17cb4683e03773f6800139205ce2""})"
"(:VERTEX {memory address: ""7ff91ed68000"",size: ""2000000"",subtype: ""memory"",tgid: ""146847"",source: ""syscall"",type: ""Artifact"",version: ""0"",hash: ""f41f5f298eff85048b42b8112504a9ea""})"
"(:VERTEX {memory address: ""7ff91eb57000"",size: ""210c10"",subtype: ""memory"",tgid: ""146847"",source: ""syscall"",type: ""Artifact"",version: ""0"",hash: ""dd455b793c516d98662e0df16cfa08c4""})"
"(:VERTEX {memory address: ""c000000000"",size: ""400000"",subtype: ""memory"",tgid: ""146847"",source: ""syscall"",type: ""Artifact"",version: ""0"",hash: ""b0d670042223500055cce5fa43353053""})"
"(:VERTEX {memory address: ""7ff945d16000"",size: ""20000"",subtype: ""memory"",tgid: ""146847"",source: ""syscall"",type: ""Artifact"",version: ""1"",hash: ""ba9df052e39121bbd91c2465dbad67ac""})"
"(:VERTEX {memory address: ""7ff945c96000"",size: ""1000"",subtype: ""memory"",tgid: ""146847"",source: ""syscall"",type: ""Artifact"",version: ""0"",hash: ""b46ecc3ef55f05d693c0b82053a758dc""})"
"(:VERTEX {memory address: ""7ff94516e000"",size: ""1000"",subtype: ""memory"",tgid: ""146847"",source: ""syscall"",type: ""Artifact"",version: ""0"",hash: ""0a935fd657825ec57d91e864b222666b""})"
"(:VERTEX {memory address: ""7ff942d98000"",size: ""1000"",subtype: ""memory"",tgid: ""146847"",source: ""syscall"",type: ""Artifact"",version: ""0"",hash: ""ca8ee6a68da16258f2848c6c5a68dcc6""})"
"(:VERTEX {memory address: ""7ff930ee8000"",size: ""1000"",subtype: ""memory"",tgid: ""146847"",source: ""syscall"",type: ""Artifact"",version: ""0"",hash: ""da2ce048c120a3a25f5328f8344eb2c5""})"
"(:VERTEX {memory address: ""7ff91ea57000"",size: ""100000"",subtype: ""memory"",tgid: ""146847"",source: ""syscall"",type: ""Artifact"",version: ""0"",hash: ""b6e82a0fb25c0e154f5d3f4c289ecc97""})"
"(:VERTEX {memory address: ""7ff945c06000"",size: ""10000"",subtype: ""memory"",tgid: ""146847"",source: ""syscall"",type: ""Artifact"",version: ""0"",hash: ""092d4989615c29595ba2f59d339f1508""})"
"(:VERTEX {memory address: ""7ff945bf6000"",size: ""10000"",subtype: ""memory"",tgid: ""146847"",source: ""syscall"",type: ""Artifact"",version: ""0"",hash: ""603eaec0f34a4747120ff8d58f259b1a""})"
"(:VERTEX {memory address: ""7ff91e256000"",size: ""801000"",subtype: ""memory"",tgid: ""146847"",source: ""syscall"",type: ""Artifact"",version: ""0"",hash: ""afce2232ee751b5f435ed42ee428631f""})"
"(:VERTEX {memory address: ""7ff91e257000"",size: ""800000"",subtype: ""memory"",tgid: ""146847"",source: ""syscall"",type: ""Artifact"",version: ""0"",hash: ""3b72e2090b009a500cbbab5b80af4379""})"
"(:VERTEX {gid: ""0"",euid: ""999"",children pid namespace: ""4026532779"",start time: ""1690978566.899"",ns pid: ""11298"",pid: ""146852"",source: ""syscall"",type: ""Process"",net namespace: ""4026532705"",ipc namespace: ""4026532772"",ppid: ""146847"",pid namespace: ""4026532779"",cwd: ""/"",uid: ""999"",egid: ""0"",exe: ""/usr/bin/check-status"",mount namespace: ""4026532778"",command line: ""/usr/bin/check-status -r"",name: ""check-status"",hash: ""cf5fb848065fd825f65c0a2b95cbc1a6"",user namespace: ""4026531837""})"
"(:VERTEX {memory address: ""7ff91da55000"",size: ""801000"",subtype: ""memory"",tgid: ""146847"",source: ""syscall"",type: ""Artifact"",version: ""0"",hash: ""d065e538b1b7556acc8cdd61be94ae61""})"
"(:VERTEX {memory address: ""7ff91da56000"",size: ""800000"",subtype: ""memory"",tgid: ""146847"",source: ""syscall"",type: ""Artifact"",version: ""0"",hash: ""9659bf6055cc09c7ff8a267835e59066""})"
"(:VERTEX {memory address: ""7ff915a55000"",size: ""8000000"",subtype: ""memory"",tgid: ""146847"",source: ""syscall"",type: ""Artifact"",version: ""0"",hash: ""3a5662fd7541ed1133c8c11ffd3e218c""})"
"(:VERTEX {memory address: ""7ff918000000"",size: ""21000"",subtype: ""memory"",tgid: ""146847"",source: ""syscall"",type: ""Artifact"",version: ""0"",hash: ""c669ef537531fb8127e3578573fb3900""})"
"(:VERTEX {gid: ""0"",euid: ""999"",children pid namespace: ""4026532779"",start time: ""1690978566.899"",ns pid: ""11299"",pid: ""146853"",source: ""syscall"",type: ""Process"",net namespace: ""4026532705"",ipc namespace: ""4026532772"",ppid: ""146847"",pid namespace: ""4026532779"",cwd: ""/"",uid: ""999"",egid: ""0"",exe: ""/usr/bin/check-status"",mount namespace: ""4026532778"",command line: ""/usr/bin/check-status -r"",name: ""check-status"",hash: ""b41c30272bdb624a425acd3bf1c55b16"",user namespace: ""4026531837""})"
"(:VERTEX {memory address: ""7ff910000000"",size: ""8000000"",subtype: ""memory"",tgid: ""146847"",source: ""syscall"",type: ""Artifact"",version: ""0"",hash: ""9568748c4f847e1043297c12f4553a02""})"
"(:VERTEX {memory address: ""7ff910000000"",size: ""21000"",subtype: ""memory"",tgid: ""146847"",source: ""syscall"",type: ""Artifact"",version: ""0"",hash: ""6e72c47e02275f2f15a6fd542b54c992""})"
"(:VERTEX {memory address: ""7ff91d254000"",size: ""801000"",subtype: ""memory"",tgid: ""146847"",source: ""syscall"",type: ""Artifact"",version: ""0"",hash: ""c1576b2e91a4d3b1b148bd41ca9ba062""})"
"(:VERTEX {memory address: ""7ff91d255000"",size: ""800000"",subtype: ""memory"",tgid: ""146847"",source: ""syscall"",type: ""Artifact"",version: ""0"",hash: ""1139d1c307dc0e1e5fc991bf8d1282db""})"
"(:VERTEX {memory address: ""7ff945bb6000"",size: ""40000"",subtype: ""memory"",tgid: ""146847"",source: ""syscall"",type: ""Artifact"",version: ""0"",hash: ""eb1658bcf28788ec028cbfac574d9068""})"
"(:VERTEX {gid: ""0"",euid: ""999"",children pid namespace: ""4026532779"",start time: ""1690978566.899"",ns pid: ""11300"",pid: ""146854"",source: ""syscall"",type: ""Process"",net namespace: ""4026532705"",ipc namespace: ""4026532772"",ppid: ""146847"",pid namespace: ""4026532779"",cwd: ""/"",uid: ""999"",egid: ""0"",exe: ""/usr/bin/check-status"",mount namespace: ""4026532778"",command line: ""/usr/bin/check-status -r"",name: ""check-status"",hash: ""087e0503519008b990ed2e7275ebac22"",user namespace: ""4026531837""})"
"(:VERTEX {memory address: ""7ff91ca53000"",size: ""801000"",subtype: ""memory"",tgid: ""146847"",source: ""syscall"",type: ""Artifact"",version: ""0"",hash: ""8fe6b368de948b7bcfeaf2a27abaeaeb""})"
"(:VERTEX {memory address: ""7ff91ca54000"",size: ""800000"",subtype: ""memory"",tgid: ""146847"",source: ""syscall"",type: ""Artifact"",version: ""0"",hash: ""ba247dd15e7e3018a6ab74b986a3f57a""})"
"(:VERTEX {gid: ""0"",euid: ""999"",children pid namespace: ""4026532779"",start time: ""1690978566.899"",ns pid: ""11301"",pid: ""146855"",source: ""syscall"",type: ""Process"",net namespace: ""4026532705"",ipc namespace: ""4026532772"",ppid: ""146847"",pid namespace: ""4026532779"",cwd: ""/"",uid: ""999"",egid: ""0"",exe: ""/usr/bin/check-status"",mount namespace: ""4026532778"",command line: ""/usr/bin/check-status -r"",name: ""check-status"",hash: ""0f65785ce7fdefc56332745c4ec7275c"",user namespace: ""4026531837""})"
"(:VERTEX {memory address: ""7ff914000000"",size: ""4000000"",subtype: ""memory"",tgid: ""146847"",source: ""syscall"",type: ""Artifact"",version: ""0"",hash: ""4b9e903f193883692bf77c80c7e08016""})"
"(:VERTEX {memory address: ""7ff914000000"",size: ""21000"",subtype: ""memory"",tgid: ""146847"",source: ""syscall"",type: ""Artifact"",version: ""0"",hash: ""4061df6a7a8f810b926ee596cb8449f7""})"
"(:VERTEX {memory address: ""7ff908000000"",size: ""8000000"",subtype: ""memory"",tgid: ""146847"",source: ""syscall"",type: ""Artifact"",version: ""0"",hash: ""f9fc8e7170753543f9a53642e51bd354""})"
"(:VERTEX {memory address: ""7ff908000000"",size: ""21000"",subtype: ""memory"",tgid: ""146847"",source: ""syscall"",type: ""Artifact"",version: ""0"",hash: ""6011875c1ca67734242820d828e8eaab""})"
"(:VERTEX {memory address: ""7ff91c252000"",size: ""801000"",subtype: ""memory"",tgid: ""146847"",source: ""syscall"",type: ""Artifact"",version: ""0"",hash: ""22630d776bdaff753659d22f4c46ba9a""})"
"(:VERTEX {memory address: ""7ff91c253000"",size: ""800000"",subtype: ""memory"",tgid: ""146847"",source: ""syscall"",type: ""Artifact"",version: ""0"",hash: ""beac530017758736b4bba71ffb14662b""})"
"(:VERTEX {gid: ""0"",euid: ""999"",children pid namespace: ""4026532779"",start time: ""1690978566.899"",ns pid: ""11302"",pid: ""146856"",source: ""syscall"",type: ""Process"",net namespace: ""4026532705"",ipc namespace: ""4026532772"",ppid: ""146847"",pid namespace: ""4026532779"",cwd: ""/"",uid: ""999"",egid: ""0"",exe: ""/usr/bin/check-status"",mount namespace: ""4026532778"",command line: ""/usr/bin/check-status -r"",name: ""check-status"",hash: ""84539546e2e67b254f02cf537bded4ec"",user namespace: ""4026531837""})"
"(:VERTEX {memory address: ""7ff90c000000"",size: ""4000000"",subtype: ""memory"",tgid: ""146847"",source: ""syscall"",type: ""Artifact"",version: ""0"",hash: ""cedaa9142263ace67ba136f6ac06fdfa""})"
"(:VERTEX {memory address: ""7ff90c000000"",size: ""21000"",subtype: ""memory"",tgid: ""146847"",source: ""syscall"",type: ""Artifact"",version: ""0"",hash: ""048ee2fe64e7e385ed9054c52bc17503""})"
"(:VERTEX {memory address: ""7ff91c212000"",size: ""40000"",subtype: ""memory"",tgid: ""146847"",source: ""syscall"",type: ""Artifact"",version: ""0"",hash: ""9a3a22d8bda2869ffba22ff8d54425d5""})"
"(:VERTEX {remote port: ""53"",epoch: ""0"",source: ""syscall"",type: ""Artifact"",version: ""0"",local port: ""55130"",net namespace: ""-1"",local address: ""10.1.251.204"",protocol: ""udp"",subtype: ""network socket"",remote address: ""10.152.183.10"",hash: ""69a380a667193a9d223e40191bb8e84f""})"
"(:VERTEX {remote port: ""53"",epoch: ""0"",source: ""syscall"",type: ""Artifact"",version: ""0"",local port: ""54732"",net namespace: ""-1"",local address: ""10.1.251.204"",protocol: ""udp"",subtype: ""network socket"",remote address: ""10.152.183.10"",hash: ""0e89d1e2e1d860284aa5db304bdbad89""})"
"(:VERTEX {remote port: ""35062"",epoch: ""0"",source: ""syscall"",type: ""Artifact"",version: ""0"",local port: ""8080"",net namespace: ""-1"",local address: ""0000:0000:0000:0000:0000:0000:0000:0000"",protocol: ""tcp"",subtype: ""network socket"",remote address: ""0000:0000:0000:0000:0000:FFFF:C0A8:2F80"",hash: ""f0a0413ca0b864eccb35b37be020bad9""})"
"(:VERTEX {remote port: ""35078"",epoch: ""0"",source: ""syscall"",type: ""Artifact"",version: ""0"",local port: ""8080"",net namespace: ""-1"",local address: ""0000:0000:0000:0000:0000:0000:0000:0000"",protocol: ""tcp"",subtype: ""network socket"",remote address: ""0000:0000:0000:0000:0000:FFFF:C0A8:2F80"",hash: ""e6e28ea126bfdc75356deb44d6beb8f3""})"
"(:VERTEX {remote port: ""52448"",epoch: ""0"",source: ""syscall"",type: ""Artifact"",version: ""0"",local port: ""50051"",net namespace: ""-1"",local address: ""0000:0000:0000:0000:0000:0000:0000:0000"",protocol: ""tcp"",subtype: ""network socket"",remote address: ""0000:0000:0000:0000:0000:FFFF:C0A8:2F80"",hash: ""faf40f70d708cdd8b81b6124e1662c10""})"
"(:VERTEX {remote port: ""59844"",epoch: ""0"",source: ""syscall"",type: ""Artifact"",version: ""0"",local port: ""6379"",net namespace: ""-1"",local address: ""0.0.0.0"",protocol: ""tcp"",subtype: ""network socket"",remote address: ""192.168.47.128"",hash: ""d1ee8ece7af6d3e0c8869775b5769eb9""})"
"(:VERTEX {remote port: ""59838"",epoch: ""0"",source: ""syscall"",type: ""Artifact"",version: ""0"",local port: ""6379"",net namespace: ""-1"",local address: ""0.0.0.0"",protocol: ""tcp"",subtype: ""network socket"",remote address: ""192.168.47.128"",hash: ""194bd9205430bf188aca1e08dabf5cda""})"
"(:VERTEX {remote port: ""50950"",epoch: ""0"",source: ""syscall"",type: ""Artifact"",version: ""0"",local port: ""9555"",net namespace: ""-1"",local address: ""0000:0000:0000:0000:0000:0000:0000:0000"",protocol: ""tcp"",subtype: ""network socket"",remote address: ""0000:0000:0000:0000:0000:FFFF:C0A8:2F80"",hash: ""a5c20016e1003720158475c218a2a690""})"
"(:VERTEX {remote port: ""50948"",epoch: ""0"",source: ""syscall"",type: ""Artifact"",version: ""0"",local port: ""9555"",net namespace: ""-1"",local address: ""0000:0000:0000:0000:0000:0000:0000:0000"",protocol: ""tcp"",subtype: ""network socket"",remote address: ""0000:0000:0000:0000:0000:FFFF:C0A8:2F80"",hash: ""d1976de38f24e2e23cabfa8f8641da8f""})"
"(:VERTEX {remote port: ""49790"",epoch: ""0"",source: ""syscall"",type: ""Artifact"",version: ""0"",local port: ""8080"",net namespace: ""-1"",local address: ""0000:0000:0000:0000:0000:0000:0000:0000"",protocol: ""tcp"",subtype: ""network socket"",remote address: ""0000:0000:0000:0000:0000:FFFF:C0A8:2F80"",hash: ""ddf767cd6b961a08243a3536d7b77397""})"
"(:VERTEX {remote port: ""49800"",epoch: ""0"",source: ""syscall"",type: ""Artifact"",version: ""0"",local port: ""8080"",net namespace: ""-1"",local address: ""0000:0000:0000:0000:0000:0000:0000:0000"",protocol: ""tcp"",subtype: ""network socket"",remote address: ""0000:0000:0000:0000:0000:FFFF:C0A8:2F80"",hash: ""8362a9b6ae7066abdf4f347e99a20ca3""})"
"(:VERTEX {gid: ""0"",euid: ""999"",children pid namespace: ""-1"",pid: ""146869"",seen time: ""1690978569.044"",source: ""syscall"",type: ""Process"",net namespace: ""-1"",ipc namespace: ""-1"",ppid: ""146859"",pid namespace: ""-1"",uid: ""999"",egid: ""0"",exe: ""/"",mount namespace: ""-1"",name: ""runc:[2:INIT]"",hash: ""bb3f55d99ae229b667d5b6c7c5cb6d00"",user namespace: ""-1""})"
"(:VERTEX {path: ""/proc/146869/attr/apparmor/exec"",subtype: ""file"",permissions: ""0666"",epoch: ""0"",source: ""syscall"",type: ""Artifact"",version: ""0"",hash: ""7c96107cebf93227ff3c00cbf6828fa7""})"
"(:VERTEX {gid: ""0"",euid: ""999"",children pid namespace: ""-1"",start time: ""1690978569.048"",pid: ""146869"",source: ""syscall"",type: ""Process"",net namespace: ""-1"",ipc namespace: ""-1"",ppid: ""146859"",pid namespace: ""-1"",cwd: ""/"",uid: ""999"",egid: ""0"",exe: ""/usr/bin/check-status"",mount namespace: ""-1"",command line: ""/usr/bin/check-status -l"",name: ""check-status"",hash: ""0da2d7af17f474e0d88bad11a35b1757"",user namespace: ""-1""})"
"(:VERTEX {memory address: ""7f4cde523000"",size: ""2000"",subtype: ""memory"",tgid: ""146869"",source: ""syscall"",type: ""Artifact"",version: ""0"",hash: ""f90bd7f3dca94dbe818b578ec1eeaaf2""})"
"(:VERTEX {memory address: ""7f4cde0d8000"",size: ""21f4c0"",subtype: ""memory"",tgid: ""146869"",source: ""syscall"",type: ""Artifact"",version: ""0"",hash: ""b874af5ed6a724d623af0fa8b6e780d8""})"
"(:VERTEX {memory address: ""7f4cde0f3000"",size: ""1ff000"",subtype: ""memory"",tgid: ""146869"",source: ""syscall"",type: ""Artifact"",version: ""0"",hash: ""392b71e84319080fae430d097762b474""})"
"(:VERTEX {memory address: ""7f4cde2f2000"",size: ""2000"",subtype: ""memory"",tgid: ""146869"",source: ""syscall"",type: ""Artifact"",version: ""0"",hash: ""622bb6388a6432c0c34d0584711d1830""})"
"(:VERTEX {memory address: ""7f4cde2f4000"",size: ""34c0"",subtype: ""memory"",tgid: ""146869"",source: ""syscall"",type: ""Artifact"",version: ""0"",hash: ""152e745650bc6aa6e0d1bf709c00c2e9""})"
"(:VERTEX {memory address: ""7f4cddd12000"",size: ""3c58c0"",subtype: ""memory"",tgid: ""146869"",source: ""syscall"",type: ""Artifact"",version: ""0"",hash: ""1e7af315c7d41591dc35bc60de738726""})"
"(:VERTEX {memory address: ""7f4cddece000"",size: ""200000"",subtype: ""memory"",tgid: ""146869"",source: ""syscall"",type: ""Artifact"",version: ""0"",hash: ""c769bab8f0bb54f17973c535d5af6096""})"
"(:VERTEX {memory address: ""7f4cde0ce000"",size: ""6000"",subtype: ""memory"",tgid: ""146869"",source: ""syscall"",type: ""Artifact"",version: ""0"",hash: ""174adb3d403bb955379d21bf70995701""})"
"(:VERTEX {memory address: ""7f4cde0d4000"",size: ""38c0"",subtype: ""memory"",tgid: ""146869"",source: ""syscall"",type: ""Artifact"",version: ""0"",hash: ""11bc0aca9d51717056adf82bd2b86336""})"
"(:VERTEX {memory address: ""7f4cde520000"",size: ""3000"",subtype: ""memory"",tgid: ""146869"",source: ""syscall"",type: ""Artifact"",version: ""0"",hash: ""be55cef903780951d7da4d574eb727f9""})"
"(:VERTEX {memory address: ""7f4cde0ce000"",size: ""4000"",subtype: ""memory"",tgid: ""146869"",source: ""syscall"",type: ""Artifact"",version: ""0"",hash: ""8c0c89a9167469a11a0d3d4d2f28edc3""})"
"(:VERTEX {memory address: ""7f4cde2f2000"",size: ""1000"",subtype: ""memory"",tgid: ""146869"",source: ""syscall"",type: ""Artifact"",version: ""0"",hash: ""717174151631a4f99d218443aec2ce8c""})"
"(:VERTEX {memory address: ""7f4cde525000"",size: ""1000"",subtype: ""memory"",tgid: ""146869"",source: ""syscall"",type: ""Artifact"",version: ""0"",hash: ""bcc845fcad3fd6fac20c70f2201918c8""})"
"(:VERTEX {memory address: ""7f4cde4e0000"",size: ""40000"",subtype: ""memory"",tgid: ""146869"",source: ""syscall"",type: ""Artifact"",version: ""0"",hash: ""a136d73ebe92601b0ce285d37cd360cd""})"
"(:VERTEX {memory address: ""7f4cde4c0000"",size: ""20000"",subtype: ""memory"",tgid: ""146869"",source: ""syscall"",type: ""Artifact"",version: ""0"",hash: ""01373c08cd6ab711837a0bc8acf335d5""})"
"(:VERTEX {memory address: ""7f4cde3c0000"",size: ""100000"",subtype: ""memory"",tgid: ""146869"",source: ""syscall"",type: ""Artifact"",version: ""0"",hash: ""d32a33a5e738458bd202301f4afd5ffc""})"
"(:VERTEX {memory address: ""7f4cdd512000"",size: ""800000"",subtype: ""memory"",tgid: ""146869"",source: ""syscall"",type: ""Artifact"",version: ""0"",hash: ""91d880a216df089ffd5fc6cb13dc419a""})"
"(:VERTEX {memory address: ""7f4cd9512000"",size: ""4000000"",subtype: ""memory"",tgid: ""146869"",source: ""syscall"",type: ""Artifact"",version: ""0"",hash: ""b5f0dbe310c2cdbf04bf0fa5fccc4272""})"
"(:VERTEX {memory address: ""7f4cb9512000"",size: ""20000000"",subtype: ""memory"",tgid: ""146869"",source: ""syscall"",type: ""Artifact"",version: ""0"",hash: ""d4f35e603707cae47aae4356d2a5d91f""})"
"(:VERTEX {memory address: ""c000000000"",size: ""4000000"",subtype: ""memory"",tgid: ""146869"",source: ""syscall"",type: ""Artifact"",version: ""0"",hash: ""ea71ecb7684413b3d52bd3f83defefa9""})"
"(:VERTEX {memory address: ""7f4cb7512000"",size: ""2000000"",subtype: ""memory"",tgid: ""146869"",source: ""syscall"",type: ""Artifact"",version: ""0"",hash: ""fe58051395e3fa3b89e4d61f3e2249d5""})"
"(:VERTEX {memory address: ""7f4cb7301000"",size: ""210c10"",subtype: ""memory"",tgid: ""146869"",source: ""syscall"",type: ""Artifact"",version: ""0"",hash: ""94805b0ee384803001f5aa3f4b047b79""})"
"(:VERTEX {memory address: ""c000000000"",size: ""400000"",subtype: ""memory"",tgid: ""146869"",source: ""syscall"",type: ""Artifact"",version: ""0"",hash: ""9816d54caa93dcb154a9845f6581e770""})"
"(:VERTEX {memory address: ""7f4cde4c0000"",size: ""20000"",subtype: ""memory"",tgid: ""146869"",source: ""syscall"",type: ""Artifact"",version: ""1"",hash: ""9945ba640b8ac200ada62c3ea9cfcf88""})"
"(:VERTEX {memory address: ""7f4cde440000"",size: ""1000"",subtype: ""memory"",tgid: ""146869"",source: ""syscall"",type: ""Artifact"",version: ""0"",hash: ""0be8849bfb6979029da6ad82f323dc10""})"
"(:VERTEX {memory address: ""7f4cdd918000"",size: ""1000"",subtype: ""memory"",tgid: ""146869"",source: ""syscall"",type: ""Artifact"",version: ""0"",hash: ""8c4f827c0533fc967c2c5482618ed5eb""})"
"(:VERTEX {memory address: ""7f4cdb542000"",size: ""1000"",subtype: ""memory"",tgid: ""146869"",source: ""syscall"",type: ""Artifact"",version: ""0"",hash: ""b672cb9a0f5a98e5236eb87bf64bbbe3""})"
"(:VERTEX {memory address: ""7f4cc9692000"",size: ""1000"",subtype: ""memory"",tgid: ""146869"",source: ""syscall"",type: ""Artifact"",version: ""0"",hash: ""ca1e709d495225cd7787bc65122078d6""})"
"(:VERTEX {memory address: ""7f4cb7201000"",size: ""100000"",subtype: ""memory"",tgid: ""146869"",source: ""syscall"",type: ""Artifact"",version: ""0"",hash: ""4b3e8a4661a7d62e4a58edba49111305""})"
"(:VERTEX {memory address: ""7f4cde3b0000"",size: ""10000"",subtype: ""memory"",tgid: ""146869"",source: ""syscall"",type: ""Artifact"",version: ""0"",hash: ""5bd3f457ca28e1595facdee49c343af8""})"
"(:VERTEX {memory address: ""7f4cde3a0000"",size: ""10000"",subtype: ""memory"",tgid: ""146869"",source: ""syscall"",type: ""Artifact"",version: ""0"",hash: ""2766952b86d9620779fc191fb735186d""})"
"(:VERTEX {memory address: ""7f4cb6a00000"",size: ""801000"",subtype: ""memory"",tgid: ""146869"",source: ""syscall"",type: ""Artifact"",version: ""0"",hash: ""64edf8c3a5d2d9d7f68571d7fd7696bb""})"
"(:VERTEX {memory address: ""7f4cb6a01000"",size: ""800000"",subtype: ""memory"",tgid: ""146869"",source: ""syscall"",type: ""Artifact"",version: ""0"",hash: ""21e82a892a9fa0c285ec8d67fce42a79""})"
"(:VERTEX {gid: ""0"",euid: ""999"",children pid namespace: ""4026532779"",start time: ""1690978569.069"",ns pid: ""11310"",pid: ""146876"",source: ""syscall"",type: ""Process"",net namespace: ""4026532705"",ipc namespace: ""4026532772"",ppid: ""146869"",pid namespace: ""4026532779"",cwd: ""/"",uid: ""999"",egid: ""0"",exe: ""/usr/bin/check-status"",mount namespace: ""4026532778"",command line: ""/usr/bin/check-status -l"",name: ""check-status"",hash: ""35bedb854cb3b3e219e441857ab6d0b4"",user namespace: ""4026531837""})"
"(:VERTEX {memory address: ""7f4caea00000"",size: ""8000000"",subtype: ""memory"",tgid: ""146869"",source: ""syscall"",type: ""Artifact"",version: ""0"",hash: ""b3224a3e6279f4decbe9a576fede1037""})"
"(:VERTEX {memory address: ""7f4cb0000000"",size: ""21000"",subtype: ""memory"",tgid: ""146869"",source: ""syscall"",type: ""Artifact"",version: ""0"",hash: ""0d2b2c3dc86d6342de01216d9e38f6bf""})"
"(:VERTEX {memory address: ""7f4cb61ff000"",size: ""801000"",subtype: ""memory"",tgid: ""146869"",source: ""syscall"",type: ""Artifact"",version: ""0"",hash: ""bdc323994e1b732393510dec4d27446b""})"
"(:VERTEX {memory address: ""7f4cb6200000"",size: ""800000"",subtype: ""memory"",tgid: ""146869"",source: ""syscall"",type: ""Artifact"",version: ""0"",hash: ""dff1a90f27cd69e5a4f5384365ce610d""})"
"(:VERTEX {gid: ""0"",euid: ""999"",children pid namespace: ""4026532779"",start time: ""1690978569.073"",ns pid: ""11311"",pid: ""146877"",source: ""syscall"",type: ""Process"",net namespace: ""4026532705"",ipc namespace: ""4026532772"",ppid: ""146869"",pid namespace: ""4026532779"",cwd: ""/"",uid: ""999"",egid: ""0"",exe: ""/usr/bin/check-status"",mount namespace: ""4026532778"",command line: ""/usr/bin/check-status -l"",name: ""check-status"",hash: ""6bdca0a4ae0b9c9a1104958f766a28c4"",user namespace: ""4026531837""})"
"(:VERTEX {memory address: ""7f4ca8000000"",size: ""8000000"",subtype: ""memory"",tgid: ""146869"",source: ""syscall"",type: ""Artifact"",version: ""0"",hash: ""9f3fe65c26ecdda771ce4051c1b0fcf6""})"
"(:VERTEX {memory address: ""7f4ca8000000"",size: ""21000"",subtype: ""memory"",tgid: ""146869"",source: ""syscall"",type: ""Artifact"",version: ""0"",hash: ""fe5f231fbe9925a8ee9395db7d4d835c""})"
"(:VERTEX {memory address: ""7f4cb59fe000"",size: ""801000"",subtype: ""memory"",tgid: ""146869"",source: ""syscall"",type: ""Artifact"",version: ""0"",hash: ""785128a4f8a6465a24b996b16fd4212c""})"
"(:VERTEX {memory address: ""7f4cde360000"",size: ""40000"",subtype: ""memory"",tgid: ""146869"",source: ""syscall"",type: ""Artifact"",version: ""0"",hash: ""558f56d64a91256d0d2c78e77016c4da""})"
"(:VERTEX {memory address: ""7f4cb51fd000"",size: ""801000"",subtype: ""memory"",tgid: ""146869"",source: ""syscall"",type: ""Artifact"",version: ""0"",hash: ""a3e2423d096eeff25b523a554735b939""})"
"(:VERTEX {memory address: ""7f4cb51fe000"",size: ""800000"",subtype: ""memory"",tgid: ""146869"",source: ""syscall"",type: ""Artifact"",version: ""0"",hash: ""714b309ca243d2a973b4a059af5aeffa""})"
"(:VERTEX {gid: ""0"",euid: ""999"",children pid namespace: ""4026532779"",start time: ""1690978569.073"",ns pid: ""11312"",pid: ""146878"",source: ""syscall"",type: ""Process"",net namespace: ""4026532705"",ipc namespace: ""4026532772"",ppid: ""146869"",pid namespace: ""4026532779"",cwd: ""/"",uid: ""999"",egid: ""0"",exe: ""/usr/bin/check-status"",mount namespace: ""4026532778"",command line: ""/usr/bin/check-status -l"",name: ""check-status"",hash: ""12d255b9abb4cb7fb48cbdc65f0096e3"",user namespace: ""4026531837""})"
"(:VERTEX {memory address: ""7f4cac000000"",size: ""4000000"",subtype: ""memory"",tgid: ""146869"",source: ""syscall"",type: ""Artifact"",version: ""0"",hash: ""9961e561634720b05cc3c05f09e46c18""})"
"(:VERTEX {memory address: ""7f4cac000000"",size: ""21000"",subtype: ""memory"",tgid: ""146869"",source: ""syscall"",type: ""Artifact"",version: ""0"",hash: ""8ef78a074e93f06dba1a9314aa9a4e3a""})"
"(:VERTEX {memory address: ""7f4cb59ff000"",size: ""800000"",subtype: ""memory"",tgid: ""146869"",source: ""syscall"",type: ""Artifact"",version: ""0"",hash: ""acc484bbfe8a597b58beb22b9b6a77d9""})"
"(:VERTEX {gid: ""0"",euid: ""999"",children pid namespace: ""4026532779"",start time: ""1690978569.077"",ns pid: ""11313"",pid: ""146879"",source: ""syscall"",type: ""Process"",net namespace: ""4026532705"",ipc namespace: ""4026532772"",ppid: ""146869"",pid namespace: ""4026532779"",cwd: ""/"",uid: ""999"",egid: ""0"",exe: ""/usr/bin/check-status"",mount namespace: ""4026532778"",command line: ""/usr/bin/check-status -l"",name: ""check-status"",hash: ""cc0a700576090a1028a3087c1e27176f"",user namespace: ""4026531837""})"
"(:VERTEX {memory address: ""7f4ca0000000"",size: ""8000000"",subtype: ""memory"",tgid: ""146869"",source: ""syscall"",type: ""Artifact"",version: ""0"",hash: ""6aded711f8b2a2695269b6e2f024f261""})"
"(:VERTEX {memory address: ""7f4ca0000000"",size: ""21000"",subtype: ""memory"",tgid: ""146869"",source: ""syscall"",type: ""Artifact"",version: ""0"",hash: ""1ad5e3ce7fec9cd80af7ad40bf77c780""})"
"(:VERTEX {memory address: ""7f4cb49fc000"",size: ""801000"",subtype: ""memory"",tgid: ""146869"",source: ""syscall"",type: ""Artifact"",version: ""0"",hash: ""a4d9e70a86fef409d6194becc47578de""})"
"(:VERTEX {memory address: ""7f4cb49fd000"",size: ""800000"",subtype: ""memory"",tgid: ""146869"",source: ""syscall"",type: ""Artifact"",version: ""0"",hash: ""0139ad5bbb5bb9db3a52222cdfd6224b""})"
"(:VERTEX {gid: ""0"",euid: ""999"",children pid namespace: ""4026532779"",start time: ""1690978569.077"",ns pid: ""11314"",pid: ""146880"",source: ""syscall"",type: ""Process"",net namespace: ""4026532705"",ipc namespace: ""4026532772"",ppid: ""146869"",pid namespace: ""4026532779"",cwd: ""/"",uid: ""999"",egid: ""0"",exe: ""/usr/bin/check-status"",mount namespace: ""4026532778"",command line: ""/usr/bin/check-status -l"",name: ""check-status"",hash: ""30ca63cca4b96c462d205cc317b3b3d5"",user namespace: ""4026531837""})"
"(:VERTEX {memory address: ""7f4ca4000000"",size: ""4000000"",subtype: ""memory"",tgid: ""146869"",source: ""syscall"",type: ""Artifact"",version: ""0"",hash: ""c701d4e668d706c3a3570a7f59c53907""})"
"(:VERTEX {memory address: ""7f4ca4000000"",size: ""21000"",subtype: ""memory"",tgid: ""146869"",source: ""syscall"",type: ""Artifact"",version: ""0"",hash: ""dd77572b1cb4ee6560a92649e8faaa79""})"
"(:VERTEX {remote port: ""53"",epoch: ""0"",source: ""syscall"",type: ""Artifact"",version: ""0"",local port: ""55313"",net namespace: ""-1"",local address: ""10.1.251.204"",protocol: ""udp"",subtype: ""network socket"",remote address: ""10.152.183.10"",hash: ""46b6bf860c295b219071b473dd08b508""})"
"(:VERTEX {remote port: ""53"",epoch: ""0"",source: ""syscall"",type: ""Artifact"",version: ""0"",local port: ""47945"",net namespace: ""-1"",local address: ""10.1.251.204"",protocol: ""udp"",subtype: ""network socket"",remote address: ""10.152.183.10"",hash: ""c1bfb002d6adfee16b8c821d28972a17""})"
"(:VERTEX {memory address: ""7f9819975000"",size: ""183000"",subtype: ""memory"",tgid: ""61363"",source: ""syscall"",type: ""Artifact"",version: ""0"",hash: ""a41fda7f365413c92aacbb36470c4b7e""})"
"(:VERTEX {memory address: ""7f9819977000"",size: ""181000"",subtype: ""memory"",tgid: ""61363"",source: ""syscall"",type: ""Artifact"",version: ""0"",hash: ""d554358b30e3f1a945576639eec55a51""})"
"(:VERTEX {gid: ""1000"",euid: ""1000"",children pid namespace: ""4026533564"",start time: ""1690978571.269"",ns pid: ""165"",pid: ""146959"",source: ""syscall"",type: ""Process"",net namespace: ""4026533266"",ipc namespace: ""4026533539"",ppid: ""61363"",pid namespace: ""4026533564"",uid: ""1000"",egid: ""1000"",exe: ""/app/cartservice"",mount namespace: ""4026533563"",name: "".NET ThreadPool"",hash: ""51afd22d348c9c3568e02bf332033e5e"",user namespace: ""4026531837""})"
"(:VERTEX {memory address: ""7f981aa18000"",size: ""4000"",subtype: ""memory"",tgid: ""61363"",source: ""syscall"",type: ""Artifact"",version: ""2"",hash: ""9a80d9f779ca6c1b661e753b552fd0ae""})"
"(:VERTEX {memory address: ""7f981aa18000"",size: ""1000"",subtype: ""memory"",tgid: ""61363"",source: ""syscall"",type: ""Artifact"",version: ""2"",hash: ""4a4004e843265d13aa31d3b50982c84f""})"
"(:VERTEX {remote port: ""53"",epoch: ""0"",source: ""syscall"",type: ""Artifact"",version: ""0"",local port: ""34765"",net namespace: ""-1"",local address: ""10.1.251.204"",protocol: ""udp"",subtype: ""network socket"",remote address: ""10.152.183.10"",hash: ""977c410e5e9a9f6037f907e24abecacd""})"
"(:VERTEX {remote port: ""53"",epoch: ""0"",source: ""syscall"",type: ""Artifact"",version: ""0"",local port: ""41247"",net namespace: ""-1"",local address: ""10.1.251.204"",protocol: ""udp"",subtype: ""network socket"",remote address: ""10.152.183.10"",hash: ""68c23ef756276418cfd18ac832f1e23e""})"
"(:VERTEX {remote port: ""35086"",epoch: ""0"",source: ""syscall"",type: ""Artifact"",version: ""0"",local port: ""8080"",net namespace: ""-1"",local address: ""0000:0000:0000:0000:0000:0000:0000:0000"",protocol: ""tcp"",subtype: ""network socket"",remote address: ""0000:0000:0000:0000:0000:FFFF:C0A8:2F80"",hash: ""e6b16c14c63095aeb0a5126316cf16d2""})"
"(:VERTEX {remote port: ""35088"",epoch: ""0"",source: ""syscall"",type: ""Artifact"",version: ""0"",local port: ""8080"",net namespace: ""-1"",local address: ""0000:0000:0000:0000:0000:0000:0000:0000"",protocol: ""tcp"",subtype: ""network socket"",remote address: ""0000:0000:0000:0000:0000:FFFF:C0A8:2F80"",hash: ""9b19f5ae028d797bf1bc808474bf25ee""})"
"(:VERTEX {remote port: ""52464"",epoch: ""0"",source: ""syscall"",type: ""Artifact"",version: ""0"",local port: ""50051"",net namespace: ""-1"",local address: ""0000:0000:0000:0000:0000:0000:0000:0000"",protocol: ""tcp"",subtype: ""network socket"",remote address: ""0000:0000:0000:0000:0000:FFFF:C0A8:2F80"",hash: ""48bd4d6711ee863244da5d0f2766730c""})"
"(:VERTEX {remote port: ""52480"",epoch: ""0"",source: ""syscall"",type: ""Artifact"",version: ""0"",local port: ""50051"",net namespace: ""-1"",local address: ""0000:0000:0000:0000:0000:0000:0000:0000"",protocol: ""tcp"",subtype: ""network socket"",remote address: ""0000:0000:0000:0000:0000:FFFF:C0A8:2F80"",hash: ""a593f9d02fe61b15829c04c96358e7a1""})"
"(:VERTEX {remote port: ""60550"",epoch: ""0"",source: ""syscall"",type: ""Artifact"",version: ""0"",local port: ""7000"",net namespace: ""-1"",local address: ""0000:0000:0000:0000:0000:0000:0000:0000"",protocol: ""tcp"",subtype: ""network socket"",remote address: ""0000:0000:0000:0000:0000:FFFF:C0A8:2F80"",hash: ""ac0778b4ddcf18ae21bda9d6da2d55db""})"
"(:VERTEX {remote port: ""60554"",epoch: ""0"",source: ""syscall"",type: ""Artifact"",version: ""0"",local port: ""7000"",net namespace: ""-1"",local address: ""0000:0000:0000:0000:0000:0000:0000:0000"",protocol: ""tcp"",subtype: ""network socket"",remote address: ""0000:0000:0000:0000:0000:FFFF:C0A8:2F80"",hash: ""358a480f3eebd5bd98b7da45cc4306ac""})"
"(:VERTEX {remote port: ""59848"",epoch: ""0"",source: ""syscall"",type: ""Artifact"",version: ""0"",local port: ""6379"",net namespace: ""-1"",local address: ""0.0.0.0"",protocol: ""tcp"",subtype: ""network socket"",remote address: ""192.168.47.128"",hash: ""62e601dd9f0bf7ede5277f27546aeff2""})"
"(:VERTEX {remote port: ""40972"",epoch: ""0"",source: ""syscall"",type: ""Artifact"",version: ""0"",local port: ""5050"",net namespace: ""-1"",local address: ""0000:0000:0000:0000:0000:0000:0000:0000"",protocol: ""tcp"",subtype: ""network socket"",remote address: ""0000:0000:0000:0000:0000:FFFF:C0A8:2F80"",hash: ""10075d294978cfa36a5884f02cbda12b""})"
"(:VERTEX {remote port: ""40976"",epoch: ""0"",source: ""syscall"",type: ""Artifact"",version: ""0"",local port: ""5050"",net namespace: ""-1"",local address: ""0000:0000:0000:0000:0000:0000:0000:0000"",protocol: ""tcp"",subtype: ""network socket"",remote address: ""0000:0000:0000:0000:0000:FFFF:C0A8:2F80"",hash: ""5dc04b3a67bffbfbc346ca2c977574e5""})"
"(:VERTEX {remote port: ""59852"",epoch: ""0"",source: ""syscall"",type: ""Artifact"",version: ""0"",local port: ""6379"",net namespace: ""-1"",local address: ""0.0.0.0"",protocol: ""tcp"",subtype: ""network socket"",remote address: ""192.168.47.128"",hash: ""a1238587082e0a467182d1ec84870677""})"
"(:VERTEX {remote port: ""38920"",epoch: ""0"",source: ""syscall"",type: ""Artifact"",version: ""0"",local port: ""8080"",net namespace: ""-1"",local address: ""0000:0000:0000:0000:0000:0000:0000:0000"",protocol: ""tcp"",subtype: ""network socket"",remote address: ""0000:0000:0000:0000:0000:FFFF:C0A8:2F80"",hash: ""b13e2cb4390ad6b709f5451fcfeb5e76""})"
"(:VERTEX {remote port: ""38930"",epoch: ""0"",source: ""syscall"",type: ""Artifact"",version: ""0"",local port: ""8080"",net namespace: ""-1"",local address: ""0000:0000:0000:0000:0000:0000:0000:0000"",protocol: ""tcp"",subtype: ""network socket"",remote address: ""0000:0000:0000:0000:0000:FFFF:C0A8:2F80"",hash: ""16c74c95b7d844e27a76f12617b04551""})"
"(:VERTEX {remote port: ""33886"",epoch: ""0"",source: ""syscall"",type: ""Artifact"",version: ""0"",local port: ""50051"",net namespace: ""-1"",local address: ""0000:0000:0000:0000:0000:0000:0000:0000"",protocol: ""tcp"",subtype: ""network socket"",remote address: ""0000:0000:0000:0000:0000:FFFF:C0A8:2F80"",hash: ""b0e86a1e947c49472213df577b3d980a""})"
"(:VERTEX {remote port: ""49844"",epoch: ""0"",source: ""syscall"",type: ""Artifact"",version: ""0"",local port: ""7070"",net namespace: ""-1"",local address: ""0000:0000:0000:0000:0000:0000:0000:0000"",protocol: ""tcp"",subtype: ""network socket"",remote address: ""0000:0000:0000:0000:0000:FFFF:C0A8:2F80"",hash: ""582f37c08e3c0b6da455947f39daabee""})"
"(:VERTEX {remote port: ""49814"",epoch: ""0"",source: ""syscall"",type: ""Artifact"",version: ""0"",local port: ""8080"",net namespace: ""-1"",local address: ""0000:0000:0000:0000:0000:0000:0000:0000"",protocol: ""tcp"",subtype: ""network socket"",remote address: ""0000:0000:0000:0000:0000:FFFF:C0A8:2F80"",hash: ""faff7af8a6cea5089733b766a356ce58""})"
"(:VERTEX {remote port: ""49854"",epoch: ""0"",source: ""syscall"",type: ""Artifact"",version: ""0"",local port: ""7070"",net namespace: ""-1"",local address: ""0000:0000:0000:0000:0000:0000:0000:0000"",protocol: ""tcp"",subtype: ""network socket"",remote address: ""0000:0000:0000:0000:0000:FFFF:C0A8:2F80"",hash: ""c9197812f0bcff7d04a4f36af472d4f5""})"
"(:VERTEX {remote port: ""33894"",epoch: ""0"",source: ""syscall"",type: ""Artifact"",version: ""0"",local port: ""50051"",net namespace: ""-1"",local address: ""0000:0000:0000:0000:0000:0000:0000:0000"",protocol: ""tcp"",subtype: ""network socket"",remote address: ""0000:0000:0000:0000:0000:FFFF:C0A8:2F80"",hash: ""ebd38a94e4e1100a59335e89909ac556""})"
"(:VERTEX {remote port: ""49816"",epoch: ""0"",source: ""syscall"",type: ""Artifact"",version: ""0"",local port: ""8080"",net namespace: ""-1"",local address: ""0000:0000:0000:0000:0000:0000:0000:0000"",protocol: ""tcp"",subtype: ""network socket"",remote address: ""0000:0000:0000:0000:0000:FFFF:C0A8:2F80"",hash: ""fdeaca444d9dc5fb9525da9559f25ccb""})"
"(:VERTEX {remote port: ""44806"",epoch: ""0"",source: ""syscall"",type: ""Artifact"",version: ""0"",local port: ""3550"",net namespace: ""-1"",local address: ""0000:0000:0000:0000:0000:0000:0000:0000"",protocol: ""tcp"",subtype: ""network socket"",remote address: ""0000:0000:0000:0000:0000:FFFF:C0A8:2F80"",hash: ""893883a2bde3b53a2e48f1b35b4a11bf""})"
"(:VERTEX {remote port: ""44822"",epoch: ""0"",source: ""syscall"",type: ""Artifact"",version: ""0"",local port: ""3550"",net namespace: ""-1"",local address: ""0000:0000:0000:0000:0000:0000:0000:0000"",protocol: ""tcp"",subtype: ""network socket"",remote address: ""0000:0000:0000:0000:0000:FFFF:C0A8:2F80"",hash: ""070ab85746ab4d0b857ee8d1e94a8302""})"
"(:VERTEX {gid: ""1000"",euid: ""1000"",children pid namespace: ""-1"",pid: ""61647"",seen time: ""1690978502.919"",source: ""syscall"",type: ""Process"",net namespace: ""-1"",ipc namespace: ""-1"",ppid: ""59160"",pid namespace: ""-1"",uid: ""1000"",egid: ""1000"",mount namespace: ""-1"",name: ""server"",hash: ""8b07462340ab58cbc6f42c024bbdd7c3"",user namespace: ""-1""})"
"(:VERTEX {remote port: ""53"",epoch: ""0"",source: ""syscall"",type: ""Artifact"",version: ""0"",local port: ""41324"",net namespace: ""-1"",local address: ""10.1.251.204"",protocol: ""udp"",subtype: ""network socket"",remote address: ""10.152.183.10"",hash: ""ae562801c96883e5c43d0342f3706944""})"
"(:VERTEX {remote port: ""53"",epoch: ""0"",source: ""syscall"",type: ""Artifact"",version: ""0"",local port: ""40428"",net namespace: ""-1"",local address: ""10.1.251.204"",protocol: ""udp"",subtype: ""network socket"",remote address: ""10.152.183.10"",hash: ""80f5bc76617051c004441d9f2feb51a5""})"
"(:VERTEX {remote port: ""53"",epoch: ""0"",source: ""syscall"",type: ""Artifact"",version: ""0"",local port: ""44707"",net namespace: ""-1"",local address: ""10.1.251.204"",protocol: ""udp"",subtype: ""network socket"",remote address: ""10.152.183.10"",hash: ""66463696c8ffe6b40d830fc300354649""})"
"(:VERTEX {remote port: ""53"",epoch: ""0"",source: ""syscall"",type: ""Artifact"",version: ""0"",local port: ""46714"",net namespace: ""-1"",local address: ""10.1.251.204"",protocol: ""udp"",subtype: ""network socket"",remote address: ""10.152.183.10"",hash: ""3c65a63b64c8a289e08dfd36e602c040""})"
"(:VERTEX {gid: ""0"",euid: ""999"",children pid namespace: ""-1"",pid: ""147114"",seen time: ""1690978576.896"",source: ""syscall"",type: ""Process"",net namespace: ""-1"",ipc namespace: ""-1"",ppid: ""147105"",pid namespace: ""-1"",uid: ""999"",egid: ""0"",exe: ""/"",mount namespace: ""-1"",name: ""runc:[2:INIT]"",hash: ""3b9928a2eff45377fef6ec091089b08e"",user namespace: ""-1""})"
"(:VERTEX {path: ""/proc/147114/attr/apparmor/exec"",subtype: ""file"",permissions: ""0666"",epoch: ""0"",source: ""syscall"",type: ""Artifact"",version: ""0"",hash: ""11b4c90e019bd616368eea95e5ad5988""})"
"(:VERTEX {gid: ""0"",euid: ""999"",children pid namespace: ""-1"",start time: ""1690978576.896"",pid: ""147114"",source: ""syscall"",type: ""Process"",net namespace: ""-1"",ipc namespace: ""-1"",ppid: ""147105"",pid namespace: ""-1"",cwd: ""/"",uid: ""999"",egid: ""0"",exe: ""/usr/bin/check-status"",mount namespace: ""-1"",command line: ""/usr/bin/check-status -r"",name: ""check-status"",hash: ""4c04ed2146c7ffa9364253e28971d866"",user namespace: ""-1""})"
"(:VERTEX {memory address: ""7f133510e000"",size: ""2000"",subtype: ""memory"",tgid: ""147114"",source: ""syscall"",type: ""Artifact"",version: ""0"",hash: ""c16e7d05a121943610568c5dc5aab4b2""})"
"(:VERTEX {memory address: ""7f1334cc3000"",size: ""21f4c0"",subtype: ""memory"",tgid: ""147114"",source: ""syscall"",type: ""Artifact"",version: ""0"",hash: ""9eb61636142c7b10336d5082d4cf5933""})"
"(:VERTEX {memory address: ""7f1334cde000"",size: ""1ff000"",subtype: ""memory"",tgid: ""147114"",source: ""syscall"",type: ""Artifact"",version: ""0"",hash: ""4dd7121acb5fc6985187b4a0830537c1""})"
"(:VERTEX {memory address: ""7f1334edd000"",size: ""2000"",subtype: ""memory"",tgid: ""147114"",source: ""syscall"",type: ""Artifact"",version: ""0"",hash: ""d6eef012bdfb62742b371cc700276924""})"
"(:VERTEX {memory address: ""7f1334edf000"",size: ""34c0"",subtype: ""memory"",tgid: ""147114"",source: ""syscall"",type: ""Artifact"",version: ""0"",hash: ""fbb55b355efac97a584ef04737720877""})"
"(:VERTEX {memory address: ""7f13348fd000"",size: ""3c58c0"",subtype: ""memory"",tgid: ""147114"",source: ""syscall"",type: ""Artifact"",version: ""0"",hash: ""ef5dda98337cb2c162379c18b8b298af""})"
"(:VERTEX {memory address: ""7f1334ab9000"",size: ""200000"",subtype: ""memory"",tgid: ""147114"",source: ""syscall"",type: ""Artifact"",version: ""0"",hash: ""5a241d3b0739c10c18728379d8f27ea4""})"
"(:VERTEX {memory address: ""7f1334cb9000"",size: ""6000"",subtype: ""memory"",tgid: ""147114"",source: ""syscall"",type: ""Artifact"",version: ""0"",hash: ""698696d61c830a21032c2d1b1f399ffe""})"
"(:VERTEX {memory address: ""7f1334cbf000"",size: ""38c0"",subtype: ""memory"",tgid: ""147114"",source: ""syscall"",type: ""Artifact"",version: ""0"",hash: ""1a9e58dad137cc1eba719a75afe089d3""})"
"(:VERTEX {memory address: ""7f133510b000"",size: ""3000"",subtype: ""memory"",tgid: ""147114"",source: ""syscall"",type: ""Artifact"",version: ""0"",hash: ""e53cf8374aa5d6e13bf36289ff28edaa""})"
"(:VERTEX {memory address: ""7f1334cb9000"",size: ""4000"",subtype: ""memory"",tgid: ""147114"",source: ""syscall"",type: ""Artifact"",version: ""0"",hash: ""c82e819d2221a7844010b53904e00491""})"
"(:VERTEX {memory address: ""7f1334edd000"",size: ""1000"",subtype: ""memory"",tgid: ""147114"",source: ""syscall"",type: ""Artifact"",version: ""0"",hash: ""e0b997f47beff8323dd03f684f76582b""})"
"(:VERTEX {memory address: ""7f1335110000"",size: ""1000"",subtype: ""memory"",tgid: ""147114"",source: ""syscall"",type: ""Artifact"",version: ""0"",hash: ""b09a86569529983fb6d61534ad8a7a3d""})"
"(:VERTEX {memory address: ""7f13350cb000"",size: ""40000"",subtype: ""memory"",tgid: ""147114"",source: ""syscall"",type: ""Artifact"",version: ""0"",hash: ""c38a5e4b4ec0577f048f09db95b71e43""})"
"(:VERTEX {memory address: ""7f13350ab000"",size: ""20000"",subtype: ""memory"",tgid: ""147114"",source: ""syscall"",type: ""Artifact"",version: ""0"",hash: ""62ec700e595da645a27f800c992cf544""})"
"(:VERTEX {memory address: ""7f1334fab000"",size: ""100000"",subtype: ""memory"",tgid: ""147114"",source: ""syscall"",type: ""Artifact"",version: ""0"",hash: ""9c0fd644977a48a8397722a0b1b931e1""})"
"(:VERTEX {memory address: ""7f13340fd000"",size: ""800000"",subtype: ""memory"",tgid: ""147114"",source: ""syscall"",type: ""Artifact"",version: ""0"",hash: ""1fa59c4a10171d137bd4693f06fdaac3""})"
"(:VERTEX {memory address: ""7f13300fd000"",size: ""4000000"",subtype: ""memory"",tgid: ""147114"",source: ""syscall"",type: ""Artifact"",version: ""0"",hash: ""6cd12659713bd6b08520364fb1523837""})"
"(:VERTEX {memory address: ""7f13100fd000"",size: ""20000000"",subtype: ""memory"",tgid: ""147114"",source: ""syscall"",type: ""Artifact"",version: ""0"",hash: ""b49a0d89402de429d2643c7beaa82004""})"
"(:VERTEX {memory address: ""c000000000"",size: ""4000000"",subtype: ""memory"",tgid: ""147114"",source: ""syscall"",type: ""Artifact"",version: ""0"",hash: ""27db24d08962b1f0ab3a77efb5c6d88a""})"
"(:VERTEX {memory address: ""7f130e0fd000"",size: ""2000000"",subtype: ""memory"",tgid: ""147114"",source: ""syscall"",type: ""Artifact"",version: ""0"",hash: ""a1039c7cba889e43acb0647530c6881f""})"
"(:VERTEX {memory address: ""7f130deec000"",size: ""210c10"",subtype: ""memory"",tgid: ""147114"",source: ""syscall"",type: ""Artifact"",version: ""0"",hash: ""4385570a683b6c8c0c109f0d48986fed""})"
"(:VERTEX {memory address: ""c000000000"",size: ""400000"",subtype: ""memory"",tgid: ""147114"",source: ""syscall"",type: ""Artifact"",version: ""0"",hash: ""c6756fb0529df8ab129461d2cbac50b6""})"
"(:VERTEX {memory address: ""7f13350ab000"",size: ""20000"",subtype: ""memory"",tgid: ""147114"",source: ""syscall"",type: ""Artifact"",version: ""1"",hash: ""6903776923ca418af14bb5d54212bc6d""})"
"(:VERTEX {memory address: ""7f133502b000"",size: ""1000"",subtype: ""memory"",tgid: ""147114"",source: ""syscall"",type: ""Artifact"",version: ""0"",hash: ""df341e7f7157a260bd529f7f968c9880""})"
"(:VERTEX {memory address: ""7f1334503000"",size: ""1000"",subtype: ""memory"",tgid: ""147114"",source: ""syscall"",type: ""Artifact"",version: ""0"",hash: ""2ccdb08655d948a4510c5c5f163fd913""})"
"(:VERTEX {memory address: ""7f133212d000"",size: ""1000"",subtype: ""memory"",tgid: ""147114"",source: ""syscall"",type: ""Artifact"",version: ""0"",hash: ""26dc9c6ae0d2ac369bdacc761d582713""})"
"(:VERTEX {memory address: ""7f132027d000"",size: ""1000"",subtype: ""memory"",tgid: ""147114"",source: ""syscall"",type: ""Artifact"",version: ""0"",hash: ""5cbbe50f963acf5a3980b59c43940670""})"
"(:VERTEX {memory address: ""7f130ddec000"",size: ""100000"",subtype: ""memory"",tgid: ""147114"",source: ""syscall"",type: ""Artifact"",version: ""0"",hash: ""34913b1c884dbe6cedf223397be2cd10""})"
"(:VERTEX {memory address: ""7f1334f9b000"",size: ""10000"",subtype: ""memory"",tgid: ""147114"",source: ""syscall"",type: ""Artifact"",version: ""0"",hash: ""4cc729d495d3f131e1cd7e784a26cd0a""})"
"(:VERTEX {memory address: ""7f1334f8b000"",size: ""10000"",subtype: ""memory"",tgid: ""147114"",source: ""syscall"",type: ""Artifact"",version: ""0"",hash: ""936e158344abe048073f86fdc32680d9""})"
"(:VERTEX {memory address: ""7f130d5eb000"",size: ""801000"",subtype: ""memory"",tgid: ""147114"",source: ""syscall"",type: ""Artifact"",version: ""0"",hash: ""f69c32ca560608be1257fb1a39e4f47c""})"
"(:VERTEX {memory address: ""7f130d5ec000"",size: ""800000"",subtype: ""memory"",tgid: ""147114"",source: ""syscall"",type: ""Artifact"",version: ""0"",hash: ""1e26d359385ea425a8c930f1e8f2dd6c""})"
"(:VERTEX {gid: ""0"",euid: ""999"",children pid namespace: ""4026532779"",start time: ""1690978576.899"",ns pid: ""11321"",pid: ""147120"",source: ""syscall"",type: ""Process"",net namespace: ""4026532705"",ipc namespace: ""4026532772"",ppid: ""147114"",pid namespace: ""4026532779"",cwd: ""/"",uid: ""999"",egid: ""0"",exe: ""/usr/bin/check-status"",mount namespace: ""4026532778"",command line: ""/usr/bin/check-status -r"",name: ""check-status"",hash: ""49baaa0415a75747aa603e77020f4b75"",user namespace: ""4026531837""})"
"(:VERTEX {memory address: ""7f130cdea000"",size: ""801000"",subtype: ""memory"",tgid: ""147114"",source: ""syscall"",type: ""Artifact"",version: ""0"",hash: ""541d46eddd24dcc03a5ff85d57eb45c2""})"
"(:VERTEX {memory address: ""7f130cdeb000"",size: ""800000"",subtype: ""memory"",tgid: ""147114"",source: ""syscall"",type: ""Artifact"",version: ""0"",hash: ""1040486e7770eb376b4f8a06efea6204""})"
"(:VERTEX {gid: ""0"",euid: ""999"",children pid namespace: ""4026532779"",start time: ""1690978576.899"",ns pid: ""11322"",pid: ""147121"",source: ""syscall"",type: ""Process"",net namespace: ""4026532705"",ipc namespace: ""4026532772"",ppid: ""147114"",pid namespace: ""4026532779"",cwd: ""/"",uid: ""999"",egid: ""0"",exe: ""/usr/bin/check-status"",mount namespace: ""4026532778"",command line: ""/usr/bin/check-status -r"",name: ""check-status"",hash: ""adaaaf2bf0f706e5d613211f8fceaa9f"",user namespace: ""4026531837""})"
"(:VERTEX {memory address: ""7f130c5e9000"",size: ""801000"",subtype: ""memory"",tgid: ""147114"",source: ""syscall"",type: ""Artifact"",version: ""0"",hash: ""b719c0a9dfa121babf4dab6515542430""})"
"(:VERTEX {memory address: ""7f130c5ea000"",size: ""800000"",subtype: ""memory"",tgid: ""147114"",source: ""syscall"",type: ""Artifact"",version: ""0"",hash: ""d9292052665360ef3ba8616cc7827d40""})"
"(:VERTEX {gid: ""0"",euid: ""999"",children pid namespace: ""4026532779"",start time: ""1690978576.899"",ns pid: ""11323"",pid: ""147122"",source: ""syscall"",type: ""Process"",net namespace: ""4026532705"",ipc namespace: ""4026532772"",ppid: ""147114"",pid namespace: ""4026532779"",cwd: ""/"",uid: ""999"",egid: ""0"",exe: ""/usr/bin/check-status"",mount namespace: ""4026532778"",command line: ""/usr/bin/check-status -r"",name: ""check-status"",hash: ""7c8389873613cfa41f133808f5f2f101"",user namespace: ""4026531837""})"
"(:VERTEX {memory address: ""7f13045e9000"",size: ""8000000"",subtype: ""memory"",tgid: ""147114"",source: ""syscall"",type: ""Artifact"",version: ""0"",hash: ""e32ae2b693d227afa452e1348699c726""})"
"(:VERTEX {memory address: ""7f1308000000"",size: ""21000"",subtype: ""memory"",tgid: ""147114"",source: ""syscall"",type: ""Artifact"",version: ""0"",hash: ""259a380af2cfe4aacf65a350b992a0aa""})"
"(:VERTEX {memory address: ""7f13077ff000"",size: ""801000"",subtype: ""memory"",tgid: ""147114"",source: ""syscall"",type: ""Artifact"",version: ""0"",hash: ""9995e3ee2dba2b99616db80df8421116""})"
"(:VERTEX {memory address: ""7f1307800000"",size: ""800000"",subtype: ""memory"",tgid: ""147114"",source: ""syscall"",type: ""Artifact"",version: ""0"",hash: ""9bac26b00b84d3c803302a425d2f0dc6""})"
"(:VERTEX {gid: ""0"",euid: ""999"",children pid namespace: ""4026532779"",start time: ""1690978576.899"",ns pid: ""11324"",pid: ""147123"",source: ""syscall"",type: ""Process"",net namespace: ""4026532705"",ipc namespace: ""4026532772"",ppid: ""147114"",pid namespace: ""4026532779"",cwd: ""/"",uid: ""999"",egid: ""0"",exe: ""/usr/bin/check-status"",mount namespace: ""4026532778"",command line: ""/usr/bin/check-status -r"",name: ""check-status"",hash: ""ac39479fdd42a993b42f047e51390536"",user namespace: ""4026531837""})"
"(:VERTEX {memory address: ""7f12ff7ff000"",size: ""8000000"",subtype: ""memory"",tgid: ""147114"",source: ""syscall"",type: ""Artifact"",version: ""0"",hash: ""f37b84e9ea6711682d2ff21de2b66c33""})"
"(:VERTEX {memory address: ""7f1300000000"",size: ""21000"",subtype: ""memory"",tgid: ""147114"",source: ""syscall"",type: ""Artifact"",version: ""0"",hash: ""b801f5b476bf6cbc9b596282d2565860""})"
"(:VERTEX {memory address: ""7f1334f4b000"",size: ""40000"",subtype: ""memory"",tgid: ""147114"",source: ""syscall"",type: ""Artifact"",version: ""0"",hash: ""7f37ef5efa02da486971cb9f60a92806""})"
"(:VERTEX {memory address: ""7f1306ffe000"",size: ""801000"",subtype: ""memory"",tgid: ""147114"",source: ""syscall"",type: ""Artifact"",version: ""0"",hash: ""a5a071871c07a9552ffc50b5df142eb6""})"
"(:VERTEX {memory address: ""7f1306fff000"",size: ""800000"",subtype: ""memory"",tgid: ""147114"",source: ""syscall"",type: ""Artifact"",version: ""0"",hash: ""3e30b29140396f7644ca9ab40041fbe0""})"
"(:VERTEX {gid: ""0"",euid: ""999"",children pid namespace: ""4026532779"",start time: ""1690978576.899"",ns pid: ""11325"",pid: ""147124"",source: ""syscall"",type: ""Process"",net namespace: ""4026532705"",ipc namespace: ""4026532772"",ppid: ""147114"",pid namespace: ""4026532779"",cwd: ""/"",uid: ""999"",egid: ""0"",exe: ""/usr/bin/check-status"",mount namespace: ""4026532778"",command line: ""/usr/bin/check-status -r"",name: ""check-status"",hash: ""79950bc1ded9fd5bcca89610fe75bc2c"",user namespace: ""4026531837""})"
"(:VERTEX {remote port: ""54836"",epoch: ""0"",source: ""syscall"",type: ""Artifact"",version: ""0"",local port: ""8080"",net namespace: ""-1"",local address: ""0000:0000:0000:0000:0000:0000:0000:0000"",protocol: ""tcp"",subtype: ""network socket"",remote address: ""0000:0000:0000:0000:0000:FFFF:C0A8:2F80"",hash: ""bf43f9a90a289777951877d313a2276b""})"
"(:VERTEX {remote port: ""54834"",epoch: ""0"",source: ""syscall"",type: ""Artifact"",version: ""0"",local port: ""8080"",net namespace: ""-1"",local address: ""0000:0000:0000:0000:0000:0000:0000:0000"",protocol: ""tcp"",subtype: ""network socket"",remote address: ""0000:0000:0000:0000:0000:FFFF:C0A8:2F80"",hash: ""a1dc4f5d9b6b2aa5bb7fee4cfc55aa87""})"
"(:VERTEX {remote port: ""48434"",epoch: ""0"",source: ""syscall"",type: ""Artifact"",version: ""0"",local port: ""50051"",net namespace: ""-1"",local address: ""0000:0000:0000:0000:0000:0000:0000:0000"",protocol: ""tcp"",subtype: ""network socket"",remote address: ""0000:0000:0000:0000:0000:FFFF:C0A8:2F80"",hash: ""32f719ef02c20a36c79f9bde2414432b""})"
"(:VERTEX {remote port: ""44560"",epoch: ""0"",source: ""syscall"",type: ""Artifact"",version: ""0"",local port: ""6379"",net namespace: ""-1"",local address: ""0.0.0.0"",protocol: ""tcp"",subtype: ""network socket"",remote address: ""192.168.47.128"",hash: ""0f78c8151c9be03dbea72745f8419691""})"
"(:VERTEX {remote port: ""44550"",epoch: ""0"",source: ""syscall"",type: ""Artifact"",version: ""0"",local port: ""6379"",net namespace: ""-1"",local address: ""0.0.0.0"",protocol: ""tcp"",subtype: ""network socket"",remote address: ""192.168.47.128"",hash: ""f13a1be81e4f046ada8b87b3f4ddab3b""})"
"(:VERTEX {remote port: ""49608"",epoch: ""0"",source: ""syscall"",type: ""Artifact"",version: ""0"",local port: ""8080"",net namespace: ""-1"",local address: ""0000:0000:0000:0000:0000:0000:0000:0000"",protocol: ""tcp"",subtype: ""network socket"",remote address: ""0000:0000:0000:0000:0000:FFFF:C0A8:2F80"",hash: ""97cf9cc429d43d11965f0b6e6358dec4""})"
"(:VERTEX {remote port: ""49602"",epoch: ""0"",source: ""syscall"",type: ""Artifact"",version: ""0"",local port: ""8080"",net namespace: ""-1"",local address: ""0000:0000:0000:0000:0000:0000:0000:0000"",protocol: ""tcp"",subtype: ""network socket"",remote address: ""0000:0000:0000:0000:0000:FFFF:C0A8:2F80"",hash: ""94a153d044aec7007a20ff74b8036ed1""})"
"(:VERTEX {gid: ""0"",euid: ""999"",children pid namespace: ""-1"",pid: ""147136"",seen time: ""1690978579.052"",source: ""syscall"",type: ""Process"",net namespace: ""-1"",ipc namespace: ""-1"",ppid: ""147127"",pid namespace: ""-1"",uid: ""999"",egid: ""0"",exe: ""/"",mount namespace: ""-1"",name: ""runc:[2:INIT]"",hash: ""3a5108bc1d4566d198e10b0aad40ea4e"",user namespace: ""-1""})"
"(:VERTEX {path: ""/proc/147136/attr/apparmor/exec"",subtype: ""file"",permissions: ""0666"",epoch: ""0"",source: ""syscall"",type: ""Artifact"",version: ""0"",hash: ""8e7ea8f369cc2085c99173fc10f8221a""})"
"(:VERTEX {gid: ""0"",euid: ""999"",children pid namespace: ""-1"",start time: ""1690978579.052"",pid: ""147136"",source: ""syscall"",type: ""Process"",net namespace: ""-1"",ipc namespace: ""-1"",ppid: ""147127"",pid namespace: ""-1"",cwd: ""/"",uid: ""999"",egid: ""0"",exe: ""/usr/bin/check-status"",mount namespace: ""-1"",command line: ""/usr/bin/check-status -l"",name: ""check-status"",hash: ""146acf59935de6bd6162539d5ce8ca0d"",user namespace: ""-1""})"
"(:VERTEX {memory address: ""7f5ea1044000"",size: ""2000"",subtype: ""memory"",tgid: ""147136"",source: ""syscall"",type: ""Artifact"",version: ""0"",hash: ""7a0863c473e66cc982b004d659074474""})"
"(:VERTEX {memory address: ""7f5ea0bf9000"",size: ""21f4c0"",subtype: ""memory"",tgid: ""147136"",source: ""syscall"",type: ""Artifact"",version: ""0"",hash: ""6ab2028ec99f3097ff467776f9e4b038""})"
"(:VERTEX {memory address: ""7f5ea0c14000"",size: ""1ff000"",subtype: ""memory"",tgid: ""147136"",source: ""syscall"",type: ""Artifact"",version: ""0"",hash: ""c2d7cd98f0116d0e51f77e1b51babc99""})"
"(:VERTEX {memory address: ""7f5ea0e13000"",size: ""2000"",subtype: ""memory"",tgid: ""147136"",source: ""syscall"",type: ""Artifact"",version: ""0"",hash: ""744af9c9725888db4c90e4565260f700""})"
"(:VERTEX {memory address: ""7f5ea0e15000"",size: ""34c0"",subtype: ""memory"",tgid: ""147136"",source: ""syscall"",type: ""Artifact"",version: ""0"",hash: ""a9241eecf43e92852b913ad602cc8471""})"
"(:VERTEX {memory address: ""7f5ea0833000"",size: ""3c58c0"",subtype: ""memory"",tgid: ""147136"",source: ""syscall"",type: ""Artifact"",version: ""0"",hash: ""6e097a70113809928f84d471d005f7ae""})"
"(:VERTEX {memory address: ""7f5ea09ef000"",size: ""200000"",subtype: ""memory"",tgid: ""147136"",source: ""syscall"",type: ""Artifact"",version: ""0"",hash: ""441584c339f60893976115d8ea78cffc""})"
"(:VERTEX {memory address: ""7f5ea0bef000"",size: ""6000"",subtype: ""memory"",tgid: ""147136"",source: ""syscall"",type: ""Artifact"",version: ""0"",hash: ""646a4c5c9cd6792357f5392614747f7d""})"
"(:VERTEX {memory address: ""7f5ea0bf5000"",size: ""38c0"",subtype: ""memory"",tgid: ""147136"",source: ""syscall"",type: ""Artifact"",version: ""0"",hash: ""98c44c4b48b55baa2bca695a095cf342""})"
"(:VERTEX {memory address: ""7f5ea1041000"",size: ""3000"",subtype: ""memory"",tgid: ""147136"",source: ""syscall"",type: ""Artifact"",version: ""0"",hash: ""4141c6a6ae7a4abb6d3ac87e283e7703""})"
"(:VERTEX {memory address: ""7f5ea0bef000"",size: ""4000"",subtype: ""memory"",tgid: ""147136"",source: ""syscall"",type: ""Artifact"",version: ""0"",hash: ""72e465902835587a7d8521166a741c3c""})"
"(:VERTEX {memory address: ""7f5ea0e13000"",size: ""1000"",subtype: ""memory"",tgid: ""147136"",source: ""syscall"",type: ""Artifact"",version: ""0"",hash: ""383afd9638d93f3ae73e8391a5fb0605""})"
"(:VERTEX {memory address: ""7f5ea1046000"",size: ""1000"",subtype: ""memory"",tgid: ""147136"",source: ""syscall"",type: ""Artifact"",version: ""0"",hash: ""a510b42bd42d19da10aa477f34d485af""})"
"(:VERTEX {memory address: ""7f5ea1001000"",size: ""40000"",subtype: ""memory"",tgid: ""147136"",source: ""syscall"",type: ""Artifact"",version: ""0"",hash: ""cd4ac10db8d46d149dabfd2857344619""})"
"(:VERTEX {memory address: ""7f5ea0fe1000"",size: ""20000"",subtype: ""memory"",tgid: ""147136"",source: ""syscall"",type: ""Artifact"",version: ""0"",hash: ""363df32f7e2dfaa66299c1558fd93915""})"
"(:VERTEX {memory address: ""7f5ea0ee1000"",size: ""100000"",subtype: ""memory"",tgid: ""147136"",source: ""syscall"",type: ""Artifact"",version: ""0"",hash: ""87b31f6dff30df03e09263af8cfcb113""})"
"(:VERTEX {memory address: ""7f5ea0033000"",size: ""800000"",subtype: ""memory"",tgid: ""147136"",source: ""syscall"",type: ""Artifact"",version: ""0"",hash: ""b3af9062d609d67f0ac5d81ac78e962a""})"
"(:VERTEX {memory address: ""7f5e9c033000"",size: ""4000000"",subtype: ""memory"",tgid: ""147136"",source: ""syscall"",type: ""Artifact"",version: ""0"",hash: ""d220e0b5c5d65e013cec4c2fc206eca9""})"
"(:VERTEX {memory address: ""7f5e7c033000"",size: ""20000000"",subtype: ""memory"",tgid: ""147136"",source: ""syscall"",type: ""Artifact"",version: ""0"",hash: ""2f653af41e8f5619cb1ec8fd7a5957c4""})"
"(:VERTEX {memory address: ""c000000000"",size: ""4000000"",subtype: ""memory"",tgid: ""147136"",source: ""syscall"",type: ""Artifact"",version: ""0"",hash: ""5a977d4b536387ca1bffe50a5cfcc18d""})"
"(:VERTEX {memory address: ""7f5e7a033000"",size: ""2000000"",subtype: ""memory"",tgid: ""147136"",source: ""syscall"",type: ""Artifact"",version: ""0"",hash: ""2f17f3acb468cad7aa69f344a175ddbb""})"
"(:VERTEX {memory address: ""7f5e79e22000"",size: ""210c10"",subtype: ""memory"",tgid: ""147136"",source: ""syscall"",type: ""Artifact"",version: ""0"",hash: ""a72f9ca662f8c8cb09eaed58fd1c71f8""})"
"(:VERTEX {memory address: ""c000000000"",size: ""400000"",subtype: ""memory"",tgid: ""147136"",source: ""syscall"",type: ""Artifact"",version: ""0"",hash: ""a4c98b4c94f04aae940bbe5c9ccd3d12""})"
"(:VERTEX {memory address: ""7f5ea0fe1000"",size: ""20000"",subtype: ""memory"",tgid: ""147136"",source: ""syscall"",type: ""Artifact"",version: ""1"",hash: ""3fefba23b5eb0eaf35d319c827d287a3""})"
"(:VERTEX {memory address: ""7f5ea0f61000"",size: ""1000"",subtype: ""memory"",tgid: ""147136"",source: ""syscall"",type: ""Artifact"",version: ""0"",hash: ""ea2bb25c83e136894c7b160a94218ac0""})"
"(:VERTEX {memory address: ""7f5ea0439000"",size: ""1000"",subtype: ""memory"",tgid: ""147136"",source: ""syscall"",type: ""Artifact"",version: ""0"",hash: ""f2307ce2a25933bcf24457e770339ec9""})"
"(:VERTEX {memory address: ""7f5e9e063000"",size: ""1000"",subtype: ""memory"",tgid: ""147136"",source: ""syscall"",type: ""Artifact"",version: ""0"",hash: ""d242b518797a41cac6df602f32a09a51""})"
"(:VERTEX {memory address: ""7f5e8c1b3000"",size: ""1000"",subtype: ""memory"",tgid: ""147136"",source: ""syscall"",type: ""Artifact"",version: ""0"",hash: ""c3b2b54f37b7b840032d3f3c51c9fa97""})"
"(:VERTEX {memory address: ""7f5e79d22000"",size: ""100000"",subtype: ""memory"",tgid: ""147136"",source: ""syscall"",type: ""Artifact"",version: ""0"",hash: ""b7547fc81c359554789c77682a1dea81""})"
"(:VERTEX {memory address: ""7f5ea0ed1000"",size: ""10000"",subtype: ""memory"",tgid: ""147136"",source: ""syscall"",type: ""Artifact"",version: ""0"",hash: ""549db24a21aa7af60b986202b2f86a93""})"
"(:VERTEX {memory address: ""7f5ea0ec1000"",size: ""10000"",subtype: ""memory"",tgid: ""147136"",source: ""syscall"",type: ""Artifact"",version: ""0"",hash: ""0f131ab8bab245a564bb26f4a1579735""})"
"(:VERTEX {memory address: ""7f5e79521000"",size: ""801000"",subtype: ""memory"",tgid: ""147136"",source: ""syscall"",type: ""Artifact"",version: ""0"",hash: ""433d6bce0b6ca774c6a35489d36b776d""})"
"(:VERTEX {memory address: ""7f5e79522000"",size: ""800000"",subtype: ""memory"",tgid: ""147136"",source: ""syscall"",type: ""Artifact"",version: ""0"",hash: ""43e248dbf20fa97788cbe940e00b6341""})"
"(:VERTEX {gid: ""0"",euid: ""999"",children pid namespace: ""4026532779"",start time: ""1690978579.056"",ns pid: ""11332"",pid: ""147142"",source: ""syscall"",type: ""Process"",net namespace: ""4026532705"",ipc namespace: ""4026532772"",ppid: ""147136"",pid namespace: ""4026532779"",cwd: ""/"",uid: ""999"",egid: ""0"",exe: ""/usr/bin/check-status"",mount namespace: ""4026532778"",command line: ""/usr/bin/check-status -l"",name: ""check-status"",hash: ""94273d989c9cdc149b3d91f071278afb"",user namespace: ""4026531837""})"
"(:VERTEX {memory address: ""7f5e78d20000"",size: ""801000"",subtype: ""memory"",tgid: ""147136"",source: ""syscall"",type: ""Artifact"",version: ""0"",hash: ""4dd5fcc04159b69df8931b447fd1da8e""})"
"(:VERTEX {memory address: ""7f5e78d21000"",size: ""800000"",subtype: ""memory"",tgid: ""147136"",source: ""syscall"",type: ""Artifact"",version: ""0"",hash: ""8855552b683228a69f4856f79c7ab7bd""})"
"(:VERTEX {gid: ""0"",euid: ""999"",children pid namespace: ""4026532779"",start time: ""1690978579.056"",ns pid: ""11333"",pid: ""147143"",source: ""syscall"",type: ""Process"",net namespace: ""4026532705"",ipc namespace: ""4026532772"",ppid: ""147136"",pid namespace: ""4026532779"",cwd: ""/"",uid: ""999"",egid: ""0"",exe: ""/usr/bin/check-status"",mount namespace: ""4026532778"",command line: ""/usr/bin/check-status -l"",name: ""check-status"",hash: ""cc96787528bc8b9a6266dcf163df0eb8"",user namespace: ""4026531837""})"
"(:VERTEX {memory address: ""7f5e7851f000"",size: ""801000"",subtype: ""memory"",tgid: ""147136"",source: ""syscall"",type: ""Artifact"",version: ""0"",hash: ""365bf64b4bd708a2acbada6d616fe7cb""})"
"(:VERTEX {memory address: ""7f5e78520000"",size: ""800000"",subtype: ""memory"",tgid: ""147136"",source: ""syscall"",type: ""Artifact"",version: ""0"",hash: ""0d4578e845c1b7c3f60ffe3de2032b44""})"
"(:VERTEX {gid: ""0"",euid: ""999"",children pid namespace: ""4026532779"",start time: ""1690978579.056"",ns pid: ""11334"",pid: ""147144"",source: ""syscall"",type: ""Process"",net namespace: ""4026532705"",ipc namespace: ""4026532772"",ppid: ""147136"",pid namespace: ""4026532779"",cwd: ""/"",uid: ""999"",egid: ""0"",exe: ""/usr/bin/check-status"",mount namespace: ""4026532778"",command line: ""/usr/bin/check-status -l"",name: ""check-status"",hash: ""f33afa7126928e975e0a2721534874b8"",user namespace: ""4026531837""})"
"(:VERTEX {memory address: ""7f5e7051f000"",size: ""8000000"",subtype: ""memory"",tgid: ""147136"",source: ""syscall"",type: ""Artifact"",version: ""0"",hash: ""6da4b2169175de6bc9a0f22492aa44e9""})"
"(:VERTEX {memory address: ""7f5e74000000"",size: ""21000"",subtype: ""memory"",tgid: ""147136"",source: ""syscall"",type: ""Artifact"",version: ""0"",hash: ""b693dad679543101ab931864a6c3351c""})"
"(:VERTEX {memory address: ""7f5e6c000000"",size: ""8000000"",subtype: ""memory"",tgid: ""147136"",source: ""syscall"",type: ""Artifact"",version: ""0"",hash: ""d509121f60075411d40ec155165c5aac""})"
"(:VERTEX {memory address: ""7f5e6c000000"",size: ""21000"",subtype: ""memory"",tgid: ""147136"",source: ""syscall"",type: ""Artifact"",version: ""0"",hash: ""2d0c101aa79c70621319076b303ea5e3""})"
"(:VERTEX {memory address: ""7f5ea0e81000"",size: ""40000"",subtype: ""memory"",tgid: ""147136"",source: ""syscall"",type: ""Artifact"",version: ""0"",hash: ""28415420cd0020c089c37481482d49d1""})"
"(:VERTEX {memory address: ""7f5e737ff000"",size: ""801000"",subtype: ""memory"",tgid: ""147136"",source: ""syscall"",type: ""Artifact"",version: ""0"",hash: ""4133a96e915251739e35b22729b7de87""})"
"(:VERTEX {memory address: ""7f5e73800000"",size: ""800000"",subtype: ""memory"",tgid: ""147136"",source: ""syscall"",type: ""Artifact"",version: ""0"",hash: ""691707e9d852687bcc0339c57b23fb5a""})"
"(:VERTEX {gid: ""0"",euid: ""999"",children pid namespace: ""4026532779"",start time: ""1690978579.056"",ns pid: ""11335"",pid: ""147145"",source: ""syscall"",type: ""Process"",net namespace: ""4026532705"",ipc namespace: ""4026532772"",ppid: ""147136"",pid namespace: ""4026532779"",cwd: ""/"",uid: ""999"",egid: ""0"",exe: ""/usr/bin/check-status"",mount namespace: ""4026532778"",command line: ""/usr/bin/check-status -l"",name: ""check-status"",hash: ""4fc47afab32171a33d2f6c8137826355"",user namespace: ""4026531837""})"
"(:VERTEX {memory address: ""7f5e68000000"",size: ""4000000"",subtype: ""memory"",tgid: ""147136"",source: ""syscall"",type: ""Artifact"",version: ""0"",hash: ""cc9e33437514a1f292b180019df91fc7""})"
"(:VERTEX {memory address: ""7f5e68000000"",size: ""21000"",subtype: ""memory"",tgid: ""147136"",source: ""syscall"",type: ""Artifact"",version: ""0"",hash: ""c99b6f5748fd1c06bbfe44ef5b2a906c""})"
"(:VERTEX {memory address: ""7f5e64000000"",size: ""4000000"",subtype: ""memory"",tgid: ""147136"",source: ""syscall"",type: ""Artifact"",version: ""0"",hash: ""5af892c4b5a269b1b53fb118f342d2be""})"
"(:VERTEX {memory address: ""7f5e64000000"",size: ""21000"",subtype: ""memory"",tgid: ""147136"",source: ""syscall"",type: ""Artifact"",version: ""0"",hash: ""318c48aca86a08f3222ac5bb60ac195f""})"
"(:VERTEX {memory address: ""7f5e72ffe000"",size: ""801000"",subtype: ""memory"",tgid: ""147136"",source: ""syscall"",type: ""Artifact"",version: ""0"",hash: ""615cf7e3b11e8a79c5dfcd837f284e47""})"
"(:VERTEX {memory address: ""7f5e72fff000"",size: ""800000"",subtype: ""memory"",tgid: ""147136"",source: ""syscall"",type: ""Artifact"",version: ""0"",hash: ""6446f03a11aab659e59229ae170fdbd3""})"
"(:VERTEX {gid: ""0"",euid: ""999"",children pid namespace: ""4026532779"",start time: ""1690978579.056"",ns pid: ""11336"",pid: ""147146"",source: ""syscall"",type: ""Process"",net namespace: ""4026532705"",ipc namespace: ""4026532772"",ppid: ""147136"",pid namespace: ""4026532779"",cwd: ""/"",uid: ""999"",egid: ""0"",exe: ""/usr/bin/check-status"",mount namespace: ""4026532778"",command line: ""/usr/bin/check-status -l"",name: ""check-status"",hash: ""6b6019776cb26f1ab775f55cc1a413e6"",user namespace: ""4026531837""})"
"(:VERTEX {memory address: ""7f5e5c000000"",size: ""8000000"",subtype: ""memory"",tgid: ""147136"",source: ""syscall"",type: ""Artifact"",version: ""0"",hash: ""7901bd2e60d4b0a9a6744cc4a6019ad9""})"
"(:VERTEX {memory address: ""7f5e5c000000"",size: ""21000"",subtype: ""memory"",tgid: ""147136"",source: ""syscall"",type: ""Artifact"",version: ""0"",hash: ""1114c0c03de043c615721f2484340fb9""})"
"(:VERTEX {memory address: ""7f5e784df000"",size: ""40000"",subtype: ""memory"",tgid: ""147136"",source: ""syscall"",type: ""Artifact"",version: ""0"",hash: ""cd1863b2dd3d1d7ec7f17182902ed28d""})"
"(:VERTEX {remote port: ""53"",epoch: ""0"",source: ""syscall"",type: ""Artifact"",version: ""0"",local port: ""36354"",net namespace: ""-1"",local address: ""10.1.251.204"",protocol: ""udp"",subtype: ""network socket"",remote address: ""10.152.183.10"",hash: ""f14c567797c5e06d76b58dbf8ab0ae28""})"
"(:VERTEX {remote port: ""53"",epoch: ""0"",source: ""syscall"",type: ""Artifact"",version: ""0"",local port: ""53893"",net namespace: ""-1"",local address: ""10.1.251.204"",protocol: ""udp"",subtype: ""network socket"",remote address: ""10.152.183.10"",hash: ""2dfabb27c2b9fb3086f3bfec102e62e7""})"
"(:VERTEX {memory address: ""7f97fadca000"",size: ""183000"",subtype: ""memory"",tgid: ""61363"",source: ""syscall"",type: ""Artifact"",version: ""1"",hash: ""f280beb416ea79edc38fb2fdb037865a""})"
"(:VERTEX {memory address: ""7f97fadcc000"",size: ""181000"",subtype: ""memory"",tgid: ""61363"",source: ""syscall"",type: ""Artifact"",version: ""1"",hash: ""ee42d232911d2e0db9cc2479eb8aff11""})"
"(:VERTEX {gid: ""1000"",euid: ""1000"",children pid namespace: ""4026533564"",start time: ""1690978582.242"",ns pid: ""166"",pid: ""147223"",source: ""syscall"",type: ""Process"",net namespace: ""4026533266"",ipc namespace: ""4026533539"",ppid: ""61363"",pid namespace: ""4026533564"",uid: ""1000"",egid: ""1000"",exe: ""/app/cartservice"",mount namespace: ""4026533563"",name: "".NET ThreadPool"",hash: ""1f9754882b6247c3ae0c0a07437aa5fe"",user namespace: ""4026531837""})"
"(:VERTEX {memory address: ""7f981aa0f000"",size: ""4000"",subtype: ""memory"",tgid: ""61363"",source: ""syscall"",type: ""Artifact"",version: ""1"",hash: ""39d864f856e07f0a01c5eafc3c286344""})"
"(:VERTEX {memory address: ""7f981aa0f000"",size: ""1000"",subtype: ""memory"",tgid: ""61363"",source: ""syscall"",type: ""Artifact"",version: ""1"",hash: ""123365d80698aa74d13c1906b6683551""})"
"(:VERTEX {remote port: ""54840"",epoch: ""0"",source: ""syscall"",type: ""Artifact"",version: ""0"",local port: ""8080"",net namespace: ""-1"",local address: ""0000:0000:0000:0000:0000:0000:0000:0000"",protocol: ""tcp"",subtype: ""network socket"",remote address: ""0000:0000:0000:0000:0000:FFFF:C0A8:2F80"",hash: ""d091d539cf9e4573369ed19fd8043b30""})"
"(:VERTEX {remote port: ""54838"",epoch: ""0"",source: ""syscall"",type: ""Artifact"",version: ""0"",local port: ""8080"",net namespace: ""-1"",local address: ""0000:0000:0000:0000:0000:0000:0000:0000"",protocol: ""tcp"",subtype: ""network socket"",remote address: ""0000:0000:0000:0000:0000:FFFF:C0A8:2F80"",hash: ""18b6fdecbb8f402a7659641e744354e5""})"
"(:VERTEX {remote port: ""48444"",epoch: ""0"",source: ""syscall"",type: ""Artifact"",version: ""0"",local port: ""50051"",net namespace: ""-1"",local address: ""0000:0000:0000:0000:0000:0000:0000:0000"",protocol: ""tcp"",subtype: ""network socket"",remote address: ""0000:0000:0000:0000:0000:FFFF:C0A8:2F80"",hash: ""6f195807946256879be0b8b00daa684f""})"
"(:VERTEX {remote port: ""48450"",epoch: ""0"",source: ""syscall"",type: ""Artifact"",version: ""0"",local port: ""50051"",net namespace: ""-1"",local address: ""0000:0000:0000:0000:0000:0000:0000:0000"",protocol: ""tcp"",subtype: ""network socket"",remote address: ""0000:0000:0000:0000:0000:FFFF:C0A8:2F80"",hash: ""6b3d3eb9b7be7c2da65c8bb966eeed93""})"
"(:VERTEX {remote port: ""40392"",epoch: ""0"",source: ""syscall"",type: ""Artifact"",version: ""0"",local port: ""7000"",net namespace: ""-1"",local address: ""0000:0000:0000:0000:0000:0000:0000:0000"",protocol: ""tcp"",subtype: ""network socket"",remote address: ""0000:0000:0000:0000:0000:FFFF:C0A8:2F80"",hash: ""ec3fc5e29f2663a8b58eb391ee159864""})"
"(:VERTEX {remote port: ""40400"",epoch: ""0"",source: ""syscall"",type: ""Artifact"",version: ""0"",local port: ""7000"",net namespace: ""-1"",local address: ""0000:0000:0000:0000:0000:0000:0000:0000"",protocol: ""tcp"",subtype: ""network socket"",remote address: ""0000:0000:0000:0000:0000:FFFF:C0A8:2F80"",hash: ""f054f50735ba33995ae803c380c47a4e""})"
"(:VERTEX {remote port: ""32940"",epoch: ""0"",source: ""syscall"",type: ""Artifact"",version: ""0"",local port: ""5050"",net namespace: ""-1"",local address: ""0000:0000:0000:0000:0000:0000:0000:0000"",protocol: ""tcp"",subtype: ""network socket"",remote address: ""0000:0000:0000:0000:0000:FFFF:C0A8:2F80"",hash: ""0cb9047bce5bc03dc467931831c9feb3""})"
"(:VERTEX {remote port: ""44570"",epoch: ""0"",source: ""syscall"",type: ""Artifact"",version: ""0"",local port: ""6379"",net namespace: ""-1"",local address: ""0.0.0.0"",protocol: ""tcp"",subtype: ""network socket"",remote address: ""192.168.47.128"",hash: ""e0f704d5065d96e4425294708c207ec9""})"
"(:VERTEX {remote port: ""32956"",epoch: ""0"",source: ""syscall"",type: ""Artifact"",version: ""0"",local port: ""5050"",net namespace: ""-1"",local address: ""0000:0000:0000:0000:0000:0000:0000:0000"",protocol: ""tcp"",subtype: ""network socket"",remote address: ""0000:0000:0000:0000:0000:FFFF:C0A8:2F80"",hash: ""da60982f2be043c1d3f8628380d01810""})"
"(:VERTEX {remote port: ""44584"",epoch: ""0"",source: ""syscall"",type: ""Artifact"",version: ""0"",local port: ""6379"",net namespace: ""-1"",local address: ""0.0.0.0"",protocol: ""tcp"",subtype: ""network socket"",remote address: ""192.168.47.128"",hash: ""9d05575d3e5ab9d520ade3d09a6bef4d""})"
"(:VERTEX {remote port: ""46172"",epoch: ""0"",source: ""syscall"",type: ""Artifact"",version: ""0"",local port: ""9555"",net namespace: ""-1"",local address: ""0000:0000:0000:0000:0000:0000:0000:0000"",protocol: ""tcp"",subtype: ""network socket"",remote address: ""0000:0000:0000:0000:0000:FFFF:C0A8:2F80"",hash: ""59e299b4dbd4e03ee7190c579e8f3089""})"
"(:VERTEX {remote port: ""46170"",epoch: ""0"",source: ""syscall"",type: ""Artifact"",version: ""0"",local port: ""9555"",net namespace: ""-1"",local address: ""0000:0000:0000:0000:0000:0000:0000:0000"",protocol: ""tcp"",subtype: ""network socket"",remote address: ""0000:0000:0000:0000:0000:FFFF:C0A8:2F80"",hash: ""4fb5d31482e55276be946e341eeb1e75""})"
"(:VERTEX {remote port: ""54988"",epoch: ""0"",source: ""syscall"",type: ""Artifact"",version: ""0"",local port: ""8080"",net namespace: ""-1"",local address: ""0000:0000:0000:0000:0000:0000:0000:0000"",protocol: ""tcp"",subtype: ""network socket"",remote address: ""0000:0000:0000:0000:0000:FFFF:C0A8:2F80"",hash: ""430f8bf496c940f99de2964a792c46e9""})"
"(:VERTEX {remote port: ""54994"",epoch: ""0"",source: ""syscall"",type: ""Artifact"",version: ""0"",local port: ""8080"",net namespace: ""-1"",local address: ""0000:0000:0000:0000:0000:0000:0000:0000"",protocol: ""tcp"",subtype: ""network socket"",remote address: ""0000:0000:0000:0000:0000:FFFF:C0A8:2F80"",hash: ""30064e6faec956e8905c7a579759a36b""})"
"(:VERTEX {remote port: ""47070"",epoch: ""0"",source: ""syscall"",type: ""Artifact"",version: ""0"",local port: ""7070"",net namespace: ""4026533266"",local address: ""0000:0000:0000:0000:0000:0000:0000:0000"",protocol: ""tcp"",subtype: ""network socket"",remote address: ""0000:0000:0000:0000:0000:FFFF:C0A8:2F80"",hash: ""38153e14743778ce1d2ff9cd6af56027""})"
"(:VERTEX {remote port: ""47082"",epoch: ""0"",source: ""syscall"",type: ""Artifact"",version: ""0"",local port: ""7070"",net namespace: ""4026533266"",local address: ""0000:0000:0000:0000:0000:0000:0000:0000"",protocol: ""tcp"",subtype: ""network socket"",remote address: ""0000:0000:0000:0000:0000:FFFF:C0A8:2F80"",hash: ""c5399e055d6d2296b29668df3dccd1ad""})"
"(:VERTEX {remote port: ""47484"",epoch: ""0"",source: ""syscall"",type: ""Artifact"",version: ""0"",local port: ""50051"",net namespace: ""-1"",local address: ""0000:0000:0000:0000:0000:0000:0000:0000"",protocol: ""tcp"",subtype: ""network socket"",remote address: ""0000:0000:0000:0000:0000:FFFF:C0A8:2F80"",hash: ""4aa1cd786435385aca38d47c1c7ad739""})"
"(:VERTEX {remote port: ""49622"",epoch: ""0"",source: ""syscall"",type: ""Artifact"",version: ""0"",local port: ""8080"",net namespace: ""-1"",local address: ""0000:0000:0000:0000:0000:0000:0000:0000"",protocol: ""tcp"",subtype: ""network socket"",remote address: ""0000:0000:0000:0000:0000:FFFF:C0A8:2F80"",hash: ""075c6b53a1c8985740a302e630407c6c""})"
"(:VERTEX {remote port: ""49630"",epoch: ""0"",source: ""syscall"",type: ""Artifact"",version: ""0"",local port: ""8080"",net namespace: ""-1"",local address: ""0000:0000:0000:0000:0000:0000:0000:0000"",protocol: ""tcp"",subtype: ""network socket"",remote address: ""0000:0000:0000:0000:0000:FFFF:C0A8:2F80"",hash: ""da0a060b4606e8f3998b655b03e3853e""})"
"(:VERTEX {remote port: ""52962"",epoch: ""0"",source: ""syscall"",type: ""Artifact"",version: ""0"",local port: ""3550"",net namespace: ""-1"",local address: ""0000:0000:0000:0000:0000:0000:0000:0000"",protocol: ""tcp"",subtype: ""network socket"",remote address: ""0000:0000:0000:0000:0000:FFFF:C0A8:2F80"",hash: ""9b83bab16191a893f72d500aa7f6a9a8""})"
"(:VERTEX {remote port: ""52970"",epoch: ""0"",source: ""syscall"",type: ""Artifact"",version: ""0"",local port: ""3550"",net namespace: ""-1"",local address: ""0000:0000:0000:0000:0000:0000:0000:0000"",protocol: ""tcp"",subtype: ""network socket"",remote address: ""0000:0000:0000:0000:0000:FFFF:C0A8:2F80"",hash: ""cecf3afe1da1786102c815c5daeb81ff""})"
"(:VERTEX {remote port: ""47498"",epoch: ""0"",source: ""syscall"",type: ""Artifact"",version: ""0"",local port: ""50051"",net namespace: ""-1"",local address: ""0000:0000:0000:0000:0000:0000:0000:0000"",protocol: ""tcp"",subtype: ""network socket"",remote address: ""0000:0000:0000:0000:0000:FFFF:C0A8:2F80"",hash: ""097b30ba2048641c2c5fe90bb2ed1a4d""})"
"(:VERTEX {remote port: ""53"",epoch: ""0"",source: ""syscall"",type: ""Artifact"",version: ""0"",local port: ""56803"",net namespace: ""-1"",local address: ""10.1.251.204"",protocol: ""udp"",subtype: ""network socket"",remote address: ""10.152.183.10"",hash: ""a7880c28ed3e304e74f5f4f422387e42""})"
"(:VERTEX {remote port: ""53"",epoch: ""0"",source: ""syscall"",type: ""Artifact"",version: ""0"",local port: ""60940"",net namespace: ""-1"",local address: ""10.1.251.204"",protocol: ""udp"",subtype: ""network socket"",remote address: ""10.152.183.10"",hash: ""e52454d4dd477e6e3dab0971537d0e5e""})"
"(:VERTEX {remote port: ""53"",epoch: ""0"",source: ""syscall"",type: ""Artifact"",version: ""0"",local port: ""38366"",net namespace: ""-1"",local address: ""10.1.251.204"",protocol: ""udp"",subtype: ""network socket"",remote address: ""10.152.183.10"",hash: ""59274596ec0ffadac28fbf334b965497""})"
"(:VERTEX {remote port: ""53"",epoch: ""0"",source: ""syscall"",type: ""Artifact"",version: ""0"",local port: ""40178"",net namespace: ""-1"",local address: ""10.1.251.204"",protocol: ""udp"",subtype: ""network socket"",remote address: ""10.152.183.10"",hash: ""ad5313a5919f3cfa901ad970622648f2""})"
"(:VERTEX {gid: ""0"",euid: ""999"",children pid namespace: ""-1"",pid: ""147360"",seen time: ""1690978586.893"",source: ""syscall"",type: ""Process"",net namespace: ""-1"",ipc namespace: ""-1"",ppid: ""147350"",pid namespace: ""-1"",uid: ""999"",egid: ""0"",exe: ""/"",mount namespace: ""-1"",name: ""runc:[2:INIT]"",hash: ""389421f964e6c8d006a2ffe2e631bfdf"",user namespace: ""-1""})"
"(:VERTEX {path: ""/proc/147360/attr/apparmor/exec"",subtype: ""file"",permissions: ""0666"",epoch: ""0"",source: ""syscall"",type: ""Artifact"",version: ""0"",hash: ""6db7bb4525d093fbc32cd7cb8415a647""})"
"(:VERTEX {gid: ""0"",euid: ""999"",children pid namespace: ""-1"",start time: ""1690978586.897"",pid: ""147360"",source: ""syscall"",type: ""Process"",net namespace: ""-1"",ipc namespace: ""-1"",ppid: ""147350"",pid namespace: ""-1"",cwd: ""/"",uid: ""999"",egid: ""0"",exe: ""/usr/bin/check-status"",mount namespace: ""-1"",command line: ""/usr/bin/check-status -r"",name: ""check-status"",hash: ""e3f1832764fac61b1f16fedc3b0274bd"",user namespace: ""-1""})"
"(:VERTEX {memory address: ""7fa8a73a9000"",size: ""2000"",subtype: ""memory"",tgid: ""147360"",source: ""syscall"",type: ""Artifact"",version: ""0"",hash: ""605f95725da3877f5dc0c2bda13e3e2a""})"
"(:VERTEX {memory address: ""7fa8a6f5e000"",size: ""21f4c0"",subtype: ""memory"",tgid: ""147360"",source: ""syscall"",type: ""Artifact"",version: ""0"",hash: ""c3643a6b728b1d67676794de6ff92957""})"
"(:VERTEX {memory address: ""7fa8a6f79000"",size: ""1ff000"",subtype: ""memory"",tgid: ""147360"",source: ""syscall"",type: ""Artifact"",version: ""0"",hash: ""004fa308fc867a0a3efc895a686a4a04""})"
"(:VERTEX {memory address: ""7fa8a7178000"",size: ""2000"",subtype: ""memory"",tgid: ""147360"",source: ""syscall"",type: ""Artifact"",version: ""0"",hash: ""b2a0f5a216bd1786d90e9f2bdd87d433""})"
"(:VERTEX {memory address: ""7fa8a717a000"",size: ""34c0"",subtype: ""memory"",tgid: ""147360"",source: ""syscall"",type: ""Artifact"",version: ""0"",hash: ""e0d64fac327663685a6521c27f65ed5f""})"
"(:VERTEX {memory address: ""7fa8a6b98000"",size: ""3c58c0"",subtype: ""memory"",tgid: ""147360"",source: ""syscall"",type: ""Artifact"",version: ""0"",hash: ""7ed0a22ca4e1cb289efa6a4fbac5cd29""})"
"(:VERTEX {memory address: ""7fa8a6d54000"",size: ""200000"",subtype: ""memory"",tgid: ""147360"",source: ""syscall"",type: ""Artifact"",version: ""0"",hash: ""808accc576dc1879bd776ac5761abc08""})"
"(:VERTEX {memory address: ""7fa8a6f54000"",size: ""6000"",subtype: ""memory"",tgid: ""147360"",source: ""syscall"",type: ""Artifact"",version: ""0"",hash: ""12bcfab8eb054440579af1f1b323d8bc""})"
"(:VERTEX {memory address: ""7fa8a6f5a000"",size: ""38c0"",subtype: ""memory"",tgid: ""147360"",source: ""syscall"",type: ""Artifact"",version: ""0"",hash: ""450a3cffb167df3d5b0f0e33834fb118""})"
"(:VERTEX {memory address: ""7fa8a73a6000"",size: ""3000"",subtype: ""memory"",tgid: ""147360"",source: ""syscall"",type: ""Artifact"",version: ""0"",hash: ""2d8d72f5e3b057713b05d93a46e604ae""})"
"(:VERTEX {memory address: ""7fa8a6f54000"",size: ""4000"",subtype: ""memory"",tgid: ""147360"",source: ""syscall"",type: ""Artifact"",version: ""0"",hash: ""68abf3b156c28b54be1df790b1c2b3a1""})"
"(:VERTEX {memory address: ""7fa8a7178000"",size: ""1000"",subtype: ""memory"",tgid: ""147360"",source: ""syscall"",type: ""Artifact"",version: ""0"",hash: ""60aaaa1595536fe3ceb848255afb1eec""})"
"(:VERTEX {memory address: ""7fa8a73ab000"",size: ""1000"",subtype: ""memory"",tgid: ""147360"",source: ""syscall"",type: ""Artifact"",version: ""0"",hash: ""48f644469dd461b7d1d1292a5c87c2bc""})"
"(:VERTEX {memory address: ""7fa8a7366000"",size: ""40000"",subtype: ""memory"",tgid: ""147360"",source: ""syscall"",type: ""Artifact"",version: ""0"",hash: ""8af4d0422e7999a3f1b44bf701dc7135""})"
"(:VERTEX {memory address: ""7fa8a7346000"",size: ""20000"",subtype: ""memory"",tgid: ""147360"",source: ""syscall"",type: ""Artifact"",version: ""0"",hash: ""5556f17f5c23aa48fd19bab5d1946a2d""})"
"(:VERTEX {memory address: ""7fa8a7246000"",size: ""100000"",subtype: ""memory"",tgid: ""147360"",source: ""syscall"",type: ""Artifact"",version: ""0"",hash: ""9bd8ddf0bcb7a28b21d4d6e1b99d298a""})"
"(:VERTEX {memory address: ""7fa8a6398000"",size: ""800000"",subtype: ""memory"",tgid: ""147360"",source: ""syscall"",type: ""Artifact"",version: ""0"",hash: ""f97a79440ffb74dc3de5bd41483bfacd""})"
"(:VERTEX {memory address: ""7fa8a2398000"",size: ""4000000"",subtype: ""memory"",tgid: ""147360"",source: ""syscall"",type: ""Artifact"",version: ""0"",hash: ""f90064163cc399059ea6440e3cb06fdd""})"
"(:VERTEX {memory address: ""7fa882398000"",size: ""20000000"",subtype: ""memory"",tgid: ""147360"",source: ""syscall"",type: ""Artifact"",version: ""0"",hash: ""6da4fd982a8125bc00b16522d06fe0cc""})"
"(:VERTEX {memory address: ""c000000000"",size: ""4000000"",subtype: ""memory"",tgid: ""147360"",source: ""syscall"",type: ""Artifact"",version: ""0"",hash: ""d409ffba52f4492338e862026976cf77""})"
"(:VERTEX {memory address: ""7fa880398000"",size: ""2000000"",subtype: ""memory"",tgid: ""147360"",source: ""syscall"",type: ""Artifact"",version: ""0"",hash: ""949ac1d022dbbd30daa0f72e1ba05851""})"
"(:VERTEX {memory address: ""7fa880187000"",size: ""210c10"",subtype: ""memory"",tgid: ""147360"",source: ""syscall"",type: ""Artifact"",version: ""0"",hash: ""e419979dfab597ad67515107a1ffcc84""})"
"(:VERTEX {memory address: ""c000000000"",size: ""400000"",subtype: ""memory"",tgid: ""147360"",source: ""syscall"",type: ""Artifact"",version: ""0"",hash: ""6b96adde15cd0b64b44a7b5e65c66a2b""})"
"(:VERTEX {memory address: ""7fa8a7346000"",size: ""20000"",subtype: ""memory"",tgid: ""147360"",source: ""syscall"",type: ""Artifact"",version: ""1"",hash: ""8968c8ea817e4673f9b910b8074e3b8c""})"
"(:VERTEX {memory address: ""7fa8a72c6000"",size: ""1000"",subtype: ""memory"",tgid: ""147360"",source: ""syscall"",type: ""Artifact"",version: ""0"",hash: ""f9dccb5076a750f0933fba9d4d3c5127""})"
"(:VERTEX {memory address: ""7fa8a679e000"",size: ""1000"",subtype: ""memory"",tgid: ""147360"",source: ""syscall"",type: ""Artifact"",version: ""0"",hash: ""11d46af2311feabc0a14d7a4a90a97c5""})"
"(:VERTEX {memory address: ""7fa8a43c8000"",size: ""1000"",subtype: ""memory"",tgid: ""147360"",source: ""syscall"",type: ""Artifact"",version: ""0"",hash: ""ae037053964c737cdd8848677f99c89e""})"
"(:VERTEX {memory address: ""7fa892518000"",size: ""1000"",subtype: ""memory"",tgid: ""147360"",source: ""syscall"",type: ""Artifact"",version: ""0"",hash: ""2d10e76bae66bc3ce6008edfba4e0290""})"
"(:VERTEX {memory address: ""7fa880087000"",size: ""100000"",subtype: ""memory"",tgid: ""147360"",source: ""syscall"",type: ""Artifact"",version: ""0"",hash: ""962b6cf1c846960cda690249a6e8a2d5""})"
"(:VERTEX {memory address: ""7fa8a7236000"",size: ""10000"",subtype: ""memory"",tgid: ""147360"",source: ""syscall"",type: ""Artifact"",version: ""0"",hash: ""ebcaa6cb29bf630e7e2f8ba4a261c229""})"
"(:VERTEX {memory address: ""7fa8a7226000"",size: ""10000"",subtype: ""memory"",tgid: ""147360"",source: ""syscall"",type: ""Artifact"",version: ""0"",hash: ""20d1c2da1439ea0fa2fa485f04c83e69""})"
"(:VERTEX {memory address: ""7fa87f886000"",size: ""801000"",subtype: ""memory"",tgid: ""147360"",source: ""syscall"",type: ""Artifact"",version: ""0"",hash: ""de4710a91e76df8f72849abc3ab12ba1""})"
"(:VERTEX {memory address: ""7fa87f887000"",size: ""800000"",subtype: ""memory"",tgid: ""147360"",source: ""syscall"",type: ""Artifact"",version: ""0"",hash: ""44015611d3c9628d8ebde5e63642d34d""})"
"(:VERTEX {gid: ""0"",euid: ""999"",children pid namespace: ""4026532779"",start time: ""1690978586.897"",ns pid: ""11343"",pid: ""147366"",source: ""syscall"",type: ""Process"",net namespace: ""4026532705"",ipc namespace: ""4026532772"",ppid: ""147360"",pid namespace: ""4026532779"",cwd: ""/"",uid: ""999"",egid: ""0"",exe: ""/usr/bin/check-status"",mount namespace: ""4026532778"",command line: ""/usr/bin/check-status -r"",name: ""check-status"",hash: ""fffddb60467356eaca2d42435743bc40"",user namespace: ""4026531837""})"
"(:VERTEX {memory address: ""7fa877886000"",size: ""8000000"",subtype: ""memory"",tgid: ""147360"",source: ""syscall"",type: ""Artifact"",version: ""0"",hash: ""3b9488e2f2c22c0e52c1cf0e1ade2b96""})"
"(:VERTEX {memory address: ""7fa878000000"",size: ""21000"",subtype: ""memory"",tgid: ""147360"",source: ""syscall"",type: ""Artifact"",version: ""0"",hash: ""dea3576bd2e0e75d9d6cb84a0050a565""})"
"(:VERTEX {memory address: ""7fa87f085000"",size: ""801000"",subtype: ""memory"",tgid: ""147360"",source: ""syscall"",type: ""Artifact"",version: ""0"",hash: ""c70a41e32cdad035de4306957b5c024a""})"
"(:VERTEX {memory address: ""7fa87f086000"",size: ""800000"",subtype: ""memory"",tgid: ""147360"",source: ""syscall"",type: ""Artifact"",version: ""0"",hash: ""279c04c054b238ceeb3c026a78ed9c68""})"
"(:VERTEX {gid: ""0"",euid: ""999"",children pid namespace: ""4026532779"",start time: ""1690978586.900"",ns pid: ""11344"",pid: ""147367"",source: ""syscall"",type: ""Process"",net namespace: ""4026532705"",ipc namespace: ""4026532772"",ppid: ""147360"",pid namespace: ""4026532779"",cwd: ""/"",uid: ""999"",egid: ""0"",exe: ""/usr/bin/check-status"",mount namespace: ""4026532778"",command line: ""/usr/bin/check-status -r"",name: ""check-status"",hash: ""a726164450a2ecb7b05ba9e8dd5205fd"",user namespace: ""4026531837""})"
"(:VERTEX {memory address: ""7fa87e884000"",size: ""801000"",subtype: ""memory"",tgid: ""147360"",source: ""syscall"",type: ""Artifact"",version: ""0"",hash: ""2e59a7e7c51010a330bb52018197b2e2""})"
"(:VERTEX {memory address: ""7fa87e885000"",size: ""800000"",subtype: ""memory"",tgid: ""147360"",source: ""syscall"",type: ""Artifact"",version: ""0"",hash: ""2d5b6e9a2f0ceb2d13f992beec466ff7""})"
"(:VERTEX {gid: ""0"",euid: ""999"",children pid namespace: ""4026532779"",start time: ""1690978586.900"",ns pid: ""11345"",pid: ""147368"",source: ""syscall"",type: ""Process"",net namespace: ""4026532705"",ipc namespace: ""4026532772"",ppid: ""147360"",pid namespace: ""4026532779"",cwd: ""/"",uid: ""999"",egid: ""0"",exe: ""/usr/bin/check-status"",mount namespace: ""4026532778"",command line: ""/usr/bin/check-status -r"",name: ""check-status"",hash: ""8b4a5d0176a59bc6c63b16707df7f326"",user namespace: ""4026531837""})"
"(:VERTEX {memory address: ""7fa870000000"",size: ""8000000"",subtype: ""memory"",tgid: ""147360"",source: ""syscall"",type: ""Artifact"",version: ""0"",hash: ""112d75191d1e4283a260b7f26542d57a""})"
"(:VERTEX {memory address: ""7fa870000000"",size: ""21000"",subtype: ""memory"",tgid: ""147360"",source: ""syscall"",type: ""Artifact"",version: ""0"",hash: ""09f974b8f4bd2abcb02fd53ae6e38243""})"
"(:VERTEX {memory address: ""7fa87e083000"",size: ""801000"",subtype: ""memory"",tgid: ""147360"",source: ""syscall"",type: ""Artifact"",version: ""0"",hash: ""3faf862680edc46622f5782bcb186c75""})"
"(:VERTEX {memory address: ""7fa87e084000"",size: ""800000"",subtype: ""memory"",tgid: ""147360"",source: ""syscall"",type: ""Artifact"",version: ""0"",hash: ""b2e45d15fe3f0a356cb9df02e7102237""})"
"(:VERTEX {gid: ""0"",euid: ""999"",children pid namespace: ""4026532779"",start time: ""1690978586.900"",ns pid: ""11346"",pid: ""147369"",source: ""syscall"",type: ""Process"",net namespace: ""4026532705"",ipc namespace: ""4026532772"",ppid: ""147360"",pid namespace: ""4026532779"",cwd: ""/"",uid: ""999"",egid: ""0"",exe: ""/usr/bin/check-status"",mount namespace: ""4026532778"",command line: ""/usr/bin/check-status -r"",name: ""check-status"",hash: ""974fa54218af4db8d7f17596c96c7b95"",user namespace: ""4026531837""})"
"(:VERTEX {memory address: ""7fa874000000"",size: ""4000000"",subtype: ""memory"",tgid: ""147360"",source: ""syscall"",type: ""Artifact"",version: ""0"",hash: ""eec89ddaf3608e8acc301a387363afb4""})"
"(:VERTEX {memory address: ""7fa874000000"",size: ""21000"",subtype: ""memory"",tgid: ""147360"",source: ""syscall"",type: ""Artifact"",version: ""0"",hash: ""7fe8431cc56d5d1405703adf7d74c611""})"
"(:VERTEX {memory address: ""7fa8a71e6000"",size: ""40000"",subtype: ""memory"",tgid: ""147360"",source: ""syscall"",type: ""Artifact"",version: ""0"",hash: ""ccfa5ea432eb0152a73418123c519fe3""})"
"(:VERTEX {memory address: ""7fa87d882000"",size: ""801000"",subtype: ""memory"",tgid: ""147360"",source: ""syscall"",type: ""Artifact"",version: ""0"",hash: ""3e3658bf440f23802ba3078289ca688f""})"
"(:VERTEX {memory address: ""7fa87d883000"",size: ""800000"",subtype: ""memory"",tgid: ""147360"",source: ""syscall"",type: ""Artifact"",version: ""0"",hash: ""b3f2180243e5a3ce869234c25b4fcc0a""})"
"(:VERTEX {gid: ""0"",euid: ""999"",children pid namespace: ""4026532779"",start time: ""1690978586.900"",ns pid: ""11347"",pid: ""147370"",source: ""syscall"",type: ""Process"",net namespace: ""4026532705"",ipc namespace: ""4026532772"",ppid: ""147360"",pid namespace: ""4026532779"",cwd: ""/"",uid: ""999"",egid: ""0"",exe: ""/usr/bin/check-status"",mount namespace: ""4026532778"",command line: ""/usr/bin/check-status -r"",name: ""check-status"",hash: ""ac11af83b1899ea9056d896c5a3b15b1"",user namespace: ""4026531837""})"
"(:VERTEX {remote port: ""50694"",epoch: ""0"",source: ""syscall"",type: ""Artifact"",version: ""0"",local port: ""8080"",net namespace: ""-1"",local address: ""0000:0000:0000:0000:0000:0000:0000:0000"",protocol: ""tcp"",subtype: ""network socket"",remote address: ""0000:0000:0000:0000:0000:FFFF:C0A8:2F80"",hash: ""f2fe6072f6309d502fc163722174d17f""})"
"(:VERTEX {remote port: ""50698"",epoch: ""0"",source: ""syscall"",type: ""Artifact"",version: ""0"",local port: ""8080"",net namespace: ""-1"",local address: ""0000:0000:0000:0000:0000:0000:0000:0000"",protocol: ""tcp"",subtype: ""network socket"",remote address: ""0000:0000:0000:0000:0000:FFFF:C0A8:2F80"",hash: ""531ae50a2f82f50d43aaa3209e4ace16""})"
"(:VERTEX {remote port: ""58938"",epoch: ""0"",source: ""syscall"",type: ""Artifact"",version: ""0"",local port: ""50051"",net namespace: ""-1"",local address: ""0000:0000:0000:0000:0000:0000:0000:0000"",protocol: ""tcp"",subtype: ""network socket"",remote address: ""0000:0000:0000:0000:0000:FFFF:C0A8:2F80"",hash: ""1c4979f6b1c9ba64c94ef8336284f0b9""})"
"(:VERTEX {gid: ""1000"",euid: ""1000"",children pid namespace: ""-1"",pid: ""60808"",seen time: ""1690978497.480"",source: ""syscall"",type: ""Process"",net namespace: ""-1"",ipc namespace: ""-1"",ppid: ""58654"",pid namespace: ""-1"",uid: ""1000"",egid: ""1000"",mount namespace: ""-1"",name: ""shippingservice"",hash: ""67dfa5c05291cfbb5d611ec862f0ba08"",user namespace: ""-1""})"
"(:VERTEX {remote port: ""56416"",epoch: ""0"",source: ""syscall"",type: ""Artifact"",version: ""0"",local port: ""6379"",net namespace: ""-1"",local address: ""0.0.0.0"",protocol: ""tcp"",subtype: ""network socket"",remote address: ""192.168.47.128"",hash: ""49eca69b0fbb9c0150276d6221f0125f""})"
"(:VERTEX {remote port: ""56424"",epoch: ""0"",source: ""syscall"",type: ""Artifact"",version: ""0"",local port: ""6379"",net namespace: ""-1"",local address: ""0.0.0.0"",protocol: ""tcp"",subtype: ""network socket"",remote address: ""192.168.47.128"",hash: ""6d1ff9572065b97f17127c8b43d1b2e7""})"
"(:VERTEX {remote port: ""58914"",epoch: ""0"",source: ""syscall"",type: ""Artifact"",version: ""0"",local port: ""8080"",net namespace: ""-1"",local address: ""0000:0000:0000:0000:0000:0000:0000:0000"",protocol: ""tcp"",subtype: ""network socket"",remote address: ""0000:0000:0000:0000:0000:FFFF:C0A8:2F80"",hash: ""d9aeba2e521f5169ffe4e1b8efb065fa""})"
"(:VERTEX {remote port: ""58900"",epoch: ""0"",source: ""syscall"",type: ""Artifact"",version: ""0"",local port: ""8080"",net namespace: ""-1"",local address: ""0000:0000:0000:0000:0000:0000:0000:0000"",protocol: ""tcp"",subtype: ""network socket"",remote address: ""0000:0000:0000:0000:0000:FFFF:C0A8:2F80"",hash: ""c5cdc35ad19b999d34e824382783f501""})"
"(:VERTEX {gid: ""0"",euid: ""999"",children pid namespace: ""-1"",pid: ""147384"",seen time: ""1690978589.042"",source: ""syscall"",type: ""Process"",net namespace: ""-1"",ipc namespace: ""-1"",ppid: ""147373"",pid namespace: ""-1"",uid: ""999"",egid: ""0"",exe: ""/"",mount namespace: ""-1"",name: ""runc:[2:INIT]"",hash: ""de74820471c8400e390c6ea4afa3b032"",user namespace: ""-1""})"
"(:VERTEX {path: ""/proc/147384/attr/apparmor/exec"",subtype: ""file"",permissions: ""0666"",epoch: ""0"",source: ""syscall"",type: ""Artifact"",version: ""0"",hash: ""7f8fdb6c55ea7df1790925f54887daff""})"
"(:VERTEX {gid: ""0"",euid: ""999"",children pid namespace: ""-1"",start time: ""1690978589.042"",pid: ""147384"",source: ""syscall"",type: ""Process"",net namespace: ""-1"",ipc namespace: ""-1"",ppid: ""147373"",pid namespace: ""-1"",cwd: ""/"",uid: ""999"",egid: ""0"",exe: ""/usr/bin/check-status"",mount namespace: ""-1"",command line: ""/usr/bin/check-status -l"",name: ""check-status"",hash: ""839f53aec7859be1a4f905a8908ee425"",user namespace: ""-1""})"
"(:VERTEX {memory address: ""7f351f246000"",size: ""2000"",subtype: ""memory"",tgid: ""147384"",source: ""syscall"",type: ""Artifact"",version: ""0"",hash: ""9704b9c7a44a5f32326c50a9fccba65e""})"
"(:VERTEX {memory address: ""7f351edfb000"",size: ""21f4c0"",subtype: ""memory"",tgid: ""147384"",source: ""syscall"",type: ""Artifact"",version: ""0"",hash: ""2b9a5792a4e194e84a5f700d1a946283""})"
"(:VERTEX {memory address: ""7f351ee16000"",size: ""1ff000"",subtype: ""memory"",tgid: ""147384"",source: ""syscall"",type: ""Artifact"",version: ""0"",hash: ""db21ae844da822fe45fac02c6cdd44fa""})"
"(:VERTEX {memory address: ""7f351f015000"",size: ""2000"",subtype: ""memory"",tgid: ""147384"",source: ""syscall"",type: ""Artifact"",version: ""0"",hash: ""4e1f4df87670a5572e329129afa99e39""})"
"(:VERTEX {memory address: ""7f351f017000"",size: ""34c0"",subtype: ""memory"",tgid: ""147384"",source: ""syscall"",type: ""Artifact"",version: ""0"",hash: ""d3b9484a0fcc0bfe303235a8a6b96e8b""})"
"(:VERTEX {memory address: ""7f351ea35000"",size: ""3c58c0"",subtype: ""memory"",tgid: ""147384"",source: ""syscall"",type: ""Artifact"",version: ""0"",hash: ""35bbf342ad147417b584bf8535a98a48""})"
"(:VERTEX {memory address: ""7f351ebf1000"",size: ""200000"",subtype: ""memory"",tgid: ""147384"",source: ""syscall"",type: ""Artifact"",version: ""0"",hash: ""7b4bd552a1975e226d3d8485e34a4454""})"
"(:VERTEX {memory address: ""7f351edf1000"",size: ""6000"",subtype: ""memory"",tgid: ""147384"",source: ""syscall"",type: ""Artifact"",version: ""0"",hash: ""0f3a527610ed4d84e02ed6ab418acbe1""})"
"(:VERTEX {memory address: ""7f351edf7000"",size: ""38c0"",subtype: ""memory"",tgid: ""147384"",source: ""syscall"",type: ""Artifact"",version: ""0"",hash: ""0e4219df11649d0a59b1ccddc03da98f""})"
"(:VERTEX {memory address: ""7f351f243000"",size: ""3000"",subtype: ""memory"",tgid: ""147384"",source: ""syscall"",type: ""Artifact"",version: ""0"",hash: ""f587a0f883b217f9b28aa44f85b225e3""})"
"(:VERTEX {memory address: ""7f351edf1000"",size: ""4000"",subtype: ""memory"",tgid: ""147384"",source: ""syscall"",type: ""Artifact"",version: ""0"",hash: ""eaf117259b1c8e9614233bdee496432e""})"
"(:VERTEX {memory address: ""7f351f015000"",size: ""1000"",subtype: ""memory"",tgid: ""147384"",source: ""syscall"",type: ""Artifact"",version: ""0"",hash: ""90e4e0358051b39b37c779955ddbc09e""})"
"(:VERTEX {memory address: ""7f351f248000"",size: ""1000"",subtype: ""memory"",tgid: ""147384"",source: ""syscall"",type: ""Artifact"",version: ""0"",hash: ""7e136f8f7e4af615b82d16858bf9835d""})"
"(:VERTEX {memory address: ""7f351f203000"",size: ""40000"",subtype: ""memory"",tgid: ""147384"",source: ""syscall"",type: ""Artifact"",version: ""0"",hash: ""61addbccb36c121f8325c167925497c8""})"
"(:VERTEX {memory address: ""7f351f1e3000"",size: ""20000"",subtype: ""memory"",tgid: ""147384"",source: ""syscall"",type: ""Artifact"",version: ""0"",hash: ""f87f083eb65f97a6a87a6d1af9d27a24""})"
"(:VERTEX {memory address: ""7f351f0e3000"",size: ""100000"",subtype: ""memory"",tgid: ""147384"",source: ""syscall"",type: ""Artifact"",version: ""0"",hash: ""9b5eea6300981f4c6df1f098f1605c7c""})"
"(:VERTEX {memory address: ""7f351e235000"",size: ""800000"",subtype: ""memory"",tgid: ""147384"",source: ""syscall"",type: ""Artifact"",version: ""0"",hash: ""a5dabf425aebd8e2f705d70ad9e295a0""})"
"(:VERTEX {memory address: ""7f351a235000"",size: ""4000000"",subtype: ""memory"",tgid: ""147384"",source: ""syscall"",type: ""Artifact"",version: ""0"",hash: ""ccda081d25c39072f77c0088d1bec005""})"
"(:VERTEX {memory address: ""7f34fa235000"",size: ""20000000"",subtype: ""memory"",tgid: ""147384"",source: ""syscall"",type: ""Artifact"",version: ""0"",hash: ""0bfbd22e92aa3a1ac0470498208bb633""})"
"(:VERTEX {memory address: ""c000000000"",size: ""4000000"",subtype: ""memory"",tgid: ""147384"",source: ""syscall"",type: ""Artifact"",version: ""0"",hash: ""a65557950d5ca957372f0cbb0b576626""})"
"(:VERTEX {memory address: ""7f34f8235000"",size: ""2000000"",subtype: ""memory"",tgid: ""147384"",source: ""syscall"",type: ""Artifact"",version: ""0"",hash: ""daa1356cf1d983bb825e90e7d724e452""})"
"(:VERTEX {memory address: ""7f34f8024000"",size: ""210c10"",subtype: ""memory"",tgid: ""147384"",source: ""syscall"",type: ""Artifact"",version: ""0"",hash: ""00dc42c92c7accbc9a5be6a661064427""})"
"(:VERTEX {memory address: ""c000000000"",size: ""400000"",subtype: ""memory"",tgid: ""147384"",source: ""syscall"",type: ""Artifact"",version: ""0"",hash: ""3904c049920dcc289d7c166fb1225b41""})"
"(:VERTEX {memory address: ""7f351f1e3000"",size: ""20000"",subtype: ""memory"",tgid: ""147384"",source: ""syscall"",type: ""Artifact"",version: ""1"",hash: ""baf5001aa3a83829f70e02fbb1e9c1ea""})"
"(:VERTEX {memory address: ""7f351f163000"",size: ""1000"",subtype: ""memory"",tgid: ""147384"",source: ""syscall"",type: ""Artifact"",version: ""0"",hash: ""1f103bda9da4e146ad66908f0c06706e""})"
"(:VERTEX {memory address: ""7f351e63b000"",size: ""1000"",subtype: ""memory"",tgid: ""147384"",source: ""syscall"",type: ""Artifact"",version: ""0"",hash: ""728304c37fc245d692ff5867d389eff4""})"
"(:VERTEX {memory address: ""7f351c265000"",size: ""1000"",subtype: ""memory"",tgid: ""147384"",source: ""syscall"",type: ""Artifact"",version: ""0"",hash: ""8e89fbb77ef07258ce80d271c9319972""})"
"(:VERTEX {memory address: ""7f350a3b5000"",size: ""1000"",subtype: ""memory"",tgid: ""147384"",source: ""syscall"",type: ""Artifact"",version: ""0"",hash: ""c408dcdb3fa359427a9eec5420649e87""})"
"(:VERTEX {memory address: ""7f34f7f24000"",size: ""100000"",subtype: ""memory"",tgid: ""147384"",source: ""syscall"",type: ""Artifact"",version: ""0"",hash: ""4d83fcc41d5a08d0e4aae6c503f26f1a""})"
"(:VERTEX {memory address: ""7f351f0d3000"",size: ""10000"",subtype: ""memory"",tgid: ""147384"",source: ""syscall"",type: ""Artifact"",version: ""0"",hash: ""3934e8967db6db1cd993670d9f9f38f2""})"
"(:VERTEX {memory address: ""7f351f0c3000"",size: ""10000"",subtype: ""memory"",tgid: ""147384"",source: ""syscall"",type: ""Artifact"",version: ""0"",hash: ""676c6d0d2306af20eea22dd0c7010319""})"
"(:VERTEX {memory address: ""7f34f7723000"",size: ""801000"",subtype: ""memory"",tgid: ""147384"",source: ""syscall"",type: ""Artifact"",version: ""0"",hash: ""1077bc5ef250621d9a9aca541ce68d24""})"
"(:VERTEX {memory address: ""7f34f7724000"",size: ""800000"",subtype: ""memory"",tgid: ""147384"",source: ""syscall"",type: ""Artifact"",version: ""0"",hash: ""95fb17d128782bef89beacb10449e8da""})"
"(:VERTEX {gid: ""0"",euid: ""999"",children pid namespace: ""4026532779"",start time: ""1690978589.046"",ns pid: ""11354"",pid: ""147390"",source: ""syscall"",type: ""Process"",net namespace: ""4026532705"",ipc namespace: ""4026532772"",ppid: ""147384"",pid namespace: ""4026532779"",cwd: ""/"",uid: ""999"",egid: ""0"",exe: ""/usr/bin/check-status"",mount namespace: ""4026532778"",command line: ""/usr/bin/check-status -l"",name: ""check-status"",hash: ""ce73ec918d5eac796bb0edb1896c4b43"",user namespace: ""4026531837""})"
"(:VERTEX {memory address: ""7f34ef723000"",size: ""8000000"",subtype: ""memory"",tgid: ""147384"",source: ""syscall"",type: ""Artifact"",version: ""0"",hash: ""2b96dfe3d65582a8aee26fb8ef3f873d""})"
"(:VERTEX {memory address: ""7f34f0000000"",size: ""21000"",subtype: ""memory"",tgid: ""147384"",source: ""syscall"",type: ""Artifact"",version: ""0"",hash: ""4f73723bfaba5258e1ec9552f16fecbf""})"
"(:VERTEX {memory address: ""7f34f6f22000"",size: ""801000"",subtype: ""memory"",tgid: ""147384"",source: ""syscall"",type: ""Artifact"",version: ""0"",hash: ""31dd45acbe215a5175869cb587c37263""})"
"(:VERTEX {memory address: ""7f34f6f23000"",size: ""800000"",subtype: ""memory"",tgid: ""147384"",source: ""syscall"",type: ""Artifact"",version: ""0"",hash: ""490c67f6ce67479e755d23353fc78ceb""})"
"(:VERTEX {gid: ""0"",euid: ""999"",children pid namespace: ""4026532779"",start time: ""1690978589.046"",ns pid: ""11355"",pid: ""147391"",source: ""syscall"",type: ""Process"",net namespace: ""4026532705"",ipc namespace: ""4026532772"",ppid: ""147384"",pid namespace: ""4026532779"",cwd: ""/"",uid: ""999"",egid: ""0"",exe: ""/usr/bin/check-status"",mount namespace: ""4026532778"",command line: ""/usr/bin/check-status -l"",name: ""check-status"",hash: ""815b5e714378241bfce8c3733724312d"",user namespace: ""4026531837""})"
"(:VERTEX {memory address: ""7f34f6721000"",size: ""801000"",subtype: ""memory"",tgid: ""147384"",source: ""syscall"",type: ""Artifact"",version: ""0"",hash: ""db2964a98b640a04d7c0fb605cb48154""})"
"(:VERTEX {memory address: ""7f34f6722000"",size: ""800000"",subtype: ""memory"",tgid: ""147384"",source: ""syscall"",type: ""Artifact"",version: ""0"",hash: ""9eb2dab35914322e321cdfe8b817eb6e""})"
"(:VERTEX {gid: ""0"",euid: ""999"",children pid namespace: ""4026532779"",start time: ""1690978589.046"",ns pid: ""11356"",pid: ""147392"",source: ""syscall"",type: ""Process"",net namespace: ""4026532705"",ipc namespace: ""4026532772"",ppid: ""147384"",pid namespace: ""4026532779"",cwd: ""/"",uid: ""999"",egid: ""0"",exe: ""/usr/bin/check-status"",mount namespace: ""4026532778"",command line: ""/usr/bin/check-status -l"",name: ""check-status"",hash: ""ae37c096a6c0d1ac741b62df8c67575d"",user namespace: ""4026531837""})"
"(:VERTEX {memory address: ""7f34e8000000"",size: ""8000000"",subtype: ""memory"",tgid: ""147384"",source: ""syscall"",type: ""Artifact"",version: ""0"",hash: ""f3ac6a1fd6fe6d484851681e1534c9e9""})"
"(:VERTEX {memory address: ""7f34e8000000"",size: ""21000"",subtype: ""memory"",tgid: ""147384"",source: ""syscall"",type: ""Artifact"",version: ""0"",hash: ""ff2d73437a81ca0e71a5f54280d584f7""})"
"(:VERTEX {memory address: ""7f351f083000"",size: ""40000"",subtype: ""memory"",tgid: ""147384"",source: ""syscall"",type: ""Artifact"",version: ""0"",hash: ""0d5f9debeb11ff06ce68261582c34d28""})"
"(:VERTEX {memory address: ""7f34f5f20000"",size: ""801000"",subtype: ""memory"",tgid: ""147384"",source: ""syscall"",type: ""Artifact"",version: ""0"",hash: ""f12c1ed9f425853bcace125369e95601""})"
"(:VERTEX {memory address: ""7f34f5f21000"",size: ""800000"",subtype: ""memory"",tgid: ""147384"",source: ""syscall"",type: ""Artifact"",version: ""0"",hash: ""c3cd069154445f242c31a033227cb249""})"
"(:VERTEX {memory address: ""7f34ec000000"",size: ""4000000"",subtype: ""memory"",tgid: ""147384"",source: ""syscall"",type: ""Artifact"",version: ""0"",hash: ""46f82b8399c08daf55d7fd9f51d72f1c""})"
"(:VERTEX {memory address: ""7f34ec000000"",size: ""21000"",subtype: ""memory"",tgid: ""147384"",source: ""syscall"",type: ""Artifact"",version: ""0"",hash: ""e3c2224759e517329f6a75742ee2397f""})"
"(:VERTEX {gid: ""0"",euid: ""999"",children pid namespace: ""4026532779"",start time: ""1690978589.046"",ns pid: ""11357"",pid: ""147393"",source: ""syscall"",type: ""Process"",net namespace: ""4026532705"",ipc namespace: ""4026532772"",ppid: ""147384"",pid namespace: ""4026532779"",cwd: ""/"",uid: ""999"",egid: ""0"",exe: ""/usr/bin/check-status"",mount namespace: ""4026532778"",command line: ""/usr/bin/check-status -l"",name: ""check-status"",hash: ""d78c6d3e480a0971628899aa03dcfdb2"",user namespace: ""4026531837""})"
"(:VERTEX {memory address: ""7f34e0000000"",size: ""8000000"",subtype: ""memory"",tgid: ""147384"",source: ""syscall"",type: ""Artifact"",version: ""0"",hash: ""1ccaacc80f5da703d411f7d3ecc156b4""})"
"(:VERTEX {memory address: ""7f34f571f000"",size: ""801000"",subtype: ""memory"",tgid: ""147384"",source: ""syscall"",type: ""Artifact"",version: ""0"",hash: ""abe4a5b192a3b9aa0e9cec08dae4692d""})"
"(:VERTEX {memory address: ""7f34e0000000"",size: ""21000"",subtype: ""memory"",tgid: ""147384"",source: ""syscall"",type: ""Artifact"",version: ""0"",hash: ""9ef465150304fb49d49c2db3635b8f3d""})"
"(:VERTEX {memory address: ""7f34f5720000"",size: ""800000"",subtype: ""memory"",tgid: ""147384"",source: ""syscall"",type: ""Artifact"",version: ""0"",hash: ""8ea60c99a402b70c2ccd0516b7ea3ba7""})"
"(:VERTEX {remote port: ""50710"",epoch: ""0"",source: ""syscall"",type: ""Artifact"",version: ""0"",local port: ""8080"",net namespace: ""-1"",local address: ""0000:0000:0000:0000:0000:0000:0000:0000"",protocol: ""tcp"",subtype: ""network socket"",remote address: ""0000:0000:0000:0000:0000:FFFF:C0A8:2F80"",hash: ""bd95f31f73d70cd4ed35609094637116""})"
"(:VERTEX {remote port: ""50724"",epoch: ""0"",source: ""syscall"",type: ""Artifact"",version: ""0"",local port: ""8080"",net namespace: ""-1"",local address: ""0000:0000:0000:0000:0000:0000:0000:0000"",protocol: ""tcp"",subtype: ""network socket"",remote address: ""0000:0000:0000:0000:0000:FFFF:C0A8:2F80"",hash: ""057fd63b6babd906d49688eaee2308b8""})"
"(:VERTEX {remote port: ""58940"",epoch: ""0"",source: ""syscall"",type: ""Artifact"",version: ""0"",local port: ""50051"",net namespace: ""-1"",local address: ""0000:0000:0000:0000:0000:0000:0000:0000"",protocol: ""tcp"",subtype: ""network socket"",remote address: ""0000:0000:0000:0000:0000:FFFF:C0A8:2F80"",hash: ""bd0192e24596214000990ab193956d64""})"
"(:VERTEX {remote port: ""58950"",epoch: ""0"",source: ""syscall"",type: ""Artifact"",version: ""0"",local port: ""50051"",net namespace: ""-1"",local address: ""0000:0000:0000:0000:0000:0000:0000:0000"",protocol: ""tcp"",subtype: ""network socket"",remote address: ""0000:0000:0000:0000:0000:FFFF:C0A8:2F80"",hash: ""74452a122cd65d3e89ca69bdcca836f5""})"
"(:VERTEX {remote port: ""58610"",epoch: ""0"",source: ""syscall"",type: ""Artifact"",version: ""0"",local port: ""7000"",net namespace: ""-1"",local address: ""0000:0000:0000:0000:0000:0000:0000:0000"",protocol: ""tcp"",subtype: ""network socket"",remote address: ""0000:0000:0000:0000:0000:FFFF:C0A8:2F80"",hash: ""9bfb2cf658c11a9d4ad76aa91da9b708""})"
"(:VERTEX {remote port: ""56434"",epoch: ""0"",source: ""syscall"",type: ""Artifact"",version: ""0"",local port: ""6379"",net namespace: ""-1"",local address: ""0.0.0.0"",protocol: ""tcp"",subtype: ""network socket"",remote address: ""192.168.47.128"",hash: ""f611a267619b5133cee7fe0e6b4e89b4""})"
"(:VERTEX {remote port: ""36042"",epoch: ""0"",source: ""syscall"",type: ""Artifact"",version: ""0"",local port: ""5050"",net namespace: ""-1"",local address: ""0000:0000:0000:0000:0000:0000:0000:0000"",protocol: ""tcp"",subtype: ""network socket"",remote address: ""0000:0000:0000:0000:0000:FFFF:C0A8:2F80"",hash: ""d3d96fec7318d1b00e9b13be86edf294""})"
"(:VERTEX {remote port: ""36054"",epoch: ""0"",source: ""syscall"",type: ""Artifact"",version: ""0"",local port: ""5050"",net namespace: ""-1"",local address: ""0000:0000:0000:0000:0000:0000:0000:0000"",protocol: ""tcp"",subtype: ""network socket"",remote address: ""0000:0000:0000:0000:0000:FFFF:C0A8:2F80"",hash: ""5e193f2d69955ff5e65f108f601b5b3f""})"
"(:VERTEX {remote port: ""56446"",epoch: ""0"",source: ""syscall"",type: ""Artifact"",version: ""0"",local port: ""6379"",net namespace: ""-1"",local address: ""0.0.0.0"",protocol: ""tcp"",subtype: ""network socket"",remote address: ""192.168.47.128"",hash: ""318e9e0dc87c49af9648f3a2e52ea3c4""})"
"(:VERTEX {remote port: ""58612"",epoch: ""0"",source: ""syscall"",type: ""Artifact"",version: ""0"",local port: ""7000"",net namespace: ""-1"",local address: ""0000:0000:0000:0000:0000:0000:0000:0000"",protocol: ""tcp"",subtype: ""network socket"",remote address: ""0000:0000:0000:0000:0000:FFFF:C0A8:2F80"",hash: ""1a75e50d77d5979997790ca5fc6ef670""})"
"(:VERTEX {remote port: ""44440"",epoch: ""0"",source: ""syscall"",type: ""Artifact"",version: ""0"",local port: ""8080"",net namespace: ""-1"",local address: ""0000:0000:0000:0000:0000:0000:0000:0000"",protocol: ""tcp"",subtype: ""network socket"",remote address: ""0000:0000:0000:0000:0000:FFFF:C0A8:2F80"",hash: ""d5f72dd4785676e34e2dc277ea9e41fd""})"
"(:VERTEX {remote port: ""44452"",epoch: ""0"",source: ""syscall"",type: ""Artifact"",version: ""0"",local port: ""8080"",net namespace: ""-1"",local address: ""0000:0000:0000:0000:0000:0000:0000:0000"",protocol: ""tcp"",subtype: ""network socket"",remote address: ""0000:0000:0000:0000:0000:FFFF:C0A8:2F80"",hash: ""18d38a7303438abe81d8579a0ab392dd""})"
"(:VERTEX {remote port: ""46278"",epoch: ""0"",source: ""syscall"",type: ""Artifact"",version: ""0"",local port: ""50051"",net namespace: ""-1"",local address: ""0000:0000:0000:0000:0000:0000:0000:0000"",protocol: ""tcp"",subtype: ""network socket"",remote address: ""0000:0000:0000:0000:0000:FFFF:C0A8:2F80"",hash: ""304cddf6d27c5050a8580cdc3c19c130""})"
"(:VERTEX {remote port: ""34504"",epoch: ""0"",source: ""syscall"",type: ""Artifact"",version: ""0"",local port: ""7070"",net namespace: ""-1"",local address: ""0000:0000:0000:0000:0000:0000:0000:0000"",protocol: ""tcp"",subtype: ""network socket"",remote address: ""0000:0000:0000:0000:0000:FFFF:C0A8:2F80"",hash: ""76f00ccd079741e681dd24351006688d""})"
"(:VERTEX {remote port: ""34516"",epoch: ""0"",source: ""syscall"",type: ""Artifact"",version: ""0"",local port: ""7070"",net namespace: ""-1"",local address: ""0000:0000:0000:0000:0000:0000:0000:0000"",protocol: ""tcp"",subtype: ""network socket"",remote address: ""0000:0000:0000:0000:0000:FFFF:C0A8:2F80"",hash: ""7fe4639b494153b3e0af6dad8dcfa015""})"
"(:VERTEX {remote port: ""58928"",epoch: ""0"",source: ""syscall"",type: ""Artifact"",version: ""0"",local port: ""8080"",net namespace: ""-1"",local address: ""0000:0000:0000:0000:0000:0000:0000:0000"",protocol: ""tcp"",subtype: ""network socket"",remote address: ""0000:0000:0000:0000:0000:FFFF:C0A8:2F80"",hash: ""bc4561e6c94f63256f5d07294f4b2581""})"
"(:VERTEX {remote port: ""58934"",epoch: ""0"",source: ""syscall"",type: ""Artifact"",version: ""0"",local port: ""8080"",net namespace: ""-1"",local address: ""0000:0000:0000:0000:0000:0000:0000:0000"",protocol: ""tcp"",subtype: ""network socket"",remote address: ""0000:0000:0000:0000:0000:FFFF:C0A8:2F80"",hash: ""8f9a22816631027eee8b875898dc2022""})"
"(:VERTEX {remote port: ""34088"",epoch: ""0"",source: ""syscall"",type: ""Artifact"",version: ""0"",local port: ""3550"",net namespace: ""-1"",local address: ""0000:0000:0000:0000:0000:0000:0000:0000"",protocol: ""tcp"",subtype: ""network socket"",remote address: ""0000:0000:0000:0000:0000:FFFF:C0A8:2F80"",hash: ""3c743473e65ff8f5ca6fbe0b175cbbb7""})"
"(:VERTEX {remote port: ""34090"",epoch: ""0"",source: ""syscall"",type: ""Artifact"",version: ""0"",local port: ""3550"",net namespace: ""-1"",local address: ""0000:0000:0000:0000:0000:0000:0000:0000"",protocol: ""tcp"",subtype: ""network socket"",remote address: ""0000:0000:0000:0000:0000:FFFF:C0A8:2F80"",hash: ""c1953f33fa4531e0817fb5629b1c4e1b""})"
"(:VERTEX {remote port: ""46276"",epoch: ""0"",source: ""syscall"",type: ""Artifact"",version: ""0"",local port: ""50051"",net namespace: ""-1"",local address: ""0000:0000:0000:0000:0000:0000:0000:0000"",protocol: ""tcp"",subtype: ""network socket"",remote address: ""0000:0000:0000:0000:0000:FFFF:C0A8:2F80"",hash: ""51795f48ffe5b2993be797caebc71926""})"
"(:VERTEX {remote port: ""53"",epoch: ""0"",source: ""syscall"",type: ""Artifact"",version: ""0"",local port: ""35754"",net namespace: ""-1"",local address: ""10.1.251.204"",protocol: ""udp"",subtype: ""network socket"",remote address: ""10.152.183.10"",hash: ""cc3b43f4a9fb5592f927bd6f0e5ca795""})"
"(:VERTEX {remote port: ""53"",epoch: ""0"",source: ""syscall"",type: ""Artifact"",version: ""0"",local port: ""35806"",net namespace: ""-1"",local address: ""10.1.251.204"",protocol: ""udp"",subtype: ""network socket"",remote address: ""10.152.183.10"",hash: ""d6574ab3e2972d3317348d592c06a582""})"
"(:VERTEX {gid: ""0"",euid: ""999"",children pid namespace: ""-1"",pid: ""147620"",seen time: ""1690978596.901"",source: ""syscall"",type: ""Process"",net namespace: ""-1"",ipc namespace: ""-1"",ppid: ""147605"",pid namespace: ""-1"",uid: ""999"",egid: ""0"",exe: ""/"",mount namespace: ""-1"",name: ""runc:[2:INIT]"",hash: ""39837428dadf6c10f83250981f6b6b7e"",user namespace: ""-1""})"
"(:VERTEX {path: ""/proc/147620/attr/apparmor/exec"",subtype: ""file"",permissions: ""0666"",epoch: ""0"",source: ""syscall"",type: ""Artifact"",version: ""0"",hash: ""d22e00cf74fa824c18df2866795c90a5""})"
"(:VERTEX {gid: ""0"",euid: ""999"",children pid namespace: ""-1"",start time: ""1690978596.905"",pid: ""147620"",source: ""syscall"",type: ""Process"",net namespace: ""-1"",ipc namespace: ""-1"",ppid: ""147605"",pid namespace: ""-1"",cwd: ""/"",uid: ""999"",egid: ""0"",exe: ""/usr/bin/check-status"",mount namespace: ""-1"",command line: ""/usr/bin/check-status -r"",name: ""check-status"",hash: ""171267484c83c7d0c15e8c1653aa9e93"",user namespace: ""-1""})"
"(:VERTEX {memory address: ""7f14cdb19000"",size: ""2000"",subtype: ""memory"",tgid: ""147620"",source: ""syscall"",type: ""Artifact"",version: ""0"",hash: ""9e0b7b6498ab9856fc5f555c70a35f44""})"
"(:VERTEX {memory address: ""7f14cd6ce000"",size: ""21f4c0"",subtype: ""memory"",tgid: ""147620"",source: ""syscall"",type: ""Artifact"",version: ""0"",hash: ""9bc861d5439bcb8c4fc544a3732c61e7""})"
"(:VERTEX {memory address: ""7f14cd6e9000"",size: ""1ff000"",subtype: ""memory"",tgid: ""147620"",source: ""syscall"",type: ""Artifact"",version: ""0"",hash: ""204b32bacfbe55f29faf02580b12c49f""})"
"(:VERTEX {memory address: ""7f14cd8e8000"",size: ""2000"",subtype: ""memory"",tgid: ""147620"",source: ""syscall"",type: ""Artifact"",version: ""0"",hash: ""dcd19cf0daf4c74e6bd9368c0b3d452f""})"
"(:VERTEX {memory address: ""7f14cd8ea000"",size: ""34c0"",subtype: ""memory"",tgid: ""147620"",source: ""syscall"",type: ""Artifact"",version: ""0"",hash: ""6527b56554f32b5ded30fd12f3c5cd34""})"
"(:VERTEX {memory address: ""7f14cd308000"",size: ""3c58c0"",subtype: ""memory"",tgid: ""147620"",source: ""syscall"",type: ""Artifact"",version: ""0"",hash: ""ecf84d0cfd113c1f98aee4a388794256""})"
"(:VERTEX {memory address: ""7f14cd4c4000"",size: ""200000"",subtype: ""memory"",tgid: ""147620"",source: ""syscall"",type: ""Artifact"",version: ""0"",hash: ""13d7dd7b7911009f70b5ccb3fa82de1d""})"
"(:VERTEX {memory address: ""7f14cd6c4000"",size: ""6000"",subtype: ""memory"",tgid: ""147620"",source: ""syscall"",type: ""Artifact"",version: ""0"",hash: ""8ac04cad9cf7523082a87a82e9b46871""})"
"(:VERTEX {memory address: ""7f14cd6ca000"",size: ""38c0"",subtype: ""memory"",tgid: ""147620"",source: ""syscall"",type: ""Artifact"",version: ""0"",hash: ""735d2eca3f6edb02c5b4507851e1bf6b""})"
"(:VERTEX {memory address: ""7f14cdb16000"",size: ""3000"",subtype: ""memory"",tgid: ""147620"",source: ""syscall"",type: ""Artifact"",version: ""0"",hash: ""bec20b979341c1fcb3f0e5bf423ef215""})"
"(:VERTEX {memory address: ""7f14cd6c4000"",size: ""4000"",subtype: ""memory"",tgid: ""147620"",source: ""syscall"",type: ""Artifact"",version: ""0"",hash: ""2cfb066a049ca86ce4f11178e106cfe4""})"
"(:VERTEX {memory address: ""7f14cd8e8000"",size: ""1000"",subtype: ""memory"",tgid: ""147620"",source: ""syscall"",type: ""Artifact"",version: ""0"",hash: ""c8b8ea137a1b1f95e4a1410e91b21f87""})"
"(:VERTEX {memory address: ""7f14cdb1b000"",size: ""1000"",subtype: ""memory"",tgid: ""147620"",source: ""syscall"",type: ""Artifact"",version: ""0"",hash: ""b7db57e33b2c0c89c7d85767b625d045""})"
"(:VERTEX {memory address: ""7f14cdad6000"",size: ""40000"",subtype: ""memory"",tgid: ""147620"",source: ""syscall"",type: ""Artifact"",version: ""0"",hash: ""c46691b6040ba9424601fd5183533f60""})"
"(:VERTEX {memory address: ""7f14cdab6000"",size: ""20000"",subtype: ""memory"",tgid: ""147620"",source: ""syscall"",type: ""Artifact"",version: ""0"",hash: ""7d716be285e9950a5493de1b7a852012""})"
"(:VERTEX {memory address: ""7f14cd9b6000"",size: ""100000"",subtype: ""memory"",tgid: ""147620"",source: ""syscall"",type: ""Artifact"",version: ""0"",hash: ""605ca6ccbd7e7e20f6e295b0c34cb6b8""})"
"(:VERTEX {memory address: ""7f14ccb08000"",size: ""800000"",subtype: ""memory"",tgid: ""147620"",source: ""syscall"",type: ""Artifact"",version: ""0"",hash: ""8eaeb98d8e2c7ebab35f56183787d0bc""})"
"(:VERTEX {memory address: ""7f14c8b08000"",size: ""4000000"",subtype: ""memory"",tgid: ""147620"",source: ""syscall"",type: ""Artifact"",version: ""0"",hash: ""eb5138b008c86c1d9144ef1873d00345""})"
"(:VERTEX {memory address: ""7f14a8b08000"",size: ""20000000"",subtype: ""memory"",tgid: ""147620"",source: ""syscall"",type: ""Artifact"",version: ""0"",hash: ""4330fed6cd3b455bcf36d5d5fe145518""})"
"(:VERTEX {memory address: ""c000000000"",size: ""4000000"",subtype: ""memory"",tgid: ""147620"",source: ""syscall"",type: ""Artifact"",version: ""0"",hash: ""b36ec5ebcf7f3a97efff0d76134e0c06""})"
"(:VERTEX {memory address: ""7f14a6b08000"",size: ""2000000"",subtype: ""memory"",tgid: ""147620"",source: ""syscall"",type: ""Artifact"",version: ""0"",hash: ""2864ab919372210f82603d60407e088c""})"
"(:VERTEX {memory address: ""7f14a68f7000"",size: ""210c10"",subtype: ""memory"",tgid: ""147620"",source: ""syscall"",type: ""Artifact"",version: ""0"",hash: ""c6581da411f8105391fb7487a41f0b41""})"
"(:VERTEX {memory address: ""c000000000"",size: ""400000"",subtype: ""memory"",tgid: ""147620"",source: ""syscall"",type: ""Artifact"",version: ""0"",hash: ""a55f7912702de2acba6ccc281d40a8d1""})"
"(:VERTEX {memory address: ""7f14cdab6000"",size: ""20000"",subtype: ""memory"",tgid: ""147620"",source: ""syscall"",type: ""Artifact"",version: ""1"",hash: ""97f8012012725cc6fce64f8723d1b659""})"
"(:VERTEX {memory address: ""7f14cda36000"",size: ""1000"",subtype: ""memory"",tgid: ""147620"",source: ""syscall"",type: ""Artifact"",version: ""0"",hash: ""f882ca59bba0443823c1650139d91fdd""})"
"(:VERTEX {memory address: ""7f14ccf0e000"",size: ""1000"",subtype: ""memory"",tgid: ""147620"",source: ""syscall"",type: ""Artifact"",version: ""0"",hash: ""58887d1065d3edde2acfccab082e75f8""})"
"(:VERTEX {memory address: ""7f14cab38000"",size: ""1000"",subtype: ""memory"",tgid: ""147620"",source: ""syscall"",type: ""Artifact"",version: ""0"",hash: ""101004870b08b99c91219bdc622bf2bc""})"
"(:VERTEX {memory address: ""7f14b8c88000"",size: ""1000"",subtype: ""memory"",tgid: ""147620"",source: ""syscall"",type: ""Artifact"",version: ""0"",hash: ""7453c234a68a9eba85bcfabb18e960cb""})"
"(:VERTEX {memory address: ""7f14a67f7000"",size: ""100000"",subtype: ""memory"",tgid: ""147620"",source: ""syscall"",type: ""Artifact"",version: ""0"",hash: ""8a67485cd3e41f4c772eb8e8d028798c""})"
"(:VERTEX {memory address: ""7f14cd9a6000"",size: ""10000"",subtype: ""memory"",tgid: ""147620"",source: ""syscall"",type: ""Artifact"",version: ""0"",hash: ""37c50cdfb9297ecbc225f097c938ed71""})"
"(:VERTEX {memory address: ""7f14cd996000"",size: ""10000"",subtype: ""memory"",tgid: ""147620"",source: ""syscall"",type: ""Artifact"",version: ""0"",hash: ""523b145f9ea7ed503d300ab26e504c3b""})"
"(:VERTEX {memory address: ""7f14a5ff6000"",size: ""801000"",subtype: ""memory"",tgid: ""147620"",source: ""syscall"",type: ""Artifact"",version: ""0"",hash: ""9e3af52475b509e96d6bed5b9eee989d""})"
"(:VERTEX {memory address: ""7f14a5ff7000"",size: ""800000"",subtype: ""memory"",tgid: ""147620"",source: ""syscall"",type: ""Artifact"",version: ""0"",hash: ""ce7d764a7f61984d3eca66ad66bf0740""})"
"(:VERTEX {gid: ""0"",euid: ""999"",children pid namespace: ""4026532779"",start time: ""1690978596.908"",ns pid: ""11365"",pid: ""147627"",source: ""syscall"",type: ""Process"",net namespace: ""4026532705"",ipc namespace: ""4026532772"",ppid: ""147620"",pid namespace: ""4026532779"",cwd: ""/"",uid: ""999"",egid: ""0"",exe: ""/usr/bin/check-status"",mount namespace: ""4026532778"",command line: ""/usr/bin/check-status -r"",name: ""check-status"",hash: ""d8f460dc5f82852e16b164003ee64e01"",user namespace: ""4026531837""})"
"(:VERTEX {memory address: ""7f14a57f5000"",size: ""801000"",subtype: ""memory"",tgid: ""147620"",source: ""syscall"",type: ""Artifact"",version: ""0"",hash: ""4e4e77a07aa4a62a6196fea6ce5ad403""})"
"(:VERTEX {memory address: ""7f14a57f6000"",size: ""800000"",subtype: ""memory"",tgid: ""147620"",source: ""syscall"",type: ""Artifact"",version: ""0"",hash: ""97427795a119f1ad96da1c4dbee10233""})"
"(:VERTEX {gid: ""0"",euid: ""999"",children pid namespace: ""4026532779"",start time: ""1690978596.908"",ns pid: ""11366"",pid: ""147628"",source: ""syscall"",type: ""Process"",net namespace: ""4026532705"",ipc namespace: ""4026532772"",ppid: ""147620"",pid namespace: ""4026532779"",cwd: ""/"",uid: ""999"",egid: ""0"",exe: ""/usr/bin/check-status"",mount namespace: ""4026532778"",command line: ""/usr/bin/check-status -r"",name: ""check-status"",hash: ""ea690e41bc657ef8a2f10c618518db46"",user namespace: ""4026531837""})"
"(:VERTEX {memory address: ""7f14a4ff4000"",size: ""801000"",subtype: ""memory"",tgid: ""147620"",source: ""syscall"",type: ""Artifact"",version: ""0"",hash: ""1b18ad0de19df7fdb3fce8fd0cd7476a""})"
"(:VERTEX {memory address: ""7f14a4ff5000"",size: ""800000"",subtype: ""memory"",tgid: ""147620"",source: ""syscall"",type: ""Artifact"",version: ""0"",hash: ""215dd78389c7040a4b95bea0c8e63661""})"
"(:VERTEX {gid: ""0"",euid: ""999"",children pid namespace: ""4026532779"",start time: ""1690978596.908"",ns pid: ""11367"",pid: ""147629"",source: ""syscall"",type: ""Process"",net namespace: ""4026532705"",ipc namespace: ""4026532772"",ppid: ""147620"",pid namespace: ""4026532779"",cwd: ""/"",uid: ""999"",egid: ""0"",exe: ""/usr/bin/check-status"",mount namespace: ""4026532778"",command line: ""/usr/bin/check-status -r"",name: ""check-status"",hash: ""0f5bf0e3fff289daaaea3f508aa69d4b"",user namespace: ""4026531837""})"
"(:VERTEX {memory address: ""7f149cff4000"",size: ""8000000"",subtype: ""memory"",tgid: ""147620"",source: ""syscall"",type: ""Artifact"",version: ""0"",hash: ""5fd1e1766dde1e80d421d4d1843e69f3""})"
"(:VERTEX {memory address: ""7f14a0000000"",size: ""21000"",subtype: ""memory"",tgid: ""147620"",source: ""syscall"",type: ""Artifact"",version: ""0"",hash: ""29d965efa4c3f70f1aabb44b03e33e4c""})"
"(:VERTEX {memory address: ""7f1498000000"",size: ""8000000"",subtype: ""memory"",tgid: ""147620"",source: ""syscall"",type: ""Artifact"",version: ""0"",hash: ""69c987c46c29faa7f409cabd0e8ce120""})"
"(:VERTEX {memory address: ""7f1498000000"",size: ""21000"",subtype: ""memory"",tgid: ""147620"",source: ""syscall"",type: ""Artifact"",version: ""0"",hash: ""4bbda338305228ce5872284912b7d872""})"
"(:VERTEX {memory address: ""7f14cd956000"",size: ""40000"",subtype: ""memory"",tgid: ""147620"",source: ""syscall"",type: ""Artifact"",version: ""0"",hash: ""f4bc85d128a53dded6ac6c23376335f2""})"
"(:VERTEX {memory address: ""7f14a47f3000"",size: ""801000"",subtype: ""memory"",tgid: ""147620"",source: ""syscall"",type: ""Artifact"",version: ""0"",hash: ""586c79920cac006a71dca87ac771a3c2""})"
"(:VERTEX {memory address: ""7f14a47f4000"",size: ""800000"",subtype: ""memory"",tgid: ""147620"",source: ""syscall"",type: ""Artifact"",version: ""0"",hash: ""dbae3e098673a93498f4d98449e1c51d""})"
"(:VERTEX {gid: ""0"",euid: ""999"",children pid namespace: ""4026532779"",start time: ""1690978596.919"",ns pid: ""11368"",pid: ""147630"",source: ""syscall"",type: ""Process"",net namespace: ""4026532705"",ipc namespace: ""4026532772"",ppid: ""147620"",pid namespace: ""4026532779"",cwd: ""/"",uid: ""999"",egid: ""0"",exe: ""/usr/bin/check-status"",mount namespace: ""4026532778"",command line: ""/usr/bin/check-status -r"",name: ""check-status"",hash: ""2bbe0eb2615de5dc0b489ad990c2f235"",user namespace: ""4026531837""})"
"(:VERTEX {memory address: ""7f149f7ff000"",size: ""801000"",subtype: ""memory"",tgid: ""147620"",source: ""syscall"",type: ""Artifact"",version: ""0"",hash: ""57fcadc8944b802410c45638e8941033""})"
"(:VERTEX {memory address: ""7f149f800000"",size: ""800000"",subtype: ""memory"",tgid: ""147620"",source: ""syscall"",type: ""Artifact"",version: ""0"",hash: ""f12d35b9583f215815b37e75a1a6a69d""})"
"(:VERTEX {gid: ""0"",euid: ""999"",children pid namespace: ""4026532779"",start time: ""1690978596.919"",ns pid: ""11369"",pid: ""147631"",source: ""syscall"",type: ""Process"",net namespace: ""4026532705"",ipc namespace: ""4026532772"",ppid: ""147620"",pid namespace: ""4026532779"",cwd: ""/"",uid: ""999"",egid: ""0"",exe: ""/usr/bin/check-status"",mount namespace: ""4026532778"",command line: ""/usr/bin/check-status -r"",name: ""check-status"",hash: ""758e359ea3d25068cccab1d79faf9dba"",user namespace: ""4026531837""})"
"(:VERTEX {remote port: ""53"",epoch: ""0"",source: ""syscall"",type: ""Artifact"",version: ""0"",local port: ""43474"",net namespace: ""-1"",local address: ""10.1.251.204"",protocol: ""udp"",subtype: ""network socket"",remote address: ""10.152.183.10"",hash: ""373c7e7f495ae7c9296317867d594e3c""})"
"(:VERTEX {remote port: ""53"",epoch: ""0"",source: ""syscall"",type: ""Artifact"",version: ""0"",local port: ""43227"",net namespace: ""-1"",local address: ""10.1.251.204"",protocol: ""udp"",subtype: ""network socket"",remote address: ""10.152.183.10"",hash: ""15bed991008fe8f100917fe1d353c908""})"
"(:VERTEX {remote port: ""56250"",epoch: ""0"",source: ""syscall"",type: ""Artifact"",version: ""0"",local port: ""8080"",net namespace: ""-1"",local address: ""0000:0000:0000:0000:0000:0000:0000:0000"",protocol: ""tcp"",subtype: ""network socket"",remote address: ""0000:0000:0000:0000:0000:FFFF:C0A8:2F80"",hash: ""730930efe429563d0d7b383e2d476404""})"
"(:VERTEX {remote port: ""56262"",epoch: ""0"",source: ""syscall"",type: ""Artifact"",version: ""0"",local port: ""8080"",net namespace: ""-1"",local address: ""0000:0000:0000:0000:0000:0000:0000:0000"",protocol: ""tcp"",subtype: ""network socket"",remote address: ""0000:0000:0000:0000:0000:FFFF:C0A8:2F80"",hash: ""480ee61c366b0b3386a6714d43e34ec3""})"
"(:VERTEX {remote port: ""40284"",epoch: ""0"",source: ""syscall"",type: ""Artifact"",version: ""0"",local port: ""50051"",net namespace: ""-1"",local address: ""0000:0000:0000:0000:0000:0000:0000:0000"",protocol: ""tcp"",subtype: ""network socket"",remote address: ""0000:0000:0000:0000:0000:FFFF:C0A8:2F80"",hash: ""fd0465409ec9c26d9e1fe6a25bb08e52""})"
"(:VERTEX {remote port: ""47658"",epoch: ""0"",source: ""syscall"",type: ""Artifact"",version: ""0"",local port: ""6379"",net namespace: ""-1"",local address: ""0.0.0.0"",protocol: ""tcp"",subtype: ""network socket"",remote address: ""192.168.47.128"",hash: ""fd6ef911ef830dbae418335879658470""})"
"(:VERTEX {remote port: ""47656"",epoch: ""0"",source: ""syscall"",type: ""Artifact"",version: ""0"",local port: ""6379"",net namespace: ""-1"",local address: ""0.0.0.0"",protocol: ""tcp"",subtype: ""network socket"",remote address: ""192.168.47.128"",hash: ""baefd1a266d51b13f15bce2be70fa4a6""})"
"(:VERTEX {remote port: ""56556"",epoch: ""0"",source: ""syscall"",type: ""Artifact"",version: ""0"",local port: ""9555"",net namespace: ""-1"",local address: ""0000:0000:0000:0000:0000:0000:0000:0000"",protocol: ""tcp"",subtype: ""network socket"",remote address: ""0000:0000:0000:0000:0000:FFFF:C0A8:2F80"",hash: ""7301563c77ac8e1d5b68c660c49c39a1""})"
"(:VERTEX {remote port: ""56568"",epoch: ""0"",source: ""syscall"",type: ""Artifact"",version: ""0"",local port: ""9555"",net namespace: ""-1"",local address: ""0000:0000:0000:0000:0000:0000:0000:0000"",protocol: ""tcp"",subtype: ""network socket"",remote address: ""0000:0000:0000:0000:0000:FFFF:C0A8:2F80"",hash: ""a1bb3a7a40154e159ce851ffe7c1000a""})"
"(:VERTEX {memory address: ""7f4e1bf21000"",size: ""4000"",subtype: ""memory"",tgid: ""59664"",source: ""syscall"",type: ""Artifact"",version: ""0"",hash: ""69a8f95c53823ebf08e1b82ce3c2deec""})"
"(:VERTEX {gid: ""1000"",euid: ""1000"",children pid namespace: ""-1"",pid: ""59664"",seen time: ""1690978432.619"",source: ""syscall"",type: ""Process"",net namespace: ""-1"",ipc namespace: ""-1"",ppid: ""58483"",pid namespace: ""-1"",uid: ""1000"",egid: ""1000"",exe: ""/opt/java/openjdk/bin/java"",mount namespace: ""-1"",name: ""grpc-nio-worker"",hash: ""531e97815e1538c1b070f25c94780427"",user namespace: ""-1""})"
"(:VERTEX {memory address: ""7f4e1bf21000"",size: ""4000"",subtype: ""memory"",tgid: ""59664"",source: ""syscall"",type: ""Artifact"",version: ""1"",hash: ""0e8b32e8aef3658550a4979d0b751f18""})"
"(:VERTEX {remote port: ""34150"",epoch: ""0"",source: ""syscall"",type: ""Artifact"",version: ""0"",local port: ""8080"",net namespace: ""-1"",local address: ""0000:0000:0000:0000:0000:0000:0000:0000"",protocol: ""tcp"",subtype: ""network socket"",remote address: ""0000:0000:0000:0000:0000:FFFF:C0A8:2F80"",hash: ""de94c1f980db060ef6fdefea9b754c10""})"
"(:VERTEX {remote port: ""34142"",epoch: ""0"",source: ""syscall"",type: ""Artifact"",version: ""0"",local port: ""8080"",net namespace: ""-1"",local address: ""0000:0000:0000:0000:0000:0000:0000:0000"",protocol: ""tcp"",subtype: ""network socket"",remote address: ""0000:0000:0000:0000:0000:FFFF:C0A8:2F80"",hash: ""01278550ddfcdef0308c778d73f33d00""})"
"(:VERTEX {gid: ""0"",euid: ""999"",children pid namespace: ""-1"",pid: ""147645"",seen time: ""1690978599.068"",source: ""syscall"",type: ""Process"",net namespace: ""-1"",ipc namespace: ""-1"",ppid: ""147635"",pid namespace: ""-1"",uid: ""999"",egid: ""0"",exe: ""/"",mount namespace: ""-1"",name: ""runc:[2:INIT]"",hash: ""18235fad6d53d6c3174fb89dcd0204b8"",user namespace: ""-1""})"
"(:VERTEX {path: ""/proc/147645/attr/apparmor/exec"",subtype: ""file"",permissions: ""0666"",epoch: ""0"",source: ""syscall"",type: ""Artifact"",version: ""0"",hash: ""b3743fff8a4d69d500f44f06a63fd5ba""})"
"(:VERTEX {gid: ""0"",euid: ""999"",children pid namespace: ""-1"",start time: ""1690978599.068"",pid: ""147645"",source: ""syscall"",type: ""Process"",net namespace: ""-1"",ipc namespace: ""-1"",ppid: ""147635"",pid namespace: ""-1"",cwd: ""/"",uid: ""999"",egid: ""0"",exe: ""/usr/bin/check-status"",mount namespace: ""-1"",command line: ""/usr/bin/check-status -l"",name: ""check-status"",hash: ""e793fee589cad5e6d8e2872afc1be6e6"",user namespace: ""-1""})"
"(:VERTEX {memory address: ""7f5123c32000"",size: ""2000"",subtype: ""memory"",tgid: ""147645"",source: ""syscall"",type: ""Artifact"",version: ""0"",hash: ""5f36941d7a63384ef7e8729d08c0aab7""})"
"(:VERTEX {memory address: ""7f51237e7000"",size: ""21f4c0"",subtype: ""memory"",tgid: ""147645"",source: ""syscall"",type: ""Artifact"",version: ""0"",hash: ""00ae398bc41fa9558e1fc795770b7653""})"
"(:VERTEX {memory address: ""7f5123802000"",size: ""1ff000"",subtype: ""memory"",tgid: ""147645"",source: ""syscall"",type: ""Artifact"",version: ""0"",hash: ""7b11f90085a4a8483b327a11a49eae8e""})"
"(:VERTEX {memory address: ""7f5123a01000"",size: ""2000"",subtype: ""memory"",tgid: ""147645"",source: ""syscall"",type: ""Artifact"",version: ""0"",hash: ""5d0fe6cacff2e79b1955fcf81f12c02a""})"
"(:VERTEX {memory address: ""7f5123a03000"",size: ""34c0"",subtype: ""memory"",tgid: ""147645"",source: ""syscall"",type: ""Artifact"",version: ""0"",hash: ""1c8916569107c3015c9a6645d5de0fd1""})"
"(:VERTEX {memory address: ""7f5123421000"",size: ""3c58c0"",subtype: ""memory"",tgid: ""147645"",source: ""syscall"",type: ""Artifact"",version: ""0"",hash: ""22992b71a11897369b8572b28fb3a285""})"
"(:VERTEX {memory address: ""7f51235dd000"",size: ""200000"",subtype: ""memory"",tgid: ""147645"",source: ""syscall"",type: ""Artifact"",version: ""0"",hash: ""e9d3629de753243ffa717f0c46b3ece7""})"
"(:VERTEX {memory address: ""7f51237dd000"",size: ""6000"",subtype: ""memory"",tgid: ""147645"",source: ""syscall"",type: ""Artifact"",version: ""0"",hash: ""46ea16bf95c9b677d0671f0ef798b2e4""})"
"(:VERTEX {memory address: ""7f51237e3000"",size: ""38c0"",subtype: ""memory"",tgid: ""147645"",source: ""syscall"",type: ""Artifact"",version: ""0"",hash: ""f21691e97f868b719fe72a9379baf289""})"
"(:VERTEX {memory address: ""7f5123c2f000"",size: ""3000"",subtype: ""memory"",tgid: ""147645"",source: ""syscall"",type: ""Artifact"",version: ""0"",hash: ""d55af754c2dfcdfd73c10a5bf5d79d5f""})"
"(:VERTEX {memory address: ""7f51237dd000"",size: ""4000"",subtype: ""memory"",tgid: ""147645"",source: ""syscall"",type: ""Artifact"",version: ""0"",hash: ""0095b95190917163120867bec9a5a221""})"
"(:VERTEX {memory address: ""7f5123a01000"",size: ""1000"",subtype: ""memory"",tgid: ""147645"",source: ""syscall"",type: ""Artifact"",version: ""0"",hash: ""fa67605859eb0aa986a0da58e3990bc8""})"
"(:VERTEX {memory address: ""7f5123c34000"",size: ""1000"",subtype: ""memory"",tgid: ""147645"",source: ""syscall"",type: ""Artifact"",version: ""0"",hash: ""85fb2fe6e3fb82562a8fde0ea2f4f6e6""})"
"(:VERTEX {memory address: ""7f5123bef000"",size: ""40000"",subtype: ""memory"",tgid: ""147645"",source: ""syscall"",type: ""Artifact"",version: ""0"",hash: ""de10a6673b513760b954db2b9a7e9a3c""})"
"(:VERTEX {memory address: ""7f5123bcf000"",size: ""20000"",subtype: ""memory"",tgid: ""147645"",source: ""syscall"",type: ""Artifact"",version: ""0"",hash: ""bfe33cb7eefd232187649bb003814a7d""})"
"(:VERTEX {memory address: ""7f5123acf000"",size: ""100000"",subtype: ""memory"",tgid: ""147645"",source: ""syscall"",type: ""Artifact"",version: ""0"",hash: ""367e3b6adbf09c0dc2e0d6d0b14ca172""})"
"(:VERTEX {memory address: ""7f5122c21000"",size: ""800000"",subtype: ""memory"",tgid: ""147645"",source: ""syscall"",type: ""Artifact"",version: ""0"",hash: ""1de7b38479b26a62a7b8d3af3fd776b0""})"
"(:VERTEX {memory address: ""7f511ec21000"",size: ""4000000"",subtype: ""memory"",tgid: ""147645"",source: ""syscall"",type: ""Artifact"",version: ""0"",hash: ""86eb4d24b5cc545e8eacf6f167bb33f1""})"
"(:VERTEX {memory address: ""7f50fec21000"",size: ""20000000"",subtype: ""memory"",tgid: ""147645"",source: ""syscall"",type: ""Artifact"",version: ""0"",hash: ""12d77bb648df2d905e6362a2bb18a9cb""})"
"(:VERTEX {memory address: ""c000000000"",size: ""4000000"",subtype: ""memory"",tgid: ""147645"",source: ""syscall"",type: ""Artifact"",version: ""0"",hash: ""f7c7f40eccf55822b9a94729fcc1b3a7""})"
"(:VERTEX {memory address: ""7f50fcc21000"",size: ""2000000"",subtype: ""memory"",tgid: ""147645"",source: ""syscall"",type: ""Artifact"",version: ""0"",hash: ""f846ead4a6b4f9868b5c143faba4d786""})"
"(:VERTEX {memory address: ""7f50fca10000"",size: ""210c10"",subtype: ""memory"",tgid: ""147645"",source: ""syscall"",type: ""Artifact"",version: ""0"",hash: ""8a91f2ec5d706073e055eeae252126e6""})"
"(:VERTEX {memory address: ""c000000000"",size: ""400000"",subtype: ""memory"",tgid: ""147645"",source: ""syscall"",type: ""Artifact"",version: ""0"",hash: ""139b257399e9ad97d7f9d0c786c73ce4""})"
"(:VERTEX {memory address: ""7f5123bcf000"",size: ""20000"",subtype: ""memory"",tgid: ""147645"",source: ""syscall"",type: ""Artifact"",version: ""1"",hash: ""e68402a6ed5c1333328540a794b740ed""})"
"(:VERTEX {memory address: ""7f5123b4f000"",size: ""1000"",subtype: ""memory"",tgid: ""147645"",source: ""syscall"",type: ""Artifact"",version: ""0"",hash: ""cb22e2867949014069e2f5dd9644cb7a""})"
"(:VERTEX {memory address: ""7f5123027000"",size: ""1000"",subtype: ""memory"",tgid: ""147645"",source: ""syscall"",type: ""Artifact"",version: ""0"",hash: ""0c083762fb12ac8cc9a6198bdfa51cdc""})"
"(:VERTEX {memory address: ""7f5120c51000"",size: ""1000"",subtype: ""memory"",tgid: ""147645"",source: ""syscall"",type: ""Artifact"",version: ""0"",hash: ""10a6ed788eb5e3e6be7bc12c0a0934c8""})"
"(:VERTEX {memory address: ""7f510eda1000"",size: ""1000"",subtype: ""memory"",tgid: ""147645"",source: ""syscall"",type: ""Artifact"",version: ""0"",hash: ""df3b136ee0cccca3cc6c31afcf79da06""})"
"(:VERTEX {memory address: ""7f50fc910000"",size: ""100000"",subtype: ""memory"",tgid: ""147645"",source: ""syscall"",type: ""Artifact"",version: ""0"",hash: ""41726280a348656db569641c684f0f1d""})"
"(:VERTEX {memory address: ""7f5123abf000"",size: ""10000"",subtype: ""memory"",tgid: ""147645"",source: ""syscall"",type: ""Artifact"",version: ""0"",hash: ""6b27794fb2f1a4af1bb7618e8113ba3e""})"
"(:VERTEX {memory address: ""7f5123aaf000"",size: ""10000"",subtype: ""memory"",tgid: ""147645"",source: ""syscall"",type: ""Artifact"",version: ""0"",hash: ""ca321b5395e56cfaf9443761e394f8d6""})"
"(:VERTEX {memory address: ""7f50fc10f000"",size: ""801000"",subtype: ""memory"",tgid: ""147645"",source: ""syscall"",type: ""Artifact"",version: ""0"",hash: ""190d84c2365fe51e36f434c8695580cc""})"
"(:VERTEX {memory address: ""7f50fc110000"",size: ""800000"",subtype: ""memory"",tgid: ""147645"",source: ""syscall"",type: ""Artifact"",version: ""0"",hash: ""c9aa5744f30138934387e312ecc553d4""})"
"(:VERTEX {gid: ""0"",euid: ""999"",children pid namespace: ""4026532779"",start time: ""1690978599.075"",ns pid: ""11375"",pid: ""147650"",source: ""syscall"",type: ""Process"",net namespace: ""4026532705"",ipc namespace: ""4026532772"",ppid: ""147645"",pid namespace: ""4026532779"",cwd: ""/"",uid: ""999"",egid: ""0"",exe: ""/usr/bin/check-status"",mount namespace: ""4026532778"",command line: ""/usr/bin/check-status -l"",name: ""check-status"",hash: ""4ca82659994d0809f293c67e96d46d93"",user namespace: ""4026531837""})"
"(:VERTEX {memory address: ""7f50f410f000"",size: ""8000000"",subtype: ""memory"",tgid: ""147645"",source: ""syscall"",type: ""Artifact"",version: ""0"",hash: ""8a78f4442b367194c467d381040af7d4""})"
"(:VERTEX {memory address: ""7f50f8000000"",size: ""21000"",subtype: ""memory"",tgid: ""147645"",source: ""syscall"",type: ""Artifact"",version: ""0"",hash: ""51e2929456870d039fd2d7f14dca7e92""})"
"(:VERTEX {memory address: ""7f50f77ff000"",size: ""801000"",subtype: ""memory"",tgid: ""147645"",source: ""syscall"",type: ""Artifact"",version: ""0"",hash: ""fbf85bb3ffac75e7f038a8cc9ec29d72""})"
"(:VERTEX {memory address: ""7f50f7800000"",size: ""800000"",subtype: ""memory"",tgid: ""147645"",source: ""syscall"",type: ""Artifact"",version: ""0"",hash: ""7cad27b3823ff98805712700acbea296""})"
"(:VERTEX {gid: ""0"",euid: ""999"",children pid namespace: ""4026532779"",start time: ""1690978599.083"",ns pid: ""11376"",pid: ""147651"",source: ""syscall"",type: ""Process"",net namespace: ""4026532705"",ipc namespace: ""4026532772"",ppid: ""147645"",pid namespace: ""4026532779"",cwd: ""/"",uid: ""999"",egid: ""0"",exe: ""/usr/bin/check-status"",mount namespace: ""4026532778"",command line: ""/usr/bin/check-status -l"",name: ""check-status"",hash: ""8dcb47cd0e11fa4ca6a51a26f832b395"",user namespace: ""4026531837""})"
"(:VERTEX {memory address: ""7f50ef7ff000"",size: ""8000000"",subtype: ""memory"",tgid: ""147645"",source: ""syscall"",type: ""Artifact"",version: ""0"",hash: ""1901cfada9332395db7d22c7f33b2c65""})"
"(:VERTEX {memory address: ""7f50f0000000"",size: ""21000"",subtype: ""memory"",tgid: ""147645"",source: ""syscall"",type: ""Artifact"",version: ""0"",hash: ""102ed414fc64de0dac94ee25da20e1ca""})"
"(:VERTEX {memory address: ""7f50f6ffe000"",size: ""801000"",subtype: ""memory"",tgid: ""147645"",source: ""syscall"",type: ""Artifact"",version: ""0"",hash: ""58561e4c8b13d0813cf47672d1bcb2dc""})"
"(:VERTEX {memory address: ""7f50f6fff000"",size: ""800000"",subtype: ""memory"",tgid: ""147645"",source: ""syscall"",type: ""Artifact"",version: ""0"",hash: ""091d94b4bcc1a6bd649075cad2eec173""})"
"(:VERTEX {gid: ""0"",euid: ""999"",children pid namespace: ""4026532779"",start time: ""1690978599.090"",ns pid: ""11377"",pid: ""147652"",source: ""syscall"",type: ""Process"",net namespace: ""4026532705"",ipc namespace: ""4026532772"",ppid: ""147645"",pid namespace: ""4026532779"",cwd: ""/"",uid: ""999"",egid: ""0"",exe: ""/usr/bin/check-status"",mount namespace: ""4026532778"",command line: ""/usr/bin/check-status -l"",name: ""check-status"",hash: ""ec25d3e3bd178f9cbfc0a776e055f173"",user namespace: ""4026531837""})"
"(:VERTEX {memory address: ""7f50e8000000"",size: ""8000000"",subtype: ""memory"",tgid: ""147645"",source: ""syscall"",type: ""Artifact"",version: ""0"",hash: ""b0130a4c5b79f44f03b71521c5ebe197""})"
"(:VERTEX {memory address: ""7f50e8000000"",size: ""21000"",subtype: ""memory"",tgid: ""147645"",source: ""syscall"",type: ""Artifact"",version: ""0"",hash: ""59b1eb3d6720bbb3bfd25cb1a2402bd4""})"
"(:VERTEX {memory address: ""7f50f67fd000"",size: ""801000"",subtype: ""memory"",tgid: ""147645"",source: ""syscall"",type: ""Artifact"",version: ""0"",hash: ""8a4bbc316324d52c197ee7cb6329492e""})"
"(:VERTEX {memory address: ""7f50f67fe000"",size: ""800000"",subtype: ""memory"",tgid: ""147645"",source: ""syscall"",type: ""Artifact"",version: ""0"",hash: ""34fbd3dab7d3d1053bc78cb837593d12""})"
"(:VERTEX {gid: ""0"",euid: ""999"",children pid namespace: ""4026532779"",start time: ""1690978599.090"",ns pid: ""11378"",pid: ""147653"",source: ""syscall"",type: ""Process"",net namespace: ""4026532705"",ipc namespace: ""4026532772"",ppid: ""147645"",pid namespace: ""4026532779"",cwd: ""/"",uid: ""999"",egid: ""0"",exe: ""/usr/bin/check-status"",mount namespace: ""4026532778"",command line: ""/usr/bin/check-status -l"",name: ""check-status"",hash: ""ef2b7cdc174f4e2946380568e4031d1c"",user namespace: ""4026531837""})"
"(:VERTEX {memory address: ""7f5123a6f000"",size: ""40000"",subtype: ""memory"",tgid: ""147645"",source: ""syscall"",type: ""Artifact"",version: ""0"",hash: ""8d34ff4af0ce5901d9fc08f21ec5e8d0""})"
"(:VERTEX {memory address: ""7f50ec000000"",size: ""4000000"",subtype: ""memory"",tgid: ""147645"",source: ""syscall"",type: ""Artifact"",version: ""0"",hash: ""653b53e1eda1eb61e01d3d799f6c94c8""})"
"(:VERTEX {memory address: ""7f50f5ffc000"",size: ""801000"",subtype: ""memory"",tgid: ""147645"",source: ""syscall"",type: ""Artifact"",version: ""0"",hash: ""967402f319c14f9f188e410afbc85cc0""})"
"(:VERTEX {memory address: ""7f50ec000000"",size: ""21000"",subtype: ""memory"",tgid: ""147645"",source: ""syscall"",type: ""Artifact"",version: ""0"",hash: ""0348140e18e0655911d7f562c6fc34ad""})"
"(:VERTEX {memory address: ""7f50f5ffd000"",size: ""800000"",subtype: ""memory"",tgid: ""147645"",source: ""syscall"",type: ""Artifact"",version: ""0"",hash: ""7ae1ef10a5ad040e007779eac2aa7cd3""})"
"(:VERTEX {gid: ""0"",euid: ""999"",children pid namespace: ""4026532779"",start time: ""1690978599.090"",ns pid: ""11379"",pid: ""147654"",source: ""syscall"",type: ""Process"",net namespace: ""4026532705"",ipc namespace: ""4026532772"",ppid: ""147645"",pid namespace: ""4026532779"",cwd: ""/"",uid: ""999"",egid: ""0"",exe: ""/usr/bin/check-status"",mount namespace: ""4026532778"",command line: ""/usr/bin/check-status -l"",name: ""check-status"",hash: ""61042fdf0f55c197ac2f4e532945f569"",user namespace: ""4026531837""})"
"(:VERTEX {memory address: ""7f50f57fb000"",size: ""801000"",subtype: ""memory"",tgid: ""147645"",source: ""syscall"",type: ""Artifact"",version: ""0"",hash: ""95537eeaff54b3014af896afd4075dd2""})"
"(:VERTEX {memory address: ""7f50f57fc000"",size: ""800000"",subtype: ""memory"",tgid: ""147645"",source: ""syscall"",type: ""Artifact"",version: ""0"",hash: ""4e3736e74956e6bf0f3da00712fdac6e""})"
"(:VERTEX {gid: ""0"",euid: ""999"",children pid namespace: ""4026532779"",start time: ""1690978599.090"",ns pid: ""11380"",pid: ""147655"",source: ""syscall"",type: ""Process"",net namespace: ""4026532705"",ipc namespace: ""4026532772"",ppid: ""147645"",pid namespace: ""4026532779"",cwd: ""/"",uid: ""999"",egid: ""0"",exe: ""/usr/bin/check-status"",mount namespace: ""4026532778"",command line: ""/usr/bin/check-status -l"",name: ""check-status"",hash: ""945f22848d3ac63a70a36de917056040"",user namespace: ""4026531837""})"
"(:VERTEX {memory address: ""7f50fc0cf000"",size: ""40000"",subtype: ""memory"",tgid: ""147645"",source: ""syscall"",type: ""Artifact"",version: ""0"",hash: ""203cd8f2dce6b59ad2738df72ba8d40f""})"
"(:VERTEX {memory address: ""7f50e0000000"",size: ""8000000"",subtype: ""memory"",tgid: ""147645"",source: ""syscall"",type: ""Artifact"",version: ""0"",hash: ""06bb5b1b8f26040e83e41b8583527752""})"
"(:VERTEX {memory address: ""7f50e0000000"",size: ""21000"",subtype: ""memory"",tgid: ""147645"",source: ""syscall"",type: ""Artifact"",version: ""0"",hash: ""96cada4447d6e866f4ae5407b0e00f43""})"
"(:VERTEX {remote port: ""53"",epoch: ""0"",source: ""syscall"",type: ""Artifact"",version: ""0"",local port: ""56637"",net namespace: ""-1"",local address: ""10.1.251.204"",protocol: ""udp"",subtype: ""network socket"",remote address: ""10.152.183.10"",hash: ""04c342ad907be44727675ba8f42be36f""})"
"(:VERTEX {remote port: ""53"",epoch: ""0"",source: ""syscall"",type: ""Artifact"",version: ""0"",local port: ""58417"",net namespace: ""-1"",local address: ""10.1.251.204"",protocol: ""udp"",subtype: ""network socket"",remote address: ""10.152.183.10"",hash: ""e90c5281e0d3e2d2e08d2f17d13d423d""})"
"(:VERTEX {remote port: ""56278"",epoch: ""0"",source: ""syscall"",type: ""Artifact"",version: ""0"",local port: ""8080"",net namespace: ""-1"",local address: ""0000:0000:0000:0000:0000:0000:0000:0000"",protocol: ""tcp"",subtype: ""network socket"",remote address: ""0000:0000:0000:0000:0000:FFFF:C0A8:2F80"",hash: ""afa4ce6c96c56adaa92f49f3eaec07fe""})"
"(:VERTEX {remote port: ""56282"",epoch: ""0"",source: ""syscall"",type: ""Artifact"",version: ""0"",local port: ""8080"",net namespace: ""-1"",local address: ""0000:0000:0000:0000:0000:0000:0000:0000"",protocol: ""tcp"",subtype: ""network socket"",remote address: ""0000:0000:0000:0000:0000:FFFF:C0A8:2F80"",hash: ""21856a684f21ab2df0fe3c0679a08ad0""})"
"(:VERTEX {remote port: ""40298"",epoch: ""0"",source: ""syscall"",type: ""Artifact"",version: ""0"",local port: ""50051"",net namespace: ""-1"",local address: ""0000:0000:0000:0000:0000:0000:0000:0000"",protocol: ""tcp"",subtype: ""network socket"",remote address: ""0000:0000:0000:0000:0000:FFFF:C0A8:2F80"",hash: ""bbddac9ae0641489cfce486db396ebe4""})"
"(:VERTEX {remote port: ""40312"",epoch: ""0"",source: ""syscall"",type: ""Artifact"",version: ""0"",local port: ""50051"",net namespace: ""-1"",local address: ""0000:0000:0000:0000:0000:0000:0000:0000"",protocol: ""tcp"",subtype: ""network socket"",remote address: ""0000:0000:0000:0000:0000:FFFF:C0A8:2F80"",hash: ""6fe0fc71edaf625657d3527a2a1e5141""})"
"(:VERTEX {remote port: ""59128"",epoch: ""0"",source: ""syscall"",type: ""Artifact"",version: ""0"",local port: ""7000"",net namespace: ""-1"",local address: ""0000:0000:0000:0000:0000:0000:0000:0000"",protocol: ""tcp"",subtype: ""network socket"",remote address: ""0000:0000:0000:0000:0000:FFFF:C0A8:2F80"",hash: ""60f52d034e3d58f863cb25babf53a7fe""})"
"(:VERTEX {remote port: ""59130"",epoch: ""0"",source: ""syscall"",type: ""Artifact"",version: ""0"",local port: ""7000"",net namespace: ""-1"",local address: ""0000:0000:0000:0000:0000:0000:0000:0000"",protocol: ""tcp"",subtype: ""network socket"",remote address: ""0000:0000:0000:0000:0000:FFFF:C0A8:2F80"",hash: ""a8988f3420d33292732239332dd75e2a""})"
"(:VERTEX {remote port: ""40394"",epoch: ""0"",source: ""syscall"",type: ""Artifact"",version: ""0"",local port: ""5050"",net namespace: ""-1"",local address: ""0000:0000:0000:0000:0000:0000:0000:0000"",protocol: ""tcp"",subtype: ""network socket"",remote address: ""0000:0000:0000:0000:0000:FFFF:C0A8:2F80"",hash: ""e6a8e0df5ea8eceabcad03a6ea6451cf""})"
"(:VERTEX {remote port: ""40402"",epoch: ""0"",source: ""syscall"",type: ""Artifact"",version: ""0"",local port: ""5050"",net namespace: ""-1"",local address: ""0000:0000:0000:0000:0000:0000:0000:0000"",protocol: ""tcp"",subtype: ""network socket"",remote address: ""0000:0000:0000:0000:0000:FFFF:C0A8:2F80"",hash: ""0ddaa16679176304669bc05bd1b3aaa5""})"
"(:VERTEX {remote port: ""47664"",epoch: ""0"",source: ""syscall"",type: ""Artifact"",version: ""0"",local port: ""6379"",net namespace: ""-1"",local address: ""0.0.0.0"",protocol: ""tcp"",subtype: ""network socket"",remote address: ""192.168.47.128"",hash: ""61c760e46c3c36f23749b5c49457faac""})"
"(:VERTEX {remote port: ""47678"",epoch: ""0"",source: ""syscall"",type: ""Artifact"",version: ""0"",local port: ""6379"",net namespace: ""-1"",local address: ""0.0.0.0"",protocol: ""tcp"",subtype: ""network socket"",remote address: ""192.168.47.128"",hash: ""2841243e39a444a6b495204493b28365""})"
"(:VERTEX {remote port: ""60984"",epoch: ""0"",source: ""syscall"",type: ""Artifact"",version: ""0"",local port: ""8080"",net namespace: ""-1"",local address: ""0000:0000:0000:0000:0000:0000:0000:0000"",protocol: ""tcp"",subtype: ""network socket"",remote address: ""0000:0000:0000:0000:0000:FFFF:C0A8:2F80"",hash: ""5143f75bed48ee53a8a0234d1102233e""})"
"(:VERTEX {remote port: ""60986"",epoch: ""0"",source: ""syscall"",type: ""Artifact"",version: ""0"",local port: ""8080"",net namespace: ""-1"",local address: ""0000:0000:0000:0000:0000:0000:0000:0000"",protocol: ""tcp"",subtype: ""network socket"",remote address: ""0000:0000:0000:0000:0000:FFFF:C0A8:2F80"",hash: ""3a50995fc109e2891ec3a658c8b70af9""})"
"(:VERTEX {remote port: ""37548"",epoch: ""0"",source: ""syscall"",type: ""Artifact"",version: ""0"",local port: ""50051"",net namespace: ""-1"",local address: ""0000:0000:0000:0000:0000:0000:0000:0000"",protocol: ""tcp"",subtype: ""network socket"",remote address: ""0000:0000:0000:0000:0000:FFFF:C0A8:2F80"",hash: ""b5eafff1934da4a16d5e732a45331c78""})"
"(:VERTEX {remote port: ""47912"",epoch: ""0"",source: ""syscall"",type: ""Artifact"",version: ""0"",local port: ""7070"",net namespace: ""4026533266"",local address: ""0000:0000:0000:0000:0000:0000:0000:0000"",protocol: ""tcp"",subtype: ""network socket"",remote address: ""0000:0000:0000:0000:0000:FFFF:C0A8:2F80"",hash: ""dc058d404810ca6e4313ff2353be1e18""})"
"(:VERTEX {remote port: ""47924"",epoch: ""0"",source: ""syscall"",type: ""Artifact"",version: ""0"",local port: ""7070"",net namespace: ""4026533266"",local address: ""0000:0000:0000:0000:0000:0000:0000:0000"",protocol: ""tcp"",subtype: ""network socket"",remote address: ""0000:0000:0000:0000:0000:FFFF:C0A8:2F80"",hash: ""3e97db5d4e8fd0d289208679110788dd""})"
"(:VERTEX {remote port: ""34152"",epoch: ""0"",source: ""syscall"",type: ""Artifact"",version: ""0"",local port: ""8080"",net namespace: ""-1"",local address: ""0000:0000:0000:0000:0000:0000:0000:0000"",protocol: ""tcp"",subtype: ""network socket"",remote address: ""0000:0000:0000:0000:0000:FFFF:C0A8:2F80"",hash: ""7003515d5722d37c75675df5c465df37""})"
"(:VERTEX {remote port: ""34162"",epoch: ""0"",source: ""syscall"",type: ""Artifact"",version: ""0"",local port: ""8080"",net namespace: ""-1"",local address: ""0000:0000:0000:0000:0000:0000:0000:0000"",protocol: ""tcp"",subtype: ""network socket"",remote address: ""0000:0000:0000:0000:0000:FFFF:C0A8:2F80"",hash: ""ff3eba41e15cb392679dc53459d2427c""})"
"(:VERTEX {remote port: ""37554"",epoch: ""0"",source: ""syscall"",type: ""Artifact"",version: ""0"",local port: ""50051"",net namespace: ""-1"",local address: ""0000:0000:0000:0000:0000:0000:0000:0000"",protocol: ""tcp"",subtype: ""network socket"",remote address: ""0000:0000:0000:0000:0000:FFFF:C0A8:2F80"",hash: ""141c943c0a89a2d258513c402bfdf1ee""})"
"(:VERTEX {remote port: ""54622"",epoch: ""0"",source: ""syscall"",type: ""Artifact"",version: ""0"",local port: ""3550"",net namespace: ""-1"",local address: ""0000:0000:0000:0000:0000:0000:0000:0000"",protocol: ""tcp"",subtype: ""network socket"",remote address: ""0000:0000:0000:0000:0000:FFFF:C0A8:2F80"",hash: ""6810a072a9e8a1a5fb82788082d50d83""})"
"(:VERTEX {remote port: ""54624"",epoch: ""0"",source: ""syscall"",type: ""Artifact"",version: ""0"",local port: ""3550"",net namespace: ""-1"",local address: ""0000:0000:0000:0000:0000:0000:0000:0000"",protocol: ""tcp"",subtype: ""network socket"",remote address: ""0000:0000:0000:0000:0000:FFFF:C0A8:2F80"",hash: ""60a39fcd14b81c04b1ee95029bf27866""})"
"(:VERTEX {gid: ""0"",euid: ""999"",children pid namespace: ""-1"",pid: ""147789"",seen time: ""1690978606.902"",source: ""syscall"",type: ""Process"",net namespace: ""-1"",ipc namespace: ""-1"",ppid: ""147780"",pid namespace: ""-1"",uid: ""999"",egid: ""0"",exe: ""/"",mount namespace: ""-1"",name: ""runc:[2:INIT]"",hash: ""e883ab2f3f2dac00572d5854a440be22"",user namespace: ""-1""})"
"(:VERTEX {path: ""/proc/147789/attr/apparmor/exec"",subtype: ""file"",permissions: ""0666"",epoch: ""0"",source: ""syscall"",type: ""Artifact"",version: ""0"",hash: ""59b15abbeb3d9cfdecf6470110150222""})"
"(:VERTEX {gid: ""0"",euid: ""999"",children pid namespace: ""-1"",start time: ""1690978606.902"",pid: ""147789"",source: ""syscall"",type: ""Process"",net namespace: ""-1"",ipc namespace: ""-1"",ppid: ""147780"",pid namespace: ""-1"",cwd: ""/"",uid: ""999"",egid: ""0"",exe: ""/usr/bin/check-status"",mount namespace: ""-1"",command line: ""/usr/bin/check-status -r"",name: ""check-status"",hash: ""fbc3e5c2ac3591825ae3357145a47024"",user namespace: ""-1""})"
"(:VERTEX {memory address: ""7f73eb396000"",size: ""2000"",subtype: ""memory"",tgid: ""147789"",source: ""syscall"",type: ""Artifact"",version: ""0"",hash: ""fe7b146e8db123d46566f63d39ae8ebb""})"
"(:VERTEX {memory address: ""7f73eaf4b000"",size: ""21f4c0"",subtype: ""memory"",tgid: ""147789"",source: ""syscall"",type: ""Artifact"",version: ""0"",hash: ""5ba611213c5fc084fee81cf81a0c39f4""})"
"(:VERTEX {memory address: ""7f73eaf66000"",size: ""1ff000"",subtype: ""memory"",tgid: ""147789"",source: ""syscall"",type: ""Artifact"",version: ""0"",hash: ""60ae743103b9e58a4cd74de51a03c147""})"
"(:VERTEX {memory address: ""7f73eb165000"",size: ""2000"",subtype: ""memory"",tgid: ""147789"",source: ""syscall"",type: ""Artifact"",version: ""0"",hash: ""601ad860ac4b2859a574c63c59ff4895""})"
"(:VERTEX {memory address: ""7f73eb167000"",size: ""34c0"",subtype: ""memory"",tgid: ""147789"",source: ""syscall"",type: ""Artifact"",version: ""0"",hash: ""ffc4dbf0d172ea2899372923005841b7""})"
"(:VERTEX {memory address: ""7f73eab85000"",size: ""3c58c0"",subtype: ""memory"",tgid: ""147789"",source: ""syscall"",type: ""Artifact"",version: ""0"",hash: ""26830fa9eb555090cbd70e453a243d74""})"
"(:VERTEX {memory address: ""7f73ead41000"",size: ""200000"",subtype: ""memory"",tgid: ""147789"",source: ""syscall"",type: ""Artifact"",version: ""0"",hash: ""1f92fab599302611da1197c52537259c""})"
"(:VERTEX {memory address: ""7f73eaf41000"",size: ""6000"",subtype: ""memory"",tgid: ""147789"",source: ""syscall"",type: ""Artifact"",version: ""0"",hash: ""f6d7d97f38c79b1c0065d2271c0d8cf5""})"
"(:VERTEX {memory address: ""7f73eaf47000"",size: ""38c0"",subtype: ""memory"",tgid: ""147789"",source: ""syscall"",type: ""Artifact"",version: ""0"",hash: ""011a4a4609519013d4cf01e4bb162b58""})"
"(:VERTEX {memory address: ""7f73eb393000"",size: ""3000"",subtype: ""memory"",tgid: ""147789"",source: ""syscall"",type: ""Artifact"",version: ""0"",hash: ""02f18266339917ed72817a449c25d619""})"
"(:VERTEX {memory address: ""7f73eaf41000"",size: ""4000"",subtype: ""memory"",tgid: ""147789"",source: ""syscall"",type: ""Artifact"",version: ""0"",hash: ""6c75d5444fa739518a85accd671ebdd1""})"
"(:VERTEX {memory address: ""7f73eb165000"",size: ""1000"",subtype: ""memory"",tgid: ""147789"",source: ""syscall"",type: ""Artifact"",version: ""0"",hash: ""7edef0944502a0a4fed8caa61262e159""})"
"(:VERTEX {memory address: ""7f73eb398000"",size: ""1000"",subtype: ""memory"",tgid: ""147789"",source: ""syscall"",type: ""Artifact"",version: ""0"",hash: ""5b4272168829cfd1dea4a994f5f6cf9f""})"
"(:VERTEX {memory address: ""7f73eb353000"",size: ""40000"",subtype: ""memory"",tgid: ""147789"",source: ""syscall"",type: ""Artifact"",version: ""0"",hash: ""adcabe806b5f4d4f9bd5e5253d740a1d""})"
"(:VERTEX {memory address: ""7f73eb333000"",size: ""20000"",subtype: ""memory"",tgid: ""147789"",source: ""syscall"",type: ""Artifact"",version: ""0"",hash: ""f939c67820863aa6e4a5d2bb306d3ebc""})"
"(:VERTEX {memory address: ""7f73eb233000"",size: ""100000"",subtype: ""memory"",tgid: ""147789"",source: ""syscall"",type: ""Artifact"",version: ""0"",hash: ""daa2643f093ad0aff46b8d138aec29e1""})"
"(:VERTEX {memory address: ""7f73ea385000"",size: ""800000"",subtype: ""memory"",tgid: ""147789"",source: ""syscall"",type: ""Artifact"",version: ""0"",hash: ""e9ebc4eef2a719e7a949e02ef6e6333b""})"
"(:VERTEX {memory address: ""7f73e6385000"",size: ""4000000"",subtype: ""memory"",tgid: ""147789"",source: ""syscall"",type: ""Artifact"",version: ""0"",hash: ""da97ee545aae8d838020e2a09178f496""})"
"(:VERTEX {memory address: ""7f73c6385000"",size: ""20000000"",subtype: ""memory"",tgid: ""147789"",source: ""syscall"",type: ""Artifact"",version: ""0"",hash: ""d2fb1a51c5d18f9a9c7dd194f6a5aa64""})"
"(:VERTEX {memory address: ""c000000000"",size: ""4000000"",subtype: ""memory"",tgid: ""147789"",source: ""syscall"",type: ""Artifact"",version: ""0"",hash: ""f407f39887753e09aa4ac9a489de833b""})"
"(:VERTEX {memory address: ""7f73c4385000"",size: ""2000000"",subtype: ""memory"",tgid: ""147789"",source: ""syscall"",type: ""Artifact"",version: ""0"",hash: ""a1edd4028c536177aa0f10671055adb3""})"
"(:VERTEX {memory address: ""7f73c4174000"",size: ""210c10"",subtype: ""memory"",tgid: ""147789"",source: ""syscall"",type: ""Artifact"",version: ""0"",hash: ""af8e81306bf8646e418956a292ec3fc7""})"
"(:VERTEX {memory address: ""c000000000"",size: ""400000"",subtype: ""memory"",tgid: ""147789"",source: ""syscall"",type: ""Artifact"",version: ""0"",hash: ""550d26e19f718929ece8c2ff780bf6ee""})"
"(:VERTEX {memory address: ""7f73eb333000"",size: ""20000"",subtype: ""memory"",tgid: ""147789"",source: ""syscall"",type: ""Artifact"",version: ""1"",hash: ""cb3f9683a87c5163fa3d3dcd30497b03""})"
"(:VERTEX {memory address: ""7f73eb2b3000"",size: ""1000"",subtype: ""memory"",tgid: ""147789"",source: ""syscall"",type: ""Artifact"",version: ""0"",hash: ""b4f8ecd8119fd1ba1fbae74ee95c8102""})"
"(:VERTEX {memory address: ""7f73ea78b000"",size: ""1000"",subtype: ""memory"",tgid: ""147789"",source: ""syscall"",type: ""Artifact"",version: ""0"",hash: ""09ea8c012c3dab636e3410ec33a9324d""})"
"(:VERTEX {memory address: ""7f73e83b5000"",size: ""1000"",subtype: ""memory"",tgid: ""147789"",source: ""syscall"",type: ""Artifact"",version: ""0"",hash: ""299fa70ccab35557fc82b4f86bb0f721""})"
"(:VERTEX {memory address: ""7f73d6505000"",size: ""1000"",subtype: ""memory"",tgid: ""147789"",source: ""syscall"",type: ""Artifact"",version: ""0"",hash: ""87a1d243709f8dd89d4c850e23a403c0""})"
"(:VERTEX {memory address: ""7f73c4074000"",size: ""100000"",subtype: ""memory"",tgid: ""147789"",source: ""syscall"",type: ""Artifact"",version: ""0"",hash: ""2056aa6fe509b53614b209e658bdbb41""})"
"(:VERTEX {memory address: ""7f73eb223000"",size: ""10000"",subtype: ""memory"",tgid: ""147789"",source: ""syscall"",type: ""Artifact"",version: ""0"",hash: ""65c79159fec7ae2d42df65fcfb757731""})"
"(:VERTEX {memory address: ""7f73eb213000"",size: ""10000"",subtype: ""memory"",tgid: ""147789"",source: ""syscall"",type: ""Artifact"",version: ""0"",hash: ""2798862b8e78678945f33d83cf00098f""})"
"(:VERTEX {memory address: ""7f73c3873000"",size: ""801000"",subtype: ""memory"",tgid: ""147789"",source: ""syscall"",type: ""Artifact"",version: ""0"",hash: ""c24fe181caed9079823c4f45c8fa35fa""})"
"(:VERTEX {memory address: ""7f73c3874000"",size: ""800000"",subtype: ""memory"",tgid: ""147789"",source: ""syscall"",type: ""Artifact"",version: ""0"",hash: ""316b02edf84991d301b66d09906f4b4c""})"
"(:VERTEX {gid: ""0"",euid: ""999"",children pid namespace: ""4026532779"",start time: ""1690978606.905"",ns pid: ""11388"",pid: ""147796"",source: ""syscall"",type: ""Process"",net namespace: ""4026532705"",ipc namespace: ""4026532772"",ppid: ""147789"",pid namespace: ""4026532779"",cwd: ""/"",uid: ""999"",egid: ""0"",exe: ""/usr/bin/check-status"",mount namespace: ""4026532778"",command line: ""/usr/bin/check-status -r"",name: ""check-status"",hash: ""65368b6d009f498fbd10aa2f7d753826"",user namespace: ""4026531837""})"
"(:VERTEX {memory address: ""7f73c3072000"",size: ""801000"",subtype: ""memory"",tgid: ""147789"",source: ""syscall"",type: ""Artifact"",version: ""0"",hash: ""38f2dcfd94b36782523ad5d17bb51d30""})"
"(:VERTEX {memory address: ""7f73c3073000"",size: ""800000"",subtype: ""memory"",tgid: ""147789"",source: ""syscall"",type: ""Artifact"",version: ""0"",hash: ""a72b0789e66e4a18dffe071d9b908da5""})"
"(:VERTEX {gid: ""0"",euid: ""999"",children pid namespace: ""4026532779"",start time: ""1690978606.905"",ns pid: ""11389"",pid: ""147797"",source: ""syscall"",type: ""Process"",net namespace: ""4026532705"",ipc namespace: ""4026532772"",ppid: ""147789"",pid namespace: ""4026532779"",cwd: ""/"",uid: ""999"",egid: ""0"",exe: ""/usr/bin/check-status"",mount namespace: ""4026532778"",command line: ""/usr/bin/check-status -r"",name: ""check-status"",hash: ""8cb3eff75dfb8cba76b9172979cbcbae"",user namespace: ""4026531837""})"
"(:VERTEX {memory address: ""7f73c2871000"",size: ""801000"",subtype: ""memory"",tgid: ""147789"",source: ""syscall"",type: ""Artifact"",version: ""0"",hash: ""5b9564fc872844fa0ae0b60f8026d60e""})"
"(:VERTEX {memory address: ""7f73c2872000"",size: ""800000"",subtype: ""memory"",tgid: ""147789"",source: ""syscall"",type: ""Artifact"",version: ""0"",hash: ""958eaf9b92339226b8bc52eb36139300""})"
"(:VERTEX {gid: ""0"",euid: ""999"",children pid namespace: ""4026532779"",start time: ""1690978606.905"",ns pid: ""11390"",pid: ""147798"",source: ""syscall"",type: ""Process"",net namespace: ""4026532705"",ipc namespace: ""4026532772"",ppid: ""147789"",pid namespace: ""4026532779"",cwd: ""/"",uid: ""999"",egid: ""0"",exe: ""/usr/bin/check-status"",mount namespace: ""4026532778"",command line: ""/usr/bin/check-status -r"",name: ""check-status"",hash: ""4cb2f5d63f05aa0d338e2863c4401ab2"",user namespace: ""4026531837""})"
"(:VERTEX {memory address: ""7f73ba871000"",size: ""8000000"",subtype: ""memory"",tgid: ""147789"",source: ""syscall"",type: ""Artifact"",version: ""0"",hash: ""849bc0adc0bdbd80aba36c79f0c0bcc0""})"
"(:VERTEX {memory address: ""7f73b2871000"",size: ""8000000"",subtype: ""memory"",tgid: ""147789"",source: ""syscall"",type: ""Artifact"",version: ""0"",hash: ""7625ab39369c669163a25f633235d59d""})"
"(:VERTEX {memory address: ""7f73bc000000"",size: ""21000"",subtype: ""memory"",tgid: ""147789"",source: ""syscall"",type: ""Artifact"",version: ""0"",hash: ""0436fe3d21866cc6be927bb78bce72d3""})"
"(:VERTEX {memory address: ""7f73c2070000"",size: ""801000"",subtype: ""memory"",tgid: ""147789"",source: ""syscall"",type: ""Artifact"",version: ""0"",hash: ""dc2f7b5781ff70cee605c5201310c1d6""})"
"(:VERTEX {memory address: ""7f73b4000000"",size: ""21000"",subtype: ""memory"",tgid: ""147789"",source: ""syscall"",type: ""Artifact"",version: ""0"",hash: ""a4eacef02d13affdea8575dbf5307319""})"
"(:VERTEX {memory address: ""7f73c2071000"",size: ""800000"",subtype: ""memory"",tgid: ""147789"",source: ""syscall"",type: ""Artifact"",version: ""0"",hash: ""f340524aa7e6457ecbbb4212741ea005""})"
"(:VERTEX {gid: ""0"",euid: ""999"",children pid namespace: ""4026532779"",start time: ""1690978606.905"",ns pid: ""11391"",pid: ""147799"",source: ""syscall"",type: ""Process"",net namespace: ""4026532705"",ipc namespace: ""4026532772"",ppid: ""147789"",pid namespace: ""4026532779"",cwd: ""/"",uid: ""999"",egid: ""0"",exe: ""/usr/bin/check-status"",mount namespace: ""4026532778"",command line: ""/usr/bin/check-status -r"",name: ""check-status"",hash: ""b4d5fb5436bc7f7838384e3b58e17061"",user namespace: ""4026531837""})"
"(:VERTEX {memory address: ""7f73ac000000"",size: ""8000000"",subtype: ""memory"",tgid: ""147789"",source: ""syscall"",type: ""Artifact"",version: ""0"",hash: ""65f3ab3a7e1a39fdf92e51da86d25172""})"
"(:VERTEX {memory address: ""7f73ac000000"",size: ""21000"",subtype: ""memory"",tgid: ""147789"",source: ""syscall"",type: ""Artifact"",version: ""0"",hash: ""5902168fb436df26a9dcf008f67ee855""})"
"(:VERTEX {memory address: ""7f73eb1d3000"",size: ""40000"",subtype: ""memory"",tgid: ""147789"",source: ""syscall"",type: ""Artifact"",version: ""0"",hash: ""aba3fc92aa70ee026f81501de738a9d1""})"
"(:VERTEX {memory address: ""7f73c186f000"",size: ""801000"",subtype: ""memory"",tgid: ""147789"",source: ""syscall"",type: ""Artifact"",version: ""0"",hash: ""fab931e2fe3c99a005d94a9be84cdfc3""})"
"(:VERTEX {memory address: ""7f73c1870000"",size: ""800000"",subtype: ""memory"",tgid: ""147789"",source: ""syscall"",type: ""Artifact"",version: ""0"",hash: ""679cab177d032e7981a11fa2b8cc856e""})"
"(:VERTEX {gid: ""0"",euid: ""999"",children pid namespace: ""4026532779"",start time: ""1690978606.905"",ns pid: ""11392"",pid: ""147800"",source: ""syscall"",type: ""Process"",net namespace: ""4026532705"",ipc namespace: ""4026532772"",ppid: ""147789"",pid namespace: ""4026532779"",cwd: ""/"",uid: ""999"",egid: ""0"",exe: ""/usr/bin/check-status"",mount namespace: ""4026532778"",command line: ""/usr/bin/check-status -r"",name: ""check-status"",hash: ""c799518fed9fdf0a50566a6553412e1a"",user namespace: ""4026531837""})"
"(:VERTEX {remote port: ""33986"",epoch: ""0"",source: ""syscall"",type: ""Artifact"",version: ""0"",local port: ""8080"",net namespace: ""-1"",local address: ""0000:0000:0000:0000:0000:0000:0000:0000"",protocol: ""tcp"",subtype: ""network socket"",remote address: ""0000:0000:0000:0000:0000:FFFF:C0A8:2F80"",hash: ""bb5bbc35b9096fedf2967aab8f1ac4cd""})"
"(:VERTEX {remote port: ""33992"",epoch: ""0"",source: ""syscall"",type: ""Artifact"",version: ""0"",local port: ""8080"",net namespace: ""-1"",local address: ""0000:0000:0000:0000:0000:0000:0000:0000"",protocol: ""tcp"",subtype: ""network socket"",remote address: ""0000:0000:0000:0000:0000:FFFF:C0A8:2F80"",hash: ""5e351a03e725c0da128283300a595d7f""})"
"(:VERTEX {remote port: ""37090"",epoch: ""0"",source: ""syscall"",type: ""Artifact"",version: ""0"",local port: ""50051"",net namespace: ""-1"",local address: ""0000:0000:0000:0000:0000:0000:0000:0000"",protocol: ""tcp"",subtype: ""network socket"",remote address: ""0000:0000:0000:0000:0000:FFFF:C0A8:2F80"",hash: ""72183ee74242211ac10e0036cbc1a0bb""})"
"(:VERTEX {remote port: ""38506"",epoch: ""0"",source: ""syscall"",type: ""Artifact"",version: ""0"",local port: ""6379"",net namespace: ""-1"",local address: ""0.0.0.0"",protocol: ""tcp"",subtype: ""network socket"",remote address: ""192.168.47.128"",hash: ""1c28b21c183145d5962ff65b3a21da84""})"
"(:VERTEX {remote port: ""38494"",epoch: ""0"",source: ""syscall"",type: ""Artifact"",version: ""0"",local port: ""6379"",net namespace: ""-1"",local address: ""0.0.0.0"",protocol: ""tcp"",subtype: ""network socket"",remote address: ""192.168.47.128"",hash: ""72bb5b3bbc6dd221c6bd8cd10efa76e8""})"
"(:VERTEX {remote port: ""52632"",epoch: ""0"",source: ""syscall"",type: ""Artifact"",version: ""0"",local port: ""8080"",net namespace: ""-1"",local address: ""0000:0000:0000:0000:0000:0000:0000:0000"",protocol: ""tcp"",subtype: ""network socket"",remote address: ""0000:0000:0000:0000:0000:FFFF:C0A8:2F80"",hash: ""1275801c83336f049733a4d68fcb3f80""})"
"(:VERTEX {remote port: ""52626"",epoch: ""0"",source: ""syscall"",type: ""Artifact"",version: ""0"",local port: ""8080"",net namespace: ""-1"",local address: ""0000:0000:0000:0000:0000:0000:0000:0000"",protocol: ""tcp"",subtype: ""network socket"",remote address: ""0000:0000:0000:0000:0000:FFFF:C0A8:2F80"",hash: ""3da7a5044ca337032461aa925cf8e5c9""})"
"(:VERTEX {gid: ""0"",euid: ""999"",children pid namespace: ""-1"",pid: ""147893"",seen time: ""1690978609.058"",source: ""syscall"",type: ""Process"",net namespace: ""-1"",ipc namespace: ""-1"",ppid: ""147883"",pid namespace: ""-1"",uid: ""999"",egid: ""0"",exe: ""/"",mount namespace: ""-1"",name: ""runc:[2:INIT]"",hash: ""8587f9a0d177d673dcb117b3fbcbf048"",user namespace: ""-1""})"
"(:VERTEX {path: ""/proc/147893/attr/apparmor/exec"",subtype: ""file"",permissions: ""0666"",epoch: ""0"",source: ""syscall"",type: ""Artifact"",version: ""0"",hash: ""c6f06e09b3baefd321700ee42724a240""})"
"(:VERTEX {gid: ""0"",euid: ""999"",children pid namespace: ""-1"",start time: ""1690978609.058"",pid: ""147893"",source: ""syscall"",type: ""Process"",net namespace: ""-1"",ipc namespace: ""-1"",ppid: ""147883"",pid namespace: ""-1"",cwd: ""/"",uid: ""999"",egid: ""0"",exe: ""/usr/bin/check-status"",mount namespace: ""-1"",command line: ""/usr/bin/check-status -l"",name: ""check-status"",hash: ""43e9165afe0e8f80d98caa4426f9fd65"",user namespace: ""-1""})"
"(:VERTEX {memory address: ""7f067e542000"",size: ""2000"",subtype: ""memory"",tgid: ""147893"",source: ""syscall"",type: ""Artifact"",version: ""0"",hash: ""bb5341a51e24c4b417fc2f74bae51ff7""})"
"(:VERTEX {memory address: ""7f067e0f7000"",size: ""21f4c0"",subtype: ""memory"",tgid: ""147893"",source: ""syscall"",type: ""Artifact"",version: ""0"",hash: ""a27ce0672c91960fe251ae0fd83e70c4""})"
"(:VERTEX {memory address: ""7f067e112000"",size: ""1ff000"",subtype: ""memory"",tgid: ""147893"",source: ""syscall"",type: ""Artifact"",version: ""0"",hash: ""d6c5c9da4e0a167cbc257f3e7d54cc03""})"
"(:VERTEX {memory address: ""7f067e311000"",size: ""2000"",subtype: ""memory"",tgid: ""147893"",source: ""syscall"",type: ""Artifact"",version: ""0"",hash: ""967fe17a25d372993edad93004fad127""})"
"(:VERTEX {memory address: ""7f067e313000"",size: ""34c0"",subtype: ""memory"",tgid: ""147893"",source: ""syscall"",type: ""Artifact"",version: ""0"",hash: ""1d3176c88c0b3e5076a86b570dd0689a""})"
"(:VERTEX {memory address: ""7f067dd31000"",size: ""3c58c0"",subtype: ""memory"",tgid: ""147893"",source: ""syscall"",type: ""Artifact"",version: ""0"",hash: ""36fc6821c069729043b80cfacff87921""})"
"(:VERTEX {memory address: ""7f067deed000"",size: ""200000"",subtype: ""memory"",tgid: ""147893"",source: ""syscall"",type: ""Artifact"",version: ""0"",hash: ""479283a00b2b219d986490b6e2041b58""})"
"(:VERTEX {memory address: ""7f067e0ed000"",size: ""6000"",subtype: ""memory"",tgid: ""147893"",source: ""syscall"",type: ""Artifact"",version: ""0"",hash: ""89664db2e689eb16331f7d9099c5ff4b""})"
"(:VERTEX {memory address: ""7f067e0f3000"",size: ""38c0"",subtype: ""memory"",tgid: ""147893"",source: ""syscall"",type: ""Artifact"",version: ""0"",hash: ""63324ed0606816904e1d1fee8295650c""})"
"(:VERTEX {memory address: ""7f067e53f000"",size: ""3000"",subtype: ""memory"",tgid: ""147893"",source: ""syscall"",type: ""Artifact"",version: ""0"",hash: ""cb09f4f65215c2ec48bcd1aa84472963""})"
"(:VERTEX {memory address: ""7f067e0ed000"",size: ""4000"",subtype: ""memory"",tgid: ""147893"",source: ""syscall"",type: ""Artifact"",version: ""0"",hash: ""1e131702d1da1c8224b396eee4a2fd1e""})"
"(:VERTEX {memory address: ""7f067e311000"",size: ""1000"",subtype: ""memory"",tgid: ""147893"",source: ""syscall"",type: ""Artifact"",version: ""0"",hash: ""2a4306f769adfd52f8603e7b641d7d44""})"
"(:VERTEX {memory address: ""7f067e544000"",size: ""1000"",subtype: ""memory"",tgid: ""147893"",source: ""syscall"",type: ""Artifact"",version: ""0"",hash: ""56af332341af6de0be62bf8989d4263d""})"
"(:VERTEX {memory address: ""7f067e4ff000"",size: ""40000"",subtype: ""memory"",tgid: ""147893"",source: ""syscall"",type: ""Artifact"",version: ""0"",hash: ""11fd6d56081458638d98dd9aa28eda16""})"
"(:VERTEX {memory address: ""7f067e4df000"",size: ""20000"",subtype: ""memory"",tgid: ""147893"",source: ""syscall"",type: ""Artifact"",version: ""0"",hash: ""8fba443d6857758b855339d2866facb0""})"
"(:VERTEX {memory address: ""7f067e3df000"",size: ""100000"",subtype: ""memory"",tgid: ""147893"",source: ""syscall"",type: ""Artifact"",version: ""0"",hash: ""c065bc3bdb4dba0e984f97de75530306""})"
"(:VERTEX {memory address: ""7f067d531000"",size: ""800000"",subtype: ""memory"",tgid: ""147893"",source: ""syscall"",type: ""Artifact"",version: ""0"",hash: ""3cd7dc74d0ec81d87adca3b6757c6a4a""})"
"(:VERTEX {memory address: ""7f0679531000"",size: ""4000000"",subtype: ""memory"",tgid: ""147893"",source: ""syscall"",type: ""Artifact"",version: ""0"",hash: ""94058322fe1d02e80e73d280bced7cb4""})"
"(:VERTEX {memory address: ""7f0659531000"",size: ""20000000"",subtype: ""memory"",tgid: ""147893"",source: ""syscall"",type: ""Artifact"",version: ""0"",hash: ""918b42e4c420edafa7543c494f4b1c21""})"
"(:VERTEX {memory address: ""c000000000"",size: ""4000000"",subtype: ""memory"",tgid: ""147893"",source: ""syscall"",type: ""Artifact"",version: ""0"",hash: ""b024796ae91f60773f87c0c6de34d7bc""})"
"(:VERTEX {memory address: ""7f0657531000"",size: ""2000000"",subtype: ""memory"",tgid: ""147893"",source: ""syscall"",type: ""Artifact"",version: ""0"",hash: ""905186bf23fc4b6f9ab19a913be01b27""})"
"(:VERTEX {memory address: ""7f0657320000"",size: ""210c10"",subtype: ""memory"",tgid: ""147893"",source: ""syscall"",type: ""Artifact"",version: ""0"",hash: ""89ee7a5963f922284b5d556e8f85004e""})"
"(:VERTEX {memory address: ""c000000000"",size: ""400000"",subtype: ""memory"",tgid: ""147893"",source: ""syscall"",type: ""Artifact"",version: ""0"",hash: ""80b662e4cf781b0363385573090ad2c2""})"
"(:VERTEX {memory address: ""7f067e4df000"",size: ""20000"",subtype: ""memory"",tgid: ""147893"",source: ""syscall"",type: ""Artifact"",version: ""1"",hash: ""87e9e5c6c874f497f77d50570b05fe82""})"
"(:VERTEX {memory address: ""7f067e45f000"",size: ""1000"",subtype: ""memory"",tgid: ""147893"",source: ""syscall"",type: ""Artifact"",version: ""0"",hash: ""bef0bf735617acca7c41a9e0f7d97e5e""})"
"(:VERTEX {memory address: ""7f067d937000"",size: ""1000"",subtype: ""memory"",tgid: ""147893"",source: ""syscall"",type: ""Artifact"",version: ""0"",hash: ""e7f62eb3dc55354ff366d418d9364312""})"
"(:VERTEX {memory address: ""7f067b561000"",size: ""1000"",subtype: ""memory"",tgid: ""147893"",source: ""syscall"",type: ""Artifact"",version: ""0"",hash: ""9838d09f91471402973b6aab828a2ce2""})"
"(:VERTEX {memory address: ""7f06696b1000"",size: ""1000"",subtype: ""memory"",tgid: ""147893"",source: ""syscall"",type: ""Artifact"",version: ""0"",hash: ""966e62c50d7ca398acf5039601ac104e""})"
"(:VERTEX {memory address: ""7f0657220000"",size: ""100000"",subtype: ""memory"",tgid: ""147893"",source: ""syscall"",type: ""Artifact"",version: ""0"",hash: ""4d830c3ff1cc5910ce8519871f9679cc""})"
"(:VERTEX {memory address: ""7f067e3cf000"",size: ""10000"",subtype: ""memory"",tgid: ""147893"",source: ""syscall"",type: ""Artifact"",version: ""0"",hash: ""a8507148088221c7f67afcd6d9c5a4ae""})"
"(:VERTEX {memory address: ""7f067e3bf000"",size: ""10000"",subtype: ""memory"",tgid: ""147893"",source: ""syscall"",type: ""Artifact"",version: ""0"",hash: ""3126a1e7002a30d136183b67d17ab7be""})"
"(:VERTEX {memory address: ""7f0656a1f000"",size: ""801000"",subtype: ""memory"",tgid: ""147893"",source: ""syscall"",type: ""Artifact"",version: ""0"",hash: ""3a3856126b163ccce32e81ff6184bc3c""})"
"(:VERTEX {memory address: ""7f0656a20000"",size: ""800000"",subtype: ""memory"",tgid: ""147893"",source: ""syscall"",type: ""Artifact"",version: ""0"",hash: ""c07a333365045ded04926d3d0c31584b""})"
"(:VERTEX {gid: ""0"",euid: ""999"",children pid namespace: ""4026532779"",start time: ""1690978609.062"",ns pid: ""11400"",pid: ""147900"",source: ""syscall"",type: ""Process"",net namespace: ""4026532705"",ipc namespace: ""4026532772"",ppid: ""147893"",pid namespace: ""4026532779"",cwd: ""/"",uid: ""999"",egid: ""0"",exe: ""/usr/bin/check-status"",mount namespace: ""4026532778"",command line: ""/usr/bin/check-status -l"",name: ""check-status"",hash: ""d31958d26f4ab741c38b8127022e6aff"",user namespace: ""4026531837""})"
"(:VERTEX {memory address: ""7f065621e000"",size: ""801000"",subtype: ""memory"",tgid: ""147893"",source: ""syscall"",type: ""Artifact"",version: ""0"",hash: ""54d0db19ec156bc496cc3a82afec5c50""})"
"(:VERTEX {memory address: ""7f065621f000"",size: ""800000"",subtype: ""memory"",tgid: ""147893"",source: ""syscall"",type: ""Artifact"",version: ""0"",hash: ""e2e2f7d50681228a5934d8ee0b782826""})"
"(:VERTEX {gid: ""0"",euid: ""999"",children pid namespace: ""4026532779"",start time: ""1690978609.062"",ns pid: ""11401"",pid: ""147901"",source: ""syscall"",type: ""Process"",net namespace: ""4026532705"",ipc namespace: ""4026532772"",ppid: ""147893"",pid namespace: ""4026532779"",cwd: ""/"",uid: ""999"",egid: ""0"",exe: ""/usr/bin/check-status"",mount namespace: ""4026532778"",command line: ""/usr/bin/check-status -l"",name: ""check-status"",hash: ""4db827f1dfd449fa1f9a281433dcc6e2"",user namespace: ""4026531837""})"
"(:VERTEX {memory address: ""7f064e21e000"",size: ""8000000"",subtype: ""memory"",tgid: ""147893"",source: ""syscall"",type: ""Artifact"",version: ""0"",hash: ""e96c098dc34a3820bbe05fc797b02648""})"
"(:VERTEX {memory address: ""7f064da1d000"",size: ""801000"",subtype: ""memory"",tgid: ""147893"",source: ""syscall"",type: ""Artifact"",version: ""0"",hash: ""459be786dd1c77a758fcf343adc98a17""})"
"(:VERTEX {memory address: ""7f064da1e000"",size: ""800000"",subtype: ""memory"",tgid: ""147893"",source: ""syscall"",type: ""Artifact"",version: ""0"",hash: ""f9a9a4e902f916e06ea00b57ada22ec9""})"
"(:VERTEX {gid: ""0"",euid: ""999"",children pid namespace: ""4026532779"",start time: ""1690978609.062"",ns pid: ""11402"",pid: ""147902"",source: ""syscall"",type: ""Process"",net namespace: ""4026532705"",ipc namespace: ""4026532772"",ppid: ""147893"",pid namespace: ""4026532779"",cwd: ""/"",uid: ""999"",egid: ""0"",exe: ""/usr/bin/check-status"",mount namespace: ""4026532778"",command line: ""/usr/bin/check-status -l"",name: ""check-status"",hash: ""2ffea9e0c9c210674c8693dc644b0454"",user namespace: ""4026531837""})"
"(:VERTEX {memory address: ""7f0650000000"",size: ""21000"",subtype: ""memory"",tgid: ""147893"",source: ""syscall"",type: ""Artifact"",version: ""0"",hash: ""f9c9f378d072b4646bbcbc8b95923ea1""})"
"(:VERTEX {memory address: ""7f0645a1d000"",size: ""8000000"",subtype: ""memory"",tgid: ""147893"",source: ""syscall"",type: ""Artifact"",version: ""0"",hash: ""bd143a26684038e6f2798f95b2c9c371""})"
"(:VERTEX {memory address: ""7f0648000000"",size: ""21000"",subtype: ""memory"",tgid: ""147893"",source: ""syscall"",type: ""Artifact"",version: ""0"",hash: ""f59fd95e35656d3613e8d9ffd0fc30a4""})"
"(:VERTEX {memory address: ""7f0640000000"",size: ""8000000"",subtype: ""memory"",tgid: ""147893"",source: ""syscall"",type: ""Artifact"",version: ""0"",hash: ""5c4caf18aceef0d0450ee4e476abdbe6""})"
"(:VERTEX {memory address: ""7f0640000000"",size: ""21000"",subtype: ""memory"",tgid: ""147893"",source: ""syscall"",type: ""Artifact"",version: ""0"",hash: ""7540aa1106e33279e6eade46c0984af8""})"
"(:VERTEX {memory address: ""7f0655a1d000"",size: ""801000"",subtype: ""memory"",tgid: ""147893"",source: ""syscall"",type: ""Artifact"",version: ""0"",hash: ""5b1bfd752e2e2f7891df03b4667674cd""})"
"(:VERTEX {memory address: ""7f0655a1e000"",size: ""800000"",subtype: ""memory"",tgid: ""147893"",source: ""syscall"",type: ""Artifact"",version: ""0"",hash: ""e56f2f2d5897d9522d206bb8e48f546f""})"
"(:VERTEX {gid: ""0"",euid: ""999"",children pid namespace: ""4026532779"",start time: ""1690978609.065"",ns pid: ""11403"",pid: ""147903"",source: ""syscall"",type: ""Process"",net namespace: ""4026532705"",ipc namespace: ""4026532772"",ppid: ""147893"",pid namespace: ""4026532779"",cwd: ""/"",uid: ""999"",egid: ""0"",exe: ""/usr/bin/check-status"",mount namespace: ""4026532778"",command line: ""/usr/bin/check-status -l"",name: ""check-status"",hash: ""4a0db4ee86bdb2789168cb35efd2e05b"",user namespace: ""4026531837""})"
"(:VERTEX {memory address: ""7f067e37f000"",size: ""40000"",subtype: ""memory"",tgid: ""147893"",source: ""syscall"",type: ""Artifact"",version: ""0"",hash: ""1c7deed4d482dff7af5e6213aa5b84ac""})"
"(:VERTEX {memory address: ""7f065521c000"",size: ""801000"",subtype: ""memory"",tgid: ""147893"",source: ""syscall"",type: ""Artifact"",version: ""0"",hash: ""e647ac22d58ac4fd956fd0d80ded3b7f""})"
"(:VERTEX {memory address: ""7f065521d000"",size: ""800000"",subtype: ""memory"",tgid: ""147893"",source: ""syscall"",type: ""Artifact"",version: ""0"",hash: ""933c9fdbde67112ac6cba627dd3ea62c""})"
"(:VERTEX {gid: ""0"",euid: ""999"",children pid namespace: ""4026532779"",start time: ""1690978609.069"",ns pid: ""11404"",pid: ""147904"",source: ""syscall"",type: ""Process"",net namespace: ""4026532705"",ipc namespace: ""4026532772"",ppid: ""147893"",pid namespace: ""4026532779"",cwd: ""/"",uid: ""999"",egid: ""0"",exe: ""/usr/bin/check-status"",mount namespace: ""4026532778"",command line: ""/usr/bin/check-status -l"",name: ""check-status"",hash: ""752b072a50d5d56bdda80b1dbd81ad06"",user namespace: ""4026531837""})"
"(:VERTEX {memory address: ""7f0644000000"",size: ""4000000"",subtype: ""memory"",tgid: ""147893"",source: ""syscall"",type: ""Artifact"",version: ""0"",hash: ""04c092ff3d196a5451c935419e499992""})"
"(:VERTEX {memory address: ""7f0644000000"",size: ""21000"",subtype: ""memory"",tgid: ""147893"",source: ""syscall"",type: ""Artifact"",version: ""0"",hash: ""608541327f74a8e1f4965ad45369c43f""})"
"(:VERTEX {memory address: ""7f0654a1b000"",size: ""801000"",subtype: ""memory"",tgid: ""147893"",source: ""syscall"",type: ""Artifact"",version: ""0"",hash: ""90510a318b049a0605aa9e6538b6fa1c""})"
"(:VERTEX {memory address: ""7f0654a1c000"",size: ""800000"",subtype: ""memory"",tgid: ""147893"",source: ""syscall"",type: ""Artifact"",version: ""0"",hash: ""7d6e5a6c19536440905162fbfbd00b5f""})"
"(:VERTEX {gid: ""0"",euid: ""999"",children pid namespace: ""4026532779"",start time: ""1690978609.073"",ns pid: ""11405"",pid: ""147905"",source: ""syscall"",type: ""Process"",net namespace: ""4026532705"",ipc namespace: ""4026532772"",ppid: ""147893"",pid namespace: ""4026532779"",cwd: ""/"",uid: ""999"",egid: ""0"",exe: ""/usr/bin/check-status"",mount namespace: ""4026532778"",command line: ""/usr/bin/check-status -l"",name: ""check-status"",hash: ""060fc5587ff94271e6203dfe3b1788aa"",user namespace: ""4026531837""})"
"(:VERTEX {remote port: ""53"",epoch: ""0"",source: ""syscall"",type: ""Artifact"",version: ""0"",local port: ""32777"",net namespace: ""-1"",local address: ""10.1.251.204"",protocol: ""udp"",subtype: ""network socket"",remote address: ""10.152.183.10"",hash: ""ef779e51026038c4878fc5a38f422fd6""})"
"(:VERTEX {remote port: ""53"",epoch: ""0"",source: ""syscall"",type: ""Artifact"",version: ""0"",local port: ""34870"",net namespace: ""-1"",local address: ""10.1.251.204"",protocol: ""udp"",subtype: ""network socket"",remote address: ""10.152.183.10"",hash: ""b9efb0fa133c07f88a2663a3d3ac6c1c""})"
"(:VERTEX {remote port: ""34008"",epoch: ""0"",source: ""syscall"",type: ""Artifact"",version: ""0"",local port: ""8080"",net namespace: ""-1"",local address: ""0000:0000:0000:0000:0000:0000:0000:0000"",protocol: ""tcp"",subtype: ""network socket"",remote address: ""0000:0000:0000:0000:0000:FFFF:C0A8:2F80"",hash: ""0a50b9249dfddf5c059582481982f664""})"
"(:VERTEX {remote port: ""34014"",epoch: ""0"",source: ""syscall"",type: ""Artifact"",version: ""0"",local port: ""8080"",net namespace: ""-1"",local address: ""0000:0000:0000:0000:0000:0000:0000:0000"",protocol: ""tcp"",subtype: ""network socket"",remote address: ""0000:0000:0000:0000:0000:FFFF:C0A8:2F80"",hash: ""8fff2bf95ec097302e193cf4f7c3a381""})"
"(:VERTEX {remote port: ""37092"",epoch: ""0"",source: ""syscall"",type: ""Artifact"",version: ""0"",local port: ""50051"",net namespace: ""-1"",local address: ""0000:0000:0000:0000:0000:0000:0000:0000"",protocol: ""tcp"",subtype: ""network socket"",remote address: ""0000:0000:0000:0000:0000:FFFF:C0A8:2F80"",hash: ""2b2046db6747451371c6d950d183d9f2""})"
"(:VERTEX {remote port: ""37098"",epoch: ""0"",source: ""syscall"",type: ""Artifact"",version: ""0"",local port: ""50051"",net namespace: ""-1"",local address: ""0000:0000:0000:0000:0000:0000:0000:0000"",protocol: ""tcp"",subtype: ""network socket"",remote address: ""0000:0000:0000:0000:0000:FFFF:C0A8:2F80"",hash: ""c0709718aec2dce4caed534553a98060""})"
"(:VERTEX {remote port: ""60304"",epoch: ""0"",source: ""syscall"",type: ""Artifact"",version: ""0"",local port: ""7000"",net namespace: ""-1"",local address: ""0000:0000:0000:0000:0000:0000:0000:0000"",protocol: ""tcp"",subtype: ""network socket"",remote address: ""0000:0000:0000:0000:0000:FFFF:C0A8:2F80"",hash: ""a0064465baeb5075832ddf44da7b6459""})"
"(:VERTEX {remote port: ""60310"",epoch: ""0"",source: ""syscall"",type: ""Artifact"",version: ""0"",local port: ""7000"",net namespace: ""-1"",local address: ""0000:0000:0000:0000:0000:0000:0000:0000"",protocol: ""tcp"",subtype: ""network socket"",remote address: ""0000:0000:0000:0000:0000:FFFF:C0A8:2F80"",hash: ""877f6a01d666e21e645041bf65fea2af""})"
"(:VERTEX {gid: ""1000"",euid: ""1000"",children pid namespace: ""-1"",pid: ""86668"",seen time: ""1690978612.525"",source: ""syscall"",type: ""Process"",net namespace: ""-1"",ipc namespace: ""-1"",ppid: ""58532"",pid namespace: ""-1"",uid: ""1000"",egid: ""1000"",mount namespace: ""-1"",name: ""checkoutservice"",hash: ""cda8058221b3095965c05f6a7a04e54d"",user namespace: ""-1""})"
"(:VERTEX {remote port: ""48356"",epoch: ""0"",source: ""syscall"",type: ""Artifact"",version: ""0"",local port: ""5050"",net namespace: ""-1"",local address: ""0000:0000:0000:0000:0000:0000:0000:0000"",protocol: ""tcp"",subtype: ""network socket"",remote address: ""0000:0000:0000:0000:0000:FFFF:C0A8:2F80"",hash: ""e06c72d73f6ca17bfcf74b804ff91b21""})"
"(:VERTEX {remote port: ""38514"",epoch: ""0"",source: ""syscall"",type: ""Artifact"",version: ""0"",local port: ""6379"",net namespace: ""-1"",local address: ""0.0.0.0"",protocol: ""tcp"",subtype: ""network socket"",remote address: ""192.168.47.128"",hash: ""0f0e1fecf8368ae0dee794582db1eab1""})"
"(:VERTEX {remote port: ""38530"",epoch: ""0"",source: ""syscall"",type: ""Artifact"",version: ""0"",local port: ""6379"",net namespace: ""-1"",local address: ""0.0.0.0"",protocol: ""tcp"",subtype: ""network socket"",remote address: ""192.168.47.128"",hash: ""c2536e04471db317daabd5bef1601513""})"
"(:VERTEX {remote port: ""48364"",epoch: ""0"",source: ""syscall"",type: ""Artifact"",version: ""0"",local port: ""5050"",net namespace: ""-1"",local address: ""0000:0000:0000:0000:0000:0000:0000:0000"",protocol: ""tcp"",subtype: ""network socket"",remote address: ""0000:0000:0000:0000:0000:FFFF:C0A8:2F80"",hash: ""26a802a593cd1328df96a60fcd205ecb""})"
"(:VERTEX {remote port: ""42948"",epoch: ""0"",source: ""syscall"",type: ""Artifact"",version: ""0"",local port: ""9555"",net namespace: ""-1"",local address: ""0000:0000:0000:0000:0000:0000:0000:0000"",protocol: ""tcp"",subtype: ""network socket"",remote address: ""0000:0000:0000:0000:0000:FFFF:C0A8:2F80"",hash: ""4ec09dfb2ecf550b0945b5edf3a5e3a3""})"
"(:VERTEX {remote port: ""42958"",epoch: ""0"",source: ""syscall"",type: ""Artifact"",version: ""0"",local port: ""9555"",net namespace: ""-1"",local address: ""0000:0000:0000:0000:0000:0000:0000:0000"",protocol: ""tcp"",subtype: ""network socket"",remote address: ""0000:0000:0000:0000:0000:FFFF:C0A8:2F80"",hash: ""44bfe96ea026d6ef3fda29063468c3c5""})"
"(:VERTEX {remote port: ""59968"",epoch: ""0"",source: ""syscall"",type: ""Artifact"",version: ""0"",local port: ""8080"",net namespace: ""-1"",local address: ""0000:0000:0000:0000:0000:0000:0000:0000"",protocol: ""tcp"",subtype: ""network socket"",remote address: ""0000:0000:0000:0000:0000:FFFF:C0A8:2F80"",hash: ""2a0c3d3fb8dbfcb7222a8e41461bad47""})"
"(:VERTEX {remote port: ""59954"",epoch: ""0"",source: ""syscall"",type: ""Artifact"",version: ""0"",local port: ""8080"",net namespace: ""-1"",local address: ""0000:0000:0000:0000:0000:0000:0000:0000"",protocol: ""tcp"",subtype: ""network socket"",remote address: ""0000:0000:0000:0000:0000:FFFF:C0A8:2F80"",hash: ""81c6e67bd366703a624d9fe38b1a503d""})"
"(:VERTEX {remote port: ""60696"",epoch: ""0"",source: ""syscall"",type: ""Artifact"",version: ""0"",local port: ""7070"",net namespace: ""4026533266"",local address: ""0000:0000:0000:0000:0000:0000:0000:0000"",protocol: ""tcp"",subtype: ""network socket"",remote address: ""0000:0000:0000:0000:0000:FFFF:C0A8:2F80"",hash: ""836f94c561d4b22dc7c13ebc5b5da656""})"
"(:VERTEX {remote port: ""60694"",epoch: ""0"",source: ""syscall"",type: ""Artifact"",version: ""0"",local port: ""7070"",net namespace: ""4026533266"",local address: ""0000:0000:0000:0000:0000:0000:0000:0000"",protocol: ""tcp"",subtype: ""network socket"",remote address: ""0000:0000:0000:0000:0000:FFFF:C0A8:2F80"",hash: ""3e872a8adcb9bf4da985b28f6507887d""})"
"(:VERTEX {remote port: ""52634"",epoch: ""0"",source: ""syscall"",type: ""Artifact"",version: ""0"",local port: ""8080"",net namespace: ""-1"",local address: ""0000:0000:0000:0000:0000:0000:0000:0000"",protocol: ""tcp"",subtype: ""network socket"",remote address: ""0000:0000:0000:0000:0000:FFFF:C0A8:2F80"",hash: ""98cd0f36f56a2a88ed80caecb5cc61fd""})"
"(:VERTEX {remote port: ""52638"",epoch: ""0"",source: ""syscall"",type: ""Artifact"",version: ""0"",local port: ""8080"",net namespace: ""-1"",local address: ""0000:0000:0000:0000:0000:0000:0000:0000"",protocol: ""tcp"",subtype: ""network socket"",remote address: ""0000:0000:0000:0000:0000:FFFF:C0A8:2F80"",hash: ""3a5a46028e706dc6ab6c9ea15476f604""})"
"(:VERTEX {remote port: ""47734"",epoch: ""0"",source: ""syscall"",type: ""Artifact"",version: ""0"",local port: ""50051"",net namespace: ""-1"",local address: ""0000:0000:0000:0000:0000:0000:0000:0000"",protocol: ""tcp"",subtype: ""network socket"",remote address: ""0000:0000:0000:0000:0000:FFFF:C0A8:2F80"",hash: ""eab34e9cfb967d0caaa0a014c07b5ce6""})"
"(:VERTEX {remote port: ""43588"",epoch: ""0"",source: ""syscall"",type: ""Artifact"",version: ""0"",local port: ""3550"",net namespace: ""-1"",local address: ""0000:0000:0000:0000:0000:0000:0000:0000"",protocol: ""tcp"",subtype: ""network socket"",remote address: ""0000:0000:0000:0000:0000:FFFF:C0A8:2F80"",hash: ""361b82baed002addc0591cd5100e6d23""})"
"(:VERTEX {remote port: ""47742"",epoch: ""0"",source: ""syscall"",type: ""Artifact"",version: ""0"",local port: ""50051"",net namespace: ""-1"",local address: ""0000:0000:0000:0000:0000:0000:0000:0000"",protocol: ""tcp"",subtype: ""network socket"",remote address: ""0000:0000:0000:0000:0000:FFFF:C0A8:2F80"",hash: ""97cb2ef0730af1a60a6d69879bd8f4f1""})"
"(:VERTEX {remote port: ""43602"",epoch: ""0"",source: ""syscall"",type: ""Artifact"",version: ""0"",local port: ""3550"",net namespace: ""-1"",local address: ""0000:0000:0000:0000:0000:0000:0000:0000"",protocol: ""tcp"",subtype: ""network socket"",remote address: ""0000:0000:0000:0000:0000:FFFF:C0A8:2F80"",hash: ""b571ced38b19b74cc360b97610bdd6f0""})"
"(:VERTEX {gid: ""0"",euid: ""999"",children pid namespace: ""-1"",pid: ""148047"",seen time: ""1690978616.892"",source: ""syscall"",type: ""Process"",net namespace: ""-1"",ipc namespace: ""-1"",ppid: ""148036"",pid namespace: ""-1"",uid: ""999"",egid: ""0"",exe: ""/"",mount namespace: ""-1"",name: ""runc:[2:INIT]"",hash: ""5ac51fd445aebdcc764573636e191620"",user namespace: ""-1""})"
"(:VERTEX {path: ""/proc/148047/attr/apparmor/exec"",subtype: ""file"",permissions: ""0666"",epoch: ""0"",source: ""syscall"",type: ""Artifact"",version: ""0"",hash: ""3ff6066eaa186b5fb99923afee1a59c2""})"
"(:VERTEX {gid: ""0"",euid: ""999"",children pid namespace: ""-1"",start time: ""1690978616.892"",pid: ""148047"",source: ""syscall"",type: ""Process"",net namespace: ""-1"",ipc namespace: ""-1"",ppid: ""148036"",pid namespace: ""-1"",cwd: ""/"",uid: ""999"",egid: ""0"",exe: ""/usr/bin/check-status"",mount namespace: ""-1"",command line: ""/usr/bin/check-status -r"",name: ""check-status"",hash: ""51f3ed1de39af6d6060d008652133e2e"",user namespace: ""-1""})"
"(:VERTEX {memory address: ""7f73c460b000"",size: ""2000"",subtype: ""memory"",tgid: ""148047"",source: ""syscall"",type: ""Artifact"",version: ""0"",hash: ""369099ba8506759b86f61f6b7fb5a093""})"
"(:VERTEX {memory address: ""7f73c41c0000"",size: ""21f4c0"",subtype: ""memory"",tgid: ""148047"",source: ""syscall"",type: ""Artifact"",version: ""0"",hash: ""df56b2209bf91e05467b1502b7e3058b""})"
"(:VERTEX {memory address: ""7f73c41db000"",size: ""1ff000"",subtype: ""memory"",tgid: ""148047"",source: ""syscall"",type: ""Artifact"",version: ""0"",hash: ""28c0afe787f4ab7dbfb2c7dae17e5b7b""})"
"(:VERTEX {memory address: ""7f73c43da000"",size: ""2000"",subtype: ""memory"",tgid: ""148047"",source: ""syscall"",type: ""Artifact"",version: ""0"",hash: ""bb849faf167ca8a5165b7da32094892b""})"
"(:VERTEX {memory address: ""7f73c43dc000"",size: ""34c0"",subtype: ""memory"",tgid: ""148047"",source: ""syscall"",type: ""Artifact"",version: ""0"",hash: ""06abce700d8ecb7a15615aa0ebd68a68""})"
"(:VERTEX {memory address: ""7f73c3dfa000"",size: ""3c58c0"",subtype: ""memory"",tgid: ""148047"",source: ""syscall"",type: ""Artifact"",version: ""0"",hash: ""2eebd65c1e061da3bcdf8c6993ce3234""})"
"(:VERTEX {memory address: ""7f73c3fb6000"",size: ""200000"",subtype: ""memory"",tgid: ""148047"",source: ""syscall"",type: ""Artifact"",version: ""0"",hash: ""17f7b05cc1c7fbd2ac8e65c8725057c3""})"
"(:VERTEX {memory address: ""7f73c41b6000"",size: ""6000"",subtype: ""memory"",tgid: ""148047"",source: ""syscall"",type: ""Artifact"",version: ""0"",hash: ""2b90e31a362311326021859225920c61""})"
"(:VERTEX {memory address: ""7f73c41bc000"",size: ""38c0"",subtype: ""memory"",tgid: ""148047"",source: ""syscall"",type: ""Artifact"",version: ""0"",hash: ""6a0b949d0c282a515906f01ad136e20c""})"
"(:VERTEX {memory address: ""7f73c4608000"",size: ""3000"",subtype: ""memory"",tgid: ""148047"",source: ""syscall"",type: ""Artifact"",version: ""0"",hash: ""e85a38516bbb826ededc44bf550ca6cd""})"
"(:VERTEX {memory address: ""7f73c41b6000"",size: ""4000"",subtype: ""memory"",tgid: ""148047"",source: ""syscall"",type: ""Artifact"",version: ""0"",hash: ""2a21b439a8f1a19cd132a86bd35626f3""})"
"(:VERTEX {memory address: ""7f73c43da000"",size: ""1000"",subtype: ""memory"",tgid: ""148047"",source: ""syscall"",type: ""Artifact"",version: ""0"",hash: ""ade59473061d999cc780986869a86a8c""})"
"(:VERTEX {memory address: ""7f73c460d000"",size: ""1000"",subtype: ""memory"",tgid: ""148047"",source: ""syscall"",type: ""Artifact"",version: ""0"",hash: ""cb03523ea9afd418635fa4c5d54c7422""})"
"(:VERTEX {memory address: ""7f73c45c8000"",size: ""40000"",subtype: ""memory"",tgid: ""148047"",source: ""syscall"",type: ""Artifact"",version: ""0"",hash: ""08992c03253ccd9cf48f0a533a8a47c0""})"
"(:VERTEX {memory address: ""7f73c45a8000"",size: ""20000"",subtype: ""memory"",tgid: ""148047"",source: ""syscall"",type: ""Artifact"",version: ""0"",hash: ""cbab6e67025f8414a18865f9562d335d""})"
"(:VERTEX {memory address: ""7f73c44a8000"",size: ""100000"",subtype: ""memory"",tgid: ""148047"",source: ""syscall"",type: ""Artifact"",version: ""0"",hash: ""6dca25a1f408a618bf83bcab91a3712c""})"
"(:VERTEX {memory address: ""7f73c35fa000"",size: ""800000"",subtype: ""memory"",tgid: ""148047"",source: ""syscall"",type: ""Artifact"",version: ""0"",hash: ""580e0683c5858e445ac435e4bd580080""})"
"(:VERTEX {memory address: ""7f73bf5fa000"",size: ""4000000"",subtype: ""memory"",tgid: ""148047"",source: ""syscall"",type: ""Artifact"",version: ""0"",hash: ""df450ae48e89132dcb250d3cd8b78f2f""})"
"(:VERTEX {memory address: ""7f739f5fa000"",size: ""20000000"",subtype: ""memory"",tgid: ""148047"",source: ""syscall"",type: ""Artifact"",version: ""0"",hash: ""59b4c82b7d3367fb8b783578e47ee67d""})"
"(:VERTEX {memory address: ""c000000000"",size: ""4000000"",subtype: ""memory"",tgid: ""148047"",source: ""syscall"",type: ""Artifact"",version: ""0"",hash: ""fa636178bc78463db7fe2dea0bea542d""})"
"(:VERTEX {memory address: ""7f739d5fa000"",size: ""2000000"",subtype: ""memory"",tgid: ""148047"",source: ""syscall"",type: ""Artifact"",version: ""0"",hash: ""8a31a08c7f6350dcea3833d436460457""})"
"(:VERTEX {memory address: ""7f739d3e9000"",size: ""210c10"",subtype: ""memory"",tgid: ""148047"",source: ""syscall"",type: ""Artifact"",version: ""0"",hash: ""83b0d9010ff5d27a8adc8fe01bc7e65b""})"
"(:VERTEX {memory address: ""c000000000"",size: ""400000"",subtype: ""memory"",tgid: ""148047"",source: ""syscall"",type: ""Artifact"",version: ""0"",hash: ""c03c7c55de5bc93571455c55ce678d4a""})"
"(:VERTEX {memory address: ""7f73c45a8000"",size: ""20000"",subtype: ""memory"",tgid: ""148047"",source: ""syscall"",type: ""Artifact"",version: ""1"",hash: ""164008b8a6031fb337fc9bd363fda0c7""})"
"(:VERTEX {memory address: ""7f73c4528000"",size: ""1000"",subtype: ""memory"",tgid: ""148047"",source: ""syscall"",type: ""Artifact"",version: ""0"",hash: ""23fba84c0a3fc96a0d9f00b6e61ffeda""})"
"(:VERTEX {memory address: ""7f73c3a00000"",size: ""1000"",subtype: ""memory"",tgid: ""148047"",source: ""syscall"",type: ""Artifact"",version: ""0"",hash: ""8a5fc16c1fa21394be843da67eb724bc""})"
"(:VERTEX {memory address: ""7f73c162a000"",size: ""1000"",subtype: ""memory"",tgid: ""148047"",source: ""syscall"",type: ""Artifact"",version: ""0"",hash: ""ba8260f3a446114091043b1ac6d2711a""})"
"(:VERTEX {memory address: ""7f73af77a000"",size: ""1000"",subtype: ""memory"",tgid: ""148047"",source: ""syscall"",type: ""Artifact"",version: ""0"",hash: ""5f05b6023894ae651bc27726803e386b""})"
"(:VERTEX {memory address: ""7f739d2e9000"",size: ""100000"",subtype: ""memory"",tgid: ""148047"",source: ""syscall"",type: ""Artifact"",version: ""0"",hash: ""b16ad601f0ce55482fe2494e3852fcc3""})"
"(:VERTEX {memory address: ""7f73c4498000"",size: ""10000"",subtype: ""memory"",tgid: ""148047"",source: ""syscall"",type: ""Artifact"",version: ""0"",hash: ""b6611532bb9e0d9dedd21a40536830c7""})"
"(:VERTEX {memory address: ""7f73c4488000"",size: ""10000"",subtype: ""memory"",tgid: ""148047"",source: ""syscall"",type: ""Artifact"",version: ""0"",hash: ""385c4b056532c6fd698871c0ab1ae48d""})"
"(:VERTEX {memory address: ""7f739cae8000"",size: ""801000"",subtype: ""memory"",tgid: ""148047"",source: ""syscall"",type: ""Artifact"",version: ""0"",hash: ""c0e041959acd860648d6c26eab88cae8""})"
"(:VERTEX {memory address: ""7f739cae9000"",size: ""800000"",subtype: ""memory"",tgid: ""148047"",source: ""syscall"",type: ""Artifact"",version: ""0"",hash: ""68486269bc4a6dcaf4c6e33c14fd1831""})"
"(:VERTEX {gid: ""0"",euid: ""999"",children pid namespace: ""4026532779"",start time: ""1690978616.895"",ns pid: ""11412"",pid: ""148053"",source: ""syscall"",type: ""Process"",net namespace: ""4026532705"",ipc namespace: ""4026532772"",ppid: ""148047"",pid namespace: ""4026532779"",cwd: ""/"",uid: ""999"",egid: ""0"",exe: ""/usr/bin/check-status"",mount namespace: ""4026532778"",command line: ""/usr/bin/check-status -r"",name: ""check-status"",hash: ""4b2686005e594b71d45ce38c2d5f3925"",user namespace: ""4026531837""})"
"(:VERTEX {memory address: ""7f7394ae8000"",size: ""8000000"",subtype: ""memory"",tgid: ""148047"",source: ""syscall"",type: ""Artifact"",version: ""0"",hash: ""717cd0c4a45fc8464c34eab6821951ec""})"
"(:VERTEX {memory address: ""7f7398000000"",size: ""21000"",subtype: ""memory"",tgid: ""148047"",source: ""syscall"",type: ""Artifact"",version: ""0"",hash: ""5747daffe4f6c59a6db2da31b36f74fd""})"
"(:VERTEX {memory address: ""7f739c2e7000"",size: ""801000"",subtype: ""memory"",tgid: ""148047"",source: ""syscall"",type: ""Artifact"",version: ""0"",hash: ""cf664c83846bfb9b720f393dd6ba8857""})"
"(:VERTEX {memory address: ""7f739c2e8000"",size: ""800000"",subtype: ""memory"",tgid: ""148047"",source: ""syscall"",type: ""Artifact"",version: ""0"",hash: ""60b4ace1831dc04e5f7b9314abc7b4f0""})"
"(:VERTEX {gid: ""0"",euid: ""999"",children pid namespace: ""4026532779"",start time: ""1690978616.895"",ns pid: ""11413"",pid: ""148054"",source: ""syscall"",type: ""Process"",net namespace: ""4026532705"",ipc namespace: ""4026532772"",ppid: ""148047"",pid namespace: ""4026532779"",cwd: ""/"",uid: ""999"",egid: ""0"",exe: ""/usr/bin/check-status"",mount namespace: ""4026532778"",command line: ""/usr/bin/check-status -r"",name: ""check-status"",hash: ""24eb76d856bf2979d909368f95c6ee7f"",user namespace: ""4026531837""})"
"(:VERTEX {memory address: ""7f7390000000"",size: ""8000000"",subtype: ""memory"",tgid: ""148047"",source: ""syscall"",type: ""Artifact"",version: ""0"",hash: ""0cc9ae8ed84a98d47b49b6d6d26e58cc""})"
"(:VERTEX {memory address: ""7f738f7ff000"",size: ""801000"",subtype: ""memory"",tgid: ""148047"",source: ""syscall"",type: ""Artifact"",version: ""0"",hash: ""e7a92267bdff1670a8dd22eeeecd6c82""})"
"(:VERTEX {memory address: ""7f738f800000"",size: ""800000"",subtype: ""memory"",tgid: ""148047"",source: ""syscall"",type: ""Artifact"",version: ""0"",hash: ""e7798471a6aea24a50e875f8be5caa73""})"
"(:VERTEX {memory address: ""7f7390000000"",size: ""21000"",subtype: ""memory"",tgid: ""148047"",source: ""syscall"",type: ""Artifact"",version: ""0"",hash: ""4891d3de098f9f675d2fe7ae88118bd4""})"
"(:VERTEX {gid: ""0"",euid: ""999"",children pid namespace: ""4026532779"",start time: ""1690978616.895"",ns pid: ""11414"",pid: ""148055"",source: ""syscall"",type: ""Process"",net namespace: ""4026532705"",ipc namespace: ""4026532772"",ppid: ""148047"",pid namespace: ""4026532779"",cwd: ""/"",uid: ""999"",egid: ""0"",exe: ""/usr/bin/check-status"",mount namespace: ""4026532778"",command line: ""/usr/bin/check-status -r"",name: ""check-status"",hash: ""ce3d9da007f73b127813e77025ce7574"",user namespace: ""4026531837""})"
"(:VERTEX {memory address: ""7f73c4448000"",size: ""40000"",subtype: ""memory"",tgid: ""148047"",source: ""syscall"",type: ""Artifact"",version: ""0"",hash: ""bebe46ee404240da41891d9cca34ba8e""})"
"(:VERTEX {memory address: ""7f73977ff000"",size: ""801000"",subtype: ""memory"",tgid: ""148047"",source: ""syscall"",type: ""Artifact"",version: ""0"",hash: ""421c04090cb4c0fe75456b2502cea9e0""})"
"(:VERTEX {memory address: ""7f7397800000"",size: ""800000"",subtype: ""memory"",tgid: ""148047"",source: ""syscall"",type: ""Artifact"",version: ""0"",hash: ""e4f5cd7eca8f5ccae2e3cad21fed32ca""})"
"(:VERTEX {gid: ""0"",euid: ""999"",children pid namespace: ""4026532779"",start time: ""1690978616.895"",ns pid: ""11415"",pid: ""148056"",source: ""syscall"",type: ""Process"",net namespace: ""4026532705"",ipc namespace: ""4026532772"",ppid: ""148047"",pid namespace: ""4026532779"",cwd: ""/"",uid: ""999"",egid: ""0"",exe: ""/usr/bin/check-status"",mount namespace: ""4026532778"",command line: ""/usr/bin/check-status -r"",name: ""check-status"",hash: ""720356f013f65e8e10c3dcba4d73d8c4"",user namespace: ""4026531837""})"
"(:VERTEX {memory address: ""7f738b7ff000"",size: ""4000000"",subtype: ""memory"",tgid: ""148047"",source: ""syscall"",type: ""Artifact"",version: ""0"",hash: ""b13d693754e97d71bf3bfea2199ad7d4""})"
"(:VERTEX {memory address: ""7f73877ff000"",size: ""8000000"",subtype: ""memory"",tgid: ""148047"",source: ""syscall"",type: ""Artifact"",version: ""0"",hash: ""499968a1e819a957bc73f1ee61242371""})"
"(:VERTEX {memory address: ""7f7388000000"",size: ""21000"",subtype: ""memory"",tgid: ""148047"",source: ""syscall"",type: ""Artifact"",version: ""0"",hash: ""38f67422ab4246da64c57225da6c8eec""})"
"(:VERTEX {memory address: ""7f7396ffe000"",size: ""801000"",subtype: ""memory"",tgid: ""148047"",source: ""syscall"",type: ""Artifact"",version: ""0"",hash: ""f4c9de9ab755a369bf93cd3f2e77f4de""})"
"(:VERTEX {memory address: ""7f7396fff000"",size: ""800000"",subtype: ""memory"",tgid: ""148047"",source: ""syscall"",type: ""Artifact"",version: ""0"",hash: ""b17c5a00ba43b3370f18a3985ac2124c""})"
"(:VERTEX {gid: ""0"",euid: ""999"",children pid namespace: ""4026532779"",start time: ""1690978616.895"",ns pid: ""11416"",pid: ""148057"",source: ""syscall"",type: ""Process"",net namespace: ""4026532705"",ipc namespace: ""4026532772"",ppid: ""148047"",pid namespace: ""4026532779"",cwd: ""/"",uid: ""999"",egid: ""0"",exe: ""/usr/bin/check-status"",mount namespace: ""4026532778"",command line: ""/usr/bin/check-status -r"",name: ""check-status"",hash: ""6d793d6ac21e226e0b505f128b726c47"",user namespace: ""4026531837""})"
"(:VERTEX {memory address: ""7f7380000000"",size: ""8000000"",subtype: ""memory"",tgid: ""148047"",source: ""syscall"",type: ""Artifact"",version: ""0"",hash: ""d13afb9cbf177f258e134cc8e513efb2""})"
"(:VERTEX {memory address: ""7f7380000000"",size: ""21000"",subtype: ""memory"",tgid: ""148047"",source: ""syscall"",type: ""Artifact"",version: ""0"",hash: ""7018268be8f2b6b397f4041d86063132""})"
"(:VERTEX {memory address: ""7f7384000000"",size: ""4000000"",subtype: ""memory"",tgid: ""148047"",source: ""syscall"",type: ""Artifact"",version: ""0"",hash: ""d90845d0ca58e448adbfd16ffa00fb66""})"
"(:VERTEX {memory address: ""7f73967fd000"",size: ""801000"",subtype: ""memory"",tgid: ""148047"",source: ""syscall"",type: ""Artifact"",version: ""0"",hash: ""75aaf3173aa82117b98c0085d3008b4b""})"
"(:VERTEX {memory address: ""7f73967fe000"",size: ""800000"",subtype: ""memory"",tgid: ""148047"",source: ""syscall"",type: ""Artifact"",version: ""0"",hash: ""cb6648efb6d6e22011a728ac1139a9ce""})"
"(:VERTEX {gid: ""0"",euid: ""999"",children pid namespace: ""4026532779"",start time: ""1690978616.895"",ns pid: ""11417"",pid: ""148058"",source: ""syscall"",type: ""Process"",net namespace: ""4026532705"",ipc namespace: ""4026532772"",ppid: ""148047"",pid namespace: ""4026532779"",cwd: ""/"",uid: ""999"",egid: ""0"",exe: ""/usr/bin/check-status"",mount namespace: ""4026532778"",command line: ""/usr/bin/check-status -r"",name: ""check-status"",hash: ""0f7e59729c0314b149d5a78336f4e607"",user namespace: ""4026531837""})"
"(:VERTEX {memory address: ""7f7384000000"",size: ""21000"",subtype: ""memory"",tgid: ""148047"",source: ""syscall"",type: ""Artifact"",version: ""0"",hash: ""0752beff4dfbcea8c9cf041ce1f20881""})"
"(:VERTEX {memory address: ""7f7378000000"",size: ""8000000"",subtype: ""memory"",tgid: ""148047"",source: ""syscall"",type: ""Artifact"",version: ""0"",hash: ""fd82011d9c4b314c661398482d158055""})"
"(:VERTEX {memory address: ""7f7378000000"",size: ""21000"",subtype: ""memory"",tgid: ""148047"",source: ""syscall"",type: ""Artifact"",version: ""0"",hash: ""f56d1b91f5739499ac202a2f74865457""})"
"(:VERTEX {remote port: ""49750"",epoch: ""0"",source: ""syscall"",type: ""Artifact"",version: ""0"",local port: ""8080"",net namespace: ""-1"",local address: ""0000:0000:0000:0000:0000:0000:0000:0000"",protocol: ""tcp"",subtype: ""network socket"",remote address: ""0000:0000:0000:0000:0000:FFFF:C0A8:2F80"",hash: ""0242890fd18178dd75408c35f7e168f5""})"
"(:VERTEX {remote port: ""49756"",epoch: ""0"",source: ""syscall"",type: ""Artifact"",version: ""0"",local port: ""8080"",net namespace: ""-1"",local address: ""0000:0000:0000:0000:0000:0000:0000:0000"",protocol: ""tcp"",subtype: ""network socket"",remote address: ""0000:0000:0000:0000:0000:FFFF:C0A8:2F80"",hash: ""5a1d3d0fc07f9673d730c02a7e5d99fe""})"
"(:VERTEX {remote port: ""50500"",epoch: ""0"",source: ""syscall"",type: ""Artifact"",version: ""0"",local port: ""50051"",net namespace: ""-1"",local address: ""0000:0000:0000:0000:0000:0000:0000:0000"",protocol: ""tcp"",subtype: ""network socket"",remote address: ""0000:0000:0000:0000:0000:FFFF:C0A8:2F80"",hash: ""a85013575a3ba3721f61d1e383df4a91""})"
"(:VERTEX {remote port: ""54674"",epoch: ""0"",source: ""syscall"",type: ""Artifact"",version: ""0"",local port: ""6379"",net namespace: ""-1"",local address: ""0.0.0.0"",protocol: ""tcp"",subtype: ""network socket"",remote address: ""192.168.47.128"",hash: ""151986653bd1b76ccce7032c8d1ea07f""})"
"(:VERTEX {remote port: ""54678"",epoch: ""0"",source: ""syscall"",type: ""Artifact"",version: ""0"",local port: ""6379"",net namespace: ""-1"",local address: ""0.0.0.0"",protocol: ""tcp"",subtype: ""network socket"",remote address: ""192.168.47.128"",hash: ""5ad1d0acae3d1e510430048d737c3d04""})"
"(:VERTEX {remote port: ""52048"",epoch: ""0"",source: ""syscall"",type: ""Artifact"",version: ""0"",local port: ""8080"",net namespace: ""-1"",local address: ""0000:0000:0000:0000:0000:0000:0000:0000"",protocol: ""tcp"",subtype: ""network socket"",remote address: ""0000:0000:0000:0000:0000:FFFF:C0A8:2F80"",hash: ""1692ffee46e1036125460df1ffa8f8f9""})"
"(:VERTEX {remote port: ""52040"",epoch: ""0"",source: ""syscall"",type: ""Artifact"",version: ""0"",local port: ""8080"",net namespace: ""-1"",local address: ""0000:0000:0000:0000:0000:0000:0000:0000"",protocol: ""tcp"",subtype: ""network socket"",remote address: ""0000:0000:0000:0000:0000:FFFF:C0A8:2F80"",hash: ""31df2fda469ca3a89e90651ccd50e001""})"
"(:VERTEX {gid: ""0"",euid: ""999"",children pid namespace: ""-1"",pid: ""148148"",seen time: ""1690978619.063"",source: ""syscall"",type: ""Process"",net namespace: ""-1"",ipc namespace: ""-1"",ppid: ""148138"",pid namespace: ""-1"",uid: ""999"",egid: ""0"",exe: ""/"",mount namespace: ""-1"",name: ""runc:[2:INIT]"",hash: ""22f45bbe140b01d1a91eb2eae3ad7367"",user namespace: ""-1""})"
"(:VERTEX {path: ""/proc/148148/attr/apparmor/exec"",subtype: ""file"",permissions: ""0666"",epoch: ""0"",source: ""syscall"",type: ""Artifact"",version: ""0"",hash: ""a9e89122a17b079ac29e0e011ac4a944""})"
"(:VERTEX {gid: ""0"",euid: ""999"",children pid namespace: ""-1"",start time: ""1690978619.063"",pid: ""148148"",source: ""syscall"",type: ""Process"",net namespace: ""-1"",ipc namespace: ""-1"",ppid: ""148138"",pid namespace: ""-1"",cwd: ""/"",uid: ""999"",egid: ""0"",exe: ""/usr/bin/check-status"",mount namespace: ""-1"",command line: ""/usr/bin/check-status -l"",name: ""check-status"",hash: ""ce07f806a07d78b664ba03db09d7ac65"",user namespace: ""-1""})"
"(:VERTEX {memory address: ""7fa0eb5e2000"",size: ""2000"",subtype: ""memory"",tgid: ""148148"",source: ""syscall"",type: ""Artifact"",version: ""0"",hash: ""9439b123f19956482d3c75be14a85f26""})"
"(:VERTEX {memory address: ""7fa0eb197000"",size: ""21f4c0"",subtype: ""memory"",tgid: ""148148"",source: ""syscall"",type: ""Artifact"",version: ""0"",hash: ""042829037c854f1397432b156ba9163c""})"
"(:VERTEX {memory address: ""7fa0eb1b2000"",size: ""1ff000"",subtype: ""memory"",tgid: ""148148"",source: ""syscall"",type: ""Artifact"",version: ""0"",hash: ""64a55d1efd9215549a6b7ece3e7a27c9""})"
"(:VERTEX {memory address: ""7fa0eb3b1000"",size: ""2000"",subtype: ""memory"",tgid: ""148148"",source: ""syscall"",type: ""Artifact"",version: ""0"",hash: ""1a202306fb117b2a5df37c817fb3fbbb""})"
"(:VERTEX {memory address: ""7fa0eb3b3000"",size: ""34c0"",subtype: ""memory"",tgid: ""148148"",source: ""syscall"",type: ""Artifact"",version: ""0"",hash: ""beb0d747e5a4b5e0c4bac958c4b8e9d9""})"
"(:VERTEX {memory address: ""7fa0eadd1000"",size: ""3c58c0"",subtype: ""memory"",tgid: ""148148"",source: ""syscall"",type: ""Artifact"",version: ""0"",hash: ""dc143db2c1f7b85e16b504300da294a3""})"
"(:VERTEX {memory address: ""7fa0eaf8d000"",size: ""200000"",subtype: ""memory"",tgid: ""148148"",source: ""syscall"",type: ""Artifact"",version: ""0"",hash: ""9d98d751ff5ab545b92b761e4bcbf5b8""})"
"(:VERTEX {memory address: ""7fa0eb18d000"",size: ""6000"",subtype: ""memory"",tgid: ""148148"",source: ""syscall"",type: ""Artifact"",version: ""0"",hash: ""5fbf1552db007ced7cdaffc1d321e242""})"
"(:VERTEX {memory address: ""7fa0eb193000"",size: ""38c0"",subtype: ""memory"",tgid: ""148148"",source: ""syscall"",type: ""Artifact"",version: ""0"",hash: ""1fb86b2737ba317047c882ee0780f034""})"
"(:VERTEX {memory address: ""7fa0eb5df000"",size: ""3000"",subtype: ""memory"",tgid: ""148148"",source: ""syscall"",type: ""Artifact"",version: ""0"",hash: ""0c43d04fe4f9d76b9ef273ef27382e69""})"
"(:VERTEX {memory address: ""7fa0eb18d000"",size: ""4000"",subtype: ""memory"",tgid: ""148148"",source: ""syscall"",type: ""Artifact"",version: ""0"",hash: ""2b12c8e9913d3ae16b1d08bca1dce7a7""})"
"(:VERTEX {memory address: ""7fa0eb3b1000"",size: ""1000"",subtype: ""memory"",tgid: ""148148"",source: ""syscall"",type: ""Artifact"",version: ""0"",hash: ""5b33be61aa163cfeb208d7a3c3cdb15c""})"
"(:VERTEX {memory address: ""7fa0eb5e4000"",size: ""1000"",subtype: ""memory"",tgid: ""148148"",source: ""syscall"",type: ""Artifact"",version: ""0"",hash: ""10cb286afb9a075c0a8b44a4a2a93627""})"
"(:VERTEX {memory address: ""7fa0eb59f000"",size: ""40000"",subtype: ""memory"",tgid: ""148148"",source: ""syscall"",type: ""Artifact"",version: ""0"",hash: ""519ff5cd5a39443fbc4312d03f123105""})"
"(:VERTEX {memory address: ""7fa0eb57f000"",size: ""20000"",subtype: ""memory"",tgid: ""148148"",source: ""syscall"",type: ""Artifact"",version: ""0"",hash: ""4d4500b789df0d5335c8b3ed48cb0809""})"
"(:VERTEX {memory address: ""7fa0eb47f000"",size: ""100000"",subtype: ""memory"",tgid: ""148148"",source: ""syscall"",type: ""Artifact"",version: ""0"",hash: ""d0d3028c8e6cacdd7798719c48204366""})"
"(:VERTEX {memory address: ""7fa0ea5d1000"",size: ""800000"",subtype: ""memory"",tgid: ""148148"",source: ""syscall"",type: ""Artifact"",version: ""0"",hash: ""a6e7c48f99fb37cf7635a3b6476a2bf8""})"
"(:VERTEX {memory address: ""7fa0e65d1000"",size: ""4000000"",subtype: ""memory"",tgid: ""148148"",source: ""syscall"",type: ""Artifact"",version: ""0"",hash: ""914b98be04d02875c97a742b73c5fd19""})"
"(:VERTEX {memory address: ""7fa0c65d1000"",size: ""20000000"",subtype: ""memory"",tgid: ""148148"",source: ""syscall"",type: ""Artifact"",version: ""0"",hash: ""e080e286c7e13e52b3c9a2abbb656c66""})"
"(:VERTEX {memory address: ""c000000000"",size: ""4000000"",subtype: ""memory"",tgid: ""148148"",source: ""syscall"",type: ""Artifact"",version: ""0"",hash: ""d55895dc768e28c8523d68150df22a49""})"
"(:VERTEX {memory address: ""7fa0c45d1000"",size: ""2000000"",subtype: ""memory"",tgid: ""148148"",source: ""syscall"",type: ""Artifact"",version: ""0"",hash: ""8769b0625f56cad6bb1e4322a03832a8""})"
"(:VERTEX {memory address: ""7fa0c43c0000"",size: ""210c10"",subtype: ""memory"",tgid: ""148148"",source: ""syscall"",type: ""Artifact"",version: ""0"",hash: ""7d7abe96cf8de4dbd306aa025840cb33""})"
"(:VERTEX {memory address: ""c000000000"",size: ""400000"",subtype: ""memory"",tgid: ""148148"",source: ""syscall"",type: ""Artifact"",version: ""0"",hash: ""1e19645ac35a9c8264ae90b2833cdd62""})"
"(:VERTEX {memory address: ""7fa0eb57f000"",size: ""20000"",subtype: ""memory"",tgid: ""148148"",source: ""syscall"",type: ""Artifact"",version: ""1"",hash: ""d90967f61c835a4424f6ba8cbfc37c59""})"
"(:VERTEX {memory address: ""7fa0eb4ff000"",size: ""1000"",subtype: ""memory"",tgid: ""148148"",source: ""syscall"",type: ""Artifact"",version: ""0"",hash: ""386095b172cf37b5079b795bcffa5576""})"
"(:VERTEX {memory address: ""7fa0ea9d7000"",size: ""1000"",subtype: ""memory"",tgid: ""148148"",source: ""syscall"",type: ""Artifact"",version: ""0"",hash: ""9e3830a0e023ea4ab48c35e51c9c34d5""})"
"(:VERTEX {memory address: ""7fa0e8601000"",size: ""1000"",subtype: ""memory"",tgid: ""148148"",source: ""syscall"",type: ""Artifact"",version: ""0"",hash: ""34c77eaec3533beaa40aac024c5bc474""})"
"(:VERTEX {memory address: ""7fa0d6751000"",size: ""1000"",subtype: ""memory"",tgid: ""148148"",source: ""syscall"",type: ""Artifact"",version: ""0"",hash: ""e4ecf48fd41fdd5671acbbab3a9533a6""})"
"(:VERTEX {memory address: ""7fa0c42c0000"",size: ""100000"",subtype: ""memory"",tgid: ""148148"",source: ""syscall"",type: ""Artifact"",version: ""0"",hash: ""484ae6ae5e85af68813d3bb89a446cac""})"
"(:VERTEX {memory address: ""7fa0eb46f000"",size: ""10000"",subtype: ""memory"",tgid: ""148148"",source: ""syscall"",type: ""Artifact"",version: ""0"",hash: ""53641a41092604b9017def46e17091bd""})"
"(:VERTEX {memory address: ""7fa0eb45f000"",size: ""10000"",subtype: ""memory"",tgid: ""148148"",source: ""syscall"",type: ""Artifact"",version: ""0"",hash: ""9ee39e4a4d8492203682109370c147c6""})"
"(:VERTEX {memory address: ""7fa0c3abf000"",size: ""801000"",subtype: ""memory"",tgid: ""148148"",source: ""syscall"",type: ""Artifact"",version: ""0"",hash: ""97ab2ca50c9dfccae88ae82c2def40a1""})"
"(:VERTEX {memory address: ""7fa0c3ac0000"",size: ""800000"",subtype: ""memory"",tgid: ""148148"",source: ""syscall"",type: ""Artifact"",version: ""0"",hash: ""38fdaf411ebc536c0248a6e0d14b65dd""})"
"(:VERTEX {gid: ""0"",euid: ""999"",children pid namespace: ""4026532779"",start time: ""1690978619.073"",ns pid: ""11424"",pid: ""148154"",source: ""syscall"",type: ""Process"",net namespace: ""4026532705"",ipc namespace: ""4026532772"",ppid: ""148148"",pid namespace: ""4026532779"",cwd: ""/"",uid: ""999"",egid: ""0"",exe: ""/usr/bin/check-status"",mount namespace: ""4026532778"",command line: ""/usr/bin/check-status -l"",name: ""check-status"",hash: ""6ea1b218f3b8c4d8c7b6038dd866b10e"",user namespace: ""4026531837""})"
"(:VERTEX {memory address: ""7fa0c32be000"",size: ""801000"",subtype: ""memory"",tgid: ""148148"",source: ""syscall"",type: ""Artifact"",version: ""0"",hash: ""89fbd287cd916e4d2f9e7fee43280985""})"
"(:VERTEX {memory address: ""7fa0c32bf000"",size: ""800000"",subtype: ""memory"",tgid: ""148148"",source: ""syscall"",type: ""Artifact"",version: ""0"",hash: ""c58e037e30f8fb6aefb3183cb2464f50""})"
"(:VERTEX {gid: ""0"",euid: ""999"",children pid namespace: ""4026532779"",start time: ""1690978619.073"",ns pid: ""11425"",pid: ""148155"",source: ""syscall"",type: ""Process"",net namespace: ""4026532705"",ipc namespace: ""4026532772"",ppid: ""148148"",pid namespace: ""4026532779"",cwd: ""/"",uid: ""999"",egid: ""0"",exe: ""/usr/bin/check-status"",mount namespace: ""4026532778"",command line: ""/usr/bin/check-status -l"",name: ""check-status"",hash: ""2e536685181d925f20902992e0006e71"",user namespace: ""4026531837""})"
"(:VERTEX {memory address: ""7fa0c2abd000"",size: ""801000"",subtype: ""memory"",tgid: ""148148"",source: ""syscall"",type: ""Artifact"",version: ""0"",hash: ""1a725b2f6f847b1fe016f27199d2abac""})"
"(:VERTEX {memory address: ""7fa0c2abe000"",size: ""800000"",subtype: ""memory"",tgid: ""148148"",source: ""syscall"",type: ""Artifact"",version: ""0"",hash: ""48af39cb92b57bb3603a1b0975a03206""})"
"(:VERTEX {gid: ""0"",euid: ""999"",children pid namespace: ""4026532779"",start time: ""1690978619.073"",ns pid: ""11426"",pid: ""148156"",source: ""syscall"",type: ""Process"",net namespace: ""4026532705"",ipc namespace: ""4026532772"",ppid: ""148148"",pid namespace: ""4026532779"",cwd: ""/"",uid: ""999"",egid: ""0"",exe: ""/usr/bin/check-status"",mount namespace: ""4026532778"",command line: ""/usr/bin/check-status -l"",name: ""check-status"",hash: ""9ac5277a70be231aa3f2127ef2834e46"",user namespace: ""4026531837""})"
"(:VERTEX {memory address: ""7fa0baabd000"",size: ""8000000"",subtype: ""memory"",tgid: ""148148"",source: ""syscall"",type: ""Artifact"",version: ""0"",hash: ""53e1fc307908b953c89ec8bce244b775""})"
"(:VERTEX {memory address: ""7fa0b2abd000"",size: ""8000000"",subtype: ""memory"",tgid: ""148148"",source: ""syscall"",type: ""Artifact"",version: ""0"",hash: ""543d2f7c39a4bdd89c18c31cad3721a0""})"
"(:VERTEX {memory address: ""7fa0aaabd000"",size: ""8000000"",subtype: ""memory"",tgid: ""148148"",source: ""syscall"",type: ""Artifact"",version: ""0"",hash: ""17b7c1558c5511b6fa8c8c5ff884b34f""})"
"(:VERTEX {memory address: ""7fa0b4000000"",size: ""21000"",subtype: ""memory"",tgid: ""148148"",source: ""syscall"",type: ""Artifact"",version: ""0"",hash: ""9c77fef5e7a6ffaa397975c6a85c9b79""})"
"(:VERTEX {memory address: ""7fa0ac000000"",size: ""21000"",subtype: ""memory"",tgid: ""148148"",source: ""syscall"",type: ""Artifact"",version: ""0"",hash: ""de3a4fb9b2365ddbc1f56bbed19c263d""})"
"(:VERTEX {memory address: ""7fa0bc000000"",size: ""21000"",subtype: ""memory"",tgid: ""148148"",source: ""syscall"",type: ""Artifact"",version: ""0"",hash: ""89256895f89a5dbf853efa9a545f93fd""})"
"(:VERTEX {memory address: ""7fa0eb41f000"",size: ""40000"",subtype: ""memory"",tgid: ""148148"",source: ""syscall"",type: ""Artifact"",version: ""0"",hash: ""5cbbd19714dc598b5b8485ae1831d5c5""})"
"(:VERTEX {memory address: ""7fa0c22bc000"",size: ""801000"",subtype: ""memory"",tgid: ""148148"",source: ""syscall"",type: ""Artifact"",version: ""0"",hash: ""dc6a38e351423d156a0e1a0f4563c04e""})"
"(:VERTEX {memory address: ""7fa0c22bd000"",size: ""800000"",subtype: ""memory"",tgid: ""148148"",source: ""syscall"",type: ""Artifact"",version: ""0"",hash: ""d4cad234c19283be92b537125d3cf150""})"
"(:VERTEX {gid: ""0"",euid: ""999"",children pid namespace: ""4026532779"",start time: ""1690978619.073"",ns pid: ""11427"",pid: ""148157"",source: ""syscall"",type: ""Process"",net namespace: ""4026532705"",ipc namespace: ""4026532772"",ppid: ""148148"",pid namespace: ""4026532779"",cwd: ""/"",uid: ""999"",egid: ""0"",exe: ""/usr/bin/check-status"",mount namespace: ""4026532778"",command line: ""/usr/bin/check-status -l"",name: ""check-status"",hash: ""2872f44136f4b96e4d3a32a511c0e1b1"",user namespace: ""4026531837""})"
"(:VERTEX {memory address: ""7fa0a4000000"",size: ""8000000"",subtype: ""memory"",tgid: ""148148"",source: ""syscall"",type: ""Artifact"",version: ""0"",hash: ""c69b1284477c1206101a9a23571f5d0a""})"
"(:VERTEX {memory address: ""7fa0a4000000"",size: ""21000"",subtype: ""memory"",tgid: ""148148"",source: ""syscall"",type: ""Artifact"",version: ""0"",hash: ""1b2f0309cefce22e029d0f47a1d46128""})"
"(:VERTEX {memory address: ""7fa0c1abb000"",size: ""801000"",subtype: ""memory"",tgid: ""148148"",source: ""syscall"",type: ""Artifact"",version: ""0"",hash: ""7bb80f0b4cef8b3f282a4b61ce628621""})"
"(:VERTEX {memory address: ""7fa0c1abc000"",size: ""800000"",subtype: ""memory"",tgid: ""148148"",source: ""syscall"",type: ""Artifact"",version: ""0"",hash: ""43230851c199c511b4422dfbf2d7edbc""})"
"(:VERTEX {gid: ""0"",euid: ""999"",children pid namespace: ""4026532779"",start time: ""1690978619.077"",ns pid: ""11428"",pid: ""148158"",source: ""syscall"",type: ""Process"",net namespace: ""4026532705"",ipc namespace: ""4026532772"",ppid: ""148148"",pid namespace: ""4026532779"",cwd: ""/"",uid: ""999"",egid: ""0"",exe: ""/usr/bin/check-status"",mount namespace: ""4026532778"",command line: ""/usr/bin/check-status -l"",name: ""check-status"",hash: ""d167f73291be0cfffc5f80003f226223"",user namespace: ""4026531837""})"
"(:VERTEX {memory address: ""7fa0a8000000"",size: ""4000000"",subtype: ""memory"",tgid: ""148148"",source: ""syscall"",type: ""Artifact"",version: ""0"",hash: ""03ef5dcaaf7f2e150c180e306332b6de""})"
"(:VERTEX {memory address: ""7fa0a8000000"",size: ""21000"",subtype: ""memory"",tgid: ""148148"",source: ""syscall"",type: ""Artifact"",version: ""0"",hash: ""5de081941de7c5731cf7f7f720349167""})"
"(:VERTEX {memory address: ""7fa0c1a7b000"",size: ""40000"",subtype: ""memory"",tgid: ""148148"",source: ""syscall"",type: ""Artifact"",version: ""0"",hash: ""a540b7213477f70c3f1342f70657cf65""})"
"(:VERTEX {remote port: ""53"",epoch: ""0"",source: ""syscall"",type: ""Artifact"",version: ""0"",local port: ""55954"",net namespace: ""-1"",local address: ""10.1.251.204"",protocol: ""udp"",subtype: ""network socket"",remote address: ""10.152.183.10"",hash: ""5a0516c31731a2dbfaeccd1a8536f869""})"
"(:VERTEX {remote port: ""53"",epoch: ""0"",source: ""syscall"",type: ""Artifact"",version: ""0"",local port: ""52029"",net namespace: ""-1"",local address: ""10.1.251.204"",protocol: ""udp"",subtype: ""network socket"",remote address: ""10.152.183.10"",hash: ""681747ff680412f2e10fdf8186bc371c""})"
"(:VERTEX {remote port: ""53"",epoch: ""0"",source: ""syscall"",type: ""Artifact"",version: ""0"",local port: ""40847"",net namespace: ""-1"",local address: ""10.1.251.204"",protocol: ""udp"",subtype: ""network socket"",remote address: ""10.152.183.10"",hash: ""06bfff7d1e0480248255ac7d80686987""})"
"(:VERTEX {remote port: ""53"",epoch: ""0"",source: ""syscall"",type: ""Artifact"",version: ""0"",local port: ""36932"",net namespace: ""-1"",local address: ""10.1.251.204"",protocol: ""udp"",subtype: ""network socket"",remote address: ""10.152.183.10"",hash: ""b96ee7fc653a1b6e6f8ba44c810ed0db""})"
"(:VERTEX {remote port: ""49762"",epoch: ""0"",source: ""syscall"",type: ""Artifact"",version: ""0"",local port: ""8080"",net namespace: ""-1"",local address: ""0000:0000:0000:0000:0000:0000:0000:0000"",protocol: ""tcp"",subtype: ""network socket"",remote address: ""0000:0000:0000:0000:0000:FFFF:C0A8:2F80"",hash: ""d8417e4f2b78634845078587534a158a""})"
"(:VERTEX {remote port: ""49758"",epoch: ""1"",source: ""syscall"",type: ""Artifact"",version: ""0"",local port: ""8080"",net namespace: ""-1"",local address: ""0000:0000:0000:0000:0000:0000:0000:0000"",protocol: ""tcp"",subtype: ""network socket"",remote address: ""0000:0000:0000:0000:0000:FFFF:C0A8:2F80"",hash: ""8d074c4d6d25eacc1a819df8a48b1297""})"
"(:VERTEX {remote port: ""50510"",epoch: ""0"",source: ""syscall"",type: ""Artifact"",version: ""0"",local port: ""50051"",net namespace: ""-1"",local address: ""0000:0000:0000:0000:0000:0000:0000:0000"",protocol: ""tcp"",subtype: ""network socket"",remote address: ""0000:0000:0000:0000:0000:FFFF:C0A8:2F80"",hash: ""9e95e08397dba9cc1bace3fba7fb45f0""})"
"(:VERTEX {remote port: ""50512"",epoch: ""0"",source: ""syscall"",type: ""Artifact"",version: ""0"",local port: ""50051"",net namespace: ""-1"",local address: ""0000:0000:0000:0000:0000:0000:0000:0000"",protocol: ""tcp"",subtype: ""network socket"",remote address: ""0000:0000:0000:0000:0000:FFFF:C0A8:2F80"",hash: ""3e92128ec547fbbc1ee6b67eab943748""})"
"(:VERTEX {remote port: ""48450"",epoch: ""0"",source: ""syscall"",type: ""Artifact"",version: ""0"",local port: ""7000"",net namespace: ""-1"",local address: ""0000:0000:0000:0000:0000:0000:0000:0000"",protocol: ""tcp"",subtype: ""network socket"",remote address: ""0000:0000:0000:0000:0000:FFFF:C0A8:2F80"",hash: ""80dafad11df432b28d9513c1ceb53ae3""})"
"(:VERTEX {remote port: ""48462"",epoch: ""0"",source: ""syscall"",type: ""Artifact"",version: ""0"",local port: ""7000"",net namespace: ""-1"",local address: ""0000:0000:0000:0000:0000:0000:0000:0000"",protocol: ""tcp"",subtype: ""network socket"",remote address: ""0000:0000:0000:0000:0000:FFFF:C0A8:2F80"",hash: ""6f10757309e3a17793307c1fbb5bcef5""})"
"(:VERTEX {remote port: ""54688"",epoch: ""0"",source: ""syscall"",type: ""Artifact"",version: ""0"",local port: ""6379"",net namespace: ""-1"",local address: ""0.0.0.0"",protocol: ""tcp"",subtype: ""network socket"",remote address: ""192.168.47.128"",hash: ""e47ecef30ccfde53b9574dbce9a6d8a7""})"
"(:VERTEX {remote port: ""54702"",epoch: ""0"",source: ""syscall"",type: ""Artifact"",version: ""0"",local port: ""6379"",net namespace: ""-1"",local address: ""0.0.0.0"",protocol: ""tcp"",subtype: ""network socket"",remote address: ""192.168.47.128"",hash: ""38e0c56b0c477706017883d3d092c687""})"
"(:VERTEX {remote port: ""55556"",epoch: ""0"",source: ""syscall"",type: ""Artifact"",version: ""0"",local port: ""5050"",net namespace: ""-1"",local address: ""0000:0000:0000:0000:0000:0000:0000:0000"",protocol: ""tcp"",subtype: ""network socket"",remote address: ""0000:0000:0000:0000:0000:FFFF:C0A8:2F80"",hash: ""7b0f2e9be65f80a7a5cfed69e443573a""})"
"(:VERTEX {remote port: ""55572"",epoch: ""0"",source: ""syscall"",type: ""Artifact"",version: ""0"",local port: ""5050"",net namespace: ""-1"",local address: ""0000:0000:0000:0000:0000:0000:0000:0000"",protocol: ""tcp"",subtype: ""network socket"",remote address: ""0000:0000:0000:0000:0000:FFFF:C0A8:2F80"",hash: ""634127ad0e22a41768322a803a74c6b0""})"
"(:VERTEX {remote port: ""59144"",epoch: ""0"",source: ""syscall"",type: ""Artifact"",version: ""0"",local port: ""8080"",net namespace: ""-1"",local address: ""0000:0000:0000:0000:0000:0000:0000:0000"",protocol: ""tcp"",subtype: ""network socket"",remote address: ""0000:0000:0000:0000:0000:FFFF:C0A8:2F80"",hash: ""557431687e47d38c0b20f4587fd33ffd""})"
"(:VERTEX {remote port: ""59130"",epoch: ""0"",source: ""syscall"",type: ""Artifact"",version: ""0"",local port: ""8080"",net namespace: ""-1"",local address: ""0000:0000:0000:0000:0000:0000:0000:0000"",protocol: ""tcp"",subtype: ""network socket"",remote address: ""0000:0000:0000:0000:0000:FFFF:C0A8:2F80"",hash: ""945fd57b339a5510b618738aa13824de""})"
"(:VERTEX {remote port: ""57620"",epoch: ""0"",source: ""syscall"",type: ""Artifact"",version: ""0"",local port: ""50051"",net namespace: ""-1"",local address: ""0000:0000:0000:0000:0000:0000:0000:0000"",protocol: ""tcp"",subtype: ""network socket"",remote address: ""0000:0000:0000:0000:0000:FFFF:C0A8:2F80"",hash: ""1752ab87d7f04976610d52f9ed1e4906""})"
"(:VERTEX {remote port: ""55968"",epoch: ""0"",source: ""syscall"",type: ""Artifact"",version: ""0"",local port: ""7070"",net namespace: ""4026533266"",local address: ""0000:0000:0000:0000:0000:0000:0000:0000"",protocol: ""tcp"",subtype: ""network socket"",remote address: ""0000:0000:0000:0000:0000:FFFF:C0A8:2F80"",hash: ""aea2be189eea22f2eb516c6779a67276""})"
"(:VERTEX {remote port: ""40424"",epoch: ""0"",source: ""syscall"",type: ""Artifact"",version: ""0"",local port: ""3550"",net namespace: ""-1"",local address: ""0000:0000:0000:0000:0000:0000:0000:0000"",protocol: ""tcp"",subtype: ""network socket"",remote address: ""0000:0000:0000:0000:0000:FFFF:C0A8:2F80"",hash: ""df2e6251308b09ff7518aed3c64b2a5a""})"
"(:VERTEX {remote port: ""40436"",epoch: ""0"",source: ""syscall"",type: ""Artifact"",version: ""0"",local port: ""3550"",net namespace: ""-1"",local address: ""0000:0000:0000:0000:0000:0000:0000:0000"",protocol: ""tcp"",subtype: ""network socket"",remote address: ""0000:0000:0000:0000:0000:FFFF:C0A8:2F80"",hash: ""32c63296d95318b6cd5a22d58d2f820c""})"
"(:VERTEX {remote port: ""52056"",epoch: ""0"",source: ""syscall"",type: ""Artifact"",version: ""0"",local port: ""8080"",net namespace: ""-1"",local address: ""0000:0000:0000:0000:0000:0000:0000:0000"",protocol: ""tcp"",subtype: ""network socket"",remote address: ""0000:0000:0000:0000:0000:FFFF:C0A8:2F80"",hash: ""e816424b18406946fe6af270ac1449be""})"
"(:VERTEX {remote port: ""55980"",epoch: ""0"",source: ""syscall"",type: ""Artifact"",version: ""0"",local port: ""7070"",net namespace: ""4026533266"",local address: ""0000:0000:0000:0000:0000:0000:0000:0000"",protocol: ""tcp"",subtype: ""network socket"",remote address: ""0000:0000:0000:0000:0000:FFFF:C0A8:2F80"",hash: ""b1bdab4a4f542bb9aebbde08e5c565b2""})"
"(:VERTEX {remote port: ""52072"",epoch: ""0"",source: ""syscall"",type: ""Artifact"",version: ""0"",local port: ""8080"",net namespace: ""-1"",local address: ""0000:0000:0000:0000:0000:0000:0000:0000"",protocol: ""tcp"",subtype: ""network socket"",remote address: ""0000:0000:0000:0000:0000:FFFF:C0A8:2F80"",hash: ""0d5a17f67ea441681e2e45a01658d638""})"
"(:VERTEX {remote port: ""57618"",epoch: ""0"",source: ""syscall"",type: ""Artifact"",version: ""0"",local port: ""50051"",net namespace: ""-1"",local address: ""0000:0000:0000:0000:0000:0000:0000:0000"",protocol: ""tcp"",subtype: ""network socket"",remote address: ""0000:0000:0000:0000:0000:FFFF:C0A8:2F80"",hash: ""a3a8f7fca2b7d41bb4386532567d8eb9""})"
"(:VERTEX {remote port: ""53"",epoch: ""0"",source: ""syscall"",type: ""Artifact"",version: ""0"",local port: ""55624"",net namespace: ""-1"",local address: ""10.1.251.204"",protocol: ""udp"",subtype: ""network socket"",remote address: ""10.152.183.10"",hash: ""04bb4d129e4e2b5f34afcd1a34e7269f""})"
"(:VERTEX {remote port: ""53"",epoch: ""0"",source: ""syscall"",type: ""Artifact"",version: ""0"",local port: ""51438"",net namespace: ""-1"",local address: ""10.1.251.204"",protocol: ""udp"",subtype: ""network socket"",remote address: ""10.152.183.10"",hash: ""c9a0515c5e71b3fe2755d3a8ecbee3d2""})"
"(:VERTEX {remote port: ""53"",epoch: ""0"",source: ""syscall"",type: ""Artifact"",version: ""0"",local port: ""49947"",net namespace: ""-1"",local address: ""10.1.251.204"",protocol: ""udp"",subtype: ""network socket"",remote address: ""10.152.183.10"",hash: ""f69d476c76911af9944be5e8863b04b0""})"
"(:VERTEX {remote port: ""53"",epoch: ""0"",source: ""syscall"",type: ""Artifact"",version: ""0"",local port: ""44267"",net namespace: ""-1"",local address: ""10.1.251.204"",protocol: ""udp"",subtype: ""network socket"",remote address: ""10.152.183.10"",hash: ""ba00a399b80601efaefad751d4a80120""})"
"(:VERTEX {remote port: ""53"",epoch: ""0"",source: ""syscall"",type: ""Artifact"",version: ""0"",local port: ""59241"",net namespace: ""-1"",local address: ""10.1.251.204"",protocol: ""udp"",subtype: ""network socket"",remote address: ""10.152.183.10"",hash: ""cbfd866606262d93eb5fe9c45d753aaf""})"
"(:VERTEX {remote port: ""53"",epoch: ""0"",source: ""syscall"",type: ""Artifact"",version: ""0"",local port: ""37382"",net namespace: ""-1"",local address: ""10.1.251.204"",protocol: ""udp"",subtype: ""network socket"",remote address: ""10.152.183.10"",hash: ""285ea9c1dd55f6fb96ca993cbcb6630d""})"
"(:VERTEX {gid: ""0"",euid: ""999"",children pid namespace: ""-1"",pid: ""148307"",seen time: ""1690978626.896"",source: ""syscall"",type: ""Process"",net namespace: ""-1"",ipc namespace: ""-1"",ppid: ""148297"",pid namespace: ""-1"",uid: ""999"",egid: ""0"",exe: ""/"",mount namespace: ""-1"",name: ""runc:[2:INIT]"",hash: ""0b4a5cc7f25bd13a7808c707b2c2c123"",user namespace: ""-1""})"
"(:VERTEX {path: ""/proc/148307/attr/apparmor/exec"",subtype: ""file"",permissions: ""0666"",epoch: ""0"",source: ""syscall"",type: ""Artifact"",version: ""0"",hash: ""497e7ed1e88ddf5a0d489eb1f65585d2""})"
"(:VERTEX {gid: ""0"",euid: ""999"",children pid namespace: ""-1"",start time: ""1690978626.896"",pid: ""148307"",source: ""syscall"",type: ""Process"",net namespace: ""-1"",ipc namespace: ""-1"",ppid: ""148297"",pid namespace: ""-1"",cwd: ""/"",uid: ""999"",egid: ""0"",exe: ""/usr/bin/check-status"",mount namespace: ""-1"",command line: ""/usr/bin/check-status -r"",name: ""check-status"",hash: ""0b3700afea6bcae25fa495ed9214007c"",user namespace: ""-1""})"
"(:VERTEX {memory address: ""7fa8e7a44000"",size: ""2000"",subtype: ""memory"",tgid: ""148307"",source: ""syscall"",type: ""Artifact"",version: ""0"",hash: ""725d298d3d0ae191ac26238198a2d155""})"
"(:VERTEX {memory address: ""7fa8e75f9000"",size: ""21f4c0"",subtype: ""memory"",tgid: ""148307"",source: ""syscall"",type: ""Artifact"",version: ""0"",hash: ""bbcc8dcccd330800b81050dca1307285""})"
"(:VERTEX {memory address: ""7fa8e7614000"",size: ""1ff000"",subtype: ""memory"",tgid: ""148307"",source: ""syscall"",type: ""Artifact"",version: ""0"",hash: ""9040f6c9bf8531437eacd003b02b21bb""})"
"(:VERTEX {memory address: ""7fa8e7813000"",size: ""2000"",subtype: ""memory"",tgid: ""148307"",source: ""syscall"",type: ""Artifact"",version: ""0"",hash: ""bfc3f17e4f834953e2e8234b290d4f6c""})"
"(:VERTEX {memory address: ""7fa8e7815000"",size: ""34c0"",subtype: ""memory"",tgid: ""148307"",source: ""syscall"",type: ""Artifact"",version: ""0"",hash: ""77d87a1f29be49ac63ccabe3e813f047""})"
"(:VERTEX {memory address: ""7fa8e7233000"",size: ""3c58c0"",subtype: ""memory"",tgid: ""148307"",source: ""syscall"",type: ""Artifact"",version: ""0"",hash: ""5828253cc85aa849e18c6d1dc91a525d""})"
"(:VERTEX {memory address: ""7fa8e73ef000"",size: ""200000"",subtype: ""memory"",tgid: ""148307"",source: ""syscall"",type: ""Artifact"",version: ""0"",hash: ""bee8088f06896c5f8c8eef0672dbf929""})"
"(:VERTEX {memory address: ""7fa8e75ef000"",size: ""6000"",subtype: ""memory"",tgid: ""148307"",source: ""syscall"",type: ""Artifact"",version: ""0"",hash: ""363203d622c608d316d095ac54e35dbc""})"
"(:VERTEX {memory address: ""7fa8e75f5000"",size: ""38c0"",subtype: ""memory"",tgid: ""148307"",source: ""syscall"",type: ""Artifact"",version: ""0"",hash: ""14dac849ebd1a77e1a6e4871f8f6a2cc""})"
"(:VERTEX {memory address: ""7fa8e7a41000"",size: ""3000"",subtype: ""memory"",tgid: ""148307"",source: ""syscall"",type: ""Artifact"",version: ""0"",hash: ""5e204c5473a3e9543094412b9a117b6f""})"
"(:VERTEX {memory address: ""7fa8e75ef000"",size: ""4000"",subtype: ""memory"",tgid: ""148307"",source: ""syscall"",type: ""Artifact"",version: ""0"",hash: ""fd94b94d0f4a432383127e4f68c8afa8""})"
"(:VERTEX {memory address: ""7fa8e7813000"",size: ""1000"",subtype: ""memory"",tgid: ""148307"",source: ""syscall"",type: ""Artifact"",version: ""0"",hash: ""47ce5d8c2ab3cdd6cba6c8fd94cc6962""})"
"(:VERTEX {memory address: ""7fa8e7a46000"",size: ""1000"",subtype: ""memory"",tgid: ""148307"",source: ""syscall"",type: ""Artifact"",version: ""0"",hash: ""990a1df505f2c667dcf1d07dfa74386a""})"
"(:VERTEX {memory address: ""7fa8e7a01000"",size: ""40000"",subtype: ""memory"",tgid: ""148307"",source: ""syscall"",type: ""Artifact"",version: ""0"",hash: ""335d5538fd1f0aaec955bd4101f1bdfb""})"
"(:VERTEX {memory address: ""7fa8e79e1000"",size: ""20000"",subtype: ""memory"",tgid: ""148307"",source: ""syscall"",type: ""Artifact"",version: ""0"",hash: ""04f66bbacfa244a055096882f1c63fab""})"
"(:VERTEX {memory address: ""7fa8e78e1000"",size: ""100000"",subtype: ""memory"",tgid: ""148307"",source: ""syscall"",type: ""Artifact"",version: ""0"",hash: ""a14960a4861260b1172fd6c8e39e51f6""})"
"(:VERTEX {memory address: ""7fa8e6a33000"",size: ""800000"",subtype: ""memory"",tgid: ""148307"",source: ""syscall"",type: ""Artifact"",version: ""0"",hash: ""632955e9c485f1a52ef56df0347a7440""})"
"(:VERTEX {memory address: ""7fa8e2a33000"",size: ""4000000"",subtype: ""memory"",tgid: ""148307"",source: ""syscall"",type: ""Artifact"",version: ""0"",hash: ""37c69afbfd11da30be41305cf8104440""})"
"(:VERTEX {memory address: ""7fa8c2a33000"",size: ""20000000"",subtype: ""memory"",tgid: ""148307"",source: ""syscall"",type: ""Artifact"",version: ""0"",hash: ""a8226c48ea288aa59b6a235b34c9668b""})"
"(:VERTEX {memory address: ""c000000000"",size: ""4000000"",subtype: ""memory"",tgid: ""148307"",source: ""syscall"",type: ""Artifact"",version: ""0"",hash: ""42b3888f88abc3973404ec396dc1af51""})"
"(:VERTEX {memory address: ""7fa8c0a33000"",size: ""2000000"",subtype: ""memory"",tgid: ""148307"",source: ""syscall"",type: ""Artifact"",version: ""0"",hash: ""ffb0baf68a2875022e1d3c1694c546a7""})"
"(:VERTEX {memory address: ""7fa8c0822000"",size: ""210c10"",subtype: ""memory"",tgid: ""148307"",source: ""syscall"",type: ""Artifact"",version: ""0"",hash: ""7d5c113684d33719ac06a177c84203a7""})"
"(:VERTEX {memory address: ""c000000000"",size: ""400000"",subtype: ""memory"",tgid: ""148307"",source: ""syscall"",type: ""Artifact"",version: ""0"",hash: ""1de8c5f9c583d8b8fb23236b40e3d7ec""})"
"(:VERTEX {memory address: ""7fa8e79e1000"",size: ""20000"",subtype: ""memory"",tgid: ""148307"",source: ""syscall"",type: ""Artifact"",version: ""1"",hash: ""d4d300f7cf9f8662e7da8845c8e5e84c""})"
"(:VERTEX {memory address: ""7fa8e7961000"",size: ""1000"",subtype: ""memory"",tgid: ""148307"",source: ""syscall"",type: ""Artifact"",version: ""0"",hash: ""7c7d924336d6ca7789cb868be94fd1f1""})"
"(:VERTEX {memory address: ""7fa8e6e39000"",size: ""1000"",subtype: ""memory"",tgid: ""148307"",source: ""syscall"",type: ""Artifact"",version: ""0"",hash: ""c0229fef0270d07bceb4894bd4c8cca1""})"
"(:VERTEX {memory address: ""7fa8e4a63000"",size: ""1000"",subtype: ""memory"",tgid: ""148307"",source: ""syscall"",type: ""Artifact"",version: ""0"",hash: ""1401c6715d6fd043c542bf68c9111659""})"
"(:VERTEX {memory address: ""7fa8d2bb3000"",size: ""1000"",subtype: ""memory"",tgid: ""148307"",source: ""syscall"",type: ""Artifact"",version: ""0"",hash: ""efaaf1043cf1345bd8b23d51f5d60cd2""})"
"(:VERTEX {memory address: ""7fa8c0722000"",size: ""100000"",subtype: ""memory"",tgid: ""148307"",source: ""syscall"",type: ""Artifact"",version: ""0"",hash: ""d896f3e12af6754a636fd8200c1572d6""})"
"(:VERTEX {memory address: ""7fa8e78d1000"",size: ""10000"",subtype: ""memory"",tgid: ""148307"",source: ""syscall"",type: ""Artifact"",version: ""0"",hash: ""71db6ba8d5f91d70c9e9d1d925e483bc""})"
"(:VERTEX {memory address: ""7fa8e78c1000"",size: ""10000"",subtype: ""memory"",tgid: ""148307"",source: ""syscall"",type: ""Artifact"",version: ""0"",hash: ""ac1cefe167d579751a0e501e21d9ba1f""})"
"(:VERTEX {memory address: ""7fa8bff21000"",size: ""801000"",subtype: ""memory"",tgid: ""148307"",source: ""syscall"",type: ""Artifact"",version: ""0"",hash: ""bcbe738fe51aea4a224e844fd2640707""})"
"(:VERTEX {memory address: ""7fa8bff22000"",size: ""800000"",subtype: ""memory"",tgid: ""148307"",source: ""syscall"",type: ""Artifact"",version: ""0"",hash: ""d40243b3a4aa711330f9227d846fc8a1""})"
"(:VERTEX {gid: ""0"",euid: ""999"",children pid namespace: ""4026532779"",start time: ""1690978626.903"",ns pid: ""11436"",pid: ""148314"",source: ""syscall"",type: ""Process"",net namespace: ""4026532705"",ipc namespace: ""4026532772"",ppid: ""148307"",pid namespace: ""4026532779"",cwd: ""/"",uid: ""999"",egid: ""0"",exe: ""/usr/bin/check-status"",mount namespace: ""4026532778"",command line: ""/usr/bin/check-status -r"",name: ""check-status"",hash: ""ea09853e0149a1766c31c639bc6c89e0"",user namespace: ""4026531837""})"
"(:VERTEX {memory address: ""7fa8bf720000"",size: ""801000"",subtype: ""memory"",tgid: ""148307"",source: ""syscall"",type: ""Artifact"",version: ""0"",hash: ""a90ec0ea248fad26f96fa42263a44028""})"
"(:VERTEX {memory address: ""7fa8bf721000"",size: ""800000"",subtype: ""memory"",tgid: ""148307"",source: ""syscall"",type: ""Artifact"",version: ""0"",hash: ""8afb56f4a04e9806d7d3b687f7cd5516""})"
"(:VERTEX {gid: ""0"",euid: ""999"",children pid namespace: ""4026532779"",start time: ""1690978626.903"",ns pid: ""11437"",pid: ""148315"",source: ""syscall"",type: ""Process"",net namespace: ""4026532705"",ipc namespace: ""4026532772"",ppid: ""148307"",pid namespace: ""4026532779"",cwd: ""/"",uid: ""999"",egid: ""0"",exe: ""/usr/bin/check-status"",mount namespace: ""4026532778"",command line: ""/usr/bin/check-status -r"",name: ""check-status"",hash: ""f7ae6806a507829b78320fc447ea1803"",user namespace: ""4026531837""})"
"(:VERTEX {memory address: ""7fa8b7720000"",size: ""8000000"",subtype: ""memory"",tgid: ""148307"",source: ""syscall"",type: ""Artifact"",version: ""0"",hash: ""7ede6300a257a3cede49a13a46bf0eb7""})"
"(:VERTEX {memory address: ""7fa8af720000"",size: ""8000000"",subtype: ""memory"",tgid: ""148307"",source: ""syscall"",type: ""Artifact"",version: ""0"",hash: ""45b8bbe96ae421571b59ee0597bd9d67""})"
"(:VERTEX {memory address: ""7fa8b0000000"",size: ""21000"",subtype: ""memory"",tgid: ""148307"",source: ""syscall"",type: ""Artifact"",version: ""0"",hash: ""5f60f83f9a73359001d74e411f9ad1f2""})"
"(:VERTEX {memory address: ""7fa8b8000000"",size: ""21000"",subtype: ""memory"",tgid: ""148307"",source: ""syscall"",type: ""Artifact"",version: ""0"",hash: ""b7cee0325141fba0d2f10cb1c5d2e197""})"
"(:VERTEX {memory address: ""7fa8bef1f000"",size: ""801000"",subtype: ""memory"",tgid: ""148307"",source: ""syscall"",type: ""Artifact"",version: ""0"",hash: ""0012b6af36cf313ae533cebecea1ba40""})"
"(:VERTEX {memory address: ""7fa8bef20000"",size: ""800000"",subtype: ""memory"",tgid: ""148307"",source: ""syscall"",type: ""Artifact"",version: ""0"",hash: ""e772968ccf4f0835659cdf0755d25594""})"
"(:VERTEX {memory address: ""7fa8e7881000"",size: ""40000"",subtype: ""memory"",tgid: ""148307"",source: ""syscall"",type: ""Artifact"",version: ""0"",hash: ""9d6c007e54b68d02e43281ce96b896c8""})"
"(:VERTEX {gid: ""0"",euid: ""999"",children pid namespace: ""4026532779"",start time: ""1690978626.914"",ns pid: ""11438"",pid: ""148316"",source: ""syscall"",type: ""Process"",net namespace: ""4026532705"",ipc namespace: ""4026532772"",ppid: ""148307"",pid namespace: ""4026532779"",cwd: ""/"",uid: ""999"",egid: ""0"",exe: ""/usr/bin/check-status"",mount namespace: ""4026532778"",command line: ""/usr/bin/check-status -r"",name: ""check-status"",hash: ""9cc5964b8ee50ae1be1e740c5a50bb83"",user namespace: ""4026531837""})"
"(:VERTEX {memory address: ""7fa8be71e000"",size: ""801000"",subtype: ""memory"",tgid: ""148307"",source: ""syscall"",type: ""Artifact"",version: ""0"",hash: ""45b1aaaaf9f5ee3a883aacd830a644c8""})"
"(:VERTEX {memory address: ""7fa8be71f000"",size: ""800000"",subtype: ""memory"",tgid: ""148307"",source: ""syscall"",type: ""Artifact"",version: ""0"",hash: ""d6e978d140d801262dee0f05689d5c5a""})"
"(:VERTEX {gid: ""0"",euid: ""999"",children pid namespace: ""4026532779"",start time: ""1690978626.914"",ns pid: ""11439"",pid: ""148317"",source: ""syscall"",type: ""Process"",net namespace: ""4026532705"",ipc namespace: ""4026532772"",ppid: ""148307"",pid namespace: ""4026532779"",cwd: ""/"",uid: ""999"",egid: ""0"",exe: ""/usr/bin/check-status"",mount namespace: ""4026532778"",command line: ""/usr/bin/check-status -r"",name: ""check-status"",hash: ""32e19ba8c107d46ed8c31d5556f54c76"",user namespace: ""4026531837""})"
"(:VERTEX {memory address: ""7fa8a8000000"",size: ""8000000"",subtype: ""memory"",tgid: ""148307"",source: ""syscall"",type: ""Artifact"",version: ""0"",hash: ""15353dc8a678000c2811a054ec706273""})"
"(:VERTEX {memory address: ""7fa8a8000000"",size: ""21000"",subtype: ""memory"",tgid: ""148307"",source: ""syscall"",type: ""Artifact"",version: ""0"",hash: ""60df75a80e00e93e3ea56d6de4b59670""})"
"(:VERTEX {memory address: ""7fa8bdf1d000"",size: ""801000"",subtype: ""memory"",tgid: ""148307"",source: ""syscall"",type: ""Artifact"",version: ""0"",hash: ""3ce9fb7d3988526d5740e80eb6a3d003""})"
"(:VERTEX {memory address: ""7fa8bdf1e000"",size: ""800000"",subtype: ""memory"",tgid: ""148307"",source: ""syscall"",type: ""Artifact"",version: ""0"",hash: ""ad4a7cd69aa06707afc54311d7eb1953""})"
"(:VERTEX {gid: ""0"",euid: ""999"",children pid namespace: ""4026532779"",start time: ""1690978626.914"",ns pid: ""11440"",pid: ""148318"",source: ""syscall"",type: ""Process"",net namespace: ""4026532705"",ipc namespace: ""4026532772"",ppid: ""148307"",pid namespace: ""4026532779"",cwd: ""/"",uid: ""999"",egid: ""0"",exe: ""/usr/bin/check-status"",mount namespace: ""4026532778"",command line: ""/usr/bin/check-status -r"",name: ""check-status"",hash: ""498c84439d1844e708ae8f5ad96a040f"",user namespace: ""4026531837""})"
"(:VERTEX {memory address: ""7fa8ac000000"",size: ""4000000"",subtype: ""memory"",tgid: ""148307"",source: ""syscall"",type: ""Artifact"",version: ""0"",hash: ""939c084cb1a4a9e2bf76b64f47b8f736""})"
"(:VERTEX {memory address: ""7fa8ac000000"",size: ""21000"",subtype: ""memory"",tgid: ""148307"",source: ""syscall"",type: ""Artifact"",version: ""0"",hash: ""994f78431e180af02937e35095694c8a""})"
"(:VERTEX {memory address: ""7fa8a0000000"",size: ""8000000"",subtype: ""memory"",tgid: ""148307"",source: ""syscall"",type: ""Artifact"",version: ""0"",hash: ""8cd246f2eac7eb9dbf5ffcdcd5c84524""})"
"(:VERTEX {memory address: ""7fa8a0000000"",size: ""21000"",subtype: ""memory"",tgid: ""148307"",source: ""syscall"",type: ""Artifact"",version: ""0"",hash: ""389e3121372d759c4a4e5a910141a1f9""})"
"(:VERTEX {remote port: ""45936"",epoch: ""0"",source: ""syscall"",type: ""Artifact"",version: ""0"",local port: ""8080"",net namespace: ""-1"",local address: ""0000:0000:0000:0000:0000:0000:0000:0000"",protocol: ""tcp"",subtype: ""network socket"",remote address: ""0000:0000:0000:0000:0000:FFFF:C0A8:2F80"",hash: ""b347cd3c868df1f0c0197a3b60e34907""})"
"(:VERTEX {remote port: ""45928"",epoch: ""0"",source: ""syscall"",type: ""Artifact"",version: ""0"",local port: ""8080"",net namespace: ""-1"",local address: ""0000:0000:0000:0000:0000:0000:0000:0000"",protocol: ""tcp"",subtype: ""network socket"",remote address: ""0000:0000:0000:0000:0000:FFFF:C0A8:2F80"",hash: ""a57f273e6f64f86e81a465e090b3dd54""})"
"(:VERTEX {remote port: ""42522"",epoch: ""0"",source: ""syscall"",type: ""Artifact"",version: ""0"",local port: ""50051"",net namespace: ""-1"",local address: ""0000:0000:0000:0000:0000:0000:0000:0000"",protocol: ""tcp"",subtype: ""network socket"",remote address: ""0000:0000:0000:0000:0000:FFFF:C0A8:2F80"",hash: ""804f71ecac8edb798101b8ae15868dad""})"
"(:VERTEX {gid: ""1000"",euid: ""1000"",children pid namespace: ""-1"",pid: ""61221"",seen time: ""1690978427.481"",source: ""syscall"",type: ""Process"",net namespace: ""-1"",ipc namespace: ""-1"",ppid: ""58654"",pid namespace: ""-1"",uid: ""1000"",egid: ""1000"",mount namespace: ""-1"",name: ""shippingservice"",hash: ""3c8e4b17befe54be4e74c32478853187"",user namespace: ""-1""})"
"(:VERTEX {remote port: ""47046"",epoch: ""0"",source: ""syscall"",type: ""Artifact"",version: ""0"",local port: ""6379"",net namespace: ""-1"",local address: ""0.0.0.0"",protocol: ""tcp"",subtype: ""network socket"",remote address: ""192.168.47.128"",hash: ""97b65d2e3f6e2d841e38100ccbbc2439""})"
"(:VERTEX {remote port: ""47044"",epoch: ""0"",source: ""syscall"",type: ""Artifact"",version: ""0"",local port: ""6379"",net namespace: ""-1"",local address: ""0.0.0.0"",protocol: ""tcp"",subtype: ""network socket"",remote address: ""192.168.47.128"",hash: ""55af2c686974633f08de688ceb2c3665""})"
"(:VERTEX {remote port: ""50752"",epoch: ""0"",source: ""syscall"",type: ""Artifact"",version: ""0"",local port: ""9555"",net namespace: ""-1"",local address: ""0000:0000:0000:0000:0000:0000:0000:0000"",protocol: ""tcp"",subtype: ""network socket"",remote address: ""0000:0000:0000:0000:0000:FFFF:C0A8:2F80"",hash: ""301cccf3ebd359479339e25ba790a9d8""})"
"(:VERTEX {remote port: ""50750"",epoch: ""0"",source: ""syscall"",type: ""Artifact"",version: ""0"",local port: ""9555"",net namespace: ""-1"",local address: ""0000:0000:0000:0000:0000:0000:0000:0000"",protocol: ""tcp"",subtype: ""network socket"",remote address: ""0000:0000:0000:0000:0000:FFFF:C0A8:2F80"",hash: ""0766a422f83d68951a4e47427d0a1c70""})"
"(:VERTEX {remote port: ""50678"",epoch: ""0"",source: ""syscall"",type: ""Artifact"",version: ""0"",local port: ""8080"",net namespace: ""-1"",local address: ""0000:0000:0000:0000:0000:0000:0000:0000"",protocol: ""tcp"",subtype: ""network socket"",remote address: ""0000:0000:0000:0000:0000:FFFF:C0A8:2F80"",hash: ""f81e695430f114e837356a291597b450""})"
"(:VERTEX {remote port: ""50686"",epoch: ""0"",source: ""syscall"",type: ""Artifact"",version: ""0"",local port: ""8080"",net namespace: ""-1"",local address: ""0000:0000:0000:0000:0000:0000:0000:0000"",protocol: ""tcp"",subtype: ""network socket"",remote address: ""0000:0000:0000:0000:0000:FFFF:C0A8:2F80"",hash: ""affb69756b02a3700c43d19192a320e0""})"
"(:VERTEX {gid: ""0"",euid: ""999"",children pid namespace: ""-1"",pid: ""148407"",seen time: ""1690978629.042"",source: ""syscall"",type: ""Process"",net namespace: ""-1"",ipc namespace: ""-1"",ppid: ""148398"",pid namespace: ""-1"",uid: ""999"",egid: ""0"",exe: ""/"",mount namespace: ""-1"",name: ""runc:[2:INIT]"",hash: ""1dfdb00f968af4a240d35caf69673a80"",user namespace: ""-1""})"
"(:VERTEX {path: ""/proc/148407/attr/apparmor/exec"",subtype: ""file"",permissions: ""0666"",epoch: ""0"",source: ""syscall"",type: ""Artifact"",version: ""0"",hash: ""08557a28722e0c3d9beace7952e4321c""})"
"(:VERTEX {gid: ""0"",euid: ""999"",children pid namespace: ""-1"",start time: ""1690978629.042"",pid: ""148407"",source: ""syscall"",type: ""Process"",net namespace: ""-1"",ipc namespace: ""-1"",ppid: ""148398"",pid namespace: ""-1"",cwd: ""/"",uid: ""999"",egid: ""0"",exe: ""/usr/bin/check-status"",mount namespace: ""-1"",command line: ""/usr/bin/check-status -l"",name: ""check-status"",hash: ""de46f873963ead68d9cf9543aebaef16"",user namespace: ""-1""})"
"(:VERTEX {memory address: ""7f576cf99000"",size: ""2000"",subtype: ""memory"",tgid: ""148407"",source: ""syscall"",type: ""Artifact"",version: ""0"",hash: ""f450874e010c265e8b9c36a1cb0c2778""})"
"(:VERTEX {memory address: ""7f576cb4e000"",size: ""21f4c0"",subtype: ""memory"",tgid: ""148407"",source: ""syscall"",type: ""Artifact"",version: ""0"",hash: ""b1cf2fdaf6f7497829a2ca1d1dabba9b""})"
"(:VERTEX {memory address: ""7f576cb69000"",size: ""1ff000"",subtype: ""memory"",tgid: ""148407"",source: ""syscall"",type: ""Artifact"",version: ""0"",hash: ""f3272afb2060257c937e64ebe671e175""})"
"(:VERTEX {memory address: ""7f576cd68000"",size: ""2000"",subtype: ""memory"",tgid: ""148407"",source: ""syscall"",type: ""Artifact"",version: ""0"",hash: ""585920e6dbcdd4cad014123d5d817512""})"
"(:VERTEX {memory address: ""7f576cd6a000"",size: ""34c0"",subtype: ""memory"",tgid: ""148407"",source: ""syscall"",type: ""Artifact"",version: ""0"",hash: ""e68c7a935e764ae8aea5450b9260183e""})"
"(:VERTEX {memory address: ""7f576c788000"",size: ""3c58c0"",subtype: ""memory"",tgid: ""148407"",source: ""syscall"",type: ""Artifact"",version: ""0"",hash: ""83c6d9bef119b527a075596178330b59""})"
"(:VERTEX {memory address: ""7f576c944000"",size: ""200000"",subtype: ""memory"",tgid: ""148407"",source: ""syscall"",type: ""Artifact"",version: ""0"",hash: ""2f7a5d04c3f23729a64c82d27abc3e2b""})"
"(:VERTEX {memory address: ""7f576cb44000"",size: ""6000"",subtype: ""memory"",tgid: ""148407"",source: ""syscall"",type: ""Artifact"",version: ""0"",hash: ""f623758fcad7ec59c38d0c5c977f5212""})"
"(:VERTEX {memory address: ""7f576cb4a000"",size: ""38c0"",subtype: ""memory"",tgid: ""148407"",source: ""syscall"",type: ""Artifact"",version: ""0"",hash: ""59b83055a59e035ab5f7f42eb5b967e9""})"
"(:VERTEX {memory address: ""7f576cf96000"",size: ""3000"",subtype: ""memory"",tgid: ""148407"",source: ""syscall"",type: ""Artifact"",version: ""0"",hash: ""c7cab26ccd07caa496b0897c47914e50""})"
"(:VERTEX {memory address: ""7f576cb44000"",size: ""4000"",subtype: ""memory"",tgid: ""148407"",source: ""syscall"",type: ""Artifact"",version: ""0"",hash: ""b303cfaaefb0ea3e89749f62c6e10aa7""})"
"(:VERTEX {memory address: ""7f576cd68000"",size: ""1000"",subtype: ""memory"",tgid: ""148407"",source: ""syscall"",type: ""Artifact"",version: ""0"",hash: ""3ce15db8ac1e5929bdf5cc5443d346ce""})"
"(:VERTEX {memory address: ""7f576cf9b000"",size: ""1000"",subtype: ""memory"",tgid: ""148407"",source: ""syscall"",type: ""Artifact"",version: ""0"",hash: ""3c366d8bec848297114d5761e9c7472d""})"
"(:VERTEX {memory address: ""7f576cf56000"",size: ""40000"",subtype: ""memory"",tgid: ""148407"",source: ""syscall"",type: ""Artifact"",version: ""0"",hash: ""60286bffbceed1ec9066794f89fb1879""})"
"(:VERTEX {memory address: ""7f576cf36000"",size: ""20000"",subtype: ""memory"",tgid: ""148407"",source: ""syscall"",type: ""Artifact"",version: ""0"",hash: ""25fca41ce18c81c265014b32fcf40fea""})"
"(:VERTEX {memory address: ""7f576ce36000"",size: ""100000"",subtype: ""memory"",tgid: ""148407"",source: ""syscall"",type: ""Artifact"",version: ""0"",hash: ""cf11aa25968dcba2010f826c56f7f699""})"
"(:VERTEX {memory address: ""7f576bf88000"",size: ""800000"",subtype: ""memory"",tgid: ""148407"",source: ""syscall"",type: ""Artifact"",version: ""0"",hash: ""975c734142f01d14e6d2c8c40322049c""})"
"(:VERTEX {memory address: ""7f5767f88000"",size: ""4000000"",subtype: ""memory"",tgid: ""148407"",source: ""syscall"",type: ""Artifact"",version: ""0"",hash: ""9f4b73e153890cc930454971871ad32c""})"
"(:VERTEX {memory address: ""7f5747f88000"",size: ""20000000"",subtype: ""memory"",tgid: ""148407"",source: ""syscall"",type: ""Artifact"",version: ""0"",hash: ""877ba2ec154673e2f3e52a43a1e98c3c""})"
"(:VERTEX {memory address: ""c000000000"",size: ""4000000"",subtype: ""memory"",tgid: ""148407"",source: ""syscall"",type: ""Artifact"",version: ""0"",hash: ""8aee17aba00ea544ca1e3161257333a5""})"
"(:VERTEX {memory address: ""7f5745f88000"",size: ""2000000"",subtype: ""memory"",tgid: ""148407"",source: ""syscall"",type: ""Artifact"",version: ""0"",hash: ""c8160711c23fbb1f567d687382223a29""})"
"(:VERTEX {memory address: ""7f5745d77000"",size: ""210c10"",subtype: ""memory"",tgid: ""148407"",source: ""syscall"",type: ""Artifact"",version: ""0"",hash: ""834ed7283069aa9b7c52e8011aefccb4""})"
"(:VERTEX {memory address: ""c000000000"",size: ""400000"",subtype: ""memory"",tgid: ""148407"",source: ""syscall"",type: ""Artifact"",version: ""0"",hash: ""b671de144f877b26c59bbff86aa82660""})"
"(:VERTEX {memory address: ""7f576cf36000"",size: ""20000"",subtype: ""memory"",tgid: ""148407"",source: ""syscall"",type: ""Artifact"",version: ""1"",hash: ""408a40b241b4b3269b80d584fbccf578""})"
"(:VERTEX {memory address: ""7f576ceb6000"",size: ""1000"",subtype: ""memory"",tgid: ""148407"",source: ""syscall"",type: ""Artifact"",version: ""0"",hash: ""12b22359ebbbbdbbd1fea59b32c1b0e0""})"
"(:VERTEX {memory address: ""7f576c38e000"",size: ""1000"",subtype: ""memory"",tgid: ""148407"",source: ""syscall"",type: ""Artifact"",version: ""0"",hash: ""ca1d22d98fb0daa65f5e2749fe14f69c""})"
"(:VERTEX {memory address: ""7f5769fb8000"",size: ""1000"",subtype: ""memory"",tgid: ""148407"",source: ""syscall"",type: ""Artifact"",version: ""0"",hash: ""cbf2ffe3637c8194d77dc9226ccad890""})"
"(:VERTEX {memory address: ""7f5758108000"",size: ""1000"",subtype: ""memory"",tgid: ""148407"",source: ""syscall"",type: ""Artifact"",version: ""0"",hash: ""54a8fe252d4a15d936e1d7655b1c3a15""})"
"(:VERTEX {memory address: ""7f5745c77000"",size: ""100000"",subtype: ""memory"",tgid: ""148407"",source: ""syscall"",type: ""Artifact"",version: ""0"",hash: ""ef973e9bed215ca8e8979849efede956""})"
"(:VERTEX {memory address: ""7f576ce26000"",size: ""10000"",subtype: ""memory"",tgid: ""148407"",source: ""syscall"",type: ""Artifact"",version: ""0"",hash: ""fcdb5c11e5a74d7e45f56da710217486""})"
"(:VERTEX {memory address: ""7f576ce16000"",size: ""10000"",subtype: ""memory"",tgid: ""148407"",source: ""syscall"",type: ""Artifact"",version: ""0"",hash: ""1ed31c8fec24d2e8139d5bb2567dc339""})"
"(:VERTEX {memory address: ""7f5745476000"",size: ""801000"",subtype: ""memory"",tgid: ""148407"",source: ""syscall"",type: ""Artifact"",version: ""0"",hash: ""d8a921e3aff34248f22469d4c1d7d13f""})"
"(:VERTEX {memory address: ""7f5745477000"",size: ""800000"",subtype: ""memory"",tgid: ""148407"",source: ""syscall"",type: ""Artifact"",version: ""0"",hash: ""fd160c82486321d6f538455b93181753""})"
"(:VERTEX {memory address: ""7f573d476000"",size: ""8000000"",subtype: ""memory"",tgid: ""148407"",source: ""syscall"",type: ""Artifact"",version: ""0"",hash: ""b3728f5d936c8efeb6c28d949f64859c""})"
"(:VERTEX {memory address: ""7f5740000000"",size: ""21000"",subtype: ""memory"",tgid: ""148407"",source: ""syscall"",type: ""Artifact"",version: ""0"",hash: ""b815de7e169f9fed5725a5543fef2ace""})"
"(:VERTEX {gid: ""0"",euid: ""999"",children pid namespace: ""4026532779"",start time: ""1690978629.056"",ns pid: ""11448"",pid: ""148414"",source: ""syscall"",type: ""Process"",net namespace: ""4026532705"",ipc namespace: ""4026532772"",ppid: ""148407"",pid namespace: ""4026532779"",cwd: ""/"",uid: ""999"",egid: ""0"",exe: ""/usr/bin/check-status"",mount namespace: ""4026532778"",command line: ""/usr/bin/check-status -l"",name: ""check-status"",hash: ""d5f476388c77515e99f4d38c8063aeb1"",user namespace: ""4026531837""})"
"(:VERTEX {memory address: ""7f5744c75000"",size: ""801000"",subtype: ""memory"",tgid: ""148407"",source: ""syscall"",type: ""Artifact"",version: ""0"",hash: ""30845d661b3404d0d6286c87aaae0d31""})"
"(:VERTEX {memory address: ""7f5744c76000"",size: ""800000"",subtype: ""memory"",tgid: ""148407"",source: ""syscall"",type: ""Artifact"",version: ""0"",hash: ""5280aff0a89867d69cbea780b2b88b78""})"
"(:VERTEX {gid: ""0"",euid: ""999"",children pid namespace: ""4026532779"",start time: ""1690978629.056"",ns pid: ""11449"",pid: ""148415"",source: ""syscall"",type: ""Process"",net namespace: ""4026532705"",ipc namespace: ""4026532772"",ppid: ""148407"",pid namespace: ""4026532779"",cwd: ""/"",uid: ""999"",egid: ""0"",exe: ""/usr/bin/check-status"",mount namespace: ""4026532778"",command line: ""/usr/bin/check-status -l"",name: ""check-status"",hash: ""dc94e2e216d2987e008e9f44bc72e855"",user namespace: ""4026531837""})"
"(:VERTEX {memory address: ""7f5738000000"",size: ""8000000"",subtype: ""memory"",tgid: ""148407"",source: ""syscall"",type: ""Artifact"",version: ""0"",hash: ""ce312a3b6dfb5da785d98aa8176bec4d""})"
"(:VERTEX {memory address: ""7f5738000000"",size: ""21000"",subtype: ""memory"",tgid: ""148407"",source: ""syscall"",type: ""Artifact"",version: ""0"",hash: ""d3e29380b93694b28f5557d3b7f955c1""})"
"(:VERTEX {memory address: ""7f5744474000"",size: ""801000"",subtype: ""memory"",tgid: ""148407"",source: ""syscall"",type: ""Artifact"",version: ""0"",hash: ""932abe14dd86d9dad9e404c207b6a4d2""})"
"(:VERTEX {memory address: ""7f5744475000"",size: ""800000"",subtype: ""memory"",tgid: ""148407"",source: ""syscall"",type: ""Artifact"",version: ""0"",hash: ""f1e3db83ac3a20180cec084077489b13""})"
"(:VERTEX {gid: ""0"",euid: ""999"",children pid namespace: ""4026532779"",start time: ""1690978629.056"",ns pid: ""11450"",pid: ""148416"",source: ""syscall"",type: ""Process"",net namespace: ""4026532705"",ipc namespace: ""4026532772"",ppid: ""148407"",pid namespace: ""4026532779"",cwd: ""/"",uid: ""999"",egid: ""0"",exe: ""/usr/bin/check-status"",mount namespace: ""4026532778"",command line: ""/usr/bin/check-status -l"",name: ""check-status"",hash: ""661f04033b7c54440766a1c2b56f1a67"",user namespace: ""4026531837""})"
"(:VERTEX {memory address: ""7f573c000000"",size: ""4000000"",subtype: ""memory"",tgid: ""148407"",source: ""syscall"",type: ""Artifact"",version: ""0"",hash: ""65177bdc0a2af2b045eeeba01f016131""})"
"(:VERTEX {memory address: ""7f573c000000"",size: ""21000"",subtype: ""memory"",tgid: ""148407"",source: ""syscall"",type: ""Artifact"",version: ""0"",hash: ""409dec0e55c7a9cc494ecd87110bbd9a""})"
"(:VERTEX {memory address: ""7f576cdd6000"",size: ""40000"",subtype: ""memory"",tgid: ""148407"",source: ""syscall"",type: ""Artifact"",version: ""0"",hash: ""de5611febeae3a70619e5c3451aa4f4c""})"
"(:VERTEX {memory address: ""7f57377ff000"",size: ""801000"",subtype: ""memory"",tgid: ""148407"",source: ""syscall"",type: ""Artifact"",version: ""0"",hash: ""1220ff935472d3a4f687754a88080d84""})"
"(:VERTEX {memory address: ""7f5737800000"",size: ""800000"",subtype: ""memory"",tgid: ""148407"",source: ""syscall"",type: ""Artifact"",version: ""0"",hash: ""f10b675b33b17340ffdc33ce54debf2d""})"
"(:VERTEX {gid: ""0"",euid: ""999"",children pid namespace: ""4026532779"",start time: ""1690978629.056"",ns pid: ""11451"",pid: ""148417"",source: ""syscall"",type: ""Process"",net namespace: ""4026532705"",ipc namespace: ""4026532772"",ppid: ""148407"",pid namespace: ""4026532779"",cwd: ""/"",uid: ""999"",egid: ""0"",exe: ""/usr/bin/check-status"",mount namespace: ""4026532778"",command line: ""/usr/bin/check-status -l"",name: ""check-status"",hash: ""93578321f53a30778d67630c9d8ec214"",user namespace: ""4026531837""})"
"(:VERTEX {memory address: ""7f572f7ff000"",size: ""8000000"",subtype: ""memory"",tgid: ""148407"",source: ""syscall"",type: ""Artifact"",version: ""0"",hash: ""348b760b0bc61d8d289f1118c2c0099e""})"
"(:VERTEX {memory address: ""7f5730000000"",size: ""21000"",subtype: ""memory"",tgid: ""148407"",source: ""syscall"",type: ""Artifact"",version: ""0"",hash: ""88b18d79b8e0c37b43deff42c52d264d""})"
"(:VERTEX {memory address: ""7f5736ffe000"",size: ""801000"",subtype: ""memory"",tgid: ""148407"",source: ""syscall"",type: ""Artifact"",version: ""0"",hash: ""e9094dc0091196a7d4c84599c6d8c418""})"
"(:VERTEX {memory address: ""7f5736fff000"",size: ""800000"",subtype: ""memory"",tgid: ""148407"",source: ""syscall"",type: ""Artifact"",version: ""0"",hash: ""588f4b3fd9129dadf1c81f50f367e6fd""})"
"(:VERTEX {gid: ""0"",euid: ""999"",children pid namespace: ""4026532779"",start time: ""1690978629.056"",ns pid: ""11452"",pid: ""148418"",source: ""syscall"",type: ""Process"",net namespace: ""4026532705"",ipc namespace: ""4026532772"",ppid: ""148407"",pid namespace: ""4026532779"",cwd: ""/"",uid: ""999"",egid: ""0"",exe: ""/usr/bin/check-status"",mount namespace: ""4026532778"",command line: ""/usr/bin/check-status -l"",name: ""check-status"",hash: ""91d3c19d3dade308ef84a359668a3a69"",user namespace: ""4026531837""})"
"(:VERTEX {memory address: ""7f5728000000"",size: ""8000000"",subtype: ""memory"",tgid: ""148407"",source: ""syscall"",type: ""Artifact"",version: ""0"",hash: ""203a981dc40a0862064863e7c702e3c9""})"
"(:VERTEX {memory address: ""7f5728000000"",size: ""21000"",subtype: ""memory"",tgid: ""148407"",source: ""syscall"",type: ""Artifact"",version: ""0"",hash: ""ce48afc5b2e867624d0cb6628bbbbb73""})"
"(:VERTEX {memory address: ""7f57367fd000"",size: ""801000"",subtype: ""memory"",tgid: ""148407"",source: ""syscall"",type: ""Artifact"",version: ""0"",hash: ""7dc9f3fb10e414d11b149635cb95675e""})"
"(:VERTEX {memory address: ""7f57367fe000"",size: ""800000"",subtype: ""memory"",tgid: ""148407"",source: ""syscall"",type: ""Artifact"",version: ""0"",hash: ""d54b643bba8b50abe19d0dba74de27b5""})"
"(:VERTEX {gid: ""0"",euid: ""999"",children pid namespace: ""4026532779"",start time: ""1690978629.060"",ns pid: ""11453"",pid: ""148419"",source: ""syscall"",type: ""Process"",net namespace: ""4026532705"",ipc namespace: ""4026532772"",ppid: ""148407"",pid namespace: ""4026532779"",cwd: ""/"",uid: ""999"",egid: ""0"",exe: ""/usr/bin/check-status"",mount namespace: ""4026532778"",command line: ""/usr/bin/check-status -l"",name: ""check-status"",hash: ""69a7d359fba68a807b43478459665d1b"",user namespace: ""4026531837""})"
"(:VERTEX {gid: ""1000"",euid: ""1000"",children pid namespace: ""-1"",pid: ""61363"",seen time: ""1690978630.748"",source: ""syscall"",type: ""Process"",net namespace: ""-1"",ipc namespace: ""-1"",ppid: ""59024"",pid namespace: ""-1"",uid: ""1000"",egid: ""1000"",exe: ""/app/cartservice"",mount namespace: ""-1"",name: "".NET ThreadPool"",hash: ""f51d30d72488b2ea41d28e09cc1b9b16"",user namespace: ""-1""})"
"(:VERTEX {memory address: ""7f981a38e000"",size: ""183000"",subtype: ""memory"",tgid: ""61363"",source: ""syscall"",type: ""Artifact"",version: ""1"",hash: ""93af6e7b9e7d8f522f141f444be95903""})"
"(:VERTEX {memory address: ""7f981a390000"",size: ""181000"",subtype: ""memory"",tgid: ""61363"",source: ""syscall"",type: ""Artifact"",version: ""1"",hash: ""0f7edfad71b4bfb11f67accad6059b34""})"
"(:VERTEX {gid: ""1000"",euid: ""1000"",children pid namespace: ""4026533564"",start time: ""1690978630.748"",ns pid: ""167"",pid: ""148420"",source: ""syscall"",type: ""Process"",net namespace: ""4026533266"",ipc namespace: ""4026533539"",ppid: ""61363"",pid namespace: ""4026533564"",uid: ""1000"",egid: ""1000"",exe: ""/app/cartservice"",mount namespace: ""4026533563"",name: "".NET ThreadPool"",hash: ""cf0b961399bf8de94f421dde5b235fb2"",user namespace: ""4026531837""})"
"(:VERTEX {memory address: ""7f981aa1c000"",size: ""4000"",subtype: ""memory"",tgid: ""61363"",source: ""syscall"",type: ""Artifact"",version: ""2"",hash: ""873fd5726eacccfe388f896c966bf650""})"
"(:VERTEX {memory address: ""7f981aa1c000"",size: ""1000"",subtype: ""memory"",tgid: ""61363"",source: ""syscall"",type: ""Artifact"",version: ""2"",hash: ""76d05296d7de3555f1afc8f30fde7aff""})"
"(:VERTEX {path: ""/proc/61363/task/167/comm"",subtype: ""file"",permissions: ""0644"",epoch: ""0"",source: ""syscall"",type: ""Artifact"",version: ""0"",hash: ""9c2384f713407506c5860a7788ee0ecd""})"
"(:VERTEX {memory address: ""7f981a9fe000"",size: ""11000"",subtype: ""memory"",tgid: ""61363"",source: ""syscall"",type: ""Artifact"",version: ""0"",hash: ""df8919d8b0e0d13ec52a409d10cc0760""})"
"(:VERTEX {memory address: ""7f981a9fd000"",size: ""1000"",subtype: ""memory"",tgid: ""61363"",source: ""syscall"",type: ""Artifact"",version: ""0"",hash: ""2d9a3cfb0ea89dd8fe437185057bb00e""})"
"(:VERTEX {subtype: ""unknown"",tgid: ""61363"",epoch: ""1"",source: ""syscall"",type: ""Artifact"",version: ""0"",hash: ""a0fbc767db8c13068912ecc2a04a122a"",fd: ""8""})"
"(:VERTEX {memory address: ""7f97f9bb6000"",size: ""183000"",subtype: ""memory"",tgid: ""61363"",source: ""syscall"",type: ""Artifact"",version: ""2"",hash: ""af811a5d5a888a9d255fdcd2f568d3a5""})"
"(:VERTEX {memory address: ""7f97f9bb8000"",size: ""181000"",subtype: ""memory"",tgid: ""61363"",source: ""syscall"",type: ""Artifact"",version: ""2"",hash: ""2cc3292b180d5c3b411a325baf2fa90f""})"
"(:VERTEX {gid: ""1000"",euid: ""1000"",children pid namespace: ""4026533564"",start time: ""1690978632.444"",ns pid: ""168"",pid: ""148423"",source: ""syscall"",type: ""Process"",net namespace: ""4026533266"",ipc namespace: ""4026533539"",ppid: ""61363"",pid namespace: ""4026533564"",uid: ""1000"",egid: ""1000"",exe: ""/app/cartservice"",mount namespace: ""4026533563"",name: "".NET ThreadPool"",hash: ""384dd54851c78ebf16050b530b43820d"",user namespace: ""4026531837""})"
"(:VERTEX {memory address: ""7f981a9f9000"",size: ""4000"",subtype: ""memory"",tgid: ""61363"",source: ""syscall"",type: ""Artifact"",version: ""0"",hash: ""7389587af9510aabf6bf3dfc28710e75""})"
"(:VERTEX {memory address: ""7f981a9f9000"",size: ""1000"",subtype: ""memory"",tgid: ""61363"",source: ""syscall"",type: ""Artifact"",version: ""0"",hash: ""940c8062aa6806f76dd341e83bdd8913""})"
"(:VERTEX {remote port: ""42534"",epoch: ""0"",source: ""syscall"",type: ""Artifact"",version: ""0"",local port: ""50051"",net namespace: ""-1"",local address: ""0000:0000:0000:0000:0000:0000:0000:0000"",protocol: ""tcp"",subtype: ""network socket"",remote address: ""0000:0000:0000:0000:0000:FFFF:C0A8:2F80"",hash: ""6de29d829c02eefa9c736495d033c5c9""})"
"(:VERTEX {remote port: ""42536"",epoch: ""0"",source: ""syscall"",type: ""Artifact"",version: ""0"",local port: ""50051"",net namespace: ""-1"",local address: ""0000:0000:0000:0000:0000:0000:0000:0000"",protocol: ""tcp"",subtype: ""network socket"",remote address: ""0000:0000:0000:0000:0000:FFFF:C0A8:2F80"",hash: ""36e9f9bafb8002ef8250e4e0edf1689a""})"
"(:VERTEX {remote port: ""45912"",epoch: ""0"",source: ""syscall"",type: ""Artifact"",version: ""0"",local port: ""7000"",net namespace: ""-1"",local address: ""0000:0000:0000:0000:0000:0000:0000:0000"",protocol: ""tcp"",subtype: ""network socket"",remote address: ""0000:0000:0000:0000:0000:FFFF:C0A8:2F80"",hash: ""3176884bdc4318190eb8c4e7564a6858""})"
"(:VERTEX {remote port: ""45926"",epoch: ""0"",source: ""syscall"",type: ""Artifact"",version: ""0"",local port: ""7000"",net namespace: ""-1"",local address: ""0000:0000:0000:0000:0000:0000:0000:0000"",protocol: ""tcp"",subtype: ""network socket"",remote address: ""0000:0000:0000:0000:0000:FFFF:C0A8:2F80"",hash: ""d3cf6446eb83d949d8e7ca3aa1aca4b6""})"
"(:VERTEX {remote port: ""47062"",epoch: ""0"",source: ""syscall"",type: ""Artifact"",version: ""0"",local port: ""6379"",net namespace: ""-1"",local address: ""0.0.0.0"",protocol: ""tcp"",subtype: ""network socket"",remote address: ""192.168.47.128"",hash: ""c5b165d97a6e71e6be3ce8c75bba3f71""})"
"(:VERTEX {remote port: ""51034"",epoch: ""0"",source: ""syscall"",type: ""Artifact"",version: ""0"",local port: ""5050"",net namespace: ""-1"",local address: ""0000:0000:0000:0000:0000:0000:0000:0000"",protocol: ""tcp"",subtype: ""network socket"",remote address: ""0000:0000:0000:0000:0000:FFFF:C0A8:2F80"",hash: ""4d0c690f5c3a8e3169a590700bd3de94""})"
"(:VERTEX {remote port: ""47068"",epoch: ""0"",source: ""syscall"",type: ""Artifact"",version: ""0"",local port: ""6379"",net namespace: ""-1"",local address: ""0.0.0.0"",protocol: ""tcp"",subtype: ""network socket"",remote address: ""192.168.47.128"",hash: ""a16fcb10fc9fa367e8daedd1faabe6e1""})"
"(:VERTEX {remote port: ""51040"",epoch: ""0"",source: ""syscall"",type: ""Artifact"",version: ""0"",local port: ""5050"",net namespace: ""-1"",local address: ""0000:0000:0000:0000:0000:0000:0000:0000"",protocol: ""tcp"",subtype: ""network socket"",remote address: ""0000:0000:0000:0000:0000:FFFF:C0A8:2F80"",hash: ""01ae7bca59b875ebba5c18c0dc3365e2""})"
"(:VERTEX {remote port: ""44710"",epoch: ""0"",source: ""syscall"",type: ""Artifact"",version: ""0"",local port: ""8080"",net namespace: ""-1"",local address: ""0000:0000:0000:0000:0000:0000:0000:0000"",protocol: ""tcp"",subtype: ""network socket"",remote address: ""0000:0000:0000:0000:0000:FFFF:C0A8:2F80"",hash: ""fdf8d298b44c01a1123a65bd49bd5bfa""})"
"(:VERTEX {remote port: ""44714"",epoch: ""0"",source: ""syscall"",type: ""Artifact"",version: ""0"",local port: ""8080"",net namespace: ""-1"",local address: ""0000:0000:0000:0000:0000:0000:0000:0000"",protocol: ""tcp"",subtype: ""network socket"",remote address: ""0000:0000:0000:0000:0000:FFFF:C0A8:2F80"",hash: ""e1e4cf9b434596d52d8a3bbc06a6b680""})"
"(:VERTEX {remote port: ""59926"",epoch: ""0"",source: ""syscall"",type: ""Artifact"",version: ""0"",local port: ""7070"",net namespace: ""4026533266"",local address: ""0000:0000:0000:0000:0000:0000:0000:0000"",protocol: ""tcp"",subtype: ""network socket"",remote address: ""0000:0000:0000:0000:0000:FFFF:C0A8:2F80"",hash: ""0959617a3d85927bb974a1f56d47135d""})"
"(:VERTEX {remote port: ""41744"",epoch: ""0"",source: ""syscall"",type: ""Artifact"",version: ""0"",local port: ""50051"",net namespace: ""-1"",local address: ""0000:0000:0000:0000:0000:0000:0000:0000"",protocol: ""tcp"",subtype: ""network socket"",remote address: ""0000:0000:0000:0000:0000:FFFF:C0A8:2F80"",hash: ""8488575aac88d5033bbec6cf676e0371""})"
"(:VERTEX {remote port: ""55588"",epoch: ""0"",source: ""syscall"",type: ""Artifact"",version: ""0"",local port: ""3550"",net namespace: ""-1"",local address: ""0000:0000:0000:0000:0000:0000:0000:0000"",protocol: ""tcp"",subtype: ""network socket"",remote address: ""0000:0000:0000:0000:0000:FFFF:C0A8:2F80"",hash: ""3f31bd038bc9c44f667d652b9eff3750""})"
"(:VERTEX {remote port: ""50702"",epoch: ""0"",source: ""syscall"",type: ""Artifact"",version: ""0"",local port: ""8080"",net namespace: ""-1"",local address: ""0000:0000:0000:0000:0000:0000:0000:0000"",protocol: ""tcp"",subtype: ""network socket"",remote address: ""0000:0000:0000:0000:0000:FFFF:C0A8:2F80"",hash: ""00c6f3f90d3626e8f4b013e4067477e3""})"
"(:VERTEX {remote port: ""50714"",epoch: ""0"",source: ""syscall"",type: ""Artifact"",version: ""0"",local port: ""8080"",net namespace: ""-1"",local address: ""0000:0000:0000:0000:0000:0000:0000:0000"",protocol: ""tcp"",subtype: ""network socket"",remote address: ""0000:0000:0000:0000:0000:FFFF:C0A8:2F80"",hash: ""872a81aa10007c85e1d8da8cb23f1b01""})"
"(:VERTEX {remote port: ""59942"",epoch: ""0"",source: ""syscall"",type: ""Artifact"",version: ""0"",local port: ""7070"",net namespace: ""4026533266"",local address: ""0000:0000:0000:0000:0000:0000:0000:0000"",protocol: ""tcp"",subtype: ""network socket"",remote address: ""0000:0000:0000:0000:0000:FFFF:C0A8:2F80"",hash: ""d11aecfe4a6924cff1a527cb2fc26d9a""})"
"(:VERTEX {remote port: ""41752"",epoch: ""0"",source: ""syscall"",type: ""Artifact"",version: ""0"",local port: ""50051"",net namespace: ""-1"",local address: ""0000:0000:0000:0000:0000:0000:0000:0000"",protocol: ""tcp"",subtype: ""network socket"",remote address: ""0000:0000:0000:0000:0000:FFFF:C0A8:2F80"",hash: ""cbfdee55fe33cf32e80d95462a8feaed""})"
"(:VERTEX {remote port: ""55598"",epoch: ""0"",source: ""syscall"",type: ""Artifact"",version: ""0"",local port: ""3550"",net namespace: ""-1"",local address: ""0000:0000:0000:0000:0000:0000:0000:0000"",protocol: ""tcp"",subtype: ""network socket"",remote address: ""0000:0000:0000:0000:0000:FFFF:C0A8:2F80"",hash: ""529c1cab8f1498f2e59f3a00b81d5cfe""})"
"(:VERTEX {remote port: ""53"",epoch: ""0"",source: ""syscall"",type: ""Artifact"",version: ""0"",local port: ""59265"",net namespace: ""-1"",local address: ""10.1.251.204"",protocol: ""udp"",subtype: ""network socket"",remote address: ""10.152.183.10"",hash: ""89c2125fc953db1766d7f80abd036a32""})"
"(:VERTEX {remote port: ""53"",epoch: ""0"",source: ""syscall"",type: ""Artifact"",version: ""0"",local port: ""43384"",net namespace: ""-1"",local address: ""10.1.251.204"",protocol: ""udp"",subtype: ""network socket"",remote address: ""10.152.183.10"",hash: ""d728f3eb1ee4403ef63760b0bd681b06""})"
"(:VERTEX {gid: ""0"",euid: ""999"",children pid namespace: ""-1"",pid: ""148559"",seen time: ""1690978636.897"",source: ""syscall"",type: ""Process"",net namespace: ""-1"",ipc namespace: ""-1"",ppid: ""148549"",pid namespace: ""-1"",uid: ""999"",egid: ""0"",exe: ""/"",mount namespace: ""-1"",name: ""runc:[2:INIT]"",hash: ""ea8df3ea5b5724ce9da009d45e670f91"",user namespace: ""-1""})"
"(:VERTEX {path: ""/proc/148559/attr/apparmor/exec"",subtype: ""file"",permissions: ""0666"",epoch: ""0"",source: ""syscall"",type: ""Artifact"",version: ""0"",hash: ""96e782c05c85c5d1fc9ebf04c648bb7e""})"
"(:VERTEX {gid: ""0"",euid: ""999"",children pid namespace: ""-1"",start time: ""1690978636.897"",pid: ""148559"",source: ""syscall"",type: ""Process"",net namespace: ""-1"",ipc namespace: ""-1"",ppid: ""148549"",pid namespace: ""-1"",cwd: ""/"",uid: ""999"",egid: ""0"",exe: ""/usr/bin/check-status"",mount namespace: ""-1"",command line: ""/usr/bin/check-status -r"",name: ""check-status"",hash: ""088b464ecb85011dc5823481bfece8e4"",user namespace: ""-1""})"
"(:VERTEX {memory address: ""7f34a9292000"",size: ""2000"",subtype: ""memory"",tgid: ""148559"",source: ""syscall"",type: ""Artifact"",version: ""0"",hash: ""48c7c80190c06a7ee050dec98c8d00c6""})"
"(:VERTEX {memory address: ""7f34a8e47000"",size: ""21f4c0"",subtype: ""memory"",tgid: ""148559"",source: ""syscall"",type: ""Artifact"",version: ""0"",hash: ""724b1a884c799b0e2add1a31c4b08ff1""})"
"(:VERTEX {memory address: ""7f34a8e62000"",size: ""1ff000"",subtype: ""memory"",tgid: ""148559"",source: ""syscall"",type: ""Artifact"",version: ""0"",hash: ""400e9e8979fae0043dd055eb3e575bab""})"
"(:VERTEX {memory address: ""7f34a9061000"",size: ""2000"",subtype: ""memory"",tgid: ""148559"",source: ""syscall"",type: ""Artifact"",version: ""0"",hash: ""7594f08cb69d86714ae53a54fd651262""})"
"(:VERTEX {memory address: ""7f34a9063000"",size: ""34c0"",subtype: ""memory"",tgid: ""148559"",source: ""syscall"",type: ""Artifact"",version: ""0"",hash: ""6940560ddede200be5fd3e8bca0056d7""})"
"(:VERTEX {memory address: ""7f34a8a81000"",size: ""3c58c0"",subtype: ""memory"",tgid: ""148559"",source: ""syscall"",type: ""Artifact"",version: ""0"",hash: ""a993d02bd4bbdfe86852aee2a772fdb1""})"
"(:VERTEX {memory address: ""7f34a8c3d000"",size: ""200000"",subtype: ""memory"",tgid: ""148559"",source: ""syscall"",type: ""Artifact"",version: ""0"",hash: ""e570d7d787351ec0739d7e92f6773982""})"
"(:VERTEX {memory address: ""7f34a8e3d000"",size: ""6000"",subtype: ""memory"",tgid: ""148559"",source: ""syscall"",type: ""Artifact"",version: ""0"",hash: ""b9471cb4ee618b218cc91108a3abe6a8""})"
"(:VERTEX {memory address: ""7f34a8e43000"",size: ""38c0"",subtype: ""memory"",tgid: ""148559"",source: ""syscall"",type: ""Artifact"",version: ""0"",hash: ""856da7af5f84749e9c5e63af96dcab66""})"
"(:VERTEX {memory address: ""7f34a928f000"",size: ""3000"",subtype: ""memory"",tgid: ""148559"",source: ""syscall"",type: ""Artifact"",version: ""0"",hash: ""06bf03188a92f40799b9b650e9e3dff7""})"
"(:VERTEX {memory address: ""7f34a8e3d000"",size: ""4000"",subtype: ""memory"",tgid: ""148559"",source: ""syscall"",type: ""Artifact"",version: ""0"",hash: ""8712fe737f157f958fee8ecebbc73376""})"
"(:VERTEX {memory address: ""7f34a9061000"",size: ""1000"",subtype: ""memory"",tgid: ""148559"",source: ""syscall"",type: ""Artifact"",version: ""0"",hash: ""555a4d9f4933607a90a4555a9d5655af""})"
"(:VERTEX {memory address: ""7f34a9294000"",size: ""1000"",subtype: ""memory"",tgid: ""148559"",source: ""syscall"",type: ""Artifact"",version: ""0"",hash: ""ac2ade0be587660c1bb6e48b2782e5d1""})"
"(:VERTEX {memory address: ""7f34a924f000"",size: ""40000"",subtype: ""memory"",tgid: ""148559"",source: ""syscall"",type: ""Artifact"",version: ""0"",hash: ""e35583294217567126211d52eaa5f612""})"
"(:VERTEX {memory address: ""7f34a922f000"",size: ""20000"",subtype: ""memory"",tgid: ""148559"",source: ""syscall"",type: ""Artifact"",version: ""0"",hash: ""56ae43545acca155500509eb33083b79""})"
"(:VERTEX {memory address: ""7f34a912f000"",size: ""100000"",subtype: ""memory"",tgid: ""148559"",source: ""syscall"",type: ""Artifact"",version: ""0"",hash: ""c00cc47aee2d46fd42334753736b05f3""})"
"(:VERTEX {memory address: ""7f34a8281000"",size: ""800000"",subtype: ""memory"",tgid: ""148559"",source: ""syscall"",type: ""Artifact"",version: ""0"",hash: ""185a040ac0b96e5a33deb70ae176e226""})"
"(:VERTEX {memory address: ""7f34a4281000"",size: ""4000000"",subtype: ""memory"",tgid: ""148559"",source: ""syscall"",type: ""Artifact"",version: ""0"",hash: ""7ce283f475d7cf02c6e948b19e178c14""})"
"(:VERTEX {memory address: ""7f3484281000"",size: ""20000000"",subtype: ""memory"",tgid: ""148559"",source: ""syscall"",type: ""Artifact"",version: ""0"",hash: ""09c0019089c98356afbd561291ea3d75""})"
"(:VERTEX {memory address: ""c000000000"",size: ""4000000"",subtype: ""memory"",tgid: ""148559"",source: ""syscall"",type: ""Artifact"",version: ""0"",hash: ""7c9a1df223e6815a42bccbff7711590b""})"
"(:VERTEX {memory address: ""7f3482281000"",size: ""2000000"",subtype: ""memory"",tgid: ""148559"",source: ""syscall"",type: ""Artifact"",version: ""0"",hash: ""ea6681cd75b0259d75a8a7819175de83""})"
"(:VERTEX {memory address: ""7f3482070000"",size: ""210c10"",subtype: ""memory"",tgid: ""148559"",source: ""syscall"",type: ""Artifact"",version: ""0"",hash: ""49286e7b609c188949e3370ef3847c2f""})"
"(:VERTEX {memory address: ""c000000000"",size: ""400000"",subtype: ""memory"",tgid: ""148559"",source: ""syscall"",type: ""Artifact"",version: ""0"",hash: ""41d8fa017022fdf4e024766997306ada""})"
"(:VERTEX {memory address: ""7f34a922f000"",size: ""20000"",subtype: ""memory"",tgid: ""148559"",source: ""syscall"",type: ""Artifact"",version: ""1"",hash: ""b8653870081ed0d06aa1fb45670ea9d2""})"
"(:VERTEX {memory address: ""7f34a91af000"",size: ""1000"",subtype: ""memory"",tgid: ""148559"",source: ""syscall"",type: ""Artifact"",version: ""0"",hash: ""541c8fff1d295e0b48394f0abcdbd1b1""})"
"(:VERTEX {memory address: ""7f34a8687000"",size: ""1000"",subtype: ""memory"",tgid: ""148559"",source: ""syscall"",type: ""Artifact"",version: ""0"",hash: ""4835e6e3e8d27d37d8241ceb1a5ffee7""})"
"(:VERTEX {memory address: ""7f34a62b1000"",size: ""1000"",subtype: ""memory"",tgid: ""148559"",source: ""syscall"",type: ""Artifact"",version: ""0"",hash: ""63e50fd673cad49987bd4dcd39e204d6""})"
"(:VERTEX {memory address: ""7f3494401000"",size: ""1000"",subtype: ""memory"",tgid: ""148559"",source: ""syscall"",type: ""Artifact"",version: ""0"",hash: ""b51d6d6192e59477fef0e02b901fd506""})"
"(:VERTEX {memory address: ""7f3481f70000"",size: ""100000"",subtype: ""memory"",tgid: ""148559"",source: ""syscall"",type: ""Artifact"",version: ""0"",hash: ""bcde2f49bd28c511cc183dadf70b3bba""})"
"(:VERTEX {memory address: ""7f34a911f000"",size: ""10000"",subtype: ""memory"",tgid: ""148559"",source: ""syscall"",type: ""Artifact"",version: ""0"",hash: ""b22ac5f869d24c2e9664b52e77e56bf2""})"
"(:VERTEX {memory address: ""7f34a910f000"",size: ""10000"",subtype: ""memory"",tgid: ""148559"",source: ""syscall"",type: ""Artifact"",version: ""0"",hash: ""5bb096762958413e9bf81982cdc35f2d""})"
"(:VERTEX {memory address: ""7f348176f000"",size: ""801000"",subtype: ""memory"",tgid: ""148559"",source: ""syscall"",type: ""Artifact"",version: ""0"",hash: ""e5977720f1d1469f46703d579ae7620c""})"
"(:VERTEX {memory address: ""7f3481770000"",size: ""800000"",subtype: ""memory"",tgid: ""148559"",source: ""syscall"",type: ""Artifact"",version: ""0"",hash: ""07fa8c4e4faf7901533378bbb71f8ba4""})"
"(:VERTEX {gid: ""0"",euid: ""999"",children pid namespace: ""4026532779"",start time: ""1690978636.901"",ns pid: ""11460"",pid: ""148565"",source: ""syscall"",type: ""Process"",net namespace: ""4026532705"",ipc namespace: ""4026532772"",ppid: ""148559"",pid namespace: ""4026532779"",cwd: ""/"",uid: ""999"",egid: ""0"",exe: ""/usr/bin/check-status"",mount namespace: ""4026532778"",command line: ""/usr/bin/check-status -r"",name: ""check-status"",hash: ""4d363a472d0137723fcddc3f7703a3a9"",user namespace: ""4026531837""})"
"(:VERTEX {memory address: ""7f3480f6e000"",size: ""801000"",subtype: ""memory"",tgid: ""148559"",source: ""syscall"",type: ""Artifact"",version: ""0"",hash: ""7e78f0d39a72a61e6eee98c9a72c8351""})"
"(:VERTEX {memory address: ""7f3478f6e000"",size: ""8000000"",subtype: ""memory"",tgid: ""148559"",source: ""syscall"",type: ""Artifact"",version: ""0"",hash: ""20b926289cdd32be139c44280f9969cd""})"
"(:VERTEX {memory address: ""7f3480f6f000"",size: ""800000"",subtype: ""memory"",tgid: ""148559"",source: ""syscall"",type: ""Artifact"",version: ""0"",hash: ""1a18baba9a5bd7d56731a99b8d84cbff""})"
"(:VERTEX {memory address: ""7f347c000000"",size: ""21000"",subtype: ""memory"",tgid: ""148559"",source: ""syscall"",type: ""Artifact"",version: ""0"",hash: ""2a790b15598f67f18fff9f0285a7bd34""})"
"(:VERTEX {gid: ""0"",euid: ""999"",children pid namespace: ""4026532779"",start time: ""1690978636.901"",ns pid: ""11461"",pid: ""148566"",source: ""syscall"",type: ""Process"",net namespace: ""4026532705"",ipc namespace: ""4026532772"",ppid: ""148559"",pid namespace: ""4026532779"",cwd: ""/"",uid: ""999"",egid: ""0"",exe: ""/usr/bin/check-status"",mount namespace: ""4026532778"",command line: ""/usr/bin/check-status -r"",name: ""check-status"",hash: ""298db4dc27e6ab10fea908cce4a1f229"",user namespace: ""4026531837""})"
"(:VERTEX {memory address: ""7f348076d000"",size: ""801000"",subtype: ""memory"",tgid: ""148559"",source: ""syscall"",type: ""Artifact"",version: ""0"",hash: ""29037f3e666102af676f246a463e6541""})"
"(:VERTEX {memory address: ""7f348076e000"",size: ""800000"",subtype: ""memory"",tgid: ""148559"",source: ""syscall"",type: ""Artifact"",version: ""0"",hash: ""31358054d1986101b983bd0924f6ea86""})"
"(:VERTEX {gid: ""0"",euid: ""999"",children pid namespace: ""4026532779"",start time: ""1690978636.901"",ns pid: ""11462"",pid: ""148567"",source: ""syscall"",type: ""Process"",net namespace: ""4026532705"",ipc namespace: ""4026532772"",ppid: ""148559"",pid namespace: ""4026532779"",cwd: ""/"",uid: ""999"",egid: ""0"",exe: ""/usr/bin/check-status"",mount namespace: ""4026532778"",command line: ""/usr/bin/check-status -r"",name: ""check-status"",hash: ""db7e56982ee823f33e1d41e050ba05b6"",user namespace: ""4026531837""})"
"(:VERTEX {memory address: ""7f3474000000"",size: ""8000000"",subtype: ""memory"",tgid: ""148559"",source: ""syscall"",type: ""Artifact"",version: ""0"",hash: ""776e07e9060586bd1727216e06717dff""})"
"(:VERTEX {memory address: ""7f3474000000"",size: ""21000"",subtype: ""memory"",tgid: ""148559"",source: ""syscall"",type: ""Artifact"",version: ""0"",hash: ""f22a99558c6d88e4f8c584496f99a709""})"
"(:VERTEX {memory address: ""7f34a90cf000"",size: ""40000"",subtype: ""memory"",tgid: ""148559"",source: ""syscall"",type: ""Artifact"",version: ""0"",hash: ""3b82c4c5e9755cfc1299c135bb71cb42""})"
"(:VERTEX {memory address: ""7f347b7ff000"",size: ""801000"",subtype: ""memory"",tgid: ""148559"",source: ""syscall"",type: ""Artifact"",version: ""0"",hash: ""e8c1e9c55255105ece83806087395fc7""})"
"(:VERTEX {memory address: ""7f347b800000"",size: ""800000"",subtype: ""memory"",tgid: ""148559"",source: ""syscall"",type: ""Artifact"",version: ""0"",hash: ""68578b441ec25de1d043a0e0f1ab4e30""})"
"(:VERTEX {memory address: ""7f3470000000"",size: ""4000000"",subtype: ""memory"",tgid: ""148559"",source: ""syscall"",type: ""Artifact"",version: ""0"",hash: ""2a9ceef674f5bae879d286c36d747071""})"
"(:VERTEX {gid: ""0"",euid: ""999"",children pid namespace: ""4026532779"",start time: ""1690978636.901"",ns pid: ""11463"",pid: ""148568"",source: ""syscall"",type: ""Process"",net namespace: ""4026532705"",ipc namespace: ""4026532772"",ppid: ""148559"",pid namespace: ""4026532779"",cwd: ""/"",uid: ""999"",egid: ""0"",exe: ""/usr/bin/check-status"",mount namespace: ""4026532778"",command line: ""/usr/bin/check-status -r"",name: ""check-status"",hash: ""aa48cda66e62d890538f68933cebe588"",user namespace: ""4026531837""})"
"(:VERTEX {memory address: ""7f346c000000"",size: ""4000000"",subtype: ""memory"",tgid: ""148559"",source: ""syscall"",type: ""Artifact"",version: ""0"",hash: ""9f0d662eae536614c4b40adea7e22c5b""})"
"(:VERTEX {memory address: ""7f346c000000"",size: ""21000"",subtype: ""memory"",tgid: ""148559"",source: ""syscall"",type: ""Artifact"",version: ""0"",hash: ""ab642caca79c64761a242c216eeb23dd""})"
"(:VERTEX {memory address: ""7f3470000000"",size: ""21000"",subtype: ""memory"",tgid: ""148559"",source: ""syscall"",type: ""Artifact"",version: ""0"",hash: ""fbd721f9d1db97d50bab10c358e814ef""})"
"(:VERTEX {memory address: ""7f347affe000"",size: ""801000"",subtype: ""memory"",tgid: ""148559"",source: ""syscall"",type: ""Artifact"",version: ""0"",hash: ""dca2dcc5ad56a6de92436313828317e7""})"
"(:VERTEX {memory address: ""7f347afff000"",size: ""800000"",subtype: ""memory"",tgid: ""148559"",source: ""syscall"",type: ""Artifact"",version: ""0"",hash: ""64443c8218b92e558f4b1aad60498a15""})"
"(:VERTEX {gid: ""0"",euid: ""999"",children pid namespace: ""4026532779"",start time: ""1690978636.901"",ns pid: ""11464"",pid: ""148569"",source: ""syscall"",type: ""Process"",net namespace: ""4026532705"",ipc namespace: ""4026532772"",ppid: ""148559"",pid namespace: ""4026532779"",cwd: ""/"",uid: ""999"",egid: ""0"",exe: ""/usr/bin/check-status"",mount namespace: ""4026532778"",command line: ""/usr/bin/check-status -r"",name: ""check-status"",hash: ""b76d76cd1f02824d33650d3811edd076"",user namespace: ""4026531837""})"
"(:VERTEX {memory address: ""7f3464000000"",size: ""8000000"",subtype: ""memory"",tgid: ""148559"",source: ""syscall"",type: ""Artifact"",version: ""0"",hash: ""2469b185fcb4be7a75900adcb3413a01""})"
"(:VERTEX {memory address: ""7f3464000000"",size: ""21000"",subtype: ""memory"",tgid: ""148559"",source: ""syscall"",type: ""Artifact"",version: ""0"",hash: ""4dc029681333ee15ea6f2a99a9ed799a""})"
"(:VERTEX {memory address: ""7f348072d000"",size: ""40000"",subtype: ""memory"",tgid: ""148559"",source: ""syscall"",type: ""Artifact"",version: ""0"",hash: ""a6a487cdeb5c2d08dc7d9bdd62600f76""})"
"(:VERTEX {remote port: ""33934"",epoch: ""0"",source: ""syscall"",type: ""Artifact"",version: ""0"",local port: ""8080"",net namespace: ""-1"",local address: ""0000:0000:0000:0000:0000:0000:0000:0000"",protocol: ""tcp"",subtype: ""network socket"",remote address: ""0000:0000:0000:0000:0000:FFFF:C0A8:2F80"",hash: ""38a5c2065eabe114fdb4e5996eafaf4b""})"
"(:VERTEX {remote port: ""33940"",epoch: ""0"",source: ""syscall"",type: ""Artifact"",version: ""0"",local port: ""8080"",net namespace: ""-1"",local address: ""0000:0000:0000:0000:0000:0000:0000:0000"",protocol: ""tcp"",subtype: ""network socket"",remote address: ""0000:0000:0000:0000:0000:FFFF:C0A8:2F80"",hash: ""246a82c246ada01983b07288fc9c2f05""})"
"(:VERTEX {remote port: ""41326"",epoch: ""0"",source: ""syscall"",type: ""Artifact"",version: ""0"",local port: ""50051"",net namespace: ""-1"",local address: ""0000:0000:0000:0000:0000:0000:0000:0000"",protocol: ""tcp"",subtype: ""network socket"",remote address: ""0000:0000:0000:0000:0000:FFFF:C0A8:2F80"",hash: ""2cea5ef4952d3997cac9fdef3b0bf308""})"
"(:VERTEX {remote port: ""47422"",epoch: ""0"",source: ""syscall"",type: ""Artifact"",version: ""0"",local port: ""6379"",net namespace: ""-1"",local address: ""0.0.0.0"",protocol: ""tcp"",subtype: ""network socket"",remote address: ""192.168.47.128"",hash: ""4002430b8099eb56b048f7094f509408""})"
"(:VERTEX {remote port: ""47438"",epoch: ""0"",source: ""syscall"",type: ""Artifact"",version: ""0"",local port: ""6379"",net namespace: ""-1"",local address: ""0.0.0.0"",protocol: ""tcp"",subtype: ""network socket"",remote address: ""192.168.47.128"",hash: ""b61dfa93ff7e5e9db6c91d5567cb793b""})"
"(:VERTEX {remote port: ""45296"",epoch: ""0"",source: ""syscall"",type: ""Artifact"",version: ""0"",local port: ""8080"",net namespace: ""-1"",local address: ""0000:0000:0000:0000:0000:0000:0000:0000"",protocol: ""tcp"",subtype: ""network socket"",remote address: ""0000:0000:0000:0000:0000:FFFF:C0A8:2F80"",hash: ""500a128224bc958193e6cd42138e00f7""})"
"(:VERTEX {remote port: ""45312"",epoch: ""0"",source: ""syscall"",type: ""Artifact"",version: ""0"",local port: ""8080"",net namespace: ""-1"",local address: ""0000:0000:0000:0000:0000:0000:0000:0000"",protocol: ""tcp"",subtype: ""network socket"",remote address: ""0000:0000:0000:0000:0000:FFFF:C0A8:2F80"",hash: ""f6d7e5ee0c819676cddcf4cebc9ec4ed""})"
"(:VERTEX {remote port: ""53"",epoch: ""0"",source: ""syscall"",type: ""Artifact"",version: ""0"",local port: ""42577"",net namespace: ""-1"",local address: ""10.1.251.204"",protocol: ""udp"",subtype: ""network socket"",remote address: ""10.152.183.10"",hash: ""4672302ce7dfd937f450bcbff1422c35""})"
"(:VERTEX {remote port: ""53"",epoch: ""0"",source: ""syscall"",type: ""Artifact"",version: ""0"",local port: ""32885"",net namespace: ""-1"",local address: ""10.1.251.204"",protocol: ""udp"",subtype: ""network socket"",remote address: ""10.152.183.10"",hash: ""96dbc2e6cd905421c52505d30b9f3b75""})"
"(:VERTEX {remote port: ""53"",epoch: ""0"",source: ""syscall"",type: ""Artifact"",version: ""0"",local port: ""58494"",net namespace: ""-1"",local address: ""10.1.251.204"",protocol: ""udp"",subtype: ""network socket"",remote address: ""10.152.183.10"",hash: ""052f02a60f0a9b6995a0816d4c32f3de""})"
"(:VERTEX {remote port: ""53"",epoch: ""0"",source: ""syscall"",type: ""Artifact"",version: ""0"",local port: ""49388"",net namespace: ""-1"",local address: ""10.1.251.204"",protocol: ""udp"",subtype: ""network socket"",remote address: ""10.152.183.10"",hash: ""376fb7b0bfb2c4147a4f88b4813eec55""})"
"(:VERTEX {gid: ""0"",euid: ""999"",children pid namespace: ""-1"",pid: ""148659"",seen time: ""1690978639.097"",source: ""syscall"",type: ""Process"",net namespace: ""-1"",ipc namespace: ""-1"",ppid: ""148649"",pid namespace: ""-1"",uid: ""999"",egid: ""0"",exe: ""/"",mount namespace: ""-1"",name: ""runc:[2:INIT]"",hash: ""10f70caee7685b29965d110e69e24b30"",user namespace: ""-1""})"
"(:VERTEX {path: ""/proc/148659/attr/apparmor/exec"",subtype: ""file"",permissions: ""0666"",epoch: ""0"",source: ""syscall"",type: ""Artifact"",version: ""0"",hash: ""cda6611b1c391431bc557fcef363347f""})"
"(:VERTEX {gid: ""0"",euid: ""999"",children pid namespace: ""-1"",start time: ""1690978639.100"",pid: ""148659"",source: ""syscall"",type: ""Process"",net namespace: ""-1"",ipc namespace: ""-1"",ppid: ""148649"",pid namespace: ""-1"",cwd: ""/"",uid: ""999"",egid: ""0"",exe: ""/usr/bin/check-status"",mount namespace: ""-1"",command line: ""/usr/bin/check-status -l"",name: ""check-status"",hash: ""ecae1da4e70e7150a301523f598ae5d2"",user namespace: ""-1""})"
"(:VERTEX {memory address: ""7f829ce8a000"",size: ""2000"",subtype: ""memory"",tgid: ""148659"",source: ""syscall"",type: ""Artifact"",version: ""0"",hash: ""e24cbbac7a8342a607c7c531a8382659""})"
"(:VERTEX {memory address: ""7f829ca3f000"",size: ""21f4c0"",subtype: ""memory"",tgid: ""148659"",source: ""syscall"",type: ""Artifact"",version: ""0"",hash: ""2669efb912af4ad11984b0cdbb98b81d""})"
"(:VERTEX {memory address: ""7f829ca5a000"",size: ""1ff000"",subtype: ""memory"",tgid: ""148659"",source: ""syscall"",type: ""Artifact"",version: ""0"",hash: ""531000b9a23f0473b5db5614debd98c8""})"
"(:VERTEX {memory address: ""7f829cc59000"",size: ""2000"",subtype: ""memory"",tgid: ""148659"",source: ""syscall"",type: ""Artifact"",version: ""0"",hash: ""ca4abb8a3b22206542a1b3aa951de1a4""})"
"(:VERTEX {memory address: ""7f829cc5b000"",size: ""34c0"",subtype: ""memory"",tgid: ""148659"",source: ""syscall"",type: ""Artifact"",version: ""0"",hash: ""8305547c2fb87cb602707aa13621e593""})"
"(:VERTEX {memory address: ""7f829c679000"",size: ""3c58c0"",subtype: ""memory"",tgid: ""148659"",source: ""syscall"",type: ""Artifact"",version: ""0"",hash: ""44484cb2348ab28a1f1360f13e6a68f3""})"
"(:VERTEX {memory address: ""7f829c835000"",size: ""200000"",subtype: ""memory"",tgid: ""148659"",source: ""syscall"",type: ""Artifact"",version: ""0"",hash: ""fae64cda31920619ee4ca7e943b2774a""})"
"(:VERTEX {memory address: ""7f829ca35000"",size: ""6000"",subtype: ""memory"",tgid: ""148659"",source: ""syscall"",type: ""Artifact"",version: ""0"",hash: ""36798469a6eb9fa2ef2f4f1f90517904""})"
"(:VERTEX {memory address: ""7f829ca3b000"",size: ""38c0"",subtype: ""memory"",tgid: ""148659"",source: ""syscall"",type: ""Artifact"",version: ""0"",hash: ""f846d39a745a952a3b237dde418739b6""})"
"(:VERTEX {memory address: ""7f829ce87000"",size: ""3000"",subtype: ""memory"",tgid: ""148659"",source: ""syscall"",type: ""Artifact"",version: ""0"",hash: ""81ec7304be8a4e3ac34cfe10ebd33cfd""})"
"(:VERTEX {memory address: ""7f829ca35000"",size: ""4000"",subtype: ""memory"",tgid: ""148659"",source: ""syscall"",type: ""Artifact"",version: ""0"",hash: ""a9a37e3592167e3a2d1850fe3106ce69""})"
"(:VERTEX {memory address: ""7f829cc59000"",size: ""1000"",subtype: ""memory"",tgid: ""148659"",source: ""syscall"",type: ""Artifact"",version: ""0"",hash: ""f625c23e240af8b62336121afea89174""})"
"(:VERTEX {memory address: ""7f829ce8c000"",size: ""1000"",subtype: ""memory"",tgid: ""148659"",source: ""syscall"",type: ""Artifact"",version: ""0"",hash: ""27664b709ab60353400ff82752264572""})"
"(:VERTEX {memory address: ""7f829ce47000"",size: ""40000"",subtype: ""memory"",tgid: ""148659"",source: ""syscall"",type: ""Artifact"",version: ""0"",hash: ""44f02f8482517106e8865f505c479eb0""})"
"(:VERTEX {memory address: ""7f829ce27000"",size: ""20000"",subtype: ""memory"",tgid: ""148659"",source: ""syscall"",type: ""Artifact"",version: ""0"",hash: ""2387409fd193afd1e027d4aceac2629b""})"
"(:VERTEX {memory address: ""7f829cd27000"",size: ""100000"",subtype: ""memory"",tgid: ""148659"",source: ""syscall"",type: ""Artifact"",version: ""0"",hash: ""a0ae1afcc125548c2d13b46e43889d64""})"
"(:VERTEX {memory address: ""7f829be79000"",size: ""800000"",subtype: ""memory"",tgid: ""148659"",source: ""syscall"",type: ""Artifact"",version: ""0"",hash: ""c3944bcb7749627089d96ef64cb84706""})"
"(:VERTEX {memory address: ""7f8297e79000"",size: ""4000000"",subtype: ""memory"",tgid: ""148659"",source: ""syscall"",type: ""Artifact"",version: ""0"",hash: ""54638f24d1ec171ec80ee02801a0467d""})"
"(:VERTEX {memory address: ""7f8277e79000"",size: ""20000000"",subtype: ""memory"",tgid: ""148659"",source: ""syscall"",type: ""Artifact"",version: ""0"",hash: ""7081c3bd24f1562c44f3a21c51134a34""})"
"(:VERTEX {memory address: ""c000000000"",size: ""4000000"",subtype: ""memory"",tgid: ""148659"",source: ""syscall"",type: ""Artifact"",version: ""0"",hash: ""67f8b8a25b462fce87a108679b85436c""})"
"(:VERTEX {memory address: ""7f8275e79000"",size: ""2000000"",subtype: ""memory"",tgid: ""148659"",source: ""syscall"",type: ""Artifact"",version: ""0"",hash: ""12d3eb37e7e68eb878177d44aff0fe22""})"
"(:VERTEX {memory address: ""7f8275c68000"",size: ""210c10"",subtype: ""memory"",tgid: ""148659"",source: ""syscall"",type: ""Artifact"",version: ""0"",hash: ""2dcde1deb6880ca97e9b328063089ac3""})"
"(:VERTEX {memory address: ""c000000000"",size: ""400000"",subtype: ""memory"",tgid: ""148659"",source: ""syscall"",type: ""Artifact"",version: ""0"",hash: ""6d00dfdff7e0275d3224fead5569ff7d""})"
"(:VERTEX {memory address: ""7f829ce27000"",size: ""20000"",subtype: ""memory"",tgid: ""148659"",source: ""syscall"",type: ""Artifact"",version: ""1"",hash: ""1db6c389bc84ef3381e312db2a8a05b8""})"
"(:VERTEX {memory address: ""7f829cda7000"",size: ""1000"",subtype: ""memory"",tgid: ""148659"",source: ""syscall"",type: ""Artifact"",version: ""0"",hash: ""90eedca5d91617ac5175f3a96ecab41c""})"
"(:VERTEX {memory address: ""7f829c27f000"",size: ""1000"",subtype: ""memory"",tgid: ""148659"",source: ""syscall"",type: ""Artifact"",version: ""0"",hash: ""e1de7bfa81a8265838e2dfed1e434de2""})"
"(:VERTEX {memory address: ""7f8299ea9000"",size: ""1000"",subtype: ""memory"",tgid: ""148659"",source: ""syscall"",type: ""Artifact"",version: ""0"",hash: ""daff18e96f6eb9e196cb5b7f91483184""})"
"(:VERTEX {memory address: ""7f8287ff9000"",size: ""1000"",subtype: ""memory"",tgid: ""148659"",source: ""syscall"",type: ""Artifact"",version: ""0"",hash: ""07eb4d92b15d1370952a7a39d53d73f7""})"
"(:VERTEX {memory address: ""7f8275b68000"",size: ""100000"",subtype: ""memory"",tgid: ""148659"",source: ""syscall"",type: ""Artifact"",version: ""0"",hash: ""53e9a1d7d00abb43d0ee98c15e9d1034""})"
"(:VERTEX {memory address: ""7f829cd17000"",size: ""10000"",subtype: ""memory"",tgid: ""148659"",source: ""syscall"",type: ""Artifact"",version: ""0"",hash: ""13a8a2a8545efab47d40812aa2af75f2""})"
"(:VERTEX {memory address: ""7f829cd07000"",size: ""10000"",subtype: ""memory"",tgid: ""148659"",source: ""syscall"",type: ""Artifact"",version: ""0"",hash: ""f29d74221bb1ee4a78f9153f91013634""})"
"(:VERTEX {memory address: ""7f8275367000"",size: ""801000"",subtype: ""memory"",tgid: ""148659"",source: ""syscall"",type: ""Artifact"",version: ""0"",hash: ""c5fdfe7530c411a08e2189c076f07fb6""})"
"(:VERTEX {memory address: ""7f8275368000"",size: ""800000"",subtype: ""memory"",tgid: ""148659"",source: ""syscall"",type: ""Artifact"",version: ""0"",hash: ""8428c61ca905a002d9ca785b7132b268""})"
"(:VERTEX {gid: ""0"",euid: ""999"",children pid namespace: ""4026532779"",start time: ""1690978639.107"",ns pid: ""11472"",pid: ""148666"",source: ""syscall"",type: ""Process"",net namespace: ""4026532705"",ipc namespace: ""4026532772"",ppid: ""148659"",pid namespace: ""4026532779"",cwd: ""/"",uid: ""999"",egid: ""0"",exe: ""/usr/bin/check-status"",mount namespace: ""4026532778"",command line: ""/usr/bin/check-status -l"",name: ""check-status"",hash: ""de1ac59d596d4d01ba1c2b971001b412"",user namespace: ""4026531837""})"
"(:VERTEX {memory address: ""7f8274b66000"",size: ""801000"",subtype: ""memory"",tgid: ""148659"",source: ""syscall"",type: ""Artifact"",version: ""0"",hash: ""fad2beb90d39b9578311bf99a8ce1bc2""})"
"(:VERTEX {memory address: ""7f8274b67000"",size: ""800000"",subtype: ""memory"",tgid: ""148659"",source: ""syscall"",type: ""Artifact"",version: ""0"",hash: ""063cea7614672716a7324f1219551ac1""})"
"(:VERTEX {gid: ""0"",euid: ""999"",children pid namespace: ""4026532779"",start time: ""1690978639.107"",ns pid: ""11473"",pid: ""148667"",source: ""syscall"",type: ""Process"",net namespace: ""4026532705"",ipc namespace: ""4026532772"",ppid: ""148659"",pid namespace: ""4026532779"",cwd: ""/"",uid: ""999"",egid: ""0"",exe: ""/usr/bin/check-status"",mount namespace: ""4026532778"",command line: ""/usr/bin/check-status -l"",name: ""check-status"",hash: ""cfde6553486428372be44c5738bff1e7"",user namespace: ""4026531837""})"
"(:VERTEX {memory address: ""7f8274365000"",size: ""801000"",subtype: ""memory"",tgid: ""148659"",source: ""syscall"",type: ""Artifact"",version: ""0"",hash: ""d6fe51b9fa60bac3e6e98de4d2784dd9""})"
"(:VERTEX {memory address: ""7f8274366000"",size: ""800000"",subtype: ""memory"",tgid: ""148659"",source: ""syscall"",type: ""Artifact"",version: ""0"",hash: ""504805e6fdf50abe8a1269aea3ead215""})"
"(:VERTEX {gid: ""0"",euid: ""999"",children pid namespace: ""4026532779"",start time: ""1690978639.107"",ns pid: ""11474"",pid: ""148668"",source: ""syscall"",type: ""Process"",net namespace: ""4026532705"",ipc namespace: ""4026532772"",ppid: ""148659"",pid namespace: ""4026532779"",cwd: ""/"",uid: ""999"",egid: ""0"",exe: ""/usr/bin/check-status"",mount namespace: ""4026532778"",command line: ""/usr/bin/check-status -l"",name: ""check-status"",hash: ""dfbd47795bd4dcb73f4a1a6f9440ed6e"",user namespace: ""4026531837""})"
"(:VERTEX {memory address: ""7f826c365000"",size: ""8000000"",subtype: ""memory"",tgid: ""148659"",source: ""syscall"",type: ""Artifact"",version: ""0"",hash: ""7b714121a7fca5ca0a37ca8b7856514b""})"
"(:VERTEX {memory address: ""7f8270000000"",size: ""21000"",subtype: ""memory"",tgid: ""148659"",source: ""syscall"",type: ""Artifact"",version: ""0"",hash: ""290aad89120a2a205d4a4de727ea8a95""})"
"(:VERTEX {memory address: ""7f826f7ff000"",size: ""801000"",subtype: ""memory"",tgid: ""148659"",source: ""syscall"",type: ""Artifact"",version: ""0"",hash: ""11aef3560cb11f17338f24a0518f83e6""})"
"(:VERTEX {memory address: ""7f826f800000"",size: ""800000"",subtype: ""memory"",tgid: ""148659"",source: ""syscall"",type: ""Artifact"",version: ""0"",hash: ""0accc3c34884711620e978fb0900c6cc""})"
"(:VERTEX {gid: ""0"",euid: ""999"",children pid namespace: ""4026532779"",start time: ""1690978639.107"",ns pid: ""11475"",pid: ""148669"",source: ""syscall"",type: ""Process"",net namespace: ""4026532705"",ipc namespace: ""4026532772"",ppid: ""148659"",pid namespace: ""4026532779"",cwd: ""/"",uid: ""999"",egid: ""0"",exe: ""/usr/bin/check-status"",mount namespace: ""4026532778"",command line: ""/usr/bin/check-status -l"",name: ""check-status"",hash: ""4fae12efe001f22b559c13a66c8af5e3"",user namespace: ""4026531837""})"
"(:VERTEX {memory address: ""7f82677ff000"",size: ""8000000"",subtype: ""memory"",tgid: ""148659"",source: ""syscall"",type: ""Artifact"",version: ""0"",hash: ""191ec15574efefa8860e045eb70baadb""})"
"(:VERTEX {memory address: ""7f8268000000"",size: ""21000"",subtype: ""memory"",tgid: ""148659"",source: ""syscall"",type: ""Artifact"",version: ""0"",hash: ""ee926129e023a4e92b0aea07d816a361""})"
"(:VERTEX {memory address: ""7f829ccc7000"",size: ""40000"",subtype: ""memory"",tgid: ""148659"",source: ""syscall"",type: ""Artifact"",version: ""0"",hash: ""0f1ebc255efae3ad652232e1b8189395""})"
"(:VERTEX {memory address: ""7f826effe000"",size: ""801000"",subtype: ""memory"",tgid: ""148659"",source: ""syscall"",type: ""Artifact"",version: ""0"",hash: ""a48670c0070f7682e024ea21be5cc839""})"
"(:VERTEX {memory address: ""7f826efff000"",size: ""800000"",subtype: ""memory"",tgid: ""148659"",source: ""syscall"",type: ""Artifact"",version: ""0"",hash: ""5e7ece286bf8043cb24b06866c81ed60""})"
"(:VERTEX {gid: ""0"",euid: ""999"",children pid namespace: ""4026532779"",start time: ""1690978639.107"",ns pid: ""11476"",pid: ""148670"",source: ""syscall"",type: ""Process"",net namespace: ""4026532705"",ipc namespace: ""4026532772"",ppid: ""148659"",pid namespace: ""4026532779"",cwd: ""/"",uid: ""999"",egid: ""0"",exe: ""/usr/bin/check-status"",mount namespace: ""4026532778"",command line: ""/usr/bin/check-status -l"",name: ""check-status"",hash: ""8169c6fb60b8e6c1121d6abd1df8a28f"",user namespace: ""4026531837""})"
"(:VERTEX {memory address: ""7f8260000000"",size: ""8000000"",subtype: ""memory"",tgid: ""148659"",source: ""syscall"",type: ""Artifact"",version: ""0"",hash: ""5bd16d5d5b609df52c1c2efbee94146f""})"
"(:VERTEX {memory address: ""7f8260000000"",size: ""21000"",subtype: ""memory"",tgid: ""148659"",source: ""syscall"",type: ""Artifact"",version: ""0"",hash: ""4643005924fdace45cd75b1bd63294d4""})"
"(:VERTEX {memory address: ""7f8264000000"",size: ""4000000"",subtype: ""memory"",tgid: ""148659"",source: ""syscall"",type: ""Artifact"",version: ""0"",hash: ""df7c94b5c68b2ba7c5ea53696411711e""})"
"(:VERTEX {memory address: ""7f8264000000"",size: ""21000"",subtype: ""memory"",tgid: ""148659"",source: ""syscall"",type: ""Artifact"",version: ""0"",hash: ""f3f2d640a3d483e355bea341b8266fe7""})"
"(:VERTEX {remote port: ""53"",epoch: ""0"",source: ""syscall"",type: ""Artifact"",version: ""0"",local port: ""35881"",net namespace: ""-1"",local address: ""10.1.251.204"",protocol: ""udp"",subtype: ""network socket"",remote address: ""10.152.183.10"",hash: ""b564387a78baab0cdee64c8dfe5edbfa""})"
"(:VERTEX {remote port: ""53"",epoch: ""0"",source: ""syscall"",type: ""Artifact"",version: ""0"",local port: ""48489"",net namespace: ""-1"",local address: ""10.1.251.204"",protocol: ""udp"",subtype: ""network socket"",remote address: ""10.152.183.10"",hash: ""624c1fa8036a6a4c03d501d214abcb9a""})"
"(:VERTEX {remote port: ""53"",epoch: ""0"",source: ""syscall"",type: ""Artifact"",version: ""0"",local port: ""35466"",net namespace: ""-1"",local address: ""10.1.251.204"",protocol: ""udp"",subtype: ""network socket"",remote address: ""10.152.183.10"",hash: ""9205b1c96f3022be02d8f6d8fed858fd""})"
"(:VERTEX {remote port: ""53"",epoch: ""0"",source: ""syscall"",type: ""Artifact"",version: ""0"",local port: ""49327"",net namespace: ""-1"",local address: ""10.1.251.204"",protocol: ""udp"",subtype: ""network socket"",remote address: ""10.152.183.10"",hash: ""138b02ed1a0424e6c74013121b716ecc""})"
"(:VERTEX {remote port: ""33950"",epoch: ""0"",source: ""syscall"",type: ""Artifact"",version: ""0"",local port: ""8080"",net namespace: ""-1"",local address: ""0000:0000:0000:0000:0000:0000:0000:0000"",protocol: ""tcp"",subtype: ""network socket"",remote address: ""0000:0000:0000:0000:0000:FFFF:C0A8:2F80"",hash: ""3c73b7ae6f11afd47b7377b7674ca146""})"
"(:VERTEX {remote port: ""33952"",epoch: ""0"",source: ""syscall"",type: ""Artifact"",version: ""0"",local port: ""8080"",net namespace: ""-1"",local address: ""0000:0000:0000:0000:0000:0000:0000:0000"",protocol: ""tcp"",subtype: ""network socket"",remote address: ""0000:0000:0000:0000:0000:FFFF:C0A8:2F80"",hash: ""91ba2f8dd8102a048eaf0469ac8cae96""})"
"(:VERTEX {remote port: ""41342"",epoch: ""0"",source: ""syscall"",type: ""Artifact"",version: ""0"",local port: ""50051"",net namespace: ""-1"",local address: ""0000:0000:0000:0000:0000:0000:0000:0000"",protocol: ""tcp"",subtype: ""network socket"",remote address: ""0000:0000:0000:0000:0000:FFFF:C0A8:2F80"",hash: ""ff5e73e95d9346ee88796197f77c9a32""})"
"(:VERTEX {remote port: ""41348"",epoch: ""0"",source: ""syscall"",type: ""Artifact"",version: ""0"",local port: ""50051"",net namespace: ""-1"",local address: ""0000:0000:0000:0000:0000:0000:0000:0000"",protocol: ""tcp"",subtype: ""network socket"",remote address: ""0000:0000:0000:0000:0000:FFFF:C0A8:2F80"",hash: ""9970a5bb6ac26d58b5190d9d97752c02""})"
"(:VERTEX {remote port: ""52720"",epoch: ""0"",source: ""syscall"",type: ""Artifact"",version: ""0"",local port: ""7000"",net namespace: ""-1"",local address: ""0000:0000:0000:0000:0000:0000:0000:0000"",protocol: ""tcp"",subtype: ""network socket"",remote address: ""0000:0000:0000:0000:0000:FFFF:C0A8:2F80"",hash: ""421d682a0fa1fdfd65b991bc983f276d""})"
"(:VERTEX {remote port: ""52736"",epoch: ""0"",source: ""syscall"",type: ""Artifact"",version: ""0"",local port: ""7000"",net namespace: ""-1"",local address: ""0000:0000:0000:0000:0000:0000:0000:0000"",protocol: ""tcp"",subtype: ""network socket"",remote address: ""0000:0000:0000:0000:0000:FFFF:C0A8:2F80"",hash: ""854537db9b952efc1ca19158ccfb2624""})"
"(:VERTEX {remote port: ""47454"",epoch: ""0"",source: ""syscall"",type: ""Artifact"",version: ""0"",local port: ""6379"",net namespace: ""-1"",local address: ""0.0.0.0"",protocol: ""tcp"",subtype: ""network socket"",remote address: ""192.168.47.128"",hash: ""f2e99b9228b59ff94c3f2925f56ee1ee""})"
"(:VERTEX {remote port: ""49228"",epoch: ""0"",source: ""syscall"",type: ""Artifact"",version: ""0"",local port: ""5050"",net namespace: ""-1"",local address: ""0000:0000:0000:0000:0000:0000:0000:0000"",protocol: ""tcp"",subtype: ""network socket"",remote address: ""0000:0000:0000:0000:0000:FFFF:C0A8:2F80"",hash: ""d0862b3fa281fe61c0b77370f21c35b1""})"
"(:VERTEX {remote port: ""49232"",epoch: ""0"",source: ""syscall"",type: ""Artifact"",version: ""0"",local port: ""5050"",net namespace: ""-1"",local address: ""0000:0000:0000:0000:0000:0000:0000:0000"",protocol: ""tcp"",subtype: ""network socket"",remote address: ""0000:0000:0000:0000:0000:FFFF:C0A8:2F80"",hash: ""612716e83a7e491d3c0375082379ae2e""})"
"(:VERTEX {remote port: ""47458"",epoch: ""0"",source: ""syscall"",type: ""Artifact"",version: ""0"",local port: ""6379"",net namespace: ""-1"",local address: ""0.0.0.0"",protocol: ""tcp"",subtype: ""network socket"",remote address: ""192.168.47.128"",hash: ""f791bdf6eb1c4933f8228f7bfdb05ec4""})"
"(:VERTEX {remote port: ""48226"",epoch: ""0"",source: ""syscall"",type: ""Artifact"",version: ""0"",local port: ""9555"",net namespace: ""-1"",local address: ""0000:0000:0000:0000:0000:0000:0000:0000"",protocol: ""tcp"",subtype: ""network socket"",remote address: ""0000:0000:0000:0000:0000:FFFF:C0A8:2F80"",hash: ""931acb5a42e0595bbd70383dff07206c""})"
"(:VERTEX {remote port: ""48236"",epoch: ""0"",source: ""syscall"",type: ""Artifact"",version: ""0"",local port: ""9555"",net namespace: ""-1"",local address: ""0000:0000:0000:0000:0000:0000:0000:0000"",protocol: ""tcp"",subtype: ""network socket"",remote address: ""0000:0000:0000:0000:0000:FFFF:C0A8:2F80"",hash: ""1781320918486d740c7d2cee2eb6c97e""})"
"(:VERTEX {remote port: ""38400"",epoch: ""0"",source: ""syscall"",type: ""Artifact"",version: ""0"",local port: ""8080"",net namespace: ""-1"",local address: ""0000:0000:0000:0000:0000:0000:0000:0000"",protocol: ""tcp"",subtype: ""network socket"",remote address: ""0000:0000:0000:0000:0000:FFFF:C0A8:2F80"",hash: ""4f0cd5ea2d9cf0ad29a12d0d726e92d1""})"
"(:VERTEX {remote port: ""38402"",epoch: ""0"",source: ""syscall"",type: ""Artifact"",version: ""0"",local port: ""8080"",net namespace: ""-1"",local address: ""0000:0000:0000:0000:0000:0000:0000:0000"",protocol: ""tcp"",subtype: ""network socket"",remote address: ""0000:0000:0000:0000:0000:FFFF:C0A8:2F80"",hash: ""6247b8ae367cea7ed8b5864bd1e47d43""})"
"(:VERTEX {gid: ""1000"",euid: ""1000"",children pid namespace: ""-1"",pid: ""61216"",seen time: ""1690978416.221"",source: ""syscall"",type: ""Process"",net namespace: ""-1"",ipc namespace: ""-1"",ppid: ""58880"",pid namespace: ""-1"",uid: ""1000"",egid: ""1000"",mount namespace: ""-1"",name: ""server"",hash: ""ac0c8d2b305f3a5fe0c68ae6562b8886"",user namespace: ""-1""})"
"(:VERTEX {remote port: ""47286"",epoch: ""0"",source: ""syscall"",type: ""Artifact"",version: ""0"",local port: ""50051"",net namespace: ""-1"",local address: ""0000:0000:0000:0000:0000:0000:0000:0000"",protocol: ""tcp"",subtype: ""network socket"",remote address: ""0000:0000:0000:0000:0000:FFFF:C0A8:2F80"",hash: ""f3b36328ea5e833b133260a9d7921f27""})"
"(:VERTEX {remote port: ""37266"",epoch: ""0"",source: ""syscall"",type: ""Artifact"",version: ""0"",local port: ""7070"",net namespace: ""4026533266"",local address: ""0000:0000:0000:0000:0000:0000:0000:0000"",protocol: ""tcp"",subtype: ""network socket"",remote address: ""0000:0000:0000:0000:0000:FFFF:C0A8:2F80"",hash: ""611ffdf21598276b56efcec65d3bd01c""})"
"(:VERTEX {remote port: ""60798"",epoch: ""0"",source: ""syscall"",type: ""Artifact"",version: ""0"",local port: ""3550"",net namespace: ""-1"",local address: ""0000:0000:0000:0000:0000:0000:0000:0000"",protocol: ""tcp"",subtype: ""network socket"",remote address: ""0000:0000:0000:0000:0000:FFFF:C0A8:2F80"",hash: ""80d401e222e0a0b5eb97deb268dd1828""})"
"(:VERTEX {remote port: ""60808"",epoch: ""0"",source: ""syscall"",type: ""Artifact"",version: ""0"",local port: ""3550"",net namespace: ""-1"",local address: ""0000:0000:0000:0000:0000:0000:0000:0000"",protocol: ""tcp"",subtype: ""network socket"",remote address: ""0000:0000:0000:0000:0000:FFFF:C0A8:2F80"",hash: ""de7837eacc3ed989493159f4d1f3d46e""})"
"(:VERTEX {remote port: ""47302"",epoch: ""0"",source: ""syscall"",type: ""Artifact"",version: ""0"",local port: ""50051"",net namespace: ""-1"",local address: ""0000:0000:0000:0000:0000:0000:0000:0000"",protocol: ""tcp"",subtype: ""network socket"",remote address: ""0000:0000:0000:0000:0000:FFFF:C0A8:2F80"",hash: ""008df8404ca539a8f7feda59ca2e6a2d""})"
"(:VERTEX {remote port: ""45316"",epoch: ""0"",source: ""syscall"",type: ""Artifact"",version: ""0"",local port: ""8080"",net namespace: ""-1"",local address: ""0000:0000:0000:0000:0000:0000:0000:0000"",protocol: ""tcp"",subtype: ""network socket"",remote address: ""0000:0000:0000:0000:0000:FFFF:C0A8:2F80"",hash: ""aed671db06d1a9d362552edd593c3e3c""})"
"(:VERTEX {remote port: ""45318"",epoch: ""0"",source: ""syscall"",type: ""Artifact"",version: ""0"",local port: ""8080"",net namespace: ""-1"",local address: ""0000:0000:0000:0000:0000:0000:0000:0000"",protocol: ""tcp"",subtype: ""network socket"",remote address: ""0000:0000:0000:0000:0000:FFFF:C0A8:2F80"",hash: ""ff43dbee2021fe68a74626aa628abf94""})"
"(:VERTEX {remote port: ""37256"",epoch: ""0"",source: ""syscall"",type: ""Artifact"",version: ""0"",local port: ""7070"",net namespace: ""4026533266"",local address: ""0000:0000:0000:0000:0000:0000:0000:0000"",protocol: ""tcp"",subtype: ""network socket"",remote address: ""0000:0000:0000:0000:0000:FFFF:C0A8:2F80"",hash: ""ff75642c6051d55ef81a2dc62642087f""})"
"(:VERTEX {remote port: ""53"",epoch: ""0"",source: ""syscall"",type: ""Artifact"",version: ""0"",local port: ""40826"",net namespace: ""-1"",local address: ""10.1.251.204"",protocol: ""udp"",subtype: ""network socket"",remote address: ""10.152.183.10"",hash: ""4a37b32a7bc341bfa684d7e68c72df5e""})"
"(:VERTEX {remote port: ""53"",epoch: ""0"",source: ""syscall"",type: ""Artifact"",version: ""0"",local port: ""59243"",net namespace: ""-1"",local address: ""10.1.251.204"",protocol: ""udp"",subtype: ""network socket"",remote address: ""10.152.183.10"",hash: ""63c7a8f44cd2e0975075a17ba996a12e""})"
"(:VERTEX {remote port: ""53"",epoch: ""0"",source: ""syscall"",type: ""Artifact"",version: ""0"",local port: ""36800"",net namespace: ""-1"",local address: ""10.1.251.204"",protocol: ""udp"",subtype: ""network socket"",remote address: ""10.152.183.10"",hash: ""3bf92e5755f6c1f2dc809c67e76e74fb""})"
"(:VERTEX {remote port: ""53"",epoch: ""0"",source: ""syscall"",type: ""Artifact"",version: ""0"",local port: ""33988"",net namespace: ""-1"",local address: ""10.1.251.204"",protocol: ""udp"",subtype: ""network socket"",remote address: ""10.152.183.10"",hash: ""f3583c20cf579443912fdeabf3f44126""})"
"(:VERTEX {gid: ""0"",euid: ""999"",children pid namespace: ""-1"",pid: ""148809"",seen time: ""1690978646.909"",source: ""syscall"",type: ""Process"",net namespace: ""-1"",ipc namespace: ""-1"",ppid: ""148798"",pid namespace: ""-1"",uid: ""999"",egid: ""0"",exe: ""/"",mount namespace: ""-1"",name: ""runc:[2:INIT]"",hash: ""df6739b6cc2a3f34956c99963b64ac95"",user namespace: ""-1""})"
"(:VERTEX {path: ""/proc/148809/attr/apparmor/exec"",subtype: ""file"",permissions: ""0666"",epoch: ""0"",source: ""syscall"",type: ""Artifact"",version: ""0"",hash: ""288c41009e122131c96db70e9788b8f3""})"
"(:VERTEX {gid: ""0"",euid: ""999"",children pid namespace: ""-1"",start time: ""1690978646.909"",pid: ""148809"",source: ""syscall"",type: ""Process"",net namespace: ""-1"",ipc namespace: ""-1"",ppid: ""148798"",pid namespace: ""-1"",cwd: ""/"",uid: ""999"",egid: ""0"",exe: ""/usr/bin/check-status"",mount namespace: ""-1"",command line: ""/usr/bin/check-status -r"",name: ""check-status"",hash: ""6526705720395ab13650db8d18fb2368"",user namespace: ""-1""})"
"(:VERTEX {memory address: ""7f0dcdf6b000"",size: ""2000"",subtype: ""memory"",tgid: ""148809"",source: ""syscall"",type: ""Artifact"",version: ""0"",hash: ""29339d35bbfc4bdca3a8b4b8bb1f2138""})"
"(:VERTEX {memory address: ""7f0dcdb20000"",size: ""21f4c0"",subtype: ""memory"",tgid: ""148809"",source: ""syscall"",type: ""Artifact"",version: ""0"",hash: ""2437eea2cc55a8f15381f76f13230010""})"
"(:VERTEX {memory address: ""7f0dcdb3b000"",size: ""1ff000"",subtype: ""memory"",tgid: ""148809"",source: ""syscall"",type: ""Artifact"",version: ""0"",hash: ""ba7ea278395d0797897c44c4fbed3916""})"
"(:VERTEX {memory address: ""7f0dcdd3a000"",size: ""2000"",subtype: ""memory"",tgid: ""148809"",source: ""syscall"",type: ""Artifact"",version: ""0"",hash: ""4632e959ada1e030ecbf6412f56f4e60""})"
"(:VERTEX {memory address: ""7f0dcdd3c000"",size: ""34c0"",subtype: ""memory"",tgid: ""148809"",source: ""syscall"",type: ""Artifact"",version: ""0"",hash: ""7fde9f05fe05d1699854874ada781ed1""})"
"(:VERTEX {memory address: ""7f0dcd75a000"",size: ""3c58c0"",subtype: ""memory"",tgid: ""148809"",source: ""syscall"",type: ""Artifact"",version: ""0"",hash: ""fb11b4fbebc278831bdb8b40c98ae99f""})"
"(:VERTEX {memory address: ""7f0dcd916000"",size: ""200000"",subtype: ""memory"",tgid: ""148809"",source: ""syscall"",type: ""Artifact"",version: ""0"",hash: ""4920fde54baf031b22d1561632f36129""})"
"(:VERTEX {memory address: ""7f0dcdb16000"",size: ""6000"",subtype: ""memory"",tgid: ""148809"",source: ""syscall"",type: ""Artifact"",version: ""0"",hash: ""8d6246cdb4a4cb6a85f086821eefecec""})"
"(:VERTEX {memory address: ""7f0dcdb1c000"",size: ""38c0"",subtype: ""memory"",tgid: ""148809"",source: ""syscall"",type: ""Artifact"",version: ""0"",hash: ""01caa3231d5999a8c6010ab860ec4e37""})"
"(:VERTEX {memory address: ""7f0dcdf68000"",size: ""3000"",subtype: ""memory"",tgid: ""148809"",source: ""syscall"",type: ""Artifact"",version: ""0"",hash: ""f7d779913403ac727f5a736135ca0fae""})"
"(:VERTEX {memory address: ""7f0dcdb16000"",size: ""4000"",subtype: ""memory"",tgid: ""148809"",source: ""syscall"",type: ""Artifact"",version: ""0"",hash: ""25e8c9daadae20df3a168897fa65001d""})"
"(:VERTEX {memory address: ""7f0dcdd3a000"",size: ""1000"",subtype: ""memory"",tgid: ""148809"",source: ""syscall"",type: ""Artifact"",version: ""0"",hash: ""fa3852be58b55cfe48ee5712579e698e""})"
"(:VERTEX {memory address: ""7f0dcdf6d000"",size: ""1000"",subtype: ""memory"",tgid: ""148809"",source: ""syscall"",type: ""Artifact"",version: ""0"",hash: ""14c7298b6cb65c6065d5090e6894e13d""})"
"(:VERTEX {memory address: ""7f0dcdf28000"",size: ""40000"",subtype: ""memory"",tgid: ""148809"",source: ""syscall"",type: ""Artifact"",version: ""0"",hash: ""2e7759fc4a347261d346989b316f19fe""})"
"(:VERTEX {memory address: ""7f0dcdf08000"",size: ""20000"",subtype: ""memory"",tgid: ""148809"",source: ""syscall"",type: ""Artifact"",version: ""0"",hash: ""a0966f1e3aaaedb31a62b0444e95ed36""})"
"(:VERTEX {memory address: ""7f0dcde08000"",size: ""100000"",subtype: ""memory"",tgid: ""148809"",source: ""syscall"",type: ""Artifact"",version: ""0"",hash: ""d6f67af852015dc8b964b84c50f55a0c""})"
"(:VERTEX {memory address: ""7f0dccf5a000"",size: ""800000"",subtype: ""memory"",tgid: ""148809"",source: ""syscall"",type: ""Artifact"",version: ""0"",hash: ""b4d241e35670805a65dfd6f6bee772e4""})"
"(:VERTEX {memory address: ""7f0dc8f5a000"",size: ""4000000"",subtype: ""memory"",tgid: ""148809"",source: ""syscall"",type: ""Artifact"",version: ""0"",hash: ""81ce6a07f08d867d2282e1de47bf9136""})"
"(:VERTEX {memory address: ""7f0da8f5a000"",size: ""20000000"",subtype: ""memory"",tgid: ""148809"",source: ""syscall"",type: ""Artifact"",version: ""0"",hash: ""d846264e2bcfaaf124356ad7aea2a157""})"
"(:VERTEX {memory address: ""c000000000"",size: ""4000000"",subtype: ""memory"",tgid: ""148809"",source: ""syscall"",type: ""Artifact"",version: ""0"",hash: ""f8753c3a38e39e7e92f68c6d7f7aae6c""})"
"(:VERTEX {memory address: ""7f0da6f5a000"",size: ""2000000"",subtype: ""memory"",tgid: ""148809"",source: ""syscall"",type: ""Artifact"",version: ""0"",hash: ""753bf5eda63b6c0b1f26b14285015234""})"
"(:VERTEX {memory address: ""7f0da6d49000"",size: ""210c10"",subtype: ""memory"",tgid: ""148809"",source: ""syscall"",type: ""Artifact"",version: ""0"",hash: ""1f02dfbfcca9db7c097394f3f87fc32a""})"
"(:VERTEX {memory address: ""c000000000"",size: ""400000"",subtype: ""memory"",tgid: ""148809"",source: ""syscall"",type: ""Artifact"",version: ""0"",hash: ""0dc1c51e926609eb28c30da852ab0d25""})"
"(:VERTEX {memory address: ""7f0dcdf08000"",size: ""20000"",subtype: ""memory"",tgid: ""148809"",source: ""syscall"",type: ""Artifact"",version: ""1"",hash: ""c5cf818e16eaa6d021e7b15db1be86d6""})"
"(:VERTEX {memory address: ""7f0dcde88000"",size: ""1000"",subtype: ""memory"",tgid: ""148809"",source: ""syscall"",type: ""Artifact"",version: ""0"",hash: ""73daf9a2899f9f6fb3d65c4b1f9d0675""})"
"(:VERTEX {memory address: ""7f0dcd360000"",size: ""1000"",subtype: ""memory"",tgid: ""148809"",source: ""syscall"",type: ""Artifact"",version: ""0"",hash: ""b47502d4930cc828815dd864405a8e6f""})"
"(:VERTEX {memory address: ""7f0dcaf8a000"",size: ""1000"",subtype: ""memory"",tgid: ""148809"",source: ""syscall"",type: ""Artifact"",version: ""0"",hash: ""c6d0c79bce79307b2e4a686ed8987e40""})"
"(:VERTEX {memory address: ""7f0db90da000"",size: ""1000"",subtype: ""memory"",tgid: ""148809"",source: ""syscall"",type: ""Artifact"",version: ""0"",hash: ""a7db6ada727d26fa059f165cc441bf57""})"
"(:VERTEX {memory address: ""7f0da6c49000"",size: ""100000"",subtype: ""memory"",tgid: ""148809"",source: ""syscall"",type: ""Artifact"",version: ""0"",hash: ""c3fc1c4deaee3c5f5d1efbd331df93b8""})"
"(:VERTEX {memory address: ""7f0dcddf8000"",size: ""10000"",subtype: ""memory"",tgid: ""148809"",source: ""syscall"",type: ""Artifact"",version: ""0"",hash: ""31825e6e35f54a9574a404ce495e86b0""})"
"(:VERTEX {memory address: ""7f0dcdde8000"",size: ""10000"",subtype: ""memory"",tgid: ""148809"",source: ""syscall"",type: ""Artifact"",version: ""0"",hash: ""b7c9669125ef3c119cb0d44e397015ec""})"
"(:VERTEX {memory address: ""7f0da6448000"",size: ""801000"",subtype: ""memory"",tgid: ""148809"",source: ""syscall"",type: ""Artifact"",version: ""0"",hash: ""e0df720ee7bd33752c666482ecedb350""})"
"(:VERTEX {memory address: ""7f0da6449000"",size: ""800000"",subtype: ""memory"",tgid: ""148809"",source: ""syscall"",type: ""Artifact"",version: ""0"",hash: ""16b77febcbce3b0118fe21139bfd4517""})"
"(:VERTEX {gid: ""0"",euid: ""999"",children pid namespace: ""4026532779"",start time: ""1690978646.916"",ns pid: ""11483"",pid: ""148815"",source: ""syscall"",type: ""Process"",net namespace: ""4026532705"",ipc namespace: ""4026532772"",ppid: ""148809"",pid namespace: ""4026532779"",cwd: ""/"",uid: ""999"",egid: ""0"",exe: ""/usr/bin/check-status"",mount namespace: ""4026532778"",command line: ""/usr/bin/check-status -r"",name: ""check-status"",hash: ""1ee307f598ced86cc70dd7e4177cdd5c"",user namespace: ""4026531837""})"
"(:VERTEX {memory address: ""7f0da5c47000"",size: ""801000"",subtype: ""memory"",tgid: ""148809"",source: ""syscall"",type: ""Artifact"",version: ""0"",hash: ""4f53c4045a53fa3f3a4964fdb352d4f5""})"
"(:VERTEX {memory address: ""7f0da5c48000"",size: ""800000"",subtype: ""memory"",tgid: ""148809"",source: ""syscall"",type: ""Artifact"",version: ""0"",hash: ""251aabd6a9500059f23b63790091b849""})"
"(:VERTEX {gid: ""0"",euid: ""999"",children pid namespace: ""4026532779"",start time: ""1690978646.916"",ns pid: ""11484"",pid: ""148816"",source: ""syscall"",type: ""Process"",net namespace: ""4026532705"",ipc namespace: ""4026532772"",ppid: ""148809"",pid namespace: ""4026532779"",cwd: ""/"",uid: ""999"",egid: ""0"",exe: ""/usr/bin/check-status"",mount namespace: ""4026532778"",command line: ""/usr/bin/check-status -r"",name: ""check-status"",hash: ""231ffa5ee767c47f57d34dded7c83ff0"",user namespace: ""4026531837""})"
"(:VERTEX {memory address: ""7f0d9dc47000"",size: ""8000000"",subtype: ""memory"",tgid: ""148809"",source: ""syscall"",type: ""Artifact"",version: ""0"",hash: ""fe03a8e82f3c7cce7cff2142813d636b""})"
"(:VERTEX {memory address: ""7f0d9d446000"",size: ""801000"",subtype: ""memory"",tgid: ""148809"",source: ""syscall"",type: ""Artifact"",version: ""0"",hash: ""65f90027aed3951ec5820adad88b09c3""})"
"(:VERTEX {memory address: ""7f0d9d447000"",size: ""800000"",subtype: ""memory"",tgid: ""148809"",source: ""syscall"",type: ""Artifact"",version: ""0"",hash: ""d7ce4c694360b4af35bee984b53f7d34""})"
"(:VERTEX {memory address: ""7f0da0000000"",size: ""21000"",subtype: ""memory"",tgid: ""148809"",source: ""syscall"",type: ""Artifact"",version: ""0"",hash: ""dc6b2afdad240bf394f255d255085505""})"
"(:VERTEX {memory address: ""7f0dcdda8000"",size: ""40000"",subtype: ""memory"",tgid: ""148809"",source: ""syscall"",type: ""Artifact"",version: ""0"",hash: ""1efef57434d7229874ac97f71e5fd2c6""})"
"(:VERTEX {memory address: ""7f0da5446000"",size: ""801000"",subtype: ""memory"",tgid: ""148809"",source: ""syscall"",type: ""Artifact"",version: ""0"",hash: ""05e7c93489da1b3c017a18eb5c005b60""})"
"(:VERTEX {gid: ""0"",euid: ""999"",children pid namespace: ""4026532779"",start time: ""1690978646.916"",ns pid: ""11485"",pid: ""148817"",source: ""syscall"",type: ""Process"",net namespace: ""4026532705"",ipc namespace: ""4026532772"",ppid: ""148809"",pid namespace: ""4026532779"",cwd: ""/"",uid: ""999"",egid: ""0"",exe: ""/usr/bin/check-status"",mount namespace: ""4026532778"",command line: ""/usr/bin/check-status -r"",name: ""check-status"",hash: ""088dbd13410c4e484bdb92c40e61d72a"",user namespace: ""4026531837""})"
"(:VERTEX {memory address: ""7f0da5447000"",size: ""800000"",subtype: ""memory"",tgid: ""148809"",source: ""syscall"",type: ""Artifact"",version: ""0"",hash: ""75ae768897e665bce0a31cc75bae0d68""})"
"(:VERTEX {gid: ""0"",euid: ""999"",children pid namespace: ""4026532779"",start time: ""1690978646.916"",ns pid: ""11486"",pid: ""148818"",source: ""syscall"",type: ""Process"",net namespace: ""4026532705"",ipc namespace: ""4026532772"",ppid: ""148809"",pid namespace: ""4026532779"",cwd: ""/"",uid: ""999"",egid: ""0"",exe: ""/usr/bin/check-status"",mount namespace: ""4026532778"",command line: ""/usr/bin/check-status -r"",name: ""check-status"",hash: ""cef3062e00afe4420039a8b515138fbb"",user namespace: ""4026531837""})"
"(:VERTEX {memory address: ""7f0d95446000"",size: ""8000000"",subtype: ""memory"",tgid: ""148809"",source: ""syscall"",type: ""Artifact"",version: ""0"",hash: ""3434b082d471142d54334c8b891f25b4""})"
"(:VERTEX {memory address: ""7f0d98000000"",size: ""21000"",subtype: ""memory"",tgid: ""148809"",source: ""syscall"",type: ""Artifact"",version: ""0"",hash: ""3015c281a2f0d1f85bea88100dd62ff5""})"
"(:VERTEX {memory address: ""7f0da4c45000"",size: ""801000"",subtype: ""memory"",tgid: ""148809"",source: ""syscall"",type: ""Artifact"",version: ""0"",hash: ""611df6b3d95e89ed4c1a494998e816ff""})"
"(:VERTEX {memory address: ""7f0da4c46000"",size: ""800000"",subtype: ""memory"",tgid: ""148809"",source: ""syscall"",type: ""Artifact"",version: ""0"",hash: ""524f5e556970ef4379b6fa81f842cb67""})"
"(:VERTEX {gid: ""0"",euid: ""999"",children pid namespace: ""4026532779"",start time: ""1690978646.916"",ns pid: ""11487"",pid: ""148819"",source: ""syscall"",type: ""Process"",net namespace: ""4026532705"",ipc namespace: ""4026532772"",ppid: ""148809"",pid namespace: ""4026532779"",cwd: ""/"",uid: ""999"",egid: ""0"",exe: ""/usr/bin/check-status"",mount namespace: ""4026532778"",command line: ""/usr/bin/check-status -r"",name: ""check-status"",hash: ""ad145a3b071c902c9c9e63dd5e976798"",user namespace: ""4026531837""})"
"(:VERTEX {memory address: ""7f0da4c05000"",size: ""40000"",subtype: ""memory"",tgid: ""148809"",source: ""syscall"",type: ""Artifact"",version: ""0"",hash: ""242a9f4aab7c131e8e5cca277a7e422d""})"
"(:VERTEX {memory address: ""7f0da4404000"",size: ""801000"",subtype: ""memory"",tgid: ""148809"",source: ""syscall"",type: ""Artifact"",version: ""0"",hash: ""9f01416f8c08c9a24688e29ee1697b54""})"
"(:VERTEX {memory address: ""7f0da4405000"",size: ""800000"",subtype: ""memory"",tgid: ""148809"",source: ""syscall"",type: ""Artifact"",version: ""0"",hash: ""e54075700fbf766b0ba1bcebd4e211d0""})"
"(:VERTEX {gid: ""0"",euid: ""999"",children pid namespace: ""4026532779"",start time: ""1690978646.923"",ns pid: ""11488"",pid: ""148820"",source: ""syscall"",type: ""Process"",net namespace: ""4026532705"",ipc namespace: ""4026532772"",ppid: ""148809"",pid namespace: ""4026532779"",cwd: ""/"",uid: ""999"",egid: ""0"",exe: ""/usr/bin/check-status"",mount namespace: ""4026532778"",command line: ""/usr/bin/check-status -r"",name: ""check-status"",hash: ""8c85bf50d00c5b92886abaf8273bb3f7"",user namespace: ""4026531837""})"
"(:VERTEX {remote port: ""44418"",epoch: ""0"",source: ""syscall"",type: ""Artifact"",version: ""0"",local port: ""8080"",net namespace: ""-1"",local address: ""0000:0000:0000:0000:0000:0000:0000:0000"",protocol: ""tcp"",subtype: ""network socket"",remote address: ""0000:0000:0000:0000:0000:FFFF:C0A8:2F80"",hash: ""6f213c613fe01810befb46d1ef6ff55e""})"
"(:VERTEX {remote port: ""44430"",epoch: ""0"",source: ""syscall"",type: ""Artifact"",version: ""0"",local port: ""8080"",net namespace: ""-1"",local address: ""0000:0000:0000:0000:0000:0000:0000:0000"",protocol: ""tcp"",subtype: ""network socket"",remote address: ""0000:0000:0000:0000:0000:FFFF:C0A8:2F80"",hash: ""8fc8472f65f43856727726aebe58d490""})"
"(:VERTEX {remote port: ""54976"",epoch: ""0"",source: ""syscall"",type: ""Artifact"",version: ""0"",local port: ""50051"",net namespace: ""-1"",local address: ""0000:0000:0000:0000:0000:0000:0000:0000"",protocol: ""tcp"",subtype: ""network socket"",remote address: ""0000:0000:0000:0000:0000:FFFF:C0A8:2F80"",hash: ""629d372e29900b37544aeb1760fbf471""})"
"(:VERTEX {remote port: ""53002"",epoch: ""0"",source: ""syscall"",type: ""Artifact"",version: ""0"",local port: ""6379"",net namespace: ""-1"",local address: ""0.0.0.0"",protocol: ""tcp"",subtype: ""network socket"",remote address: ""192.168.47.128"",hash: ""c46f9518f536a5be672e581a8d5ee9b0""})"
"(:VERTEX {remote port: ""53014"",epoch: ""0"",source: ""syscall"",type: ""Artifact"",version: ""0"",local port: ""6379"",net namespace: ""-1"",local address: ""0.0.0.0"",protocol: ""tcp"",subtype: ""network socket"",remote address: ""192.168.47.128"",hash: ""1cf4eae5aa4c4bad6e2537784efeee02""})"
"(:VERTEX {remote port: ""56190"",epoch: ""0"",source: ""syscall"",type: ""Artifact"",version: ""0"",local port: ""8080"",net namespace: ""-1"",local address: ""0000:0000:0000:0000:0000:0000:0000:0000"",protocol: ""tcp"",subtype: ""network socket"",remote address: ""0000:0000:0000:0000:0000:FFFF:C0A8:2F80"",hash: ""e37b89b6a6ce2c5c7edaddb11226be58""})"
"(:VERTEX {remote port: ""56192"",epoch: ""0"",source: ""syscall"",type: ""Artifact"",version: ""0"",local port: ""8080"",net namespace: ""-1"",local address: ""0000:0000:0000:0000:0000:0000:0000:0000"",protocol: ""tcp"",subtype: ""network socket"",remote address: ""0000:0000:0000:0000:0000:FFFF:C0A8:2F80"",hash: ""1836150c8007289ecf254647529ffe31""})"
"(:VERTEX {gid: ""0"",euid: ""999"",children pid namespace: ""-1"",pid: ""148898"",seen time: ""1690978649.058"",source: ""syscall"",type: ""Process"",net namespace: ""-1"",ipc namespace: ""-1"",ppid: ""148889"",pid namespace: ""-1"",uid: ""999"",egid: ""0"",exe: ""/"",mount namespace: ""-1"",name: ""runc:[2:INIT]"",hash: ""4ce32282d3fae57a99cd177caa21d4f2"",user namespace: ""-1""})"
"(:VERTEX {path: ""/proc/148898/attr/apparmor/exec"",subtype: ""file"",permissions: ""0666"",epoch: ""0"",source: ""syscall"",type: ""Artifact"",version: ""0"",hash: ""a9b276e06e18bf21cd00b90048ae4281""})"
"(:VERTEX {gid: ""0"",euid: ""999"",children pid namespace: ""-1"",start time: ""1690978649.058"",pid: ""148898"",source: ""syscall"",type: ""Process"",net namespace: ""-1"",ipc namespace: ""-1"",ppid: ""148889"",pid namespace: ""-1"",cwd: ""/"",uid: ""999"",egid: ""0"",exe: ""/usr/bin/check-status"",mount namespace: ""-1"",command line: ""/usr/bin/check-status -l"",name: ""check-status"",hash: ""5b49e9e60e6dad6573790e1ef0046448"",user namespace: ""-1""})"
"(:VERTEX {memory address: ""7efca1ef3000"",size: ""2000"",subtype: ""memory"",tgid: ""148898"",source: ""syscall"",type: ""Artifact"",version: ""0"",hash: ""532578200a3e8ddff4b7c380e909abf1""})"
"(:VERTEX {memory address: ""7efca1aa8000"",size: ""21f4c0"",subtype: ""memory"",tgid: ""148898"",source: ""syscall"",type: ""Artifact"",version: ""0"",hash: ""1497f054525d8bbc93370332ea77fa2d""})"
"(:VERTEX {memory address: ""7efca1ac3000"",size: ""1ff000"",subtype: ""memory"",tgid: ""148898"",source: ""syscall"",type: ""Artifact"",version: ""0"",hash: ""e2189a979e48d09386522c0dbd20a24e""})"
"(:VERTEX {memory address: ""7efca1cc2000"",size: ""2000"",subtype: ""memory"",tgid: ""148898"",source: ""syscall"",type: ""Artifact"",version: ""0"",hash: ""839873fc6bc49a2aab72885402a6b6e9""})"
"(:VERTEX {memory address: ""7efca1cc4000"",size: ""34c0"",subtype: ""memory"",tgid: ""148898"",source: ""syscall"",type: ""Artifact"",version: ""0"",hash: ""f4e46aaa00456e34c3c3d99d08353a87""})"
"(:VERTEX {memory address: ""7efca16e2000"",size: ""3c58c0"",subtype: ""memory"",tgid: ""148898"",source: ""syscall"",type: ""Artifact"",version: ""0"",hash: ""8af8bd1a497b462955f5ffe09254948a""})"
"(:VERTEX {memory address: ""7efca189e000"",size: ""200000"",subtype: ""memory"",tgid: ""148898"",source: ""syscall"",type: ""Artifact"",version: ""0"",hash: ""0fbf1b8a1b328579f1190981cbd7c833""})"
"(:VERTEX {memory address: ""7efca1a9e000"",size: ""6000"",subtype: ""memory"",tgid: ""148898"",source: ""syscall"",type: ""Artifact"",version: ""0"",hash: ""d72788e8954cc2fbde653604f3e14545""})"
"(:VERTEX {memory address: ""7efca1aa4000"",size: ""38c0"",subtype: ""memory"",tgid: ""148898"",source: ""syscall"",type: ""Artifact"",version: ""0"",hash: ""59d4ca04094eda11c780732eecc5e7e4""})"
"(:VERTEX {memory address: ""7efca1ef0000"",size: ""3000"",subtype: ""memory"",tgid: ""148898"",source: ""syscall"",type: ""Artifact"",version: ""0"",hash: ""e9bda5d01460cd56efea35aa66542ab5""})"
"(:VERTEX {memory address: ""7efca1a9e000"",size: ""4000"",subtype: ""memory"",tgid: ""148898"",source: ""syscall"",type: ""Artifact"",version: ""0"",hash: ""b356bfe2e1f377ea37f87d0d723fd59b""})"
"(:VERTEX {memory address: ""7efca1cc2000"",size: ""1000"",subtype: ""memory"",tgid: ""148898"",source: ""syscall"",type: ""Artifact"",version: ""0"",hash: ""d0f4c65f687b5d82971825c6425e7c9f""})"
"(:VERTEX {memory address: ""7efca1ef5000"",size: ""1000"",subtype: ""memory"",tgid: ""148898"",source: ""syscall"",type: ""Artifact"",version: ""0"",hash: ""dc4c5e3b3d7edafb3c67371e9fbc9038""})"
"(:VERTEX {memory address: ""7efca1eb0000"",size: ""40000"",subtype: ""memory"",tgid: ""148898"",source: ""syscall"",type: ""Artifact"",version: ""0"",hash: ""1b4d1d3d1552935d365f454939edf8ab""})"
"(:VERTEX {memory address: ""7efca1e90000"",size: ""20000"",subtype: ""memory"",tgid: ""148898"",source: ""syscall"",type: ""Artifact"",version: ""0"",hash: ""a9825536366faf7c1f8d9a1f1227fb5a""})"
"(:VERTEX {memory address: ""7efca1d90000"",size: ""100000"",subtype: ""memory"",tgid: ""148898"",source: ""syscall"",type: ""Artifact"",version: ""0"",hash: ""cb800e64899a1a41d72650b4b4e2d99c""})"
"(:VERTEX {memory address: ""7efca0ee2000"",size: ""800000"",subtype: ""memory"",tgid: ""148898"",source: ""syscall"",type: ""Artifact"",version: ""0"",hash: ""9dc65e99a9cd0a4c45e42496f83d07e2""})"
"(:VERTEX {memory address: ""7efc9cee2000"",size: ""4000000"",subtype: ""memory"",tgid: ""148898"",source: ""syscall"",type: ""Artifact"",version: ""0"",hash: ""1f3f93baad055914d12e07239cb26054""})"
"(:VERTEX {memory address: ""7efc7cee2000"",size: ""20000000"",subtype: ""memory"",tgid: ""148898"",source: ""syscall"",type: ""Artifact"",version: ""0"",hash: ""d37b74e616114d1d91861722b6b3f504""})"
"(:VERTEX {memory address: ""c000000000"",size: ""4000000"",subtype: ""memory"",tgid: ""148898"",source: ""syscall"",type: ""Artifact"",version: ""0"",hash: ""4093a9c6e45fb6da67d5de26154b4612""})"
"(:VERTEX {memory address: ""7efc7aee2000"",size: ""2000000"",subtype: ""memory"",tgid: ""148898"",source: ""syscall"",type: ""Artifact"",version: ""0"",hash: ""c1e7e3db47ea3a47390bd54700357c60""})"
"(:VERTEX {memory address: ""7efc7acd1000"",size: ""210c10"",subtype: ""memory"",tgid: ""148898"",source: ""syscall"",type: ""Artifact"",version: ""0"",hash: ""fff5534b590d0091193353dfdb94aef2""})"
"(:VERTEX {memory address: ""c000000000"",size: ""400000"",subtype: ""memory"",tgid: ""148898"",source: ""syscall"",type: ""Artifact"",version: ""0"",hash: ""01ae696922c5d0132251eca1cea4225a""})"
"(:VERTEX {memory address: ""7efca1e90000"",size: ""20000"",subtype: ""memory"",tgid: ""148898"",source: ""syscall"",type: ""Artifact"",version: ""1"",hash: ""65272562a6ccb73e8fd114c2e99bff39""})"
"(:VERTEX {memory address: ""7efca1e10000"",size: ""1000"",subtype: ""memory"",tgid: ""148898"",source: ""syscall"",type: ""Artifact"",version: ""0"",hash: ""2cdef5f9269e5a95ec939e175e705be1""})"
"(:VERTEX {memory address: ""7efca12e8000"",size: ""1000"",subtype: ""memory"",tgid: ""148898"",source: ""syscall"",type: ""Artifact"",version: ""0"",hash: ""68edfbc78471cc3e819b99d3bbc710eb""})"
"(:VERTEX {memory address: ""7efc9ef12000"",size: ""1000"",subtype: ""memory"",tgid: ""148898"",source: ""syscall"",type: ""Artifact"",version: ""0"",hash: ""dca7b53ab71e8804faac8ff793600ecc""})"
"(:VERTEX {memory address: ""7efc8d062000"",size: ""1000"",subtype: ""memory"",tgid: ""148898"",source: ""syscall"",type: ""Artifact"",version: ""0"",hash: ""d8a928f764ceb25bd5e5bf3264e24931""})"
"(:VERTEX {memory address: ""7efc7abd1000"",size: ""100000"",subtype: ""memory"",tgid: ""148898"",source: ""syscall"",type: ""Artifact"",version: ""0"",hash: ""f91356758f9e1704173040467cccb932""})"
"(:VERTEX {memory address: ""7efca1d80000"",size: ""10000"",subtype: ""memory"",tgid: ""148898"",source: ""syscall"",type: ""Artifact"",version: ""0"",hash: ""c5d585fa367b5cf2b53ca3dfb6c0b1f5""})"
"(:VERTEX {memory address: ""7efca1d70000"",size: ""10000"",subtype: ""memory"",tgid: ""148898"",source: ""syscall"",type: ""Artifact"",version: ""0"",hash: ""ebb2817c5bc073e425e6fa47d0d48c09""})"
"(:VERTEX {memory address: ""7efc7a3d0000"",size: ""801000"",subtype: ""memory"",tgid: ""148898"",source: ""syscall"",type: ""Artifact"",version: ""0"",hash: ""3b708fe3eb7ba4c18e229592ee7930ab""})"
"(:VERTEX {memory address: ""7efc7a3d1000"",size: ""800000"",subtype: ""memory"",tgid: ""148898"",source: ""syscall"",type: ""Artifact"",version: ""0"",hash: ""6092d637dcea0a5f78b542ceec2772d9""})"
"(:VERTEX {gid: ""0"",euid: ""999"",children pid namespace: ""4026532779"",start time: ""1690978649.061"",ns pid: ""11495"",pid: ""148905"",source: ""syscall"",type: ""Process"",net namespace: ""4026532705"",ipc namespace: ""4026532772"",ppid: ""148898"",pid namespace: ""4026532779"",cwd: ""/"",uid: ""999"",egid: ""0"",exe: ""/usr/bin/check-status"",mount namespace: ""4026532778"",command line: ""/usr/bin/check-status -l"",name: ""check-status"",hash: ""189b1ee35cfef11d13d6e2abcda9ec0a"",user namespace: ""4026531837""})"
"(:VERTEX {memory address: ""7efc79bcf000"",size: ""801000"",subtype: ""memory"",tgid: ""148898"",source: ""syscall"",type: ""Artifact"",version: ""0"",hash: ""002838af18fc909fb31b2818357b6001""})"
"(:VERTEX {memory address: ""7efc79bd0000"",size: ""800000"",subtype: ""memory"",tgid: ""148898"",source: ""syscall"",type: ""Artifact"",version: ""0"",hash: ""44db766f294d69d31a51a95f8feabcda""})"
"(:VERTEX {gid: ""0"",euid: ""999"",children pid namespace: ""4026532779"",start time: ""1690978649.061"",ns pid: ""11496"",pid: ""148906"",source: ""syscall"",type: ""Process"",net namespace: ""4026532705"",ipc namespace: ""4026532772"",ppid: ""148898"",pid namespace: ""4026532779"",cwd: ""/"",uid: ""999"",egid: ""0"",exe: ""/usr/bin/check-status"",mount namespace: ""4026532778"",command line: ""/usr/bin/check-status -l"",name: ""check-status"",hash: ""a5dfb2ad4aade302a0a4f5d8454313c4"",user namespace: ""4026531837""})"
"(:VERTEX {memory address: ""7efc793ce000"",size: ""801000"",subtype: ""memory"",tgid: ""148898"",source: ""syscall"",type: ""Artifact"",version: ""0"",hash: ""6548a4d7901475f6ec53e9901422a578""})"
"(:VERTEX {memory address: ""7efc793cf000"",size: ""800000"",subtype: ""memory"",tgid: ""148898"",source: ""syscall"",type: ""Artifact"",version: ""0"",hash: ""220b5aa34afa7a897f567ee87812e01d""})"
"(:VERTEX {gid: ""0"",euid: ""999"",children pid namespace: ""4026532779"",start time: ""1690978649.061"",ns pid: ""11497"",pid: ""148907"",source: ""syscall"",type: ""Process"",net namespace: ""4026532705"",ipc namespace: ""4026532772"",ppid: ""148898"",pid namespace: ""4026532779"",cwd: ""/"",uid: ""999"",egid: ""0"",exe: ""/usr/bin/check-status"",mount namespace: ""4026532778"",command line: ""/usr/bin/check-status -l"",name: ""check-status"",hash: ""fb821e4386ab039b5c637d30bd03d8a7"",user namespace: ""4026531837""})"
"(:VERTEX {memory address: ""7efc713ce000"",size: ""8000000"",subtype: ""memory"",tgid: ""148898"",source: ""syscall"",type: ""Artifact"",version: ""0"",hash: ""14eb14b2cabe5cb4c26b02730739672a""})"
"(:VERTEX {memory address: ""7efc74000000"",size: ""21000"",subtype: ""memory"",tgid: ""148898"",source: ""syscall"",type: ""Artifact"",version: ""0"",hash: ""fb8dd8a624870bc57eb726ec9d1528b8""})"
"(:VERTEX {memory address: ""7efca1d30000"",size: ""40000"",subtype: ""memory"",tgid: ""148898"",source: ""syscall"",type: ""Artifact"",version: ""0"",hash: ""b698357c52e3b3057918e39427a263f4""})"
"(:VERTEX {memory address: ""7efc78bcd000"",size: ""801000"",subtype: ""memory"",tgid: ""148898"",source: ""syscall"",type: ""Artifact"",version: ""0"",hash: ""a22d66738dc1c653d89bcdd4bc149c49""})"
"(:VERTEX {memory address: ""7efc78bce000"",size: ""800000"",subtype: ""memory"",tgid: ""148898"",source: ""syscall"",type: ""Artifact"",version: ""0"",hash: ""87eade95b708d6139cea3e1c64d5f7b7""})"
"(:VERTEX {gid: ""0"",euid: ""999"",children pid namespace: ""4026532779"",start time: ""1690978649.061"",ns pid: ""11498"",pid: ""148908"",source: ""syscall"",type: ""Process"",net namespace: ""4026532705"",ipc namespace: ""4026532772"",ppid: ""148898"",pid namespace: ""4026532779"",cwd: ""/"",uid: ""999"",egid: ""0"",exe: ""/usr/bin/check-status"",mount namespace: ""4026532778"",command line: ""/usr/bin/check-status -l"",name: ""check-status"",hash: ""6da9e32a8839a9027f64b75b14084582"",user namespace: ""4026531837""})"
"(:VERTEX {memory address: ""7efc6c000000"",size: ""8000000"",subtype: ""memory"",tgid: ""148898"",source: ""syscall"",type: ""Artifact"",version: ""0"",hash: ""22dc7ca83efd1e7cf5e4af784769ad04""})"
"(:VERTEX {memory address: ""7efc6c000000"",size: ""21000"",subtype: ""memory"",tgid: ""148898"",source: ""syscall"",type: ""Artifact"",version: ""0"",hash: ""e9070ff36e4177392eb6e216a91b1352""})"
"(:VERTEX {memory address: ""7efc70000000"",size: ""4000000"",subtype: ""memory"",tgid: ""148898"",source: ""syscall"",type: ""Artifact"",version: ""0"",hash: ""e6edbd51c9dbb02da2ca1353511ce2e6""})"
"(:VERTEX {memory address: ""7efc70000000"",size: ""21000"",subtype: ""memory"",tgid: ""148898"",source: ""syscall"",type: ""Artifact"",version: ""0"",hash: ""fe33ee96654109ade68d4cee84e91b54""})"
"(:VERTEX {memory address: ""7efc783cc000"",size: ""801000"",subtype: ""memory"",tgid: ""148898"",source: ""syscall"",type: ""Artifact"",version: ""0"",hash: ""505ff5986235e00b6581f0ca6f05c647""})"
"(:VERTEX {memory address: ""7efc783cd000"",size: ""800000"",subtype: ""memory"",tgid: ""148898"",source: ""syscall"",type: ""Artifact"",version: ""0"",hash: ""a97d9d6cc1b17e75e52a67a34af340d5""})"
"(:VERTEX {gid: ""0"",euid: ""999"",children pid namespace: ""4026532779"",start time: ""1690978649.065"",ns pid: ""11499"",pid: ""148909"",source: ""syscall"",type: ""Process"",net namespace: ""4026532705"",ipc namespace: ""4026532772"",ppid: ""148898"",pid namespace: ""4026532779"",cwd: ""/"",uid: ""999"",egid: ""0"",exe: ""/usr/bin/check-status"",mount namespace: ""4026532778"",command line: ""/usr/bin/check-status -l"",name: ""check-status"",hash: ""4630a2dac27fa72b0bb246b5c300bd1c"",user namespace: ""4026531837""})"
"(:VERTEX {memory address: ""7efc7838c000"",size: ""40000"",subtype: ""memory"",tgid: ""148898"",source: ""syscall"",type: ""Artifact"",version: ""0"",hash: ""7cbe9c220f1586765845823e7f58fcee""})"
"(:VERTEX {remote port: ""53"",epoch: ""0"",source: ""syscall"",type: ""Artifact"",version: ""0"",local port: ""55381"",net namespace: ""-1"",local address: ""10.1.251.204"",protocol: ""udp"",subtype: ""network socket"",remote address: ""10.152.183.10"",hash: ""58937d5f53f8b708bbf8ffa39e4dc838""})"
"(:VERTEX {remote port: ""53"",epoch: ""0"",source: ""syscall"",type: ""Artifact"",version: ""0"",local port: ""60170"",net namespace: ""-1"",local address: ""10.1.251.204"",protocol: ""udp"",subtype: ""network socket"",remote address: ""10.152.183.10"",hash: ""f54bed36cfe638a6bad4cbfa2bc8fd9a""})"
"(:VERTEX {remote port: ""53"",epoch: ""0"",source: ""syscall"",type: ""Artifact"",version: ""0"",local port: ""36503"",net namespace: ""-1"",local address: ""10.1.251.204"",protocol: ""udp"",subtype: ""network socket"",remote address: ""10.152.183.10"",hash: ""79520163ddaa01d504d49e51f94a8ad4""})"
"(:VERTEX {remote port: ""53"",epoch: ""0"",source: ""syscall"",type: ""Artifact"",version: ""0"",local port: ""37489"",net namespace: ""-1"",local address: ""10.1.251.204"",protocol: ""udp"",subtype: ""network socket"",remote address: ""10.152.183.10"",hash: ""16718efed1513cfda2b81ea6a5ae9bd9""})"
"(:VERTEX {remote port: ""53"",epoch: ""0"",source: ""syscall"",type: ""Artifact"",version: ""0"",local port: ""60127"",net namespace: ""-1"",local address: ""10.1.251.204"",protocol: ""udp"",subtype: ""network socket"",remote address: ""10.152.183.10"",hash: ""bd15b8e95c1f6018c36ae33ec2226dc7""})"
"(:VERTEX {remote port: ""53"",epoch: ""0"",source: ""syscall"",type: ""Artifact"",version: ""0"",local port: ""42172"",net namespace: ""-1"",local address: ""10.1.251.204"",protocol: ""udp"",subtype: ""network socket"",remote address: ""10.152.183.10"",hash: ""2a975b80fb2a2da9727f877cf22e41c7""})"
"(:VERTEX {remote port: ""44436"",epoch: ""0"",source: ""syscall"",type: ""Artifact"",version: ""0"",local port: ""8080"",net namespace: ""-1"",local address: ""0000:0000:0000:0000:0000:0000:0000:0000"",protocol: ""tcp"",subtype: ""network socket"",remote address: ""0000:0000:0000:0000:0000:FFFF:C0A8:2F80"",hash: ""9ccbd511783951349e601d8d07672677""})"
"(:VERTEX {remote port: ""44438"",epoch: ""0"",source: ""syscall"",type: ""Artifact"",version: ""0"",local port: ""8080"",net namespace: ""-1"",local address: ""0000:0000:0000:0000:0000:0000:0000:0000"",protocol: ""tcp"",subtype: ""network socket"",remote address: ""0000:0000:0000:0000:0000:FFFF:C0A8:2F80"",hash: ""bcad8372ce406d4f5f69f4dcc2364f10""})"
"(:VERTEX {remote port: ""54978"",epoch: ""0"",source: ""syscall"",type: ""Artifact"",version: ""0"",local port: ""50051"",net namespace: ""-1"",local address: ""0000:0000:0000:0000:0000:0000:0000:0000"",protocol: ""tcp"",subtype: ""network socket"",remote address: ""0000:0000:0000:0000:0000:FFFF:C0A8:2F80"",hash: ""a752423c55e46640ceaca609491aa03e""})"
"(:VERTEX {remote port: ""54990"",epoch: ""0"",source: ""syscall"",type: ""Artifact"",version: ""0"",local port: ""50051"",net namespace: ""-1"",local address: ""0000:0000:0000:0000:0000:0000:0000:0000"",protocol: ""tcp"",subtype: ""network socket"",remote address: ""0000:0000:0000:0000:0000:FFFF:C0A8:2F80"",hash: ""3c6a7a01b4ebcec82b44065234b563d9""})"
"(:VERTEX {remote port: ""47968"",epoch: ""0"",source: ""syscall"",type: ""Artifact"",version: ""0"",local port: ""7000"",net namespace: ""-1"",local address: ""0000:0000:0000:0000:0000:0000:0000:0000"",protocol: ""tcp"",subtype: ""network socket"",remote address: ""0000:0000:0000:0000:0000:FFFF:C0A8:2F80"",hash: ""a27869c1c19c75ffaf617509aecb2ba3""})"
"(:VERTEX {remote port: ""47984"",epoch: ""0"",source: ""syscall"",type: ""Artifact"",version: ""0"",local port: ""7000"",net namespace: ""-1"",local address: ""0000:0000:0000:0000:0000:0000:0000:0000"",protocol: ""tcp"",subtype: ""network socket"",remote address: ""0000:0000:0000:0000:0000:FFFF:C0A8:2F80"",hash: ""1b257f9f4e9c46efdb2be0da2055c496""})"
"(:VERTEX {remote port: ""53032"",epoch: ""0"",source: ""syscall"",type: ""Artifact"",version: ""0"",local port: ""6379"",net namespace: ""-1"",local address: ""0.0.0.0"",protocol: ""tcp"",subtype: ""network socket"",remote address: ""192.168.47.128"",hash: ""a3cac72ad3d5136b3621caf0cd46e65e""})"
"(:VERTEX {remote port: ""46584"",epoch: ""0"",source: ""syscall"",type: ""Artifact"",version: ""0"",local port: ""5050"",net namespace: ""-1"",local address: ""0000:0000:0000:0000:0000:0000:0000:0000"",protocol: ""tcp"",subtype: ""network socket"",remote address: ""0000:0000:0000:0000:0000:FFFF:C0A8:2F80"",hash: ""d722d640f2f5863d922908b81f9dd555""})"
"(:VERTEX {remote port: ""53018"",epoch: ""0"",source: ""syscall"",type: ""Artifact"",version: ""0"",local port: ""6379"",net namespace: ""-1"",local address: ""0.0.0.0"",protocol: ""tcp"",subtype: ""network socket"",remote address: ""192.168.47.128"",hash: ""2dcdb035709f541f1f2b2fa6bf816104""})"
"(:VERTEX {remote port: ""46588"",epoch: ""0"",source: ""syscall"",type: ""Artifact"",version: ""0"",local port: ""5050"",net namespace: ""-1"",local address: ""0000:0000:0000:0000:0000:0000:0000:0000"",protocol: ""tcp"",subtype: ""network socket"",remote address: ""0000:0000:0000:0000:0000:FFFF:C0A8:2F80"",hash: ""de70787fc80c3e92b082b48c144ccc70""})"
"(:VERTEX {remote port: ""53130"",epoch: ""0"",source: ""syscall"",type: ""Artifact"",version: ""0"",local port: ""8080"",net namespace: ""-1"",local address: ""0000:0000:0000:0000:0000:0000:0000:0000"",protocol: ""tcp"",subtype: ""network socket"",remote address: ""0000:0000:0000:0000:0000:FFFF:C0A8:2F80"",hash: ""5e256f43800a515e190bee366773cfe2""})"
"(:VERTEX {remote port: ""53146"",epoch: ""0"",source: ""syscall"",type: ""Artifact"",version: ""0"",local port: ""8080"",net namespace: ""-1"",local address: ""0000:0000:0000:0000:0000:0000:0000:0000"",protocol: ""tcp"",subtype: ""network socket"",remote address: ""0000:0000:0000:0000:0000:FFFF:C0A8:2F80"",hash: ""306a8d163faf4731863eed40842fbc91""})"
"(:VERTEX {remote port: ""35956"",epoch: ""0"",source: ""syscall"",type: ""Artifact"",version: ""0"",local port: ""50051"",net namespace: ""-1"",local address: ""0000:0000:0000:0000:0000:0000:0000:0000"",protocol: ""tcp"",subtype: ""network socket"",remote address: ""0000:0000:0000:0000:0000:FFFF:C0A8:2F80"",hash: ""0345fbf4866fa6c7ef87906d0d2f8a88""})"
"(:VERTEX {remote port: ""35942"",epoch: ""0"",source: ""syscall"",type: ""Artifact"",version: ""0"",local port: ""50051"",net namespace: ""-1"",local address: ""0000:0000:0000:0000:0000:0000:0000:0000"",protocol: ""tcp"",subtype: ""network socket"",remote address: ""0000:0000:0000:0000:0000:FFFF:C0A8:2F80"",hash: ""8e337722ba14c28db5252a741556448b""})"
"(:VERTEX {remote port: ""57376"",epoch: ""0"",source: ""syscall"",type: ""Artifact"",version: ""0"",local port: ""7070"",net namespace: ""4026533266"",local address: ""0000:0000:0000:0000:0000:0000:0000:0000"",protocol: ""tcp"",subtype: ""network socket"",remote address: ""0000:0000:0000:0000:0000:FFFF:C0A8:2F80"",hash: ""0ee5b2d43240b30e107a319fd87cd5ff""})"
"(:VERTEX {remote port: ""51002"",epoch: ""0"",source: ""syscall"",type: ""Artifact"",version: ""0"",local port: ""3550"",net namespace: ""-1"",local address: ""0000:0000:0000:0000:0000:0000:0000:0000"",protocol: ""tcp"",subtype: ""network socket"",remote address: ""0000:0000:0000:0000:0000:FFFF:C0A8:2F80"",hash: ""c86d4d8fd20e9bacdc20258b40da9948""})"
"(:VERTEX {remote port: ""57386"",epoch: ""0"",source: ""syscall"",type: ""Artifact"",version: ""0"",local port: ""7070"",net namespace: ""4026533266"",local address: ""0000:0000:0000:0000:0000:0000:0000:0000"",protocol: ""tcp"",subtype: ""network socket"",remote address: ""0000:0000:0000:0000:0000:FFFF:C0A8:2F80"",hash: ""bdf6a8827ac21cd5e4d2a31200811818""})"
"(:VERTEX {remote port: ""51016"",epoch: ""0"",source: ""syscall"",type: ""Artifact"",version: ""0"",local port: ""3550"",net namespace: ""-1"",local address: ""0000:0000:0000:0000:0000:0000:0000:0000"",protocol: ""tcp"",subtype: ""network socket"",remote address: ""0000:0000:0000:0000:0000:FFFF:C0A8:2F80"",hash: ""885c09de5948a28bee916df971710848""})"
"(:VERTEX {remote port: ""56202"",epoch: ""0"",source: ""syscall"",type: ""Artifact"",version: ""0"",local port: ""8080"",net namespace: ""-1"",local address: ""0000:0000:0000:0000:0000:0000:0000:0000"",protocol: ""tcp"",subtype: ""network socket"",remote address: ""0000:0000:0000:0000:0000:FFFF:C0A8:2F80"",hash: ""3b2200ede13a53c31b4e1893674f815e""})"
"(:VERTEX {remote port: ""56216"",epoch: ""0"",source: ""syscall"",type: ""Artifact"",version: ""0"",local port: ""8080"",net namespace: ""-1"",local address: ""0000:0000:0000:0000:0000:0000:0000:0000"",protocol: ""tcp"",subtype: ""network socket"",remote address: ""0000:0000:0000:0000:0000:FFFF:C0A8:2F80"",hash: ""d13c414e754e82e066e934be178e2b3f""})"
"(:VERTEX {gid: ""1000"",euid: ""1000"",children pid namespace: ""-1"",pid: ""61363"",seen time: ""1690978652.928"",source: ""syscall"",type: ""Process"",net namespace: ""-1"",ipc namespace: ""-1"",ppid: ""59024"",pid namespace: ""-1"",uid: ""1000"",egid: ""1000"",exe: ""/app/cartservice"",mount namespace: ""-1"",name: "".NET ThreadPool"",hash: ""14508aeaea459cf59e2f661077a365ca"",user namespace: ""-1""})"
"(:VERTEX {memory address: ""7f981aa08000"",size: ""7000"",subtype: ""memory"",tgid: ""61363"",source: ""syscall"",type: ""Artifact"",version: ""0"",hash: ""68d2baebe4fac67ab5f5156058e56f6c""})"
"(:VERTEX {memory address: ""7f981a38e000"",size: ""183000"",subtype: ""memory"",tgid: ""61363"",source: ""syscall"",type: ""Artifact"",version: ""2"",hash: ""a5792632db0d63fd52f0b6b5d6107971""})"
"(:VERTEX {memory address: ""7f981a390000"",size: ""181000"",subtype: ""memory"",tgid: ""61363"",source: ""syscall"",type: ""Artifact"",version: ""2"",hash: ""2cacdfaa79fa0676c9a2d29044cce1c0""})"
"(:VERTEX {gid: ""1000"",euid: ""1000"",children pid namespace: ""4026533564"",start time: ""1690978652.928"",ns pid: ""169"",pid: ""148933"",source: ""syscall"",type: ""Process"",net namespace: ""4026533266"",ipc namespace: ""4026533539"",ppid: ""61363"",pid namespace: ""4026533564"",uid: ""1000"",egid: ""1000"",exe: ""/app/cartservice"",mount namespace: ""4026533563"",name: "".NET ThreadPool"",hash: ""ccaa28291d127913b7fc5c7d5d42b5ca"",user namespace: ""4026531837""})"
"(:VERTEX {memory address: ""7f981aa1c000"",size: ""4000"",subtype: ""memory"",tgid: ""61363"",source: ""syscall"",type: ""Artifact"",version: ""3"",hash: ""bfead1435698a8e9d4b18c06b2fc32c7""})"
"(:VERTEX {memory address: ""7f981aa1c000"",size: ""1000"",subtype: ""memory"",tgid: ""61363"",source: ""syscall"",type: ""Artifact"",version: ""3"",hash: ""e3a13bfb2e87bc5fed2942a5267d4b1e""})"
"(:VERTEX {path: ""/proc/61363/task/169/comm"",subtype: ""file"",permissions: ""0644"",epoch: ""0"",source: ""syscall"",type: ""Artifact"",version: ""0"",hash: ""8d87f864d532f5f0bf0fcb0ed313b87b""})"
"(:VERTEX {memory address: ""7f981a9e8000"",size: ""11000"",subtype: ""memory"",tgid: ""61363"",source: ""syscall"",type: ""Artifact"",version: ""0"",hash: ""5c52eed5a5fd7e99480438c1a13f3086""})"
"(:VERTEX {subtype: ""unnamed pipe"",tgid: ""61363"",epoch: ""1"",source: ""syscall"",read fd: ""196"",type: ""Artifact"",version: ""0"",hash: ""b6b2750c140a8f216bf330b49c021ee4"",write fd: ""199""})"
"(:VERTEX {gid: ""0"",euid: ""999"",children pid namespace: ""-1"",pid: ""149067"",seen time: ""1690978656.906"",source: ""syscall"",type: ""Process"",net namespace: ""-1"",ipc namespace: ""-1"",ppid: ""149056"",pid namespace: ""-1"",uid: ""999"",egid: ""0"",exe: ""/"",mount namespace: ""-1"",name: ""runc:[2:INIT]"",hash: ""40028158d05daecc8632f309225f6a1b"",user namespace: ""-1""})"
"(:VERTEX {path: ""/proc/149067/attr/apparmor/exec"",subtype: ""file"",permissions: ""0666"",epoch: ""0"",source: ""syscall"",type: ""Artifact"",version: ""0"",hash: ""35d958fbdbfbdf1fc707d0d3bb53ad6b""})"
"(:VERTEX {gid: ""0"",euid: ""999"",children pid namespace: ""-1"",start time: ""1690978656.906"",pid: ""149067"",source: ""syscall"",type: ""Process"",net namespace: ""-1"",ipc namespace: ""-1"",ppid: ""149056"",pid namespace: ""-1"",cwd: ""/"",uid: ""999"",egid: ""0"",exe: ""/usr/bin/check-status"",mount namespace: ""-1"",command line: ""/usr/bin/check-status -r"",name: ""check-status"",hash: ""df6ff6c3bc05a7f523604596b420d607"",user namespace: ""-1""})"
"(:VERTEX {memory address: ""7f7743d7b000"",size: ""2000"",subtype: ""memory"",tgid: ""149067"",source: ""syscall"",type: ""Artifact"",version: ""0"",hash: ""ba3930f09ce29667ac5e05bad570706b""})"
"(:VERTEX {memory address: ""7f7743930000"",size: ""21f4c0"",subtype: ""memory"",tgid: ""149067"",source: ""syscall"",type: ""Artifact"",version: ""0"",hash: ""cfce7d15ba08ce506b4d719539297f63""})"
"(:VERTEX {memory address: ""7f774394b000"",size: ""1ff000"",subtype: ""memory"",tgid: ""149067"",source: ""syscall"",type: ""Artifact"",version: ""0"",hash: ""7a49d7ee178ea934a987dcbed75c24f9""})"
"(:VERTEX {memory address: ""7f7743b4a000"",size: ""2000"",subtype: ""memory"",tgid: ""149067"",source: ""syscall"",type: ""Artifact"",version: ""0"",hash: ""9bab320d760b448c9379c6b7a0e8cf84""})"
"(:VERTEX {memory address: ""7f7743b4c000"",size: ""34c0"",subtype: ""memory"",tgid: ""149067"",source: ""syscall"",type: ""Artifact"",version: ""0"",hash: ""582342e0c651530bc25befbfd7908339""})"
"(:VERTEX {memory address: ""7f774356a000"",size: ""3c58c0"",subtype: ""memory"",tgid: ""149067"",source: ""syscall"",type: ""Artifact"",version: ""0"",hash: ""95a1fc3d1b298667f552e5f383d0431c""})"
"(:VERTEX {memory address: ""7f7743726000"",size: ""200000"",subtype: ""memory"",tgid: ""149067"",source: ""syscall"",type: ""Artifact"",version: ""0"",hash: ""ccdfbc83532ab632e5f2048798c34fe1""})"
"(:VERTEX {memory address: ""7f7743926000"",size: ""6000"",subtype: ""memory"",tgid: ""149067"",source: ""syscall"",type: ""Artifact"",version: ""0"",hash: ""28e1643918589343c65b5c88eeeabb41""})"
"(:VERTEX {memory address: ""7f774392c000"",size: ""38c0"",subtype: ""memory"",tgid: ""149067"",source: ""syscall"",type: ""Artifact"",version: ""0"",hash: ""5c1e8d501cd0f5d47c5a7d17cd00ebe8""})"
"(:VERTEX {memory address: ""7f7743d78000"",size: ""3000"",subtype: ""memory"",tgid: ""149067"",source: ""syscall"",type: ""Artifact"",version: ""0"",hash: ""726c9318ecfed16971293c7a2dd93911""})"
"(:VERTEX {memory address: ""7f7743926000"",size: ""4000"",subtype: ""memory"",tgid: ""149067"",source: ""syscall"",type: ""Artifact"",version: ""0"",hash: ""bcf76f60f2ae1b2aa4d20cd61cf300b7""})"
"(:VERTEX {memory address: ""7f7743b4a000"",size: ""1000"",subtype: ""memory"",tgid: ""149067"",source: ""syscall"",type: ""Artifact"",version: ""0"",hash: ""eeb45d00a6e76fc34399e3fd0b54466e""})"
"(:VERTEX {memory address: ""7f7743d7d000"",size: ""1000"",subtype: ""memory"",tgid: ""149067"",source: ""syscall"",type: ""Artifact"",version: ""0"",hash: ""da39c47f77a87c177da48f570695fd75""})"
"(:VERTEX {memory address: ""7f7743d38000"",size: ""40000"",subtype: ""memory"",tgid: ""149067"",source: ""syscall"",type: ""Artifact"",version: ""0"",hash: ""757dd64381302ff00969252f1ea472d4""})"
"(:VERTEX {memory address: ""7f7743d18000"",size: ""20000"",subtype: ""memory"",tgid: ""149067"",source: ""syscall"",type: ""Artifact"",version: ""0"",hash: ""473aa5ab860fcac8d5c605b1e1172937""})"
"(:VERTEX {memory address: ""7f7743c18000"",size: ""100000"",subtype: ""memory"",tgid: ""149067"",source: ""syscall"",type: ""Artifact"",version: ""0"",hash: ""903c79dececa12788a0738c1ddc9887f""})"
"(:VERTEX {memory address: ""7f7742d6a000"",size: ""800000"",subtype: ""memory"",tgid: ""149067"",source: ""syscall"",type: ""Artifact"",version: ""0"",hash: ""bee8c02e7539e556dfff241bf494993e""})"
"(:VERTEX {memory address: ""7f773ed6a000"",size: ""4000000"",subtype: ""memory"",tgid: ""149067"",source: ""syscall"",type: ""Artifact"",version: ""0"",hash: ""4548edd096d4804a3bfdf0ec9f259228""})"
"(:VERTEX {memory address: ""7f771ed6a000"",size: ""20000000"",subtype: ""memory"",tgid: ""149067"",source: ""syscall"",type: ""Artifact"",version: ""0"",hash: ""6ceb9c9738a971fbc2ab73ed13de2bfe""})"
"(:VERTEX {memory address: ""c000000000"",size: ""4000000"",subtype: ""memory"",tgid: ""149067"",source: ""syscall"",type: ""Artifact"",version: ""0"",hash: ""5a51b4a5f9b117de29f64eabe690fb2a""})"
"(:VERTEX {memory address: ""7f771cd6a000"",size: ""2000000"",subtype: ""memory"",tgid: ""149067"",source: ""syscall"",type: ""Artifact"",version: ""0"",hash: ""898a0c85515e1290a52896180712a104""})"
"(:VERTEX {memory address: ""7f771cb59000"",size: ""210c10"",subtype: ""memory"",tgid: ""149067"",source: ""syscall"",type: ""Artifact"",version: ""0"",hash: ""9f81adc66f20c88dcd684ecaaec29fca""})"
"(:VERTEX {memory address: ""c000000000"",size: ""400000"",subtype: ""memory"",tgid: ""149067"",source: ""syscall"",type: ""Artifact"",version: ""0"",hash: ""1a341fbba6910eded94aa4530ae5cce1""})"
"(:VERTEX {memory address: ""7f7743d18000"",size: ""20000"",subtype: ""memory"",tgid: ""149067"",source: ""syscall"",type: ""Artifact"",version: ""1"",hash: ""0815cb1315ba0c0d53d25f01f22946b0""})"
"(:VERTEX {memory address: ""7f7743c98000"",size: ""1000"",subtype: ""memory"",tgid: ""149067"",source: ""syscall"",type: ""Artifact"",version: ""0"",hash: ""ebbab7b50f85dcd309cc4ecf7cbf9117""})"
"(:VERTEX {memory address: ""7f7743170000"",size: ""1000"",subtype: ""memory"",tgid: ""149067"",source: ""syscall"",type: ""Artifact"",version: ""0"",hash: ""0bee38c08b7338c01f2b79fde8f05a55""})"
"(:VERTEX {memory address: ""7f7740d9a000"",size: ""1000"",subtype: ""memory"",tgid: ""149067"",source: ""syscall"",type: ""Artifact"",version: ""0"",hash: ""02e6e103347a2edbf5c62499bac36f56""})"
"(:VERTEX {memory address: ""7f772eeea000"",size: ""1000"",subtype: ""memory"",tgid: ""149067"",source: ""syscall"",type: ""Artifact"",version: ""0"",hash: ""129aff98075f918d85b2dc5ee8712721""})"
"(:VERTEX {memory address: ""7f771ca59000"",size: ""100000"",subtype: ""memory"",tgid: ""149067"",source: ""syscall"",type: ""Artifact"",version: ""0"",hash: ""510cb150444bcb385d1880136c3ffa11""})"
"(:VERTEX {memory address: ""7f7743c08000"",size: ""10000"",subtype: ""memory"",tgid: ""149067"",source: ""syscall"",type: ""Artifact"",version: ""0"",hash: ""6f1a1861afe1fcd31cc9d92c6b2a43c7""})"
"(:VERTEX {memory address: ""7f7743bf8000"",size: ""10000"",subtype: ""memory"",tgid: ""149067"",source: ""syscall"",type: ""Artifact"",version: ""0"",hash: ""25487149bb8058947d25e229fe18e8e1""})"
"(:VERTEX {memory address: ""7f771c258000"",size: ""801000"",subtype: ""memory"",tgid: ""149067"",source: ""syscall"",type: ""Artifact"",version: ""0"",hash: ""035845bba5a894741f2eaab885a2d08b""})"
"(:VERTEX {memory address: ""7f771c259000"",size: ""800000"",subtype: ""memory"",tgid: ""149067"",source: ""syscall"",type: ""Artifact"",version: ""0"",hash: ""77681668ce5631112ef980f9aa867d54""})"
"(:VERTEX {gid: ""0"",euid: ""999"",children pid namespace: ""4026532779"",start time: ""1690978656.906"",ns pid: ""11505"",pid: ""149072"",source: ""syscall"",type: ""Process"",net namespace: ""4026532705"",ipc namespace: ""4026532772"",ppid: ""149067"",pid namespace: ""4026532779"",cwd: ""/"",uid: ""999"",egid: ""0"",exe: ""/usr/bin/check-status"",mount namespace: ""4026532778"",command line: ""/usr/bin/check-status -r"",name: ""check-status"",hash: ""3e1f76153c9fd21e3036f93bb885222b"",user namespace: ""4026531837""})"
"(:VERTEX {memory address: ""7f771ba57000"",size: ""801000"",subtype: ""memory"",tgid: ""149067"",source: ""syscall"",type: ""Artifact"",version: ""0"",hash: ""1c9887b1df9d5544497a943b79346096""})"
"(:VERTEX {memory address: ""7f7713a57000"",size: ""8000000"",subtype: ""memory"",tgid: ""149067"",source: ""syscall"",type: ""Artifact"",version: ""0"",hash: ""449be597d875e82dd22900cf8fb240c0""})"
"(:VERTEX {memory address: ""7f771ba58000"",size: ""800000"",subtype: ""memory"",tgid: ""149067"",source: ""syscall"",type: ""Artifact"",version: ""0"",hash: ""7604b929c140ff2b3893a72cd0de2244""})"
"(:VERTEX {memory address: ""7f7714000000"",size: ""21000"",subtype: ""memory"",tgid: ""149067"",source: ""syscall"",type: ""Artifact"",version: ""0"",hash: ""e888e92cffc030c27c5c3d0e3694dfae""})"
"(:VERTEX {gid: ""0"",euid: ""999"",children pid namespace: ""4026532779"",start time: ""1690978656.906"",ns pid: ""11506"",pid: ""149073"",source: ""syscall"",type: ""Process"",net namespace: ""4026532705"",ipc namespace: ""4026532772"",ppid: ""149067"",pid namespace: ""4026532779"",cwd: ""/"",uid: ""999"",egid: ""0"",exe: ""/usr/bin/check-status"",mount namespace: ""4026532778"",command line: ""/usr/bin/check-status -r"",name: ""check-status"",hash: ""45b343a92dec6eb70e4911f27f7ecaa0"",user namespace: ""4026531837""})"
"(:VERTEX {memory address: ""7f771b256000"",size: ""801000"",subtype: ""memory"",tgid: ""149067"",source: ""syscall"",type: ""Artifact"",version: ""0"",hash: ""28260726892724257956b10cbfd56d0c""})"
"(:VERTEX {memory address: ""7f771b257000"",size: ""800000"",subtype: ""memory"",tgid: ""149067"",source: ""syscall"",type: ""Artifact"",version: ""0"",hash: ""52992de214401c21e07fbc74bcdbbd0a""})"
"(:VERTEX {gid: ""0"",euid: ""999"",children pid namespace: ""4026532779"",start time: ""1690978656.906"",ns pid: ""11507"",pid: ""149074"",source: ""syscall"",type: ""Process"",net namespace: ""4026532705"",ipc namespace: ""4026532772"",ppid: ""149067"",pid namespace: ""4026532779"",cwd: ""/"",uid: ""999"",egid: ""0"",exe: ""/usr/bin/check-status"",mount namespace: ""4026532778"",command line: ""/usr/bin/check-status -r"",name: ""check-status"",hash: ""c15185c6ea4d921a5ae874864b599e66"",user namespace: ""4026531837""})"
"(:VERTEX {memory address: ""7f770c000000"",size: ""8000000"",subtype: ""memory"",tgid: ""149067"",source: ""syscall"",type: ""Artifact"",version: ""0"",hash: ""18a4817d56db1afd9197f151dda94a01""})"
"(:VERTEX {memory address: ""7f770c000000"",size: ""21000"",subtype: ""memory"",tgid: ""149067"",source: ""syscall"",type: ""Artifact"",version: ""0"",hash: ""006a70adf1b285f3f9379ff1aae65c68""})"
"(:VERTEX {memory address: ""7f7743bb8000"",size: ""40000"",subtype: ""memory"",tgid: ""149067"",source: ""syscall"",type: ""Artifact"",version: ""0"",hash: ""6ecf965ae1703bb85c52ecf637c95c4a""})"
"(:VERTEX {memory address: ""7f771aa55000"",size: ""801000"",subtype: ""memory"",tgid: ""149067"",source: ""syscall"",type: ""Artifact"",version: ""0"",hash: ""2ac65e82836a7c33525a5a150902d98b""})"
"(:VERTEX {memory address: ""7f771aa56000"",size: ""800000"",subtype: ""memory"",tgid: ""149067"",source: ""syscall"",type: ""Artifact"",version: ""0"",hash: ""aed86e7bbdba281970ac385335b40e90""})"
"(:VERTEX {gid: ""0"",euid: ""999"",children pid namespace: ""4026532779"",start time: ""1690978656.906"",ns pid: ""11508"",pid: ""149075"",source: ""syscall"",type: ""Process"",net namespace: ""4026532705"",ipc namespace: ""4026532772"",ppid: ""149067"",pid namespace: ""4026532779"",cwd: ""/"",uid: ""999"",egid: ""0"",exe: ""/usr/bin/check-status"",mount namespace: ""4026532778"",command line: ""/usr/bin/check-status -r"",name: ""check-status"",hash: ""7f4dfe896ecd3073dcbaffb3a07c37d3"",user namespace: ""4026531837""})"
"(:VERTEX {memory address: ""7f7710000000"",size: ""4000000"",subtype: ""memory"",tgid: ""149067"",source: ""syscall"",type: ""Artifact"",version: ""0"",hash: ""79bd223c3a30ddef06dbf0cea5d5379c""})"
"(:VERTEX {memory address: ""7f7710000000"",size: ""21000"",subtype: ""memory"",tgid: ""149067"",source: ""syscall"",type: ""Artifact"",version: ""0"",hash: ""d515bc7861ddb07b7083b07b40962c40""})"
"(:VERTEX {memory address: ""7f771a254000"",size: ""801000"",subtype: ""memory"",tgid: ""149067"",source: ""syscall"",type: ""Artifact"",version: ""0"",hash: ""213c6dff1120e2fb32a83b2b600cfed6""})"
"(:VERTEX {memory address: ""7f771a255000"",size: ""800000"",subtype: ""memory"",tgid: ""149067"",source: ""syscall"",type: ""Artifact"",version: ""0"",hash: ""78fe04eb9a08337aca5cf1b12b04b8b2""})"
"(:VERTEX {gid: ""0"",euid: ""999"",children pid namespace: ""4026532779"",start time: ""1690978656.909"",ns pid: ""11509"",pid: ""149076"",source: ""syscall"",type: ""Process"",net namespace: ""4026532705"",ipc namespace: ""4026532772"",ppid: ""149067"",pid namespace: ""4026532779"",cwd: ""/"",uid: ""999"",egid: ""0"",exe: ""/usr/bin/check-status"",mount namespace: ""4026532778"",command line: ""/usr/bin/check-status -r"",name: ""check-status"",hash: ""2c5403d21781170608438d2395f87369"",user namespace: ""4026531837""})"
"(:VERTEX {memory address: ""7f7704000000"",size: ""8000000"",subtype: ""memory"",tgid: ""149067"",source: ""syscall"",type: ""Artifact"",version: ""0"",hash: ""a5293c3ba5a4e9f1ab56852124589efd""})"
"(:VERTEX {memory address: ""7f7704000000"",size: ""21000"",subtype: ""memory"",tgid: ""149067"",source: ""syscall"",type: ""Artifact"",version: ""0"",hash: ""bdacfd26b5d8dbe02cfda5833299eeff""})"
"(:VERTEX {memory address: ""7f7700000000"",size: ""4000000"",subtype: ""memory"",tgid: ""149067"",source: ""syscall"",type: ""Artifact"",version: ""0"",hash: ""fdc79cd8b3c7a5f009b6d2ef699df5df""})"
"(:VERTEX {memory address: ""7f7700000000"",size: ""21000"",subtype: ""memory"",tgid: ""149067"",source: ""syscall"",type: ""Artifact"",version: ""0"",hash: ""6673c3b399f43acf640e8836e62ff916""})"
"(:VERTEX {remote port: ""45916"",epoch: ""0"",source: ""syscall"",type: ""Artifact"",version: ""0"",local port: ""8080"",net namespace: ""-1"",local address: ""0000:0000:0000:0000:0000:0000:0000:0000"",protocol: ""tcp"",subtype: ""network socket"",remote address: ""0000:0000:0000:0000:0000:FFFF:C0A8:2F80"",hash: ""8edb00ef997e857b8477df52601c7a70""})"
"(:VERTEX {remote port: ""45914"",epoch: ""0"",source: ""syscall"",type: ""Artifact"",version: ""0"",local port: ""8080"",net namespace: ""-1"",local address: ""0000:0000:0000:0000:0000:0000:0000:0000"",protocol: ""tcp"",subtype: ""network socket"",remote address: ""0000:0000:0000:0000:0000:FFFF:C0A8:2F80"",hash: ""7d5f87785c2fa0d5f8ac6f3ffeef11e6""})"
"(:VERTEX {remote port: ""60144"",epoch: ""0"",source: ""syscall"",type: ""Artifact"",version: ""0"",local port: ""50051"",net namespace: ""-1"",local address: ""0000:0000:0000:0000:0000:0000:0000:0000"",protocol: ""tcp"",subtype: ""network socket"",remote address: ""0000:0000:0000:0000:0000:FFFF:C0A8:2F80"",hash: ""de2d10670cca729ae2d34a9f2858ef40""})"
"(:VERTEX {remote port: ""51464"",epoch: ""0"",source: ""syscall"",type: ""Artifact"",version: ""0"",local port: ""6379"",net namespace: ""-1"",local address: ""0.0.0.0"",protocol: ""tcp"",subtype: ""network socket"",remote address: ""192.168.47.128"",hash: ""a533283618f9af6af317122997d530ea""})"
"(:VERTEX {remote port: ""51470"",epoch: ""0"",source: ""syscall"",type: ""Artifact"",version: ""0"",local port: ""6379"",net namespace: ""-1"",local address: ""0.0.0.0"",protocol: ""tcp"",subtype: ""network socket"",remote address: ""192.168.47.128"",hash: ""6098cb4e5e816313c88501ac15edadb1""})"
"(:VERTEX {remote port: ""44646"",epoch: ""0"",source: ""syscall"",type: ""Artifact"",version: ""0"",local port: ""9555"",net namespace: ""-1"",local address: ""0000:0000:0000:0000:0000:0000:0000:0000"",protocol: ""tcp"",subtype: ""network socket"",remote address: ""0000:0000:0000:0000:0000:FFFF:C0A8:2F80"",hash: ""c1e50e1bd350773b0cca1720053a722f""})"
"(:VERTEX {remote port: ""44662"",epoch: ""0"",source: ""syscall"",type: ""Artifact"",version: ""0"",local port: ""9555"",net namespace: ""-1"",local address: ""0000:0000:0000:0000:0000:0000:0000:0000"",protocol: ""tcp"",subtype: ""network socket"",remote address: ""0000:0000:0000:0000:0000:FFFF:C0A8:2F80"",hash: ""de51b386cb96c17edc74487f228ccdc1""})"
"(:VERTEX {remote port: ""36440"",epoch: ""0"",source: ""syscall"",type: ""Artifact"",version: ""0"",local port: ""8080"",net namespace: ""-1"",local address: ""0000:0000:0000:0000:0000:0000:0000:0000"",protocol: ""tcp"",subtype: ""network socket"",remote address: ""0000:0000:0000:0000:0000:FFFF:C0A8:2F80"",hash: ""0922be6f75a396a3f6d7e30da4d08196""})"
"(:VERTEX {remote port: ""36444"",epoch: ""0"",source: ""syscall"",type: ""Artifact"",version: ""0"",local port: ""8080"",net namespace: ""-1"",local address: ""0000:0000:0000:0000:0000:0000:0000:0000"",protocol: ""tcp"",subtype: ""network socket"",remote address: ""0000:0000:0000:0000:0000:FFFF:C0A8:2F80"",hash: ""116b75a790778731a3761dc9e0ba93e2""})"
"(:VERTEX {gid: ""0"",euid: ""999"",children pid namespace: ""-1"",pid: ""149090"",seen time: ""1690978659.044"",source: ""syscall"",type: ""Process"",net namespace: ""-1"",ipc namespace: ""-1"",ppid: ""149081"",pid namespace: ""-1"",uid: ""999"",egid: ""0"",exe: ""/"",mount namespace: ""-1"",name: ""runc:[2:INIT]"",hash: ""6f59e76cdf3c2af35c2525bd7cf7432d"",user namespace: ""-1""})"
"(:VERTEX {path: ""/proc/149090/attr/apparmor/exec"",subtype: ""file"",permissions: ""0666"",epoch: ""0"",source: ""syscall"",type: ""Artifact"",version: ""0"",hash: ""e82bdcaf69a0af4dd1cf08211cc1e13d""})"
"(:VERTEX {gid: ""0"",euid: ""999"",children pid namespace: ""-1"",start time: ""1690978659.044"",pid: ""149090"",source: ""syscall"",type: ""Process"",net namespace: ""-1"",ipc namespace: ""-1"",ppid: ""149081"",pid namespace: ""-1"",cwd: ""/"",uid: ""999"",egid: ""0"",exe: ""/usr/bin/check-status"",mount namespace: ""-1"",command line: ""/usr/bin/check-status -l"",name: ""check-status"",hash: ""67f125323e6c39ebab82f3fe6c8e74b8"",user namespace: ""-1""})"
"(:VERTEX {memory address: ""7f84ab703000"",size: ""2000"",subtype: ""memory"",tgid: ""149090"",source: ""syscall"",type: ""Artifact"",version: ""0"",hash: ""93e6ac10d8e03ce2a58f3e23a55e6d1f""})"
"(:VERTEX {memory address: ""7f84ab2b8000"",size: ""21f4c0"",subtype: ""memory"",tgid: ""149090"",source: ""syscall"",type: ""Artifact"",version: ""0"",hash: ""ad1b502a251d490268fc7cbf0b61c886""})"
"(:VERTEX {memory address: ""7f84ab2d3000"",size: ""1ff000"",subtype: ""memory"",tgid: ""149090"",source: ""syscall"",type: ""Artifact"",version: ""0"",hash: ""62abb7844556f7c418e94f1fa30156cf""})"
"(:VERTEX {memory address: ""7f84ab4d2000"",size: ""2000"",subtype: ""memory"",tgid: ""149090"",source: ""syscall"",type: ""Artifact"",version: ""0"",hash: ""261461cfe824c4e1df36d26917001148""})"
"(:VERTEX {memory address: ""7f84ab4d4000"",size: ""34c0"",subtype: ""memory"",tgid: ""149090"",source: ""syscall"",type: ""Artifact"",version: ""0"",hash: ""ee7ef5539e36aad50fdd749a27dbe74d""})"
"(:VERTEX {memory address: ""7f84aaef2000"",size: ""3c58c0"",subtype: ""memory"",tgid: ""149090"",source: ""syscall"",type: ""Artifact"",version: ""0"",hash: ""7d5cd6a04082e500e0a0607c8525e6e6""})"
"(:VERTEX {memory address: ""7f84ab0ae000"",size: ""200000"",subtype: ""memory"",tgid: ""149090"",source: ""syscall"",type: ""Artifact"",version: ""0"",hash: ""fd65d8465141a40db7abec7938ece8cd""})"
"(:VERTEX {memory address: ""7f84ab2ae000"",size: ""6000"",subtype: ""memory"",tgid: ""149090"",source: ""syscall"",type: ""Artifact"",version: ""0"",hash: ""7ef8773ed363dd3306035ab3ca27836a""})"
"(:VERTEX {memory address: ""7f84ab2b4000"",size: ""38c0"",subtype: ""memory"",tgid: ""149090"",source: ""syscall"",type: ""Artifact"",version: ""0"",hash: ""9469e395cbe6d7f431b65dfd39504d8d""})"
"(:VERTEX {memory address: ""7f84ab700000"",size: ""3000"",subtype: ""memory"",tgid: ""149090"",source: ""syscall"",type: ""Artifact"",version: ""0"",hash: ""be73da5de388d7de96a29e8e2e21cceb""})"
"(:VERTEX {memory address: ""7f84ab2ae000"",size: ""4000"",subtype: ""memory"",tgid: ""149090"",source: ""syscall"",type: ""Artifact"",version: ""0"",hash: ""6b2a416c96cb9868bbc5e4e0acff076c""})"
"(:VERTEX {memory address: ""7f84ab4d2000"",size: ""1000"",subtype: ""memory"",tgid: ""149090"",source: ""syscall"",type: ""Artifact"",version: ""0"",hash: ""2c142d00911684debf7545831019063c""})"
"(:VERTEX {memory address: ""7f84ab705000"",size: ""1000"",subtype: ""memory"",tgid: ""149090"",source: ""syscall"",type: ""Artifact"",version: ""0"",hash: ""9e83052bd8db9f7a03c09e008299fab7""})"
"(:VERTEX {memory address: ""7f84ab6c0000"",size: ""40000"",subtype: ""memory"",tgid: ""149090"",source: ""syscall"",type: ""Artifact"",version: ""0"",hash: ""b17873209e9619c8f38c97c39ddd73d1""})"
"(:VERTEX {memory address: ""7f84ab6a0000"",size: ""20000"",subtype: ""memory"",tgid: ""149090"",source: ""syscall"",type: ""Artifact"",version: ""0"",hash: ""82fd41ab74ec47ee7720203d4275feef""})"
"(:VERTEX {memory address: ""7f84ab5a0000"",size: ""100000"",subtype: ""memory"",tgid: ""149090"",source: ""syscall"",type: ""Artifact"",version: ""0"",hash: ""c7dc954fefc62b4c9c61957c9126d5b9""})"
"(:VERTEX {memory address: ""7f84aa6f2000"",size: ""800000"",subtype: ""memory"",tgid: ""149090"",source: ""syscall"",type: ""Artifact"",version: ""0"",hash: ""b62b3457e73c4d5bb813397c912a73fb""})"
"(:VERTEX {memory address: ""7f84a66f2000"",size: ""4000000"",subtype: ""memory"",tgid: ""149090"",source: ""syscall"",type: ""Artifact"",version: ""0"",hash: ""b63ef260bf724b868f2a7776edf01485""})"
"(:VERTEX {memory address: ""7f84866f2000"",size: ""20000000"",subtype: ""memory"",tgid: ""149090"",source: ""syscall"",type: ""Artifact"",version: ""0"",hash: ""0bebe3b15a1616afa96a30dd602ce4a4""})"
"(:VERTEX {memory address: ""c000000000"",size: ""4000000"",subtype: ""memory"",tgid: ""149090"",source: ""syscall"",type: ""Artifact"",version: ""0"",hash: ""7fe5e53b1f16be7d3aa58fa51222af4a""})"
"(:VERTEX {memory address: ""7f84846f2000"",size: ""2000000"",subtype: ""memory"",tgid: ""149090"",source: ""syscall"",type: ""Artifact"",version: ""0"",hash: ""e72b67bd399c8f792e58016e99cc988b""})"
"(:VERTEX {memory address: ""7f84844e1000"",size: ""210c10"",subtype: ""memory"",tgid: ""149090"",source: ""syscall"",type: ""Artifact"",version: ""0"",hash: ""9a30f6ce2c1f06c7d725a9f0513c1c44""})"
"(:VERTEX {memory address: ""c000000000"",size: ""400000"",subtype: ""memory"",tgid: ""149090"",source: ""syscall"",type: ""Artifact"",version: ""0"",hash: ""c26414c74fba5e3e131e88eb045d3c9c""})"
"(:VERTEX {memory address: ""7f84ab6a0000"",size: ""20000"",subtype: ""memory"",tgid: ""149090"",source: ""syscall"",type: ""Artifact"",version: ""1"",hash: ""97290b4d0cafa59158ed666dc5120c5a""})"
"(:VERTEX {memory address: ""7f84ab620000"",size: ""1000"",subtype: ""memory"",tgid: ""149090"",source: ""syscall"",type: ""Artifact"",version: ""0"",hash: ""3e81679eb0aa503d08b001feb552ad8a""})"
"(:VERTEX {memory address: ""7f84aaaf8000"",size: ""1000"",subtype: ""memory"",tgid: ""149090"",source: ""syscall"",type: ""Artifact"",version: ""0"",hash: ""61a4dae479c7d41b31afb4f92cb60ae3""})"
"(:VERTEX {memory address: ""7f84a8722000"",size: ""1000"",subtype: ""memory"",tgid: ""149090"",source: ""syscall"",type: ""Artifact"",version: ""0"",hash: ""4d86532695575c27444ed33586508189""})"
"(:VERTEX {memory address: ""7f8496872000"",size: ""1000"",subtype: ""memory"",tgid: ""149090"",source: ""syscall"",type: ""Artifact"",version: ""0"",hash: ""1e13feec35d958c6f4927962d2e0875d""})"
"(:VERTEX {memory address: ""7f84843e1000"",size: ""100000"",subtype: ""memory"",tgid: ""149090"",source: ""syscall"",type: ""Artifact"",version: ""0"",hash: ""4c4275a98e2f9d0945702163b4782814""})"
"(:VERTEX {memory address: ""7f84ab590000"",size: ""10000"",subtype: ""memory"",tgid: ""149090"",source: ""syscall"",type: ""Artifact"",version: ""0"",hash: ""06e23fc844214c0b06e72a7acecd40bc""})"
"(:VERTEX {memory address: ""7f84ab580000"",size: ""10000"",subtype: ""memory"",tgid: ""149090"",source: ""syscall"",type: ""Artifact"",version: ""0"",hash: ""8b16f669c649beddf4aa566a83245311""})"
"(:VERTEX {memory address: ""7f8483be0000"",size: ""801000"",subtype: ""memory"",tgid: ""149090"",source: ""syscall"",type: ""Artifact"",version: ""0"",hash: ""258c130add077462aa434c7d7a26f716""})"
"(:VERTEX {memory address: ""7f8483be1000"",size: ""800000"",subtype: ""memory"",tgid: ""149090"",source: ""syscall"",type: ""Artifact"",version: ""0"",hash: ""65e2f05c81a0485c87679b5d8c087661""})"
"(:VERTEX {gid: ""0"",euid: ""999"",children pid namespace: ""4026532779"",start time: ""1690978659.048"",ns pid: ""11516"",pid: ""149096"",source: ""syscall"",type: ""Process"",net namespace: ""4026532705"",ipc namespace: ""4026532772"",ppid: ""149090"",pid namespace: ""4026532779"",cwd: ""/"",uid: ""999"",egid: ""0"",exe: ""/usr/bin/check-status"",mount namespace: ""4026532778"",command line: ""/usr/bin/check-status -l"",name: ""check-status"",hash: ""153ff5351456f5602a03ee005e2369bf"",user namespace: ""4026531837""})"
"(:VERTEX {memory address: ""7f84833df000"",size: ""801000"",subtype: ""memory"",tgid: ""149090"",source: ""syscall"",type: ""Artifact"",version: ""0"",hash: ""0b8be754b30a5666b98ae3f07826889b""})"
"(:VERTEX {memory address: ""7f84833e0000"",size: ""800000"",subtype: ""memory"",tgid: ""149090"",source: ""syscall"",type: ""Artifact"",version: ""0"",hash: ""3ad6c48f5ce68ddc8ffb3de4d7fe9911""})"
"(:VERTEX {memory address: ""7f847b3df000"",size: ""8000000"",subtype: ""memory"",tgid: ""149090"",source: ""syscall"",type: ""Artifact"",version: ""0"",hash: ""a48937d525fb5ea239f616c5a358a186""})"
"(:VERTEX {gid: ""0"",euid: ""999"",children pid namespace: ""4026532779"",start time: ""1690978659.048"",ns pid: ""11517"",pid: ""149097"",source: ""syscall"",type: ""Process"",net namespace: ""4026532705"",ipc namespace: ""4026532772"",ppid: ""149090"",pid namespace: ""4026532779"",cwd: ""/"",uid: ""999"",egid: ""0"",exe: ""/usr/bin/check-status"",mount namespace: ""4026532778"",command line: ""/usr/bin/check-status -l"",name: ""check-status"",hash: ""9dbca726a5a60e5316a7c47cce0bbf02"",user namespace: ""4026531837""})"
"(:VERTEX {memory address: ""7f84733df000"",size: ""8000000"",subtype: ""memory"",tgid: ""149090"",source: ""syscall"",type: ""Artifact"",version: ""0"",hash: ""7b78730bd61946921c068a51daec1e86""})"
"(:VERTEX {memory address: ""7f8474000000"",size: ""21000"",subtype: ""memory"",tgid: ""149090"",source: ""syscall"",type: ""Artifact"",version: ""0"",hash: ""023898a769d4039ca0d063a1ef4f2790""})"
"(:VERTEX {memory address: ""7f84ab540000"",size: ""40000"",subtype: ""memory"",tgid: ""149090"",source: ""syscall"",type: ""Artifact"",version: ""0"",hash: ""41ab0824e34169351a16a15b19f9263f""})"
"(:VERTEX {memory address: ""7f847b7ff000"",size: ""801000"",subtype: ""memory"",tgid: ""149090"",source: ""syscall"",type: ""Artifact"",version: ""0"",hash: ""006b52d13dbbb22f9951d246c3726300""})"
"(:VERTEX {memory address: ""7f847b800000"",size: ""800000"",subtype: ""memory"",tgid: ""149090"",source: ""syscall"",type: ""Artifact"",version: ""0"",hash: ""7f76ca17aa0d98dd6538d082d195c608""})"
"(:VERTEX {gid: ""0"",euid: ""999"",children pid namespace: ""4026532779"",start time: ""1690978659.048"",ns pid: ""11518"",pid: ""149098"",source: ""syscall"",type: ""Process"",net namespace: ""4026532705"",ipc namespace: ""4026532772"",ppid: ""149090"",pid namespace: ""4026532779"",cwd: ""/"",uid: ""999"",egid: ""0"",exe: ""/usr/bin/check-status"",mount namespace: ""4026532778"",command line: ""/usr/bin/check-status -l"",name: ""check-status"",hash: ""c036d65a5b142ed928bdffe3981b148f"",user namespace: ""4026531837""})"
"(:VERTEX {memory address: ""7f847c000000"",size: ""21000"",subtype: ""memory"",tgid: ""149090"",source: ""syscall"",type: ""Artifact"",version: ""0"",hash: ""6210183a7f9bedafb94b4308e65310a2""})"
"(:VERTEX {memory address: ""7f8482bde000"",size: ""801000"",subtype: ""memory"",tgid: ""149090"",source: ""syscall"",type: ""Artifact"",version: ""0"",hash: ""d845570b0ecf785353fe16598f064f5b""})"
"(:VERTEX {memory address: ""7f8482bdf000"",size: ""800000"",subtype: ""memory"",tgid: ""149090"",source: ""syscall"",type: ""Artifact"",version: ""0"",hash: ""4b493cfcdac40b2f884ad5018194b783""})"
"(:VERTEX {gid: ""0"",euid: ""999"",children pid namespace: ""4026532779"",start time: ""1690978659.048"",ns pid: ""11519"",pid: ""149099"",source: ""syscall"",type: ""Process"",net namespace: ""4026532705"",ipc namespace: ""4026532772"",ppid: ""149090"",pid namespace: ""4026532779"",cwd: ""/"",uid: ""999"",egid: ""0"",exe: ""/usr/bin/check-status"",mount namespace: ""4026532778"",command line: ""/usr/bin/check-status -l"",name: ""check-status"",hash: ""938971deefbc1a83720dcc75c0654a12"",user namespace: ""4026531837""})"
"(:VERTEX {memory address: ""7f846c000000"",size: ""8000000"",subtype: ""memory"",tgid: ""149090"",source: ""syscall"",type: ""Artifact"",version: ""0"",hash: ""ce3e3226690dfe1866bb97fd53a23c53""})"
"(:VERTEX {memory address: ""7f846c000000"",size: ""21000"",subtype: ""memory"",tgid: ""149090"",source: ""syscall"",type: ""Artifact"",version: ""0"",hash: ""b284756d053bb0e4870742694b96f2d5""})"
"(:VERTEX {memory address: ""7f8470000000"",size: ""4000000"",subtype: ""memory"",tgid: ""149090"",source: ""syscall"",type: ""Artifact"",version: ""0"",hash: ""1560e3f5b8dd88e51485d5a4751b9e57""})"
"(:VERTEX {memory address: ""7f8470000000"",size: ""21000"",subtype: ""memory"",tgid: ""149090"",source: ""syscall"",type: ""Artifact"",version: ""0"",hash: ""c8aad2a1452f80fec3bdc9cc91ecb506""})"
"(:VERTEX {memory address: ""7f84823dd000"",size: ""801000"",subtype: ""memory"",tgid: ""149090"",source: ""syscall"",type: ""Artifact"",version: ""0"",hash: ""c95728dce14f38bf3ad168df05b27658""})"
"(:VERTEX {memory address: ""7f84823de000"",size: ""800000"",subtype: ""memory"",tgid: ""149090"",source: ""syscall"",type: ""Artifact"",version: ""0"",hash: ""70a38e81c75adab2cd5cb29f7c186427""})"
"(:VERTEX {gid: ""0"",euid: ""999"",children pid namespace: ""4026532779"",start time: ""1690978659.048"",ns pid: ""11520"",pid: ""149100"",source: ""syscall"",type: ""Process"",net namespace: ""4026532705"",ipc namespace: ""4026532772"",ppid: ""149090"",pid namespace: ""4026532779"",cwd: ""/"",uid: ""999"",egid: ""0"",exe: ""/usr/bin/check-status"",mount namespace: ""4026532778"",command line: ""/usr/bin/check-status -l"",name: ""check-status"",hash: ""949e1707648e2e018eede1ccc1fdfeb2"",user namespace: ""4026531837""})"
"(:VERTEX {memory address: ""7f8481bdc000"",size: ""801000"",subtype: ""memory"",tgid: ""149090"",source: ""syscall"",type: ""Artifact"",version: ""0"",hash: ""d2f8ce8da89c8876906700f1840992f0""})"
"(:VERTEX {memory address: ""7f8464000000"",size: ""8000000"",subtype: ""memory"",tgid: ""149090"",source: ""syscall"",type: ""Artifact"",version: ""0"",hash: ""7a54b5143c2551cfa0436deb518c4137""})"
"(:VERTEX {memory address: ""7f8481bdd000"",size: ""800000"",subtype: ""memory"",tgid: ""149090"",source: ""syscall"",type: ""Artifact"",version: ""0"",hash: ""43836b6ef68973112e4a94540e304a38""})"
"(:VERTEX {gid: ""0"",euid: ""999"",children pid namespace: ""4026532779"",start time: ""1690978659.048"",ns pid: ""11521"",pid: ""149101"",source: ""syscall"",type: ""Process"",net namespace: ""4026532705"",ipc namespace: ""4026532772"",ppid: ""149090"",pid namespace: ""4026532779"",cwd: ""/"",uid: ""999"",egid: ""0"",exe: ""/usr/bin/check-status"",mount namespace: ""4026532778"",command line: ""/usr/bin/check-status -l"",name: ""check-status"",hash: ""3732e96036f2e2a153b5f689205ccd01"",user namespace: ""4026531837""})"
"(:VERTEX {memory address: ""7f8464000000"",size: ""21000"",subtype: ""memory"",tgid: ""149090"",source: ""syscall"",type: ""Artifact"",version: ""0"",hash: ""5b486fb88ef665044af12986879608c4""})"
"(:VERTEX {remote port: ""53"",epoch: ""0"",source: ""syscall"",type: ""Artifact"",version: ""0"",local port: ""42072"",net namespace: ""-1"",local address: ""10.1.251.204"",protocol: ""udp"",subtype: ""network socket"",remote address: ""10.152.183.10"",hash: ""589c436c9d19d3a9f685aa48948381b1""})"
"(:VERTEX {remote port: ""53"",epoch: ""0"",source: ""syscall"",type: ""Artifact"",version: ""0"",local port: ""48461"",net namespace: ""-1"",local address: ""10.1.251.204"",protocol: ""udp"",subtype: ""network socket"",remote address: ""10.152.183.10"",hash: ""f2f14efae43e37460a45c9fa4017d8ee""})"
"(:VERTEX {remote port: ""45946"",epoch: ""1"",source: ""syscall"",type: ""Artifact"",version: ""0"",local port: ""8080"",net namespace: ""-1"",local address: ""0000:0000:0000:0000:0000:0000:0000:0000"",protocol: ""tcp"",subtype: ""network socket"",remote address: ""0000:0000:0000:0000:0000:FFFF:C0A8:2F80"",hash: ""f06f810efde4c228114342cdd048c216""})"
"(:VERTEX {remote port: ""45942"",epoch: ""0"",source: ""syscall"",type: ""Artifact"",version: ""0"",local port: ""8080"",net namespace: ""-1"",local address: ""0000:0000:0000:0000:0000:0000:0000:0000"",protocol: ""tcp"",subtype: ""network socket"",remote address: ""0000:0000:0000:0000:0000:FFFF:C0A8:2F80"",hash: ""e9ad627db14921f09fba1a0107f5be6e""})"
"(:VERTEX {remote port: ""42986"",epoch: ""0"",source: ""syscall"",type: ""Artifact"",version: ""0"",local port: ""7000"",net namespace: ""-1"",local address: ""0000:0000:0000:0000:0000:0000:0000:0000"",protocol: ""tcp"",subtype: ""network socket"",remote address: ""0000:0000:0000:0000:0000:FFFF:C0A8:2F80"",hash: ""b7cded01dc7526e5b313800a962c2485""})"
"(:VERTEX {remote port: ""60158"",epoch: ""1"",source: ""syscall"",type: ""Artifact"",version: ""0"",local port: ""50051"",net namespace: ""-1"",local address: ""0000:0000:0000:0000:0000:0000:0000:0000"",protocol: ""tcp"",subtype: ""network socket"",remote address: ""0000:0000:0000:0000:0000:FFFF:C0A8:2F80"",hash: ""bb124cf7182492024a6d580cc7a3351b""})"
"(:VERTEX {remote port: ""60174"",epoch: ""0"",source: ""syscall"",type: ""Artifact"",version: ""0"",local port: ""50051"",net namespace: ""-1"",local address: ""0000:0000:0000:0000:0000:0000:0000:0000"",protocol: ""tcp"",subtype: ""network socket"",remote address: ""0000:0000:0000:0000:0000:FFFF:C0A8:2F80"",hash: ""1a302c5a135d8417a5ae4255cd1e25ff""})"
"(:VERTEX {remote port: ""42996"",epoch: ""0"",source: ""syscall"",type: ""Artifact"",version: ""0"",local port: ""7000"",net namespace: ""-1"",local address: ""0000:0000:0000:0000:0000:0000:0000:0000"",protocol: ""tcp"",subtype: ""network socket"",remote address: ""0000:0000:0000:0000:0000:FFFF:C0A8:2F80"",hash: ""cfcef6e10670f5e0a78eed0750cfd9b1""})"
"(:VERTEX {remote port: ""51486"",epoch: ""0"",source: ""syscall"",type: ""Artifact"",version: ""0"",local port: ""6379"",net namespace: ""-1"",local address: ""0.0.0.0"",protocol: ""tcp"",subtype: ""network socket"",remote address: ""192.168.47.128"",hash: ""91cdb5bea788741612b921bcada65673""})"
"(:VERTEX {remote port: ""45518"",epoch: ""0"",source: ""syscall"",type: ""Artifact"",version: ""0"",local port: ""5050"",net namespace: ""-1"",local address: ""0000:0000:0000:0000:0000:0000:0000:0000"",protocol: ""tcp"",subtype: ""network socket"",remote address: ""0000:0000:0000:0000:0000:FFFF:C0A8:2F80"",hash: ""1de34b7a3c83d787dea805b6e3d2085e""})"
"(:VERTEX {remote port: ""45524"",epoch: ""0"",source: ""syscall"",type: ""Artifact"",version: ""0"",local port: ""5050"",net namespace: ""-1"",local address: ""0000:0000:0000:0000:0000:0000:0000:0000"",protocol: ""tcp"",subtype: ""network socket"",remote address: ""0000:0000:0000:0000:0000:FFFF:C0A8:2F80"",hash: ""4fcf09f139953c2059047dd53b431f8e""})"
"(:VERTEX {remote port: ""51498"",epoch: ""0"",source: ""syscall"",type: ""Artifact"",version: ""0"",local port: ""6379"",net namespace: ""-1"",local address: ""0.0.0.0"",protocol: ""tcp"",subtype: ""network socket"",remote address: ""192.168.47.128"",hash: ""94e8d6a2fcdba4a5fd6f21612088b6dd""})"
"(:VERTEX {remote port: ""51376"",epoch: ""0"",source: ""syscall"",type: ""Artifact"",version: ""0"",local port: ""8080"",net namespace: ""-1"",local address: ""0000:0000:0000:0000:0000:0000:0000:0000"",protocol: ""tcp"",subtype: ""network socket"",remote address: ""0000:0000:0000:0000:0000:FFFF:C0A8:2F80"",hash: ""0e01e6ea51425c3c20972172149bec33""})"
"(:VERTEX {remote port: ""51382"",epoch: ""0"",source: ""syscall"",type: ""Artifact"",version: ""0"",local port: ""8080"",net namespace: ""-1"",local address: ""0000:0000:0000:0000:0000:0000:0000:0000"",protocol: ""tcp"",subtype: ""network socket"",remote address: ""0000:0000:0000:0000:0000:FFFF:C0A8:2F80"",hash: ""855beb5cc608b53ecf4de883dd49a0d9""})"
"(:VERTEX {remote port: ""50014"",epoch: ""0"",source: ""syscall"",type: ""Artifact"",version: ""0"",local port: ""50051"",net namespace: ""-1"",local address: ""0000:0000:0000:0000:0000:0000:0000:0000"",protocol: ""tcp"",subtype: ""network socket"",remote address: ""0000:0000:0000:0000:0000:FFFF:C0A8:2F80"",hash: ""edb1eae18b6624161cfe156516efb765""})"
"(:VERTEX {remote port: ""34434"",epoch: ""0"",source: ""syscall"",type: ""Artifact"",version: ""0"",local port: ""7070"",net namespace: ""4026533266"",local address: ""0000:0000:0000:0000:0000:0000:0000:0000"",protocol: ""tcp"",subtype: ""network socket"",remote address: ""0000:0000:0000:0000:0000:FFFF:C0A8:2F80"",hash: ""ae56908fa82f62eabff058255971725b""})"
"(:VERTEX {remote port: ""50022"",epoch: ""0"",source: ""syscall"",type: ""Artifact"",version: ""0"",local port: ""50051"",net namespace: ""-1"",local address: ""0000:0000:0000:0000:0000:0000:0000:0000"",protocol: ""tcp"",subtype: ""network socket"",remote address: ""0000:0000:0000:0000:0000:FFFF:C0A8:2F80"",hash: ""8e616f78fea2332e6e10b5eed797ed65""})"
"(:VERTEX {remote port: ""34450"",epoch: ""0"",source: ""syscall"",type: ""Artifact"",version: ""0"",local port: ""7070"",net namespace: ""4026533266"",local address: ""0000:0000:0000:0000:0000:0000:0000:0000"",protocol: ""tcp"",subtype: ""network socket"",remote address: ""0000:0000:0000:0000:0000:FFFF:C0A8:2F80"",hash: ""de372bd7ff11d8920676be68d25e3b13""})"
"(:VERTEX {remote port: ""36452"",epoch: ""0"",source: ""syscall"",type: ""Artifact"",version: ""0"",local port: ""8080"",net namespace: ""-1"",local address: ""0000:0000:0000:0000:0000:0000:0000:0000"",protocol: ""tcp"",subtype: ""network socket"",remote address: ""0000:0000:0000:0000:0000:FFFF:C0A8:2F80"",hash: ""9fba0ac52bda6f3e0a6e9f19e5dea704""})"
"(:VERTEX {remote port: ""36460"",epoch: ""0"",source: ""syscall"",type: ""Artifact"",version: ""0"",local port: ""8080"",net namespace: ""-1"",local address: ""0000:0000:0000:0000:0000:0000:0000:0000"",protocol: ""tcp"",subtype: ""network socket"",remote address: ""0000:0000:0000:0000:0000:FFFF:C0A8:2F80"",hash: ""251b308447af676d4a80aa82214f1de6""})"
"(:VERTEX {remote port: ""51300"",epoch: ""0"",source: ""syscall"",type: ""Artifact"",version: ""0"",local port: ""3550"",net namespace: ""-1"",local address: ""0000:0000:0000:0000:0000:0000:0000:0000"",protocol: ""tcp"",subtype: ""network socket"",remote address: ""0000:0000:0000:0000:0000:FFFF:C0A8:2F80"",hash: ""7470f1036537a1852460a288acfcdca6""})"
"(:VERTEX {remote port: ""51316"",epoch: ""0"",source: ""syscall"",type: ""Artifact"",version: ""0"",local port: ""3550"",net namespace: ""-1"",local address: ""0000:0000:0000:0000:0000:0000:0000:0000"",protocol: ""tcp"",subtype: ""network socket"",remote address: ""0000:0000:0000:0000:0000:FFFF:C0A8:2F80"",hash: ""12ef5354f8856d952cabee9f67e7f2fb""})"
"(:VERTEX {gid: ""1000"",euid: ""1000"",children pid namespace: ""-1"",pid: ""61363"",seen time: ""1690978662.921"",source: ""syscall"",type: ""Process"",net namespace: ""-1"",ipc namespace: ""-1"",ppid: ""59024"",pid namespace: ""-1"",uid: ""1000"",egid: ""1000"",exe: ""/app/cartservice"",mount namespace: ""-1"",name: "".NET ThreadPool"",hash: ""3a924e50b45016116c16a9d90cc195ad"",user namespace: ""-1""})"
"(:VERTEX {remote port: ""53"",epoch: ""0"",source: ""syscall"",type: ""Artifact"",version: ""0"",local port: ""35772"",net namespace: ""-1"",local address: ""10.1.251.204"",protocol: ""udp"",subtype: ""network socket"",remote address: ""10.152.183.10"",hash: ""5daf7bb88d5fbcd4585e5441ef18b57b""})"
"(:VERTEX {remote port: ""53"",epoch: ""0"",source: ""syscall"",type: ""Artifact"",version: ""0"",local port: ""37459"",net namespace: ""-1"",local address: ""10.1.251.204"",protocol: ""udp"",subtype: ""network socket"",remote address: ""10.152.183.10"",hash: ""07b1d911791f6ff97434c8e1fe7ea917""})"
"(:VERTEX {memory address: ""7f9800800000"",size: ""1000"",subtype: ""memory"",tgid: ""61363"",source: ""syscall"",type: ""Artifact"",version: ""2"",hash: ""f4c34720cff1d2e84351b696c54cceed""})"
"(:VERTEX {gid: ""1000"",euid: ""1000"",children pid namespace: ""-1"",pid: ""61363"",seen time: ""1690978665.963"",source: ""syscall"",type: ""Process"",net namespace: ""-1"",ipc namespace: ""-1"",ppid: ""59024"",pid namespace: ""-1"",uid: ""1000"",egid: ""1000"",exe: ""/app/cartservice"",mount namespace: ""-1"",name: "".NET ThreadPool"",hash: ""1e456ca385859d65753d49746ebf6bda"",user namespace: ""-1""})"
"(:VERTEX {path: ""/sys/fs/cgroup/memory/memory.usage_in_bytes"",subtype: ""file"",permissions: ""0444"",epoch: ""0"",source: ""syscall"",type: ""Artifact"",version: ""0"",hash: ""59584b0cf7e7eaae36adee4f45320d53""})"
"(:VERTEX {path: ""/sys/fs/cgroup/memory/memory.stat"",subtype: ""file"",permissions: ""0444"",epoch: ""0"",source: ""syscall"",type: ""Artifact"",version: ""0"",hash: ""96d0f64363c8292b6b2e5bf1d37d3824""})"
"(:VERTEX {memory address: ""7f9800800000"",size: ""1000"",subtype: ""memory"",tgid: ""61363"",source: ""syscall"",type: ""Artifact"",version: ""3"",hash: ""1b45d6296b404071416d4ede5b09fda8""})"
"(:VERTEX {remote port: ""53"",epoch: ""0"",source: ""syscall"",type: ""Artifact"",version: ""0"",local port: ""57065"",net namespace: ""-1"",local address: ""10.1.251.204"",protocol: ""udp"",subtype: ""network socket"",remote address: ""10.152.183.10"",hash: ""aa3e2732c7a526468a8a43a2bf6d945b""})"
"(:VERTEX {remote port: ""53"",epoch: ""0"",source: ""syscall"",type: ""Artifact"",version: ""0"",local port: ""45769"",net namespace: ""-1"",local address: ""10.1.251.204"",protocol: ""udp"",subtype: ""network socket"",remote address: ""10.152.183.10"",hash: ""b2d0137013d8d7ebd50e5db47cd866d1""})"
"(:VERTEX {gid: ""0"",euid: ""999"",children pid namespace: ""-1"",pid: ""149318"",seen time: ""1690978667.393"",source: ""syscall"",type: ""Process"",net namespace: ""-1"",ipc namespace: ""-1"",ppid: ""149308"",pid namespace: ""-1"",uid: ""999"",egid: ""0"",exe: ""/"",mount namespace: ""-1"",name: ""runc:[2:INIT]"",hash: ""83cd1524b8dc5193993d240334043b46"",user namespace: ""-1""})"
"(:VERTEX {path: ""/proc/149318/attr/apparmor/exec"",subtype: ""file"",permissions: ""0666"",epoch: ""0"",source: ""syscall"",type: ""Artifact"",version: ""0"",hash: ""89212606654e19d9bbbc496804f18a99""})"
"(:VERTEX {gid: ""0"",euid: ""999"",children pid namespace: ""-1"",start time: ""1690978667.400"",pid: ""149318"",source: ""syscall"",type: ""Process"",net namespace: ""-1"",ipc namespace: ""-1"",ppid: ""149308"",pid namespace: ""-1"",cwd: ""/"",uid: ""999"",egid: ""0"",exe: ""/usr/bin/check-status"",mount namespace: ""-1"",command line: ""/usr/bin/check-status -r"",name: ""check-status"",hash: ""0eba50653ed7d1b74046ba46776b7e49"",user namespace: ""-1""})"
"(:VERTEX {memory address: ""7f7abbbdd000"",size: ""2000"",subtype: ""memory"",tgid: ""149318"",source: ""syscall"",type: ""Artifact"",version: ""0"",hash: ""5c300c1d0e560c5c7caa2a5e43b361ea""})"
"(:VERTEX {memory address: ""7f7abb792000"",size: ""21f4c0"",subtype: ""memory"",tgid: ""149318"",source: ""syscall"",type: ""Artifact"",version: ""0"",hash: ""cd9f1a3065e92082232ccf0247561b34""})"
"(:VERTEX {memory address: ""7f7abb7ad000"",size: ""1ff000"",subtype: ""memory"",tgid: ""149318"",source: ""syscall"",type: ""Artifact"",version: ""0"",hash: ""20b4cc97c4d6eb310fd178063099048e""})"
"(:VERTEX {memory address: ""7f7abb9ac000"",size: ""2000"",subtype: ""memory"",tgid: ""149318"",source: ""syscall"",type: ""Artifact"",version: ""0"",hash: ""a94e4c2426295fa3d80f0d9969f8be03""})"
"(:VERTEX {memory address: ""7f7abb9ae000"",size: ""34c0"",subtype: ""memory"",tgid: ""149318"",source: ""syscall"",type: ""Artifact"",version: ""0"",hash: ""eb2fb737497fe3f1307f60da078cf516""})"
"(:VERTEX {memory address: ""7f7abb3cc000"",size: ""3c58c0"",subtype: ""memory"",tgid: ""149318"",source: ""syscall"",type: ""Artifact"",version: ""0"",hash: ""c28381f1f52b13630b9f991abd52ab6d""})"
"(:VERTEX {memory address: ""7f7abb588000"",size: ""200000"",subtype: ""memory"",tgid: ""149318"",source: ""syscall"",type: ""Artifact"",version: ""0"",hash: ""b2fd6ad7a0ca6e0a75093321a8d7a823""})"
"(:VERTEX {memory address: ""7f7abb788000"",size: ""6000"",subtype: ""memory"",tgid: ""149318"",source: ""syscall"",type: ""Artifact"",version: ""0"",hash: ""8ea5f8fcf4b13790ce73ac6855bda747""})"
"(:VERTEX {memory address: ""7f7abb78e000"",size: ""38c0"",subtype: ""memory"",tgid: ""149318"",source: ""syscall"",type: ""Artifact"",version: ""0"",hash: ""cf90beae55da75df1d5c8c10938603d6""})"
"(:VERTEX {memory address: ""7f7abbbda000"",size: ""3000"",subtype: ""memory"",tgid: ""149318"",source: ""syscall"",type: ""Artifact"",version: ""0"",hash: ""80961af29e2c16e5c4c56dbf17a766ee""})"
"(:VERTEX {memory address: ""7f7abb788000"",size: ""4000"",subtype: ""memory"",tgid: ""149318"",source: ""syscall"",type: ""Artifact"",version: ""0"",hash: ""91e9a5dfa308eb1f8f0f762f80c571d9""})"
"(:VERTEX {memory address: ""7f7abb9ac000"",size: ""1000"",subtype: ""memory"",tgid: ""149318"",source: ""syscall"",type: ""Artifact"",version: ""0"",hash: ""40e647c6b59f3abad0438c08ac978232""})"
"(:VERTEX {memory address: ""7f7abbbdf000"",size: ""1000"",subtype: ""memory"",tgid: ""149318"",source: ""syscall"",type: ""Artifact"",version: ""0"",hash: ""c1d9c7ddf032d8a3681b3ec7d36e960d""})"
"(:VERTEX {memory address: ""7f7abbb9a000"",size: ""40000"",subtype: ""memory"",tgid: ""149318"",source: ""syscall"",type: ""Artifact"",version: ""0"",hash: ""be4eb343e8a45b458270b25d906a8f75""})"
"(:VERTEX {memory address: ""7f7abbb7a000"",size: ""20000"",subtype: ""memory"",tgid: ""149318"",source: ""syscall"",type: ""Artifact"",version: ""0"",hash: ""900d2a129db822a522e771dc1359ab37""})"
"(:VERTEX {memory address: ""7f7abba7a000"",size: ""100000"",subtype: ""memory"",tgid: ""149318"",source: ""syscall"",type: ""Artifact"",version: ""0"",hash: ""b4e204ea0602249a9f8f32af6a2f2028""})"
"(:VERTEX {memory address: ""7f7ababcc000"",size: ""800000"",subtype: ""memory"",tgid: ""149318"",source: ""syscall"",type: ""Artifact"",version: ""0"",hash: ""8db85e0b0c792646e8dbf2d471bf190a""})"
"(:VERTEX {memory address: ""7f7ab6bcc000"",size: ""4000000"",subtype: ""memory"",tgid: ""149318"",source: ""syscall"",type: ""Artifact"",version: ""0"",hash: ""2b36d92b19caf245478dfd03b9594033""})"
"(:VERTEX {memory address: ""7f7a96bcc000"",size: ""20000000"",subtype: ""memory"",tgid: ""149318"",source: ""syscall"",type: ""Artifact"",version: ""0"",hash: ""bd8450997f4fd0364b2b561ca9648880""})"
"(:VERTEX {memory address: ""c000000000"",size: ""4000000"",subtype: ""memory"",tgid: ""149318"",source: ""syscall"",type: ""Artifact"",version: ""0"",hash: ""68e08b83075567b9fedc923d2708211f""})"
"(:VERTEX {memory address: ""7f7a94bcc000"",size: ""2000000"",subtype: ""memory"",tgid: ""149318"",source: ""syscall"",type: ""Artifact"",version: ""0"",hash: ""834eada51fc913b292759d6f194c0f8f""})"
"(:VERTEX {memory address: ""7f7a949bb000"",size: ""210c10"",subtype: ""memory"",tgid: ""149318"",source: ""syscall"",type: ""Artifact"",version: ""0"",hash: ""e00e09f568e5c534232c89fb5e301c90""})"
"(:VERTEX {memory address: ""c000000000"",size: ""400000"",subtype: ""memory"",tgid: ""149318"",source: ""syscall"",type: ""Artifact"",version: ""0"",hash: ""fa4726e3bcb02226591a84c01f1eed00""})"
"(:VERTEX {memory address: ""7f7abbb7a000"",size: ""20000"",subtype: ""memory"",tgid: ""149318"",source: ""syscall"",type: ""Artifact"",version: ""1"",hash: ""a787ae1d4fc3fee3c04bc988cc871d58""})"
"(:VERTEX {memory address: ""7f7abbafa000"",size: ""1000"",subtype: ""memory"",tgid: ""149318"",source: ""syscall"",type: ""Artifact"",version: ""0"",hash: ""c8d702b2c0099469c4e3283ac1bd24ae""})"
"(:VERTEX {memory address: ""7f7abafd2000"",size: ""1000"",subtype: ""memory"",tgid: ""149318"",source: ""syscall"",type: ""Artifact"",version: ""0"",hash: ""d3e62d97b3ae808ca3b5d61342cd0fb8""})"
"(:VERTEX {memory address: ""7f7ab8bfc000"",size: ""1000"",subtype: ""memory"",tgid: ""149318"",source: ""syscall"",type: ""Artifact"",version: ""0"",hash: ""5b5d6c0bd39b2bb228c31fb2ecfac45c""})"
"(:VERTEX {memory address: ""7f7aa6d4c000"",size: ""1000"",subtype: ""memory"",tgid: ""149318"",source: ""syscall"",type: ""Artifact"",version: ""0"",hash: ""c6066eb046ad0fc9b4eec43bc099e8be""})"
"(:VERTEX {memory address: ""7f7a948bb000"",size: ""100000"",subtype: ""memory"",tgid: ""149318"",source: ""syscall"",type: ""Artifact"",version: ""0"",hash: ""bb0aad304998589d83b110efa8bfcbe4""})"
"(:VERTEX {memory address: ""7f7abba6a000"",size: ""10000"",subtype: ""memory"",tgid: ""149318"",source: ""syscall"",type: ""Artifact"",version: ""0"",hash: ""1746775baf565c257de998932d503256""})"
"(:VERTEX {memory address: ""7f7abba5a000"",size: ""10000"",subtype: ""memory"",tgid: ""149318"",source: ""syscall"",type: ""Artifact"",version: ""0"",hash: ""77531e1f3234f0ed975b0c8c7018ded4""})"
"(:VERTEX {memory address: ""7f7a940ba000"",size: ""801000"",subtype: ""memory"",tgid: ""149318"",source: ""syscall"",type: ""Artifact"",version: ""0"",hash: ""61ce43fafb1c444b3d31f676a32842fa""})"
"(:VERTEX {memory address: ""7f7a940bb000"",size: ""800000"",subtype: ""memory"",tgid: ""149318"",source: ""syscall"",type: ""Artifact"",version: ""0"",hash: ""4e6b21498063c08103fa770466cce346""})"
"(:VERTEX {gid: ""0"",euid: ""999"",children pid namespace: ""4026532779"",start time: ""1690978667.429"",ns pid: ""11529"",pid: ""149325"",source: ""syscall"",type: ""Process"",net namespace: ""4026532705"",ipc namespace: ""4026532772"",ppid: ""149318"",pid namespace: ""4026532779"",cwd: ""/"",uid: ""999"",egid: ""0"",exe: ""/usr/bin/check-status"",mount namespace: ""4026532778"",command line: ""/usr/bin/check-status -r"",name: ""check-status"",hash: ""20ddc321efa6c05128822c9e51ae171d"",user namespace: ""4026531837""})"
"(:VERTEX {memory address: ""7f7a8c0ba000"",size: ""8000000"",subtype: ""memory"",tgid: ""149318"",source: ""syscall"",type: ""Artifact"",version: ""0"",hash: ""0d0a14057e1c29499f5efed67152f9f3""})"
"(:VERTEX {memory address: ""7f7a8b8b9000"",size: ""801000"",subtype: ""memory"",tgid: ""149318"",source: ""syscall"",type: ""Artifact"",version: ""0"",hash: ""014d244179b54218f2ef1567cf577a78""})"
"(:VERTEX {memory address: ""7f7a90000000"",size: ""21000"",subtype: ""memory"",tgid: ""149318"",source: ""syscall"",type: ""Artifact"",version: ""0"",hash: ""e4faf07248dd2a9876b0a8dc18d5ea70""})"
"(:VERTEX {memory address: ""7f7a8b8ba000"",size: ""800000"",subtype: ""memory"",tgid: ""149318"",source: ""syscall"",type: ""Artifact"",version: ""0"",hash: ""c352be0926c15473a9ebe160c74ea38b""})"
"(:VERTEX {gid: ""0"",euid: ""999"",children pid namespace: ""4026532779"",start time: ""1690978667.429"",ns pid: ""11530"",pid: ""149326"",source: ""syscall"",type: ""Process"",net namespace: ""4026532705"",ipc namespace: ""4026532772"",ppid: ""149318"",pid namespace: ""4026532779"",cwd: ""/"",uid: ""999"",egid: ""0"",exe: ""/usr/bin/check-status"",mount namespace: ""4026532778"",command line: ""/usr/bin/check-status -r"",name: ""check-status"",hash: ""3c77cc93324cbdfbca8a98d31310cf0a"",user namespace: ""4026531837""})"
"(:VERTEX {memory address: ""7f7a838b9000"",size: ""8000000"",subtype: ""memory"",tgid: ""149318"",source: ""syscall"",type: ""Artifact"",version: ""0"",hash: ""a53a67136bd9bfd2ebc0f5935f012848""})"
"(:VERTEX {memory address: ""7f7a84000000"",size: ""21000"",subtype: ""memory"",tgid: ""149318"",source: ""syscall"",type: ""Artifact"",version: ""0"",hash: ""4e70020e7c6b51ab53fc922103d9084f""})"
"(:VERTEX {memory address: ""7f7abba1a000"",size: ""40000"",subtype: ""memory"",tgid: ""149318"",source: ""syscall"",type: ""Artifact"",version: ""0"",hash: ""8208264ba970375d57398045cf05d732""})"
"(:VERTEX {memory address: ""7f7a8f7ff000"",size: ""801000"",subtype: ""memory"",tgid: ""149318"",source: ""syscall"",type: ""Artifact"",version: ""0"",hash: ""91328fc930e935096b9716e2cf287d2f""})"
"(:VERTEX {memory address: ""7f7a8f800000"",size: ""800000"",subtype: ""memory"",tgid: ""149318"",source: ""syscall"",type: ""Artifact"",version: ""0"",hash: ""7bcb455ecca14c9b1b1c0f5f75863712""})"
"(:VERTEX {gid: ""0"",euid: ""999"",children pid namespace: ""4026532779"",start time: ""1690978667.432"",ns pid: ""11531"",pid: ""149327"",source: ""syscall"",type: ""Process"",net namespace: ""4026532705"",ipc namespace: ""4026532772"",ppid: ""149318"",pid namespace: ""4026532779"",cwd: ""/"",uid: ""999"",egid: ""0"",exe: ""/usr/bin/check-status"",mount namespace: ""4026532778"",command line: ""/usr/bin/check-status -r"",name: ""check-status"",hash: ""1a5a3ae2c82774d6b7a097e3c58e6530"",user namespace: ""4026531837""})"
"(:VERTEX {memory address: ""7f7a7c000000"",size: ""8000000"",subtype: ""memory"",tgid: ""149318"",source: ""syscall"",type: ""Artifact"",version: ""0"",hash: ""e7165cb6ccc93332b4543f011a1cf9f0""})"
"(:VERTEX {memory address: ""7f7a7c000000"",size: ""21000"",subtype: ""memory"",tgid: ""149318"",source: ""syscall"",type: ""Artifact"",version: ""0"",hash: ""fee4e044f8f2b5cc3fa244d5d163631c""})"
"(:VERTEX {memory address: ""7f7a8effe000"",size: ""801000"",subtype: ""memory"",tgid: ""149318"",source: ""syscall"",type: ""Artifact"",version: ""0"",hash: ""6a21831a26eae82a4197b7d76142993b""})"
"(:VERTEX {memory address: ""7f7a8efff000"",size: ""800000"",subtype: ""memory"",tgid: ""149318"",source: ""syscall"",type: ""Artifact"",version: ""0"",hash: ""180d608d064a7aee294a7a7031ed2516""})"
"(:VERTEX {gid: ""0"",euid: ""999"",children pid namespace: ""4026532779"",start time: ""1690978667.432"",ns pid: ""11532"",pid: ""149328"",source: ""syscall"",type: ""Process"",net namespace: ""4026532705"",ipc namespace: ""4026532772"",ppid: ""149318"",pid namespace: ""4026532779"",cwd: ""/"",uid: ""999"",egid: ""0"",exe: ""/usr/bin/check-status"",mount namespace: ""4026532778"",command line: ""/usr/bin/check-status -r"",name: ""check-status"",hash: ""8e24c7249327743c88cc1e816a3947c0"",user namespace: ""4026531837""})"
"(:VERTEX {memory address: ""7f7a80000000"",size: ""4000000"",subtype: ""memory"",tgid: ""149318"",source: ""syscall"",type: ""Artifact"",version: ""0"",hash: ""89a4303bc0c03fa408493a4d5b432291""})"
"(:VERTEX {memory address: ""7f7a80000000"",size: ""21000"",subtype: ""memory"",tgid: ""149318"",source: ""syscall"",type: ""Artifact"",version: ""0"",hash: ""7965633a732a5dcb30e9e8846d5a41a4""})"
"(:VERTEX {memory address: ""7f7a8e7fd000"",size: ""801000"",subtype: ""memory"",tgid: ""149318"",source: ""syscall"",type: ""Artifact"",version: ""0"",hash: ""96101b6bbef881fd203af0ed6fd402bd""})"
"(:VERTEX {memory address: ""7f7a8e7fe000"",size: ""800000"",subtype: ""memory"",tgid: ""149318"",source: ""syscall"",type: ""Artifact"",version: ""0"",hash: ""84fecaf9f66585db48e196e3bf7061a6""})"
"(:VERTEX {gid: ""0"",euid: ""999"",children pid namespace: ""4026532779"",start time: ""1690978667.439"",ns pid: ""11533"",pid: ""149329"",source: ""syscall"",type: ""Process"",net namespace: ""4026532705"",ipc namespace: ""4026532772"",ppid: ""149318"",pid namespace: ""4026532779"",cwd: ""/"",uid: ""999"",egid: ""0"",exe: ""/usr/bin/check-status"",mount namespace: ""4026532778"",command line: ""/usr/bin/check-status -r"",name: ""check-status"",hash: ""319709c3787b275f55b49138547eb0ec"",user namespace: ""4026531837""})"
"(:VERTEX {memory address: ""7f7a9407a000"",size: ""40000"",subtype: ""memory"",tgid: ""149318"",source: ""syscall"",type: ""Artifact"",version: ""0"",hash: ""0bff4497e3a14232ab74816644ea5c7a""})"
"(:VERTEX {remote port: ""54244"",epoch: ""0"",source: ""syscall"",type: ""Artifact"",version: ""0"",local port: ""8080"",net namespace: ""-1"",local address: ""0000:0000:0000:0000:0000:0000:0000:0000"",protocol: ""tcp"",subtype: ""network socket"",remote address: ""0000:0000:0000:0000:0000:FFFF:C0A8:2F80"",hash: ""de19b7a6b5ba44cbaa8fee2c50a6f7ae""})"
"(:VERTEX {remote port: ""54248"",epoch: ""0"",source: ""syscall"",type: ""Artifact"",version: ""0"",local port: ""8080"",net namespace: ""-1"",local address: ""0000:0000:0000:0000:0000:0000:0000:0000"",protocol: ""tcp"",subtype: ""network socket"",remote address: ""0000:0000:0000:0000:0000:FFFF:C0A8:2F80"",hash: ""1bd27b15bab6f85429b6109acaa349c6""})"
"(:VERTEX {remote port: ""46820"",epoch: ""0"",source: ""syscall"",type: ""Artifact"",version: ""0"",local port: ""50051"",net namespace: ""-1"",local address: ""0000:0000:0000:0000:0000:0000:0000:0000"",protocol: ""tcp"",subtype: ""network socket"",remote address: ""0000:0000:0000:0000:0000:FFFF:C0A8:2F80"",hash: ""9d21de5dde00f0b6b23643ae9a83bb68""})"
"(:VERTEX {remote port: ""47988"",epoch: ""0"",source: ""syscall"",type: ""Artifact"",version: ""0"",local port: ""6379"",net namespace: ""-1"",local address: ""0.0.0.0"",protocol: ""tcp"",subtype: ""network socket"",remote address: ""192.168.47.128"",hash: ""2051272cb2d91523c2502a91807b558a""})"
"(:VERTEX {remote port: ""48000"",epoch: ""0"",source: ""syscall"",type: ""Artifact"",version: ""0"",local port: ""6379"",net namespace: ""-1"",local address: ""0.0.0.0"",protocol: ""tcp"",subtype: ""network socket"",remote address: ""192.168.47.128"",hash: ""bd8b9e6c70c8f08a4aab2f9303c67b57""})"
"(:VERTEX {remote port: ""43496"",epoch: ""0"",source: ""syscall"",type: ""Artifact"",version: ""0"",local port: ""8080"",net namespace: ""-1"",local address: ""0000:0000:0000:0000:0000:0000:0000:0000"",protocol: ""tcp"",subtype: ""network socket"",remote address: ""0000:0000:0000:0000:0000:FFFF:C0A8:2F80"",hash: ""6081614bc9101905e300ceb406804498""})"
"(:VERTEX {remote port: ""43512"",epoch: ""0"",source: ""syscall"",type: ""Artifact"",version: ""0"",local port: ""8080"",net namespace: ""-1"",local address: ""0000:0000:0000:0000:0000:0000:0000:0000"",protocol: ""tcp"",subtype: ""network socket"",remote address: ""0000:0000:0000:0000:0000:FFFF:C0A8:2F80"",hash: ""d5f74cd7f529d9dbbe2951d796263de8""})"
"(:VERTEX {remote port: ""53"",epoch: ""0"",source: ""syscall"",type: ""Artifact"",version: ""0"",local port: ""47067"",net namespace: ""-1"",local address: ""10.1.251.204"",protocol: ""udp"",subtype: ""network socket"",remote address: ""10.152.183.10"",hash: ""80181d8803366815f5251563e42ce280""})"
"(:VERTEX {remote port: ""53"",epoch: ""0"",source: ""syscall"",type: ""Artifact"",version: ""0"",local port: ""54320"",net namespace: ""-1"",local address: ""10.1.251.204"",protocol: ""udp"",subtype: ""network socket"",remote address: ""10.152.183.10"",hash: ""bb7be308c5b87d71d93a3981b786146b""})"
"(:VERTEX {gid: ""0"",euid: ""999"",children pid namespace: ""-1"",pid: ""149341"",seen time: ""1690978669.074"",source: ""syscall"",type: ""Process"",net namespace: ""-1"",ipc namespace: ""-1"",ppid: ""149332"",pid namespace: ""-1"",uid: ""999"",egid: ""0"",exe: ""/"",mount namespace: ""-1"",name: ""runc:[2:INIT]"",hash: ""c3e87ebf45850ace0f714685c39f0d80"",user namespace: ""-1""})"
"(:VERTEX {path: ""/proc/149341/attr/apparmor/exec"",subtype: ""file"",permissions: ""0666"",epoch: ""0"",source: ""syscall"",type: ""Artifact"",version: ""0"",hash: ""2c4a679abe1efc993de30d807599e75c""})"
"(:VERTEX {gid: ""0"",euid: ""999"",children pid namespace: ""-1"",start time: ""1690978669.074"",pid: ""149341"",source: ""syscall"",type: ""Process"",net namespace: ""-1"",ipc namespace: ""-1"",ppid: ""149332"",pid namespace: ""-1"",cwd: ""/"",uid: ""999"",egid: ""0"",exe: ""/usr/bin/check-status"",mount namespace: ""-1"",command line: ""/usr/bin/check-status -l"",name: ""check-status"",hash: ""693fa3e9a98d9c75d9ff904f9efebd97"",user namespace: ""-1""})"
"(:VERTEX {memory address: ""7f5b77fdd000"",size: ""2000"",subtype: ""memory"",tgid: ""149341"",source: ""syscall"",type: ""Artifact"",version: ""0"",hash: ""128816af8c5bd8b4a30b893459906b32""})"
"(:VERTEX {memory address: ""7f5b77b92000"",size: ""21f4c0"",subtype: ""memory"",tgid: ""149341"",source: ""syscall"",type: ""Artifact"",version: ""0"",hash: ""0de43f3c9318ccc64682be8e38ecc397""})"
"(:VERTEX {memory address: ""7f5b77bad000"",size: ""1ff000"",subtype: ""memory"",tgid: ""149341"",source: ""syscall"",type: ""Artifact"",version: ""0"",hash: ""fc8724ed56d090dfce3194f1cf646607""})"
"(:VERTEX {memory address: ""7f5b77dac000"",size: ""2000"",subtype: ""memory"",tgid: ""149341"",source: ""syscall"",type: ""Artifact"",version: ""0"",hash: ""1a5c89a9190f657c86af6aa8c5ad2414""})"
"(:VERTEX {memory address: ""7f5b77dae000"",size: ""34c0"",subtype: ""memory"",tgid: ""149341"",source: ""syscall"",type: ""Artifact"",version: ""0"",hash: ""61d2e1be8daf4e1d6c4981dc516834d1""})"
"(:VERTEX {memory address: ""7f5b777cc000"",size: ""3c58c0"",subtype: ""memory"",tgid: ""149341"",source: ""syscall"",type: ""Artifact"",version: ""0"",hash: ""da92e3e4d5cb05fb074cfcb7d4ed9ca2""})"
"(:VERTEX {memory address: ""7f5b77988000"",size: ""200000"",subtype: ""memory"",tgid: ""149341"",source: ""syscall"",type: ""Artifact"",version: ""0"",hash: ""6fa4397ea841a30efeffa56f80911fa4""})"
"(:VERTEX {memory address: ""7f5b77b88000"",size: ""6000"",subtype: ""memory"",tgid: ""149341"",source: ""syscall"",type: ""Artifact"",version: ""0"",hash: ""46d17b7a911d44040e66a304388fa93b""})"
"(:VERTEX {memory address: ""7f5b77b8e000"",size: ""38c0"",subtype: ""memory"",tgid: ""149341"",source: ""syscall"",type: ""Artifact"",version: ""0"",hash: ""536a6f7f0bebf6c6b66073ad0fa8a726""})"
"(:VERTEX {memory address: ""7f5b77fda000"",size: ""3000"",subtype: ""memory"",tgid: ""149341"",source: ""syscall"",type: ""Artifact"",version: ""0"",hash: ""e4ccb9e8b170f922e3b76b12af2415c5""})"
"(:VERTEX {memory address: ""7f5b77b88000"",size: ""4000"",subtype: ""memory"",tgid: ""149341"",source: ""syscall"",type: ""Artifact"",version: ""0"",hash: ""68ac80ab43b99dc262e4488c6041ac02""})"
"(:VERTEX {memory address: ""7f5b77dac000"",size: ""1000"",subtype: ""memory"",tgid: ""149341"",source: ""syscall"",type: ""Artifact"",version: ""0"",hash: ""121af2222d09376c270aa2db591b105c""})"
"(:VERTEX {memory address: ""7f5b77fdf000"",size: ""1000"",subtype: ""memory"",tgid: ""149341"",source: ""syscall"",type: ""Artifact"",version: ""0"",hash: ""21683d51fc2629e2ae5cb6cb6c14760c""})"
"(:VERTEX {memory address: ""7f5b77f9a000"",size: ""40000"",subtype: ""memory"",tgid: ""149341"",source: ""syscall"",type: ""Artifact"",version: ""0"",hash: ""68e4fe59af55600bf77b20292ad4af7c""})"
"(:VERTEX {memory address: ""7f5b77f7a000"",size: ""20000"",subtype: ""memory"",tgid: ""149341"",source: ""syscall"",type: ""Artifact"",version: ""0"",hash: ""5a788b177bba93ba2d7b48e306757722""})"
"(:VERTEX {memory address: ""7f5b77e7a000"",size: ""100000"",subtype: ""memory"",tgid: ""149341"",source: ""syscall"",type: ""Artifact"",version: ""0"",hash: ""44d7342ed1246edd38be366a92033285""})"
"(:VERTEX {memory address: ""7f5b76fcc000"",size: ""800000"",subtype: ""memory"",tgid: ""149341"",source: ""syscall"",type: ""Artifact"",version: ""0"",hash: ""6901208b83dddc19c926530f468abfcc""})"
"(:VERTEX {memory address: ""7f5b72fcc000"",size: ""4000000"",subtype: ""memory"",tgid: ""149341"",source: ""syscall"",type: ""Artifact"",version: ""0"",hash: ""4e35a3d86787a243ae0c15e60eeb151c""})"
"(:VERTEX {memory address: ""7f5b52fcc000"",size: ""20000000"",subtype: ""memory"",tgid: ""149341"",source: ""syscall"",type: ""Artifact"",version: ""0"",hash: ""fdf5067cb2306c3a7d1e508e12ff00c1""})"
"(:VERTEX {memory address: ""c000000000"",size: ""4000000"",subtype: ""memory"",tgid: ""149341"",source: ""syscall"",type: ""Artifact"",version: ""0"",hash: ""86586742615b5d00dd5c3159a130a777""})"
"(:VERTEX {memory address: ""7f5b50fcc000"",size: ""2000000"",subtype: ""memory"",tgid: ""149341"",source: ""syscall"",type: ""Artifact"",version: ""0"",hash: ""8be98cf9ef1aa316f82a67ad25cd5b26""})"
"(:VERTEX {memory address: ""7f5b50dbb000"",size: ""210c10"",subtype: ""memory"",tgid: ""149341"",source: ""syscall"",type: ""Artifact"",version: ""0"",hash: ""7ab47a902dd3aafca0c6b2552330a723""})"
"(:VERTEX {memory address: ""c000000000"",size: ""400000"",subtype: ""memory"",tgid: ""149341"",source: ""syscall"",type: ""Artifact"",version: ""0"",hash: ""adabd9dabc0c90f029296d91649c1d02""})"
"(:VERTEX {memory address: ""7f5b77f7a000"",size: ""20000"",subtype: ""memory"",tgid: ""149341"",source: ""syscall"",type: ""Artifact"",version: ""1"",hash: ""8fadca6c7603bb953e900d38ec75cd05""})"
"(:VERTEX {memory address: ""7f5b77efa000"",size: ""1000"",subtype: ""memory"",tgid: ""149341"",source: ""syscall"",type: ""Artifact"",version: ""0"",hash: ""0957a3d39b0e95d5b63a62cba4bbae77""})"
"(:VERTEX {memory address: ""7f5b773d2000"",size: ""1000"",subtype: ""memory"",tgid: ""149341"",source: ""syscall"",type: ""Artifact"",version: ""0"",hash: ""b7f7bd41ca81455600740367513a6714""})"
"(:VERTEX {memory address: ""7f5b74ffc000"",size: ""1000"",subtype: ""memory"",tgid: ""149341"",source: ""syscall"",type: ""Artifact"",version: ""0"",hash: ""9f016be52613c8e6b423b4b11cb22976""})"
"(:VERTEX {memory address: ""7f5b6314c000"",size: ""1000"",subtype: ""memory"",tgid: ""149341"",source: ""syscall"",type: ""Artifact"",version: ""0"",hash: ""8899bd592d9685541eb746ca8edd4ea1""})"
"(:VERTEX {memory address: ""7f5b50cbb000"",size: ""100000"",subtype: ""memory"",tgid: ""149341"",source: ""syscall"",type: ""Artifact"",version: ""0"",hash: ""ebb5ac909b6e1640515dadb9ce313ac0""})"
"(:VERTEX {memory address: ""7f5b77e6a000"",size: ""10000"",subtype: ""memory"",tgid: ""149341"",source: ""syscall"",type: ""Artifact"",version: ""0"",hash: ""c1a839eaf11e9838323fb6bc9514a1f3""})"
"(:VERTEX {memory address: ""7f5b77e5a000"",size: ""10000"",subtype: ""memory"",tgid: ""149341"",source: ""syscall"",type: ""Artifact"",version: ""0"",hash: ""f1dec694de7fd80cb21532dc3134059d""})"
"(:VERTEX {memory address: ""7f5b504ba000"",size: ""801000"",subtype: ""memory"",tgid: ""149341"",source: ""syscall"",type: ""Artifact"",version: ""0"",hash: ""488ff180b82d1cbfceb82f0416f9ebb7""})"
"(:VERTEX {memory address: ""7f5b504bb000"",size: ""800000"",subtype: ""memory"",tgid: ""149341"",source: ""syscall"",type: ""Artifact"",version: ""0"",hash: ""e8ce2f0d37ff9ff4a00c72c2190f1234""})"
"(:VERTEX {gid: ""0"",euid: ""999"",children pid namespace: ""4026532779"",start time: ""1690978669.081"",ns pid: ""11540"",pid: ""149347"",source: ""syscall"",type: ""Process"",net namespace: ""4026532705"",ipc namespace: ""4026532772"",ppid: ""149341"",pid namespace: ""4026532779"",cwd: ""/"",uid: ""999"",egid: ""0"",exe: ""/usr/bin/check-status"",mount namespace: ""4026532778"",command line: ""/usr/bin/check-status -l"",name: ""check-status"",hash: ""9494c02fe5d490aac789f3ea2829fddd"",user namespace: ""4026531837""})"
"(:VERTEX {memory address: ""7f5b4fcb9000"",size: ""801000"",subtype: ""memory"",tgid: ""149341"",source: ""syscall"",type: ""Artifact"",version: ""0"",hash: ""45ed0259f2d457acb6a1761b7d46c16f""})"
"(:VERTEX {memory address: ""7f5b4fcba000"",size: ""800000"",subtype: ""memory"",tgid: ""149341"",source: ""syscall"",type: ""Artifact"",version: ""0"",hash: ""2dac764daffcd2608aa512a1a6489d67""})"
"(:VERTEX {gid: ""0"",euid: ""999"",children pid namespace: ""4026532779"",start time: ""1690978669.081"",ns pid: ""11541"",pid: ""149348"",source: ""syscall"",type: ""Process"",net namespace: ""4026532705"",ipc namespace: ""4026532772"",ppid: ""149341"",pid namespace: ""4026532779"",cwd: ""/"",uid: ""999"",egid: ""0"",exe: ""/usr/bin/check-status"",mount namespace: ""4026532778"",command line: ""/usr/bin/check-status -l"",name: ""check-status"",hash: ""ee317978fa22cb7a5f7a022cfc693c4d"",user namespace: ""4026531837""})"
"(:VERTEX {memory address: ""7f5b4f4b8000"",size: ""801000"",subtype: ""memory"",tgid: ""149341"",source: ""syscall"",type: ""Artifact"",version: ""0"",hash: ""2d6b6eef378f591bfd47a9f45b0aad4b""})"
"(:VERTEX {memory address: ""7f5b4f4b9000"",size: ""800000"",subtype: ""memory"",tgid: ""149341"",source: ""syscall"",type: ""Artifact"",version: ""0"",hash: ""03ba10ac8f04eccecf160b3986702838""})"
"(:VERTEX {gid: ""0"",euid: ""999"",children pid namespace: ""4026532779"",start time: ""1690978669.081"",ns pid: ""11542"",pid: ""149349"",source: ""syscall"",type: ""Process"",net namespace: ""4026532705"",ipc namespace: ""4026532772"",ppid: ""149341"",pid namespace: ""4026532779"",cwd: ""/"",uid: ""999"",egid: ""0"",exe: ""/usr/bin/check-status"",mount namespace: ""4026532778"",command line: ""/usr/bin/check-status -l"",name: ""check-status"",hash: ""fa0babdee28290bd31b08bafa415c777"",user namespace: ""4026531837""})"
"(:VERTEX {memory address: ""7f5b474b8000"",size: ""8000000"",subtype: ""memory"",tgid: ""149341"",source: ""syscall"",type: ""Artifact"",version: ""0"",hash: ""b37b15a87ee63096073e2219d9118fa2""})"
"(:VERTEX {memory address: ""7f5b48000000"",size: ""21000"",subtype: ""memory"",tgid: ""149341"",source: ""syscall"",type: ""Artifact"",version: ""0"",hash: ""da20bc31b4b34fb4e998ee6795a7d106""})"
"(:VERTEX {memory address: ""7f5b40000000"",size: ""8000000"",subtype: ""memory"",tgid: ""149341"",source: ""syscall"",type: ""Artifact"",version: ""0"",hash: ""bde9096a9768cdf673d770bb257c9e39""})"
"(:VERTEX {memory address: ""7f5b40000000"",size: ""21000"",subtype: ""memory"",tgid: ""149341"",source: ""syscall"",type: ""Artifact"",version: ""0"",hash: ""68be633ca3e4e869be45acf6e1460558""})"
"(:VERTEX {memory address: ""7f5b77e1a000"",size: ""40000"",subtype: ""memory"",tgid: ""149341"",source: ""syscall"",type: ""Artifact"",version: ""0"",hash: ""152d5da1636ea67a8e9bd77561d59f48""})"
"(:VERTEX {memory address: ""7f5b4ecb7000"",size: ""801000"",subtype: ""memory"",tgid: ""149341"",source: ""syscall"",type: ""Artifact"",version: ""0"",hash: ""da3e842f001f32d60fbb7bb092f7f027""})"
"(:VERTEX {memory address: ""7f5b4ecb8000"",size: ""800000"",subtype: ""memory"",tgid: ""149341"",source: ""syscall"",type: ""Artifact"",version: ""0"",hash: ""1cc3a72e26726b0f3d41944a4cb85d72""})"
"(:VERTEX {gid: ""0"",euid: ""999"",children pid namespace: ""4026532779"",start time: ""1690978669.085"",ns pid: ""11543"",pid: ""149350"",source: ""syscall"",type: ""Process"",net namespace: ""4026532705"",ipc namespace: ""4026532772"",ppid: ""149341"",pid namespace: ""4026532779"",cwd: ""/"",uid: ""999"",egid: ""0"",exe: ""/usr/bin/check-status"",mount namespace: ""4026532778"",command line: ""/usr/bin/check-status -l"",name: ""check-status"",hash: ""753bebfb6978797e5ef3993562a00cb4"",user namespace: ""4026531837""})"
"(:VERTEX {memory address: ""7f5b44000000"",size: ""4000000"",subtype: ""memory"",tgid: ""149341"",source: ""syscall"",type: ""Artifact"",version: ""0"",hash: ""603972a5e84ab6f68d9805428f0168f5""})"
"(:VERTEX {memory address: ""7f5b44000000"",size: ""21000"",subtype: ""memory"",tgid: ""149341"",source: ""syscall"",type: ""Artifact"",version: ""0"",hash: ""a91ab215e5fb3355801ef2f28c849ba8""})"
"(:VERTEX {memory address: ""7f5b38000000"",size: ""8000000"",subtype: ""memory"",tgid: ""149341"",source: ""syscall"",type: ""Artifact"",version: ""0"",hash: ""e8be624ac674c32d99dc146d339c3a49""})"
"(:VERTEX {memory address: ""7f5b38000000"",size: ""21000"",subtype: ""memory"",tgid: ""149341"",source: ""syscall"",type: ""Artifact"",version: ""0"",hash: ""35fefb1e62c2748f0c8df996b2851b47""})"
"(:VERTEX {memory address: ""7f5b4e4b6000"",size: ""801000"",subtype: ""memory"",tgid: ""149341"",source: ""syscall"",type: ""Artifact"",version: ""0"",hash: ""5a3498715600480dd5481d71fe6d8b10""})"
"(:VERTEX {memory address: ""7f5b4e4b7000"",size: ""800000"",subtype: ""memory"",tgid: ""149341"",source: ""syscall"",type: ""Artifact"",version: ""0"",hash: ""8cd3dd3cd6c6e4746b12e33f51cd5a6c""})"
"(:VERTEX {gid: ""0"",euid: ""999"",children pid namespace: ""4026532779"",start time: ""1690978669.085"",ns pid: ""11544"",pid: ""149351"",source: ""syscall"",type: ""Process"",net namespace: ""4026532705"",ipc namespace: ""4026532772"",ppid: ""149341"",pid namespace: ""4026532779"",cwd: ""/"",uid: ""999"",egid: ""0"",exe: ""/usr/bin/check-status"",mount namespace: ""4026532778"",command line: ""/usr/bin/check-status -l"",name: ""check-status"",hash: ""ac24bdd7eaeb8d202289e37023ccd521"",user namespace: ""4026531837""})"
"(:VERTEX {remote port: ""54258"",epoch: ""0"",source: ""syscall"",type: ""Artifact"",version: ""0"",local port: ""8080"",net namespace: ""-1"",local address: ""0000:0000:0000:0000:0000:0000:0000:0000"",protocol: ""tcp"",subtype: ""network socket"",remote address: ""0000:0000:0000:0000:0000:FFFF:C0A8:2F80"",hash: ""2a32f6f407c429828ba6d603e238e869""})"
"(:VERTEX {remote port: ""54272"",epoch: ""0"",source: ""syscall"",type: ""Artifact"",version: ""0"",local port: ""8080"",net namespace: ""-1"",local address: ""0000:0000:0000:0000:0000:0000:0000:0000"",protocol: ""tcp"",subtype: ""network socket"",remote address: ""0000:0000:0000:0000:0000:FFFF:C0A8:2F80"",hash: ""d4efaf690b4612a80241897bef3883da""})"
"(:VERTEX {remote port: ""46822"",epoch: ""0"",source: ""syscall"",type: ""Artifact"",version: ""0"",local port: ""50051"",net namespace: ""-1"",local address: ""0000:0000:0000:0000:0000:0000:0000:0000"",protocol: ""tcp"",subtype: ""network socket"",remote address: ""0000:0000:0000:0000:0000:FFFF:C0A8:2F80"",hash: ""c277321437b609b84019fcaf561d1161""})"
"(:VERTEX {remote port: ""46826"",epoch: ""0"",source: ""syscall"",type: ""Artifact"",version: ""0"",local port: ""50051"",net namespace: ""-1"",local address: ""0000:0000:0000:0000:0000:0000:0000:0000"",protocol: ""tcp"",subtype: ""network socket"",remote address: ""0000:0000:0000:0000:0000:FFFF:C0A8:2F80"",hash: ""55ef94a1c6d977291f3914fefa902f16""})"
"(:VERTEX {remote port: ""39118"",epoch: ""0"",source: ""syscall"",type: ""Artifact"",version: ""0"",local port: ""7000"",net namespace: ""-1"",local address: ""0000:0000:0000:0000:0000:0000:0000:0000"",protocol: ""tcp"",subtype: ""network socket"",remote address: ""0000:0000:0000:0000:0000:FFFF:C0A8:2F80"",hash: ""8afe9f0092c9813f7dc0afa039227bdf""})"
"(:VERTEX {remote port: ""39130"",epoch: ""0"",source: ""syscall"",type: ""Artifact"",version: ""0"",local port: ""7000"",net namespace: ""-1"",local address: ""0000:0000:0000:0000:0000:0000:0000:0000"",protocol: ""tcp"",subtype: ""network socket"",remote address: ""0000:0000:0000:0000:0000:FFFF:C0A8:2F80"",hash: ""f5d2d761df07e138fbf253922d743a58""})"
"(:VERTEX {remote port: ""48002"",epoch: ""0"",source: ""syscall"",type: ""Artifact"",version: ""0"",local port: ""6379"",net namespace: ""-1"",local address: ""0.0.0.0"",protocol: ""tcp"",subtype: ""network socket"",remote address: ""192.168.47.128"",hash: ""a4cdf66a175276d1a6d457df3a046b66""})"
"(:VERTEX {remote port: ""39712"",epoch: ""0"",source: ""syscall"",type: ""Artifact"",version: ""0"",local port: ""5050"",net namespace: ""-1"",local address: ""0000:0000:0000:0000:0000:0000:0000:0000"",protocol: ""tcp"",subtype: ""network socket"",remote address: ""0000:0000:0000:0000:0000:FFFF:C0A8:2F80"",hash: ""af490a02409a69c7d327ac2c49b5819d""})"
"(:VERTEX {remote port: ""48004"",epoch: ""0"",source: ""syscall"",type: ""Artifact"",version: ""0"",local port: ""6379"",net namespace: ""-1"",local address: ""0.0.0.0"",protocol: ""tcp"",subtype: ""network socket"",remote address: ""192.168.47.128"",hash: ""f7db1ff4ef54aac210134312130d956f""})"
"(:VERTEX {remote port: ""39726"",epoch: ""0"",source: ""syscall"",type: ""Artifact"",version: ""0"",local port: ""5050"",net namespace: ""-1"",local address: ""0000:0000:0000:0000:0000:0000:0000:0000"",protocol: ""tcp"",subtype: ""network socket"",remote address: ""0000:0000:0000:0000:0000:FFFF:C0A8:2F80"",hash: ""33f18e6d8faff50be82fc4cb57405198""})"
"(:VERTEX {remote port: ""45032"",epoch: ""0"",source: ""syscall"",type: ""Artifact"",version: ""0"",local port: ""9555"",net namespace: ""-1"",local address: ""0000:0000:0000:0000:0000:0000:0000:0000"",protocol: ""tcp"",subtype: ""network socket"",remote address: ""0000:0000:0000:0000:0000:FFFF:C0A8:2F80"",hash: ""7e2ad2f4d1da18f6a53f5bc456a4e75e""})"
"(:VERTEX {remote port: ""45020"",epoch: ""0"",source: ""syscall"",type: ""Artifact"",version: ""0"",local port: ""9555"",net namespace: ""-1"",local address: ""0000:0000:0000:0000:0000:0000:0000:0000"",protocol: ""tcp"",subtype: ""network socket"",remote address: ""0000:0000:0000:0000:0000:FFFF:C0A8:2F80"",hash: ""61894b5146ef9a171b420467925499f1""})"
"(:VERTEX {remote port: ""53192"",epoch: ""0"",source: ""syscall"",type: ""Artifact"",version: ""0"",local port: ""8080"",net namespace: ""-1"",local address: ""0000:0000:0000:0000:0000:0000:0000:0000"",protocol: ""tcp"",subtype: ""network socket"",remote address: ""0000:0000:0000:0000:0000:FFFF:C0A8:2F80"",hash: ""7dc1c50c1d5c88084e5c339bda07853e""})"
"(:VERTEX {remote port: ""53202"",epoch: ""0"",source: ""syscall"",type: ""Artifact"",version: ""0"",local port: ""8080"",net namespace: ""-1"",local address: ""0000:0000:0000:0000:0000:0000:0000:0000"",protocol: ""tcp"",subtype: ""network socket"",remote address: ""0000:0000:0000:0000:0000:FFFF:C0A8:2F80"",hash: ""c8b9354e698f9c45917b2b4c1ca4f5a1""})"
"(:VERTEX {remote port: ""46158"",epoch: ""0"",source: ""syscall"",type: ""Artifact"",version: ""0"",local port: ""50051"",net namespace: ""-1"",local address: ""0000:0000:0000:0000:0000:0000:0000:0000"",protocol: ""tcp"",subtype: ""network socket"",remote address: ""0000:0000:0000:0000:0000:FFFF:C0A8:2F80"",hash: ""2dbaae6a3ca90e7a5eec57770342b5cb""})"
"(:VERTEX {remote port: ""36314"",epoch: ""0"",source: ""syscall"",type: ""Artifact"",version: ""0"",local port: ""7070"",net namespace: ""4026533266"",local address: ""0000:0000:0000:0000:0000:0000:0000:0000"",protocol: ""tcp"",subtype: ""network socket"",remote address: ""0000:0000:0000:0000:0000:FFFF:C0A8:2F80"",hash: ""200b2ab7b836af979911dd822bdfabc5""})"
"(:VERTEX {remote port: ""36330"",epoch: ""0"",source: ""syscall"",type: ""Artifact"",version: ""0"",local port: ""7070"",net namespace: ""4026533266"",local address: ""0000:0000:0000:0000:0000:0000:0000:0000"",protocol: ""tcp"",subtype: ""network socket"",remote address: ""0000:0000:0000:0000:0000:FFFF:C0A8:2F80"",hash: ""97e8d8602092f309267a263c9d278ed8""})"
"(:VERTEX {remote port: ""46162"",epoch: ""0"",source: ""syscall"",type: ""Artifact"",version: ""0"",local port: ""50051"",net namespace: ""-1"",local address: ""0000:0000:0000:0000:0000:0000:0000:0000"",protocol: ""tcp"",subtype: ""network socket"",remote address: ""0000:0000:0000:0000:0000:FFFF:C0A8:2F80"",hash: ""49ec993a1379b740688b1d4faf9f5e75""})"
"(:VERTEX {remote port: ""49758"",epoch: ""0"",source: ""syscall"",type: ""Artifact"",version: ""0"",local port: ""3550"",net namespace: ""-1"",local address: ""0000:0000:0000:0000:0000:0000:0000:0000"",protocol: ""tcp"",subtype: ""network socket"",remote address: ""0000:0000:0000:0000:0000:FFFF:C0A8:2F80"",hash: ""0035f95e62a5cc48cdc8137bb93cfcc1""})"
"(:VERTEX {remote port: ""49764"",epoch: ""0"",source: ""syscall"",type: ""Artifact"",version: ""0"",local port: ""3550"",net namespace: ""-1"",local address: ""0000:0000:0000:0000:0000:0000:0000:0000"",protocol: ""tcp"",subtype: ""network socket"",remote address: ""0000:0000:0000:0000:0000:FFFF:C0A8:2F80"",hash: ""a5bcedf4a9fe1d46bcf4c9c2d20b57e4""})"
"(:VERTEX {memory address: ""7f981a38e000"",size: ""183000"",subtype: ""memory"",tgid: ""61363"",source: ""syscall"",type: ""Artifact"",version: ""3"",hash: ""47c7153a884b877870b3789de5d6dddb""})"
"(:VERTEX {memory address: ""7f981a390000"",size: ""181000"",subtype: ""memory"",tgid: ""61363"",source: ""syscall"",type: ""Artifact"",version: ""3"",hash: ""b83d7c8bf5c439b622ebed19de877888""})"
"(:VERTEX {gid: ""1000"",euid: ""1000"",children pid namespace: ""4026533564"",start time: ""1690978672.926"",ns pid: ""170"",pid: ""149448"",source: ""syscall"",type: ""Process"",net namespace: ""4026533266"",ipc namespace: ""4026533539"",ppid: ""61363"",pid namespace: ""4026533564"",uid: ""1000"",egid: ""1000"",exe: ""/app/cartservice"",mount namespace: ""4026533563"",name: "".NET ThreadPool"",hash: ""f66719a0686bfc0ca8192d9881c4709a"",user namespace: ""4026531837""})"
"(:VERTEX {memory address: ""7f981aa20000"",size: ""4000"",subtype: ""memory"",tgid: ""61363"",source: ""syscall"",type: ""Artifact"",version: ""0"",hash: ""a9fa1ba75e69232ac1ebebc0ec1317ca""})"
"(:VERTEX {memory address: ""7f981aa20000"",size: ""1000"",subtype: ""memory"",tgid: ""61363"",source: ""syscall"",type: ""Artifact"",version: ""0"",hash: ""879747fd48024c47bd66a720ab1d6d58""})"
"(:VERTEX {subtype: ""unnamed pipe"",tgid: ""61363"",epoch: ""1"",source: ""syscall"",read fd: ""199"",type: ""Artifact"",version: ""0"",hash: ""a099d51b20f3c48ac18bbc33b8fbfa47"",write fd: ""200""})"
"(:VERTEX {remote port: ""43528"",epoch: ""0"",source: ""syscall"",type: ""Artifact"",version: ""0"",local port: ""8080"",net namespace: ""-1"",local address: ""0000:0000:0000:0000:0000:0000:0000:0000"",protocol: ""tcp"",subtype: ""network socket"",remote address: ""0000:0000:0000:0000:0000:FFFF:C0A8:2F80"",hash: ""ab3d3a9b069710481000b738d428f0a8""})"
"(:VERTEX {remote port: ""43542"",epoch: ""0"",source: ""syscall"",type: ""Artifact"",version: ""0"",local port: ""8080"",net namespace: ""-1"",local address: ""0000:0000:0000:0000:0000:0000:0000:0000"",protocol: ""tcp"",subtype: ""network socket"",remote address: ""0000:0000:0000:0000:0000:FFFF:C0A8:2F80"",hash: ""705a2624fe87df4675d001d20149ae9f""})"
"(:VERTEX {gid: ""0"",euid: ""999"",children pid namespace: ""-1"",pid: ""149582"",seen time: ""1690978676.929"",source: ""syscall"",type: ""Process"",net namespace: ""-1"",ipc namespace: ""-1"",ppid: ""149572"",pid namespace: ""-1"",uid: ""999"",egid: ""0"",exe: ""/"",mount namespace: ""-1"",name: ""runc:[2:INIT]"",hash: ""0def3350bf956433a807ed1cea923bf9"",user namespace: ""-1""})"
"(:VERTEX {path: ""/proc/149582/attr/apparmor/exec"",subtype: ""file"",permissions: ""0666"",epoch: ""0"",source: ""syscall"",type: ""Artifact"",version: ""0"",hash: ""eaed77111e76c49437a19c53ce57c20d""})"
"(:VERTEX {gid: ""0"",euid: ""999"",children pid namespace: ""-1"",start time: ""1690978676.929"",pid: ""149582"",source: ""syscall"",type: ""Process"",net namespace: ""-1"",ipc namespace: ""-1"",ppid: ""149572"",pid namespace: ""-1"",cwd: ""/"",uid: ""999"",egid: ""0"",exe: ""/usr/bin/check-status"",mount namespace: ""-1"",command line: ""/usr/bin/check-status -r"",name: ""check-status"",hash: ""3175a8873e5f4b3044fd4e1f347db03a"",user namespace: ""-1""})"
"(:VERTEX {memory address: ""7f5018721000"",size: ""2000"",subtype: ""memory"",tgid: ""149582"",source: ""syscall"",type: ""Artifact"",version: ""0"",hash: ""22afaef5c67e475005e36b64af1a2715""})"
"(:VERTEX {memory address: ""7f50182d6000"",size: ""21f4c0"",subtype: ""memory"",tgid: ""149582"",source: ""syscall"",type: ""Artifact"",version: ""0"",hash: ""d951f4941784f6c29bb4c623132b6ea8""})"
"(:VERTEX {memory address: ""7f50182f1000"",size: ""1ff000"",subtype: ""memory"",tgid: ""149582"",source: ""syscall"",type: ""Artifact"",version: ""0"",hash: ""6099a704aecedc92470d371d13541ec5""})"
"(:VERTEX {memory address: ""7f50184f0000"",size: ""2000"",subtype: ""memory"",tgid: ""149582"",source: ""syscall"",type: ""Artifact"",version: ""0"",hash: ""c5837fbc531df53045ef5b2fd34a2936""})"
"(:VERTEX {memory address: ""7f50184f2000"",size: ""34c0"",subtype: ""memory"",tgid: ""149582"",source: ""syscall"",type: ""Artifact"",version: ""0"",hash: ""bc14e96a07bf2883b162ba8f26ea4ba6""})"
"(:VERTEX {memory address: ""7f5017f10000"",size: ""3c58c0"",subtype: ""memory"",tgid: ""149582"",source: ""syscall"",type: ""Artifact"",version: ""0"",hash: ""91ed20a8f1df092384241bd09573b319""})"
"(:VERTEX {memory address: ""7f50180cc000"",size: ""200000"",subtype: ""memory"",tgid: ""149582"",source: ""syscall"",type: ""Artifact"",version: ""0"",hash: ""b5e596630a1c08ff4137d84b3abfde0e""})"
"(:VERTEX {memory address: ""7f50182cc000"",size: ""6000"",subtype: ""memory"",tgid: ""149582"",source: ""syscall"",type: ""Artifact"",version: ""0"",hash: ""73cd898b68c3934349c607694355c53b""})"
"(:VERTEX {memory address: ""7f50182d2000"",size: ""38c0"",subtype: ""memory"",tgid: ""149582"",source: ""syscall"",type: ""Artifact"",version: ""0"",hash: ""7c6f8c2804cceb79c73b7c18eb76b6a1""})"
"(:VERTEX {memory address: ""7f501871e000"",size: ""3000"",subtype: ""memory"",tgid: ""149582"",source: ""syscall"",type: ""Artifact"",version: ""0"",hash: ""c88b6751fecd366da8680fbdade2caa1""})"
"(:VERTEX {memory address: ""7f50182cc000"",size: ""4000"",subtype: ""memory"",tgid: ""149582"",source: ""syscall"",type: ""Artifact"",version: ""0"",hash: ""f19d3649c4486b041c8f1b898881ba10""})"
"(:VERTEX {memory address: ""7f50184f0000"",size: ""1000"",subtype: ""memory"",tgid: ""149582"",source: ""syscall"",type: ""Artifact"",version: ""0"",hash: ""62e81f7fcfa36969945d796bd9b9892f""})"
"(:VERTEX {memory address: ""7f5018723000"",size: ""1000"",subtype: ""memory"",tgid: ""149582"",source: ""syscall"",type: ""Artifact"",version: ""0"",hash: ""e97605e98e80523155985100f5fd5b39""})"
"(:VERTEX {memory address: ""7f50186de000"",size: ""40000"",subtype: ""memory"",tgid: ""149582"",source: ""syscall"",type: ""Artifact"",version: ""0"",hash: ""01d9a3ca9fe7090068bd183446b29ed8""})"
"(:VERTEX {memory address: ""7f50186be000"",size: ""20000"",subtype: ""memory"",tgid: ""149582"",source: ""syscall"",type: ""Artifact"",version: ""0"",hash: ""476c041bba4a70a16003f548d18dc6b2""})"
"(:VERTEX {memory address: ""7f50185be000"",size: ""100000"",subtype: ""memory"",tgid: ""149582"",source: ""syscall"",type: ""Artifact"",version: ""0"",hash: ""b6e0c3dec147fa24bc727b0dff091fdc""})"
"(:VERTEX {memory address: ""7f5017710000"",size: ""800000"",subtype: ""memory"",tgid: ""149582"",source: ""syscall"",type: ""Artifact"",version: ""0"",hash: ""4d156aac30188de1896d4ad0bccf4e66""})"
"(:VERTEX {memory address: ""7f5013710000"",size: ""4000000"",subtype: ""memory"",tgid: ""149582"",source: ""syscall"",type: ""Artifact"",version: ""0"",hash: ""619a53e53af472c95eab6e519c0b7e4b""})"
"(:VERTEX {memory address: ""7f4ff3710000"",size: ""20000000"",subtype: ""memory"",tgid: ""149582"",source: ""syscall"",type: ""Artifact"",version: ""0"",hash: ""a9051ccd85ee2d742ebf0dc4a1a1fcc3""})"
"(:VERTEX {memory address: ""c000000000"",size: ""4000000"",subtype: ""memory"",tgid: ""149582"",source: ""syscall"",type: ""Artifact"",version: ""0"",hash: ""8df5edd84fcabb3de9071d96ea705383""})"
"(:VERTEX {memory address: ""7f4ff1710000"",size: ""2000000"",subtype: ""memory"",tgid: ""149582"",source: ""syscall"",type: ""Artifact"",version: ""0"",hash: ""8137a421a1330ec6038ed120491b37cd""})"
"(:VERTEX {memory address: ""7f4ff14ff000"",size: ""210c10"",subtype: ""memory"",tgid: ""149582"",source: ""syscall"",type: ""Artifact"",version: ""0"",hash: ""457f533e47a3e036da45df7011d1725c""})"
"(:VERTEX {memory address: ""c000000000"",size: ""400000"",subtype: ""memory"",tgid: ""149582"",source: ""syscall"",type: ""Artifact"",version: ""0"",hash: ""0eeb1808dbe5ec522ec387dab8f80623""})"
"(:VERTEX {memory address: ""7f50186be000"",size: ""20000"",subtype: ""memory"",tgid: ""149582"",source: ""syscall"",type: ""Artifact"",version: ""1"",hash: ""b2c8ae3477e48314c4d39020f1768464""})"
"(:VERTEX {memory address: ""7f501863e000"",size: ""1000"",subtype: ""memory"",tgid: ""149582"",source: ""syscall"",type: ""Artifact"",version: ""0"",hash: ""12a8f171dc1c99c08f26922d03609190""})"
"(:VERTEX {memory address: ""7f5017b16000"",size: ""1000"",subtype: ""memory"",tgid: ""149582"",source: ""syscall"",type: ""Artifact"",version: ""0"",hash: ""1a6350526ca88f85022aa0d1eb3ac233""})"
"(:VERTEX {memory address: ""7f5015740000"",size: ""1000"",subtype: ""memory"",tgid: ""149582"",source: ""syscall"",type: ""Artifact"",version: ""0"",hash: ""5df213e6a8ad5fa9555bd24c5bf272c1""})"
"(:VERTEX {memory address: ""7f5003890000"",size: ""1000"",subtype: ""memory"",tgid: ""149582"",source: ""syscall"",type: ""Artifact"",version: ""0"",hash: ""538f5be953c244a19a13d7eb18fffaf0""})"
"(:VERTEX {memory address: ""7f4ff13ff000"",size: ""100000"",subtype: ""memory"",tgid: ""149582"",source: ""syscall"",type: ""Artifact"",version: ""0"",hash: ""fafd4ad11ef81a6371874c28c64955b1""})"
"(:VERTEX {memory address: ""7f50185ae000"",size: ""10000"",subtype: ""memory"",tgid: ""149582"",source: ""syscall"",type: ""Artifact"",version: ""0"",hash: ""ca2f0f92409de714bae76a1638365fd9""})"
"(:VERTEX {memory address: ""7f501859e000"",size: ""10000"",subtype: ""memory"",tgid: ""149582"",source: ""syscall"",type: ""Artifact"",version: ""0"",hash: ""25c172c0c9206a86e88edf6d5fca483c""})"
"(:VERTEX {memory address: ""7f4ff0bfe000"",size: ""801000"",subtype: ""memory"",tgid: ""149582"",source: ""syscall"",type: ""Artifact"",version: ""0"",hash: ""2cdc3d3e68d8c20a664de52f1741b822""})"
"(:VERTEX {memory address: ""7f4ff0bff000"",size: ""800000"",subtype: ""memory"",tgid: ""149582"",source: ""syscall"",type: ""Artifact"",version: ""0"",hash: ""1da0f70b1b7fd54cf6a2bc64deadd96d""})"
"(:VERTEX {gid: ""0"",euid: ""999"",children pid namespace: ""4026532779"",start time: ""1690978676.951"",ns pid: ""11551"",pid: ""149588"",source: ""syscall"",type: ""Process"",net namespace: ""4026532705"",ipc namespace: ""4026532772"",ppid: ""149582"",pid namespace: ""4026532779"",cwd: ""/"",uid: ""999"",egid: ""0"",exe: ""/usr/bin/check-status"",mount namespace: ""4026532778"",command line: ""/usr/bin/check-status -r"",name: ""check-status"",hash: ""67f9c8641c4cb6de68f465b40289ac11"",user namespace: ""4026531837""})"
"(:VERTEX {memory address: ""7f4ff03fd000"",size: ""801000"",subtype: ""memory"",tgid: ""149582"",source: ""syscall"",type: ""Artifact"",version: ""0"",hash: ""676f3f3a08fcc5c41301c482c77e3e78""})"
"(:VERTEX {memory address: ""7f4ff03fe000"",size: ""800000"",subtype: ""memory"",tgid: ""149582"",source: ""syscall"",type: ""Artifact"",version: ""0"",hash: ""89369b5472fcd5a919ca85033f64c9d7""})"
"(:VERTEX {memory address: ""7f4fe83fd000"",size: ""8000000"",subtype: ""memory"",tgid: ""149582"",source: ""syscall"",type: ""Artifact"",version: ""0"",hash: ""3cc1883fe020686627d4c0565e9bcbe8""})"
"(:VERTEX {gid: ""0"",euid: ""999"",children pid namespace: ""4026532779"",start time: ""1690978676.951"",ns pid: ""11552"",pid: ""149589"",source: ""syscall"",type: ""Process"",net namespace: ""4026532705"",ipc namespace: ""4026532772"",ppid: ""149582"",pid namespace: ""4026532779"",cwd: ""/"",uid: ""999"",egid: ""0"",exe: ""/usr/bin/check-status"",mount namespace: ""4026532778"",command line: ""/usr/bin/check-status -r"",name: ""check-status"",hash: ""4225afd4c47d79fddcf3d976f8454964"",user namespace: ""4026531837""})"
"(:VERTEX {memory address: ""7f4fec000000"",size: ""21000"",subtype: ""memory"",tgid: ""149582"",source: ""syscall"",type: ""Artifact"",version: ""0"",hash: ""edeba105e02a9525f06849564d0b8022""})"
"(:VERTEX {memory address: ""7f4feb7ff000"",size: ""801000"",subtype: ""memory"",tgid: ""149582"",source: ""syscall"",type: ""Artifact"",version: ""0"",hash: ""9f9c0c60f651a0734d60884f36fb6b48""})"
"(:VERTEX {memory address: ""7f4feb800000"",size: ""800000"",subtype: ""memory"",tgid: ""149582"",source: ""syscall"",type: ""Artifact"",version: ""0"",hash: ""71d39323d4eaa4c76ba72db3970edfa4""})"
"(:VERTEX {gid: ""0"",euid: ""999"",children pid namespace: ""4026532779"",start time: ""1690978676.951"",ns pid: ""11553"",pid: ""149590"",source: ""syscall"",type: ""Process"",net namespace: ""4026532705"",ipc namespace: ""4026532772"",ppid: ""149582"",pid namespace: ""4026532779"",cwd: ""/"",uid: ""999"",egid: ""0"",exe: ""/usr/bin/check-status"",mount namespace: ""4026532778"",command line: ""/usr/bin/check-status -r"",name: ""check-status"",hash: ""6544f67c4f515fe921e078a7157062a1"",user namespace: ""4026531837""})"
"(:VERTEX {memory address: ""7f4fe37ff000"",size: ""8000000"",subtype: ""memory"",tgid: ""149582"",source: ""syscall"",type: ""Artifact"",version: ""0"",hash: ""3f149434f304f0740977eb283d221bdd""})"
"(:VERTEX {memory address: ""7f4fe4000000"",size: ""21000"",subtype: ""memory"",tgid: ""149582"",source: ""syscall"",type: ""Artifact"",version: ""0"",hash: ""36791ece9cf7bd8fb017af4e33d5cdee""})"
"(:VERTEX {memory address: ""7f501855e000"",size: ""40000"",subtype: ""memory"",tgid: ""149582"",source: ""syscall"",type: ""Artifact"",version: ""0"",hash: ""e05c3997c777cd8a69f869f0ec735f4a""})"
"(:VERTEX {memory address: ""7f4feaffe000"",size: ""801000"",subtype: ""memory"",tgid: ""149582"",source: ""syscall"",type: ""Artifact"",version: ""0"",hash: ""0f13ecf2271483585bdb7e72748ac6cb""})"
"(:VERTEX {memory address: ""7f4feafff000"",size: ""800000"",subtype: ""memory"",tgid: ""149582"",source: ""syscall"",type: ""Artifact"",version: ""0"",hash: ""45caa95ae6aff18f76aa43966dc2abab""})"
"(:VERTEX {gid: ""0"",euid: ""999"",children pid namespace: ""4026532779"",start time: ""1690978676.961"",ns pid: ""11554"",pid: ""149591"",source: ""syscall"",type: ""Process"",net namespace: ""4026532705"",ipc namespace: ""4026532772"",ppid: ""149582"",pid namespace: ""4026532779"",cwd: ""/"",uid: ""999"",egid: ""0"",exe: ""/usr/bin/check-status"",mount namespace: ""4026532778"",command line: ""/usr/bin/check-status -r"",name: ""check-status"",hash: ""cfc0245695645c57953472e25ea6d2b5"",user namespace: ""4026531837""})"
"(:VERTEX {memory address: ""7f4fdc000000"",size: ""8000000"",subtype: ""memory"",tgid: ""149582"",source: ""syscall"",type: ""Artifact"",version: ""0"",hash: ""ed53a92b8bf3c200b0338fd2c9d63912""})"
"(:VERTEX {memory address: ""7f4fdc000000"",size: ""21000"",subtype: ""memory"",tgid: ""149582"",source: ""syscall"",type: ""Artifact"",version: ""0"",hash: ""ab02d8dede20c46ad260474e02489b4d""})"
"(:VERTEX {memory address: ""7f4fe0000000"",size: ""4000000"",subtype: ""memory"",tgid: ""149582"",source: ""syscall"",type: ""Artifact"",version: ""0"",hash: ""b7e07b22abd03e059691bcf041f72c15""})"
"(:VERTEX {memory address: ""7f4fea7fd000"",size: ""801000"",subtype: ""memory"",tgid: ""149582"",source: ""syscall"",type: ""Artifact"",version: ""0"",hash: ""2f968a9e43bbb352fbbfbd2d787689ce""})"
"(:VERTEX {memory address: ""7f4fea7fe000"",size: ""800000"",subtype: ""memory"",tgid: ""149582"",source: ""syscall"",type: ""Artifact"",version: ""0"",hash: ""15e35c031134b7de1305495dff7d5219""})"
"(:VERTEX {gid: ""0"",euid: ""999"",children pid namespace: ""4026532779"",start time: ""1690978676.965"",ns pid: ""11555"",pid: ""149592"",source: ""syscall"",type: ""Process"",net namespace: ""4026532705"",ipc namespace: ""4026532772"",ppid: ""149582"",pid namespace: ""4026532779"",cwd: ""/"",uid: ""999"",egid: ""0"",exe: ""/usr/bin/check-status"",mount namespace: ""4026532778"",command line: ""/usr/bin/check-status -r"",name: ""check-status"",hash: ""dca1c483e220a0cea6973b0e4cdcd3b6"",user namespace: ""4026531837""})"
"(:VERTEX {memory address: ""7f4fe0000000"",size: ""21000"",subtype: ""memory"",tgid: ""149582"",source: ""syscall"",type: ""Artifact"",version: ""0"",hash: ""75f4b8977a65e93a912262ca52f5a50e""})"
"(:VERTEX {memory address: ""7f4fd4000000"",size: ""8000000"",subtype: ""memory"",tgid: ""149582"",source: ""syscall"",type: ""Artifact"",version: ""0"",hash: ""1050e93facc89d917ab2792535cfa4f9""})"
"(:VERTEX {memory address: ""7f4fd4000000"",size: ""21000"",subtype: ""memory"",tgid: ""149582"",source: ""syscall"",type: ""Artifact"",version: ""0"",hash: ""b0c3bb7312dd9abc20a74f5cbad47a0e""})"
"(:VERTEX {remote port: ""37140"",epoch: ""0"",source: ""syscall"",type: ""Artifact"",version: ""0"",local port: ""8080"",net namespace: ""-1"",local address: ""0000:0000:0000:0000:0000:0000:0000:0000"",protocol: ""tcp"",subtype: ""network socket"",remote address: ""0000:0000:0000:0000:0000:FFFF:C0A8:2F80"",hash: ""580e90edd7f79577c517927d796a9bb0""})"
"(:VERTEX {remote port: ""37148"",epoch: ""0"",source: ""syscall"",type: ""Artifact"",version: ""0"",local port: ""8080"",net namespace: ""-1"",local address: ""0000:0000:0000:0000:0000:0000:0000:0000"",protocol: ""tcp"",subtype: ""network socket"",remote address: ""0000:0000:0000:0000:0000:FFFF:C0A8:2F80"",hash: ""fa4e1abb6da16a76ec604911f90ea0fb""})"
"(:VERTEX {remote port: ""39056"",epoch: ""0"",source: ""syscall"",type: ""Artifact"",version: ""0"",local port: ""50051"",net namespace: ""-1"",local address: ""0000:0000:0000:0000:0000:0000:0000:0000"",protocol: ""tcp"",subtype: ""network socket"",remote address: ""0000:0000:0000:0000:0000:FFFF:C0A8:2F80"",hash: ""f9b2b98c4864e6f646138602dabb0723""})"
"(:VERTEX {remote port: ""36364"",epoch: ""0"",source: ""syscall"",type: ""Artifact"",version: ""0"",local port: ""6379"",net namespace: ""-1"",local address: ""0.0.0.0"",protocol: ""tcp"",subtype: ""network socket"",remote address: ""192.168.47.128"",hash: ""58ea888054c6518b3636ff8364d8e470""})"
"(:VERTEX {remote port: ""36360"",epoch: ""0"",source: ""syscall"",type: ""Artifact"",version: ""0"",local port: ""6379"",net namespace: ""-1"",local address: ""0.0.0.0"",protocol: ""tcp"",subtype: ""network socket"",remote address: ""192.168.47.128"",hash: ""e22d0e07c196dab770787f2b9517cc9f""})"
"(:VERTEX {remote port: ""54906"",epoch: ""0"",source: ""syscall"",type: ""Artifact"",version: ""0"",local port: ""8080"",net namespace: ""-1"",local address: ""0000:0000:0000:0000:0000:0000:0000:0000"",protocol: ""tcp"",subtype: ""network socket"",remote address: ""0000:0000:0000:0000:0000:FFFF:C0A8:2F80"",hash: ""96db2cd4ab20ba77c18a64e1b53aca4a""})"
"(:VERTEX {remote port: ""54910"",epoch: ""0"",source: ""syscall"",type: ""Artifact"",version: ""0"",local port: ""8080"",net namespace: ""-1"",local address: ""0000:0000:0000:0000:0000:0000:0000:0000"",protocol: ""tcp"",subtype: ""network socket"",remote address: ""0000:0000:0000:0000:0000:FFFF:C0A8:2F80"",hash: ""ed13f099d8070da1d9b9a038ced5de64""})"
"(:VERTEX {gid: ""1000"",euid: ""1000"",children pid namespace: ""4026533564"",start time: ""1690978678.736"",ns pid: ""171"",pid: ""149595"",source: ""syscall"",type: ""Process"",net namespace: ""4026533266"",ipc namespace: ""4026533539"",ppid: ""61363"",pid namespace: ""4026533564"",uid: ""1000"",egid: ""1000"",exe: ""/app/cartservice"",mount namespace: ""4026533563"",name: "".NET ThreadPool"",hash: ""fea91ba6bf913de9828fc1bbc8715d4a"",user namespace: ""4026531837""})"
"(:VERTEX {memory address: ""7f981aa1c000"",size: ""4000"",subtype: ""memory"",tgid: ""61363"",source: ""syscall"",type: ""Artifact"",version: ""4"",hash: ""468d0bd438269747313e60d2faf0b531""})"
"(:VERTEX {memory address: ""7f981aa1c000"",size: ""1000"",subtype: ""memory"",tgid: ""61363"",source: ""syscall"",type: ""Artifact"",version: ""4"",hash: ""2dbf64c115444c7ad616f183ee05413e""})"
"(:VERTEX {gid: ""0"",euid: ""999"",children pid namespace: ""-1"",pid: ""149606"",seen time: ""1690978679.082"",source: ""syscall"",type: ""Process"",net namespace: ""-1"",ipc namespace: ""-1"",ppid: ""149596"",pid namespace: ""-1"",uid: ""999"",egid: ""0"",exe: ""/"",mount namespace: ""-1"",name: ""runc:[2:INIT]"",hash: ""97c4614652856361e11576e2267f95bf"",user namespace: ""-1""})"
"(:VERTEX {path: ""/proc/149606/attr/apparmor/exec"",subtype: ""file"",permissions: ""0666"",epoch: ""0"",source: ""syscall"",type: ""Artifact"",version: ""0"",hash: ""5921bb097a8d2a71ab229e4cf1a31f4c""})"
"(:VERTEX {gid: ""0"",euid: ""999"",children pid namespace: ""-1"",start time: ""1690978679.082"",pid: ""149606"",source: ""syscall"",type: ""Process"",net namespace: ""-1"",ipc namespace: ""-1"",ppid: ""149596"",pid namespace: ""-1"",cwd: ""/"",uid: ""999"",egid: ""0"",exe: ""/usr/bin/check-status"",mount namespace: ""-1"",command line: ""/usr/bin/check-status -l"",name: ""check-status"",hash: ""b37ab02e95b689875bc4c05968e0136e"",user namespace: ""-1""})"
"(:VERTEX {memory address: ""7fad5d8be000"",size: ""2000"",subtype: ""memory"",tgid: ""149606"",source: ""syscall"",type: ""Artifact"",version: ""0"",hash: ""9fe0b54c2cb76906c380083dc9487484""})"
"(:VERTEX {memory address: ""7fad5d473000"",size: ""21f4c0"",subtype: ""memory"",tgid: ""149606"",source: ""syscall"",type: ""Artifact"",version: ""0"",hash: ""671c2c9e316b524d3e39830eb72c7659""})"
"(:VERTEX {memory address: ""7fad5d48e000"",size: ""1ff000"",subtype: ""memory"",tgid: ""149606"",source: ""syscall"",type: ""Artifact"",version: ""0"",hash: ""ef70a0c433945c9a9ef6a9ce5607e84f""})"
"(:VERTEX {memory address: ""7fad5d68d000"",size: ""2000"",subtype: ""memory"",tgid: ""149606"",source: ""syscall"",type: ""Artifact"",version: ""0"",hash: ""c04c33e521ac7660f097956caf7690e5""})"
"(:VERTEX {memory address: ""7fad5d68f000"",size: ""34c0"",subtype: ""memory"",tgid: ""149606"",source: ""syscall"",type: ""Artifact"",version: ""0"",hash: ""9a97f9d7a754ef178c3259b0083ba0a8""})"
"(:VERTEX {memory address: ""7fad5d0ad000"",size: ""3c58c0"",subtype: ""memory"",tgid: ""149606"",source: ""syscall"",type: ""Artifact"",version: ""0"",hash: ""62e7c188944645d3cd4226d8742609f1""})"
"(:VERTEX {memory address: ""7fad5d269000"",size: ""200000"",subtype: ""memory"",tgid: ""149606"",source: ""syscall"",type: ""Artifact"",version: ""0"",hash: ""6cf86b4d71d293470a66e8221cad9a17""})"
"(:VERTEX {memory address: ""7fad5d469000"",size: ""6000"",subtype: ""memory"",tgid: ""149606"",source: ""syscall"",type: ""Artifact"",version: ""0"",hash: ""6238de2e0fd9c8cda3725dd43e3bcb07""})"
"(:VERTEX {memory address: ""7fad5d46f000"",size: ""38c0"",subtype: ""memory"",tgid: ""149606"",source: ""syscall"",type: ""Artifact"",version: ""0"",hash: ""3699f298262baa4fad8c7159dda0007b""})"
"(:VERTEX {memory address: ""7fad5d8bb000"",size: ""3000"",subtype: ""memory"",tgid: ""149606"",source: ""syscall"",type: ""Artifact"",version: ""0"",hash: ""71f6a56b88dc9406a1e73aa9ce3dbe0c""})"
"(:VERTEX {memory address: ""7fad5d469000"",size: ""4000"",subtype: ""memory"",tgid: ""149606"",source: ""syscall"",type: ""Artifact"",version: ""0"",hash: ""5571f8865537aef03334561365922f4e""})"
"(:VERTEX {memory address: ""7fad5d68d000"",size: ""1000"",subtype: ""memory"",tgid: ""149606"",source: ""syscall"",type: ""Artifact"",version: ""0"",hash: ""06f06feae708aaba6fe5f4a9c9061672""})"
"(:VERTEX {memory address: ""7fad5d8c0000"",size: ""1000"",subtype: ""memory"",tgid: ""149606"",source: ""syscall"",type: ""Artifact"",version: ""0"",hash: ""27a10e4db3e0544fb5ae506fbad3450a""})"
"(:VERTEX {memory address: ""7fad5d87b000"",size: ""40000"",subtype: ""memory"",tgid: ""149606"",source: ""syscall"",type: ""Artifact"",version: ""0"",hash: ""bc6b82707360679ceaf527f18421c4f4""})"
"(:VERTEX {memory address: ""7fad5d85b000"",size: ""20000"",subtype: ""memory"",tgid: ""149606"",source: ""syscall"",type: ""Artifact"",version: ""0"",hash: ""6e145924b3867df760829b1bf68ce0e1""})"
"(:VERTEX {memory address: ""7fad5d75b000"",size: ""100000"",subtype: ""memory"",tgid: ""149606"",source: ""syscall"",type: ""Artifact"",version: ""0"",hash: ""ba3c864e200dd4e38b664974b7505461""})"
"(:VERTEX {memory address: ""7fad5c8ad000"",size: ""800000"",subtype: ""memory"",tgid: ""149606"",source: ""syscall"",type: ""Artifact"",version: ""0"",hash: ""ccd781ae393450a2250d63cf578747b7""})"
"(:VERTEX {memory address: ""7fad588ad000"",size: ""4000000"",subtype: ""memory"",tgid: ""149606"",source: ""syscall"",type: ""Artifact"",version: ""0"",hash: ""2d3c6b900ca83fbb4a8a79488e985563""})"
"(:VERTEX {memory address: ""7fad388ad000"",size: ""20000000"",subtype: ""memory"",tgid: ""149606"",source: ""syscall"",type: ""Artifact"",version: ""0"",hash: ""d2b933004888bc72dbb50f49fbdd62ca""})"
"(:VERTEX {memory address: ""c000000000"",size: ""4000000"",subtype: ""memory"",tgid: ""149606"",source: ""syscall"",type: ""Artifact"",version: ""0"",hash: ""cb60434bffd29dbc0f273bc0325df042""})"
"(:VERTEX {memory address: ""7fad368ad000"",size: ""2000000"",subtype: ""memory"",tgid: ""149606"",source: ""syscall"",type: ""Artifact"",version: ""0"",hash: ""fe399a59931e7bd02718ebf2a45c0a96""})"
"(:VERTEX {memory address: ""7fad3669c000"",size: ""210c10"",subtype: ""memory"",tgid: ""149606"",source: ""syscall"",type: ""Artifact"",version: ""0"",hash: ""a7838e3e6df833d262bd4332711e4963""})"
"(:VERTEX {memory address: ""c000000000"",size: ""400000"",subtype: ""memory"",tgid: ""149606"",source: ""syscall"",type: ""Artifact"",version: ""0"",hash: ""8929b0f4e0820e5440182f7d28f309ad""})"
"(:VERTEX {memory address: ""7fad5d85b000"",size: ""20000"",subtype: ""memory"",tgid: ""149606"",source: ""syscall"",type: ""Artifact"",version: ""1"",hash: ""52e5ebbd757d4de7eedb305a264921b0""})"
"(:VERTEX {memory address: ""7fad5d7db000"",size: ""1000"",subtype: ""memory"",tgid: ""149606"",source: ""syscall"",type: ""Artifact"",version: ""0"",hash: ""a92a0c8e5623b160692fc431169f0ca4""})"
"(:VERTEX {memory address: ""7fad5ccb3000"",size: ""1000"",subtype: ""memory"",tgid: ""149606"",source: ""syscall"",type: ""Artifact"",version: ""0"",hash: ""3ece23d52e8da1b48fbf01667feb2a75""})"
"(:VERTEX {memory address: ""7fad5a8dd000"",size: ""1000"",subtype: ""memory"",tgid: ""149606"",source: ""syscall"",type: ""Artifact"",version: ""0"",hash: ""622698abca18730b25d577f415a88b16""})"
"(:VERTEX {memory address: ""7fad48a2d000"",size: ""1000"",subtype: ""memory"",tgid: ""149606"",source: ""syscall"",type: ""Artifact"",version: ""0"",hash: ""916ad8b36f8f7c3dede441bfb3c8b675""})"
"(:VERTEX {memory address: ""7fad3659c000"",size: ""100000"",subtype: ""memory"",tgid: ""149606"",source: ""syscall"",type: ""Artifact"",version: ""0"",hash: ""bc68efd45ba0563880b11e4c037525d3""})"
"(:VERTEX {memory address: ""7fad5d74b000"",size: ""10000"",subtype: ""memory"",tgid: ""149606"",source: ""syscall"",type: ""Artifact"",version: ""0"",hash: ""45a0d464cc525232c6d1a60183fc5199""})"
"(:VERTEX {memory address: ""7fad5d73b000"",size: ""10000"",subtype: ""memory"",tgid: ""149606"",source: ""syscall"",type: ""Artifact"",version: ""0"",hash: ""a4b57b305389daf8ac57d55d8fffa13f""})"
"(:VERTEX {memory address: ""7fad35d9b000"",size: ""801000"",subtype: ""memory"",tgid: ""149606"",source: ""syscall"",type: ""Artifact"",version: ""0"",hash: ""e873fecd76975d1e7bf36ed8d330ebb9""})"
"(:VERTEX {memory address: ""7fad35d9c000"",size: ""800000"",subtype: ""memory"",tgid: ""149606"",source: ""syscall"",type: ""Artifact"",version: ""0"",hash: ""423d46bed5529afc7b454eef7d9e3a7b""})"
"(:VERTEX {gid: ""0"",euid: ""999"",children pid namespace: ""4026532779"",start time: ""1690978679.089"",ns pid: ""11562"",pid: ""149612"",source: ""syscall"",type: ""Process"",net namespace: ""4026532705"",ipc namespace: ""4026532772"",ppid: ""149606"",pid namespace: ""4026532779"",cwd: ""/"",uid: ""999"",egid: ""0"",exe: ""/usr/bin/check-status"",mount namespace: ""4026532778"",command line: ""/usr/bin/check-status -l"",name: ""check-status"",hash: ""3bfc4923f5f7f24476cf7d49cefe7284"",user namespace: ""4026531837""})"
"(:VERTEX {memory address: ""7fad3559a000"",size: ""801000"",subtype: ""memory"",tgid: ""149606"",source: ""syscall"",type: ""Artifact"",version: ""0"",hash: ""38b60a7a90b830993438edd479be5924""})"
"(:VERTEX {memory address: ""7fad3559b000"",size: ""800000"",subtype: ""memory"",tgid: ""149606"",source: ""syscall"",type: ""Artifact"",version: ""0"",hash: ""86793808f8b0283ee20b9309e5a54a68""})"
"(:VERTEX {gid: ""0"",euid: ""999"",children pid namespace: ""4026532779"",start time: ""1690978679.089"",ns pid: ""11563"",pid: ""149613"",source: ""syscall"",type: ""Process"",net namespace: ""4026532705"",ipc namespace: ""4026532772"",ppid: ""149606"",pid namespace: ""4026532779"",cwd: ""/"",uid: ""999"",egid: ""0"",exe: ""/usr/bin/check-status"",mount namespace: ""4026532778"",command line: ""/usr/bin/check-status -l"",name: ""check-status"",hash: ""bf7b1bd4f5dc05ee175703f27f9526a0"",user namespace: ""4026531837""})"
"(:VERTEX {memory address: ""7fad34d99000"",size: ""801000"",subtype: ""memory"",tgid: ""149606"",source: ""syscall"",type: ""Artifact"",version: ""0"",hash: ""08850945cbaeda1d824afab08e5e9925""})"
"(:VERTEX {memory address: ""7fad34d9a000"",size: ""800000"",subtype: ""memory"",tgid: ""149606"",source: ""syscall"",type: ""Artifact"",version: ""0"",hash: ""ec7f6b0ea7f4576afe24f304b8ef3f31""})"
"(:VERTEX {gid: ""0"",euid: ""999"",children pid namespace: ""4026532779"",start time: ""1690978679.089"",ns pid: ""11564"",pid: ""149614"",source: ""syscall"",type: ""Process"",net namespace: ""4026532705"",ipc namespace: ""4026532772"",ppid: ""149606"",pid namespace: ""4026532779"",cwd: ""/"",uid: ""999"",egid: ""0"",exe: ""/usr/bin/check-status"",mount namespace: ""4026532778"",command line: ""/usr/bin/check-status -l"",name: ""check-status"",hash: ""326e726577a599ef4cf1b46d871a8785"",user namespace: ""4026531837""})"
"(:VERTEX {memory address: ""7fad2cd99000"",size: ""8000000"",subtype: ""memory"",tgid: ""149606"",source: ""syscall"",type: ""Artifact"",version: ""0"",hash: ""e879fffa3160472172671ccdb1f0c898""})"
"(:VERTEX {memory address: ""7fad30000000"",size: ""21000"",subtype: ""memory"",tgid: ""149606"",source: ""syscall"",type: ""Artifact"",version: ""0"",hash: ""8f58923f6a4ba08d3a78aed84a7e3890""})"
"(:VERTEX {memory address: ""7fad34598000"",size: ""801000"",subtype: ""memory"",tgid: ""149606"",source: ""syscall"",type: ""Artifact"",version: ""0"",hash: ""c81496d079adc93d6f97ec76c4830063""})"
"(:VERTEX {memory address: ""7fad34599000"",size: ""800000"",subtype: ""memory"",tgid: ""149606"",source: ""syscall"",type: ""Artifact"",version: ""0"",hash: ""a29c795dbb12b852e56b0304bd364fa0""})"
"(:VERTEX {gid: ""0"",euid: ""999"",children pid namespace: ""4026532779"",start time: ""1690978679.089"",ns pid: ""11565"",pid: ""149615"",source: ""syscall"",type: ""Process"",net namespace: ""4026532705"",ipc namespace: ""4026532772"",ppid: ""149606"",pid namespace: ""4026532779"",cwd: ""/"",uid: ""999"",egid: ""0"",exe: ""/usr/bin/check-status"",mount namespace: ""4026532778"",command line: ""/usr/bin/check-status -l"",name: ""check-status"",hash: ""6610918ec3c91ba31ba67d1a65ed5606"",user namespace: ""4026531837""})"
"(:VERTEX {memory address: ""7fad28000000"",size: ""8000000"",subtype: ""memory"",tgid: ""149606"",source: ""syscall"",type: ""Artifact"",version: ""0"",hash: ""1bbe6672839348018b370cd4873bc9ad""})"
"(:VERTEX {memory address: ""7fad28000000"",size: ""21000"",subtype: ""memory"",tgid: ""149606"",source: ""syscall"",type: ""Artifact"",version: ""0"",hash: ""487351db3d7b6a614ae8952f0309fac6""})"
"(:VERTEX {memory address: ""7fad5d6fb000"",size: ""40000"",subtype: ""memory"",tgid: ""149606"",source: ""syscall"",type: ""Artifact"",version: ""0"",hash: ""021313c357dc6999e8b5ac1c18f3bda8""})"
"(:VERTEX {memory address: ""7fad2f7ff000"",size: ""801000"",subtype: ""memory"",tgid: ""149606"",source: ""syscall"",type: ""Artifact"",version: ""0"",hash: ""7db90e63697e171eb3f25283f8f57c33""})"
"(:VERTEX {memory address: ""7fad2f800000"",size: ""800000"",subtype: ""memory"",tgid: ""149606"",source: ""syscall"",type: ""Artifact"",version: ""0"",hash: ""90bbd55c4e8d4e6bbfe3e9e2c840d598""})"
"(:VERTEX {gid: ""0"",euid: ""999"",children pid namespace: ""4026532779"",start time: ""1690978679.089"",ns pid: ""11566"",pid: ""149616"",source: ""syscall"",type: ""Process"",net namespace: ""4026532705"",ipc namespace: ""4026532772"",ppid: ""149606"",pid namespace: ""4026532779"",cwd: ""/"",uid: ""999"",egid: ""0"",exe: ""/usr/bin/check-status"",mount namespace: ""4026532778"",command line: ""/usr/bin/check-status -l"",name: ""check-status"",hash: ""4fd971065f5791e88f2a1ffdf684a9a6"",user namespace: ""4026531837""})"
"(:VERTEX {remote port: ""53"",epoch: ""0"",source: ""syscall"",type: ""Artifact"",version: ""0"",local port: ""48429"",net namespace: ""-1"",local address: ""10.1.251.204"",protocol: ""udp"",subtype: ""network socket"",remote address: ""10.152.183.10"",hash: ""5fde9b88dfd0a02716e5443583709ef9""})"
"(:VERTEX {remote port: ""53"",epoch: ""0"",source: ""syscall"",type: ""Artifact"",version: ""0"",local port: ""50003"",net namespace: ""-1"",local address: ""10.1.251.204"",protocol: ""udp"",subtype: ""network socket"",remote address: ""10.152.183.10"",hash: ""ffb31fb65073ad676986f429e5690aa2""})"
"(:VERTEX {remote port: ""37164"",epoch: ""0"",source: ""syscall"",type: ""Artifact"",version: ""0"",local port: ""8080"",net namespace: ""-1"",local address: ""0000:0000:0000:0000:0000:0000:0000:0000"",protocol: ""tcp"",subtype: ""network socket"",remote address: ""0000:0000:0000:0000:0000:FFFF:C0A8:2F80"",hash: ""b071b7b5025a0d5f5054c2d091caf3ad""})"
"(:VERTEX {remote port: ""37166"",epoch: ""0"",source: ""syscall"",type: ""Artifact"",version: ""0"",local port: ""8080"",net namespace: ""-1"",local address: ""0000:0000:0000:0000:0000:0000:0000:0000"",protocol: ""tcp"",subtype: ""network socket"",remote address: ""0000:0000:0000:0000:0000:FFFF:C0A8:2F80"",hash: ""1bd1744227e5a5c5bec4ab4b122c18ed""})"
"(:VERTEX {remote port: ""39060"",epoch: ""0"",source: ""syscall"",type: ""Artifact"",version: ""0"",local port: ""50051"",net namespace: ""-1"",local address: ""0000:0000:0000:0000:0000:0000:0000:0000"",protocol: ""tcp"",subtype: ""network socket"",remote address: ""0000:0000:0000:0000:0000:FFFF:C0A8:2F80"",hash: ""f25c296d45f9892c396a0c88e9d5f053""})"
"(:VERTEX {remote port: ""39068"",epoch: ""0"",source: ""syscall"",type: ""Artifact"",version: ""0"",local port: ""50051"",net namespace: ""-1"",local address: ""0000:0000:0000:0000:0000:0000:0000:0000"",protocol: ""tcp"",subtype: ""network socket"",remote address: ""0000:0000:0000:0000:0000:FFFF:C0A8:2F80"",hash: ""12af41ab69a00643d27b8e46f4cd8454""})"
"(:VERTEX {remote port: ""48802"",epoch: ""0"",source: ""syscall"",type: ""Artifact"",version: ""0"",local port: ""7000"",net namespace: ""-1"",local address: ""0000:0000:0000:0000:0000:0000:0000:0000"",protocol: ""tcp"",subtype: ""network socket"",remote address: ""0000:0000:0000:0000:0000:FFFF:C0A8:2F80"",hash: ""bd90e14d8cc12124e09f2b4d4dacdd3a""})"
"(:VERTEX {remote port: ""41088"",epoch: ""0"",source: ""syscall"",type: ""Artifact"",version: ""0"",local port: ""5050"",net namespace: ""-1"",local address: ""0000:0000:0000:0000:0000:0000:0000:0000"",protocol: ""tcp"",subtype: ""network socket"",remote address: ""0000:0000:0000:0000:0000:FFFF:C0A8:2F80"",hash: ""57d0bbe7542795f36fda1af2a905b08c""})"
"(:VERTEX {remote port: ""41090"",epoch: ""0"",source: ""syscall"",type: ""Artifact"",version: ""0"",local port: ""5050"",net namespace: ""-1"",local address: ""0000:0000:0000:0000:0000:0000:0000:0000"",protocol: ""tcp"",subtype: ""network socket"",remote address: ""0000:0000:0000:0000:0000:FFFF:C0A8:2F80"",hash: ""2a9170930ac041480d8c0337c2fc1f59""})"
"(:VERTEX {remote port: ""36370"",epoch: ""0"",source: ""syscall"",type: ""Artifact"",version: ""0"",local port: ""6379"",net namespace: ""-1"",local address: ""0.0.0.0"",protocol: ""tcp"",subtype: ""network socket"",remote address: ""192.168.47.128"",hash: ""2a72828232e45a03b48d8b4612f7e835""})"
"(:VERTEX {remote port: ""36374"",epoch: ""0"",source: ""syscall"",type: ""Artifact"",version: ""0"",local port: ""6379"",net namespace: ""-1"",local address: ""0.0.0.0"",protocol: ""tcp"",subtype: ""network socket"",remote address: ""192.168.47.128"",hash: ""87c0f2b12ea9ec288b4907415e180fd5""})"
"(:VERTEX {remote port: ""48804"",epoch: ""0"",source: ""syscall"",type: ""Artifact"",version: ""0"",local port: ""7000"",net namespace: ""-1"",local address: ""0000:0000:0000:0000:0000:0000:0000:0000"",protocol: ""tcp"",subtype: ""network socket"",remote address: ""0000:0000:0000:0000:0000:FFFF:C0A8:2F80"",hash: ""cd2fbf6b2e7615edfa21561065bfde07""})"
"(:VERTEX {remote port: ""52444"",epoch: ""0"",source: ""syscall"",type: ""Artifact"",version: ""0"",local port: ""8080"",net namespace: ""-1"",local address: ""0000:0000:0000:0000:0000:0000:0000:0000"",protocol: ""tcp"",subtype: ""network socket"",remote address: ""0000:0000:0000:0000:0000:FFFF:C0A8:2F80"",hash: ""d551cd03f00cd671c63a7ec7952d7bc9""})"
"(:VERTEX {remote port: ""52448"",epoch: ""0"",source: ""syscall"",type: ""Artifact"",version: ""0"",local port: ""8080"",net namespace: ""-1"",local address: ""0000:0000:0000:0000:0000:0000:0000:0000"",protocol: ""tcp"",subtype: ""network socket"",remote address: ""0000:0000:0000:0000:0000:FFFF:C0A8:2F80"",hash: ""f9154ed585aad14634b6b5d5df8337fa""})"
"(:VERTEX {remote port: ""54558"",epoch: ""0"",source: ""syscall"",type: ""Artifact"",version: ""0"",local port: ""7070"",net namespace: ""4026533266"",local address: ""0000:0000:0000:0000:0000:0000:0000:0000"",protocol: ""tcp"",subtype: ""network socket"",remote address: ""0000:0000:0000:0000:0000:FFFF:C0A8:2F80"",hash: ""80cf9f84f8bd5cd0178b4b0aa5dbfc29""})"
"(:VERTEX {remote port: ""54570"",epoch: ""0"",source: ""syscall"",type: ""Artifact"",version: ""0"",local port: ""7070"",net namespace: ""4026533266"",local address: ""0000:0000:0000:0000:0000:0000:0000:0000"",protocol: ""tcp"",subtype: ""network socket"",remote address: ""0000:0000:0000:0000:0000:FFFF:C0A8:2F80"",hash: ""0a357ace92d945dc32880b0fdf0c64cf""})"
"(:VERTEX {remote port: ""35542"",epoch: ""0"",source: ""syscall"",type: ""Artifact"",version: ""0"",local port: ""50051"",net namespace: ""-1"",local address: ""0000:0000:0000:0000:0000:0000:0000:0000"",protocol: ""tcp"",subtype: ""network socket"",remote address: ""0000:0000:0000:0000:0000:FFFF:C0A8:2F80"",hash: ""c370168ace2db60bb283e37f59a9392c""})"
"(:VERTEX {remote port: ""60992"",epoch: ""0"",source: ""syscall"",type: ""Artifact"",version: ""0"",local port: ""3550"",net namespace: ""-1"",local address: ""0000:0000:0000:0000:0000:0000:0000:0000"",protocol: ""tcp"",subtype: ""network socket"",remote address: ""0000:0000:0000:0000:0000:FFFF:C0A8:2F80"",hash: ""8407680820e1101efe896f4922e77090""})"
"(:VERTEX {remote port: ""35550"",epoch: ""0"",source: ""syscall"",type: ""Artifact"",version: ""0"",local port: ""50051"",net namespace: ""-1"",local address: ""0000:0000:0000:0000:0000:0000:0000:0000"",protocol: ""tcp"",subtype: ""network socket"",remote address: ""0000:0000:0000:0000:0000:FFFF:C0A8:2F80"",hash: ""a7e7d4d35189e9bc647722be4541abc9""})"
"(:VERTEX {remote port: ""32772"",epoch: ""0"",source: ""syscall"",type: ""Artifact"",version: ""0"",local port: ""3550"",net namespace: ""-1"",local address: ""0000:0000:0000:0000:0000:0000:0000:0000"",protocol: ""tcp"",subtype: ""network socket"",remote address: ""0000:0000:0000:0000:0000:FFFF:C0A8:2F80"",hash: ""47a54340f74cb46eb09f3a92484285ac""})"
"(:VERTEX {remote port: ""54920"",epoch: ""0"",source: ""syscall"",type: ""Artifact"",version: ""0"",local port: ""8080"",net namespace: ""-1"",local address: ""0000:0000:0000:0000:0000:0000:0000:0000"",protocol: ""tcp"",subtype: ""network socket"",remote address: ""0000:0000:0000:0000:0000:FFFF:C0A8:2F80"",hash: ""26ff2a5884478ba9ce288b9c115a8b68""})"
"(:VERTEX {remote port: ""54930"",epoch: ""0"",source: ""syscall"",type: ""Artifact"",version: ""0"",local port: ""8080"",net namespace: ""-1"",local address: ""0000:0000:0000:0000:0000:0000:0000:0000"",protocol: ""tcp"",subtype: ""network socket"",remote address: ""0000:0000:0000:0000:0000:FFFF:C0A8:2F80"",hash: ""17e358f86348496882d9e4966df848a7""})"
"(:VERTEX {gid: ""0"",euid: ""999"",children pid namespace: ""-1"",pid: ""149842"",seen time: ""1690978686.915"",source: ""syscall"",type: ""Process"",net namespace: ""-1"",ipc namespace: ""-1"",ppid: ""149831"",pid namespace: ""-1"",uid: ""999"",egid: ""0"",exe: ""/"",mount namespace: ""-1"",name: ""runc:[2:INIT]"",hash: ""7e7eaec50f62ed574e35789ebd239b61"",user namespace: ""-1""})"
"(:VERTEX {path: ""/proc/149842/attr/apparmor/exec"",subtype: ""file"",permissions: ""0666"",epoch: ""0"",source: ""syscall"",type: ""Artifact"",version: ""0"",hash: ""6dbcf2f22a7aca28441a44bd013c434b""})"
"(:VERTEX {gid: ""0"",euid: ""999"",children pid namespace: ""-1"",start time: ""1690978686.923"",pid: ""149842"",source: ""syscall"",type: ""Process"",net namespace: ""-1"",ipc namespace: ""-1"",ppid: ""149831"",pid namespace: ""-1"",cwd: ""/"",uid: ""999"",egid: ""0"",exe: ""/usr/bin/check-status"",mount namespace: ""-1"",command line: ""/usr/bin/check-status -r"",name: ""check-status"",hash: ""4632a061a627b90e187f032257e4743b"",user namespace: ""-1""})"
"(:VERTEX {memory address: ""7fae8bd94000"",size: ""2000"",subtype: ""memory"",tgid: ""149842"",source: ""syscall"",type: ""Artifact"",version: ""0"",hash: ""158341b62418f4775332c85d455a5fba""})"
"(:VERTEX {memory address: ""7fae8b949000"",size: ""21f4c0"",subtype: ""memory"",tgid: ""149842"",source: ""syscall"",type: ""Artifact"",version: ""0"",hash: ""2bb8e34fdbb6e523cc5963677b058c29""})"
"(:VERTEX {memory address: ""7fae8b964000"",size: ""1ff000"",subtype: ""memory"",tgid: ""149842"",source: ""syscall"",type: ""Artifact"",version: ""0"",hash: ""a571d0be5957178aad4739c5f07e6135""})"
"(:VERTEX {memory address: ""7fae8bb63000"",size: ""2000"",subtype: ""memory"",tgid: ""149842"",source: ""syscall"",type: ""Artifact"",version: ""0"",hash: ""dedb48ffd932826ecabc51d2354fc3ae""})"
"(:VERTEX {memory address: ""7fae8bb65000"",size: ""34c0"",subtype: ""memory"",tgid: ""149842"",source: ""syscall"",type: ""Artifact"",version: ""0"",hash: ""0df9f4aab838ffb861f32d65d709e1f9""})"
"(:VERTEX {memory address: ""7fae8b583000"",size: ""3c58c0"",subtype: ""memory"",tgid: ""149842"",source: ""syscall"",type: ""Artifact"",version: ""0"",hash: ""4daf7daf7044522779aed817348b4528""})"
"(:VERTEX {memory address: ""7fae8b73f000"",size: ""200000"",subtype: ""memory"",tgid: ""149842"",source: ""syscall"",type: ""Artifact"",version: ""0"",hash: ""ffd47360fe7955181676d3252a9a031a""})"
"(:VERTEX {memory address: ""7fae8b93f000"",size: ""6000"",subtype: ""memory"",tgid: ""149842"",source: ""syscall"",type: ""Artifact"",version: ""0"",hash: ""60225b734cbc2e6992d8f540bed0add1""})"
"(:VERTEX {memory address: ""7fae8b945000"",size: ""38c0"",subtype: ""memory"",tgid: ""149842"",source: ""syscall"",type: ""Artifact"",version: ""0"",hash: ""392f5fec488b2eb5f5a7f6594d9a1814""})"
"(:VERTEX {memory address: ""7fae8bd91000"",size: ""3000"",subtype: ""memory"",tgid: ""149842"",source: ""syscall"",type: ""Artifact"",version: ""0"",hash: ""dee39e9edbb19bb27928d43bf5f076ee""})"
"(:VERTEX {memory address: ""7fae8b93f000"",size: ""4000"",subtype: ""memory"",tgid: ""149842"",source: ""syscall"",type: ""Artifact"",version: ""0"",hash: ""0fdc296d319391e840a2516102ba6220""})"
"(:VERTEX {memory address: ""7fae8bb63000"",size: ""1000"",subtype: ""memory"",tgid: ""149842"",source: ""syscall"",type: ""Artifact"",version: ""0"",hash: ""8a3523a8807dc02c88b6545e228ea134""})"
"(:VERTEX {memory address: ""7fae8bd96000"",size: ""1000"",subtype: ""memory"",tgid: ""149842"",source: ""syscall"",type: ""Artifact"",version: ""0"",hash: ""ee90a5734a8eab418db20da02237ea0e""})"
"(:VERTEX {memory address: ""7fae8bd51000"",size: ""40000"",subtype: ""memory"",tgid: ""149842"",source: ""syscall"",type: ""Artifact"",version: ""0"",hash: ""5f2d7aff24fe274f5c63671923f7e7f9""})"
"(:VERTEX {memory address: ""7fae8bd31000"",size: ""20000"",subtype: ""memory"",tgid: ""149842"",source: ""syscall"",type: ""Artifact"",version: ""0"",hash: ""f7d0ed53efc51cd5192a7c66d487a1ed""})"
"(:VERTEX {memory address: ""7fae8bc31000"",size: ""100000"",subtype: ""memory"",tgid: ""149842"",source: ""syscall"",type: ""Artifact"",version: ""0"",hash: ""c278529170d9e60b1398bd1ce15c059d""})"
"(:VERTEX {memory address: ""7fae8ad83000"",size: ""800000"",subtype: ""memory"",tgid: ""149842"",source: ""syscall"",type: ""Artifact"",version: ""0"",hash: ""90402c35ed9a44956a0d793977c832ad""})"
"(:VERTEX {memory address: ""7fae86d83000"",size: ""4000000"",subtype: ""memory"",tgid: ""149842"",source: ""syscall"",type: ""Artifact"",version: ""0"",hash: ""2d3098988c56ed1484793c3562803413""})"
"(:VERTEX {memory address: ""7fae66d83000"",size: ""20000000"",subtype: ""memory"",tgid: ""149842"",source: ""syscall"",type: ""Artifact"",version: ""0"",hash: ""5fdc44f9767f2502d371d3ed3be719ff""})"
"(:VERTEX {memory address: ""c000000000"",size: ""4000000"",subtype: ""memory"",tgid: ""149842"",source: ""syscall"",type: ""Artifact"",version: ""0"",hash: ""63d6004dc92bf1de43e866dea5dcc5f6""})"
"(:VERTEX {memory address: ""7fae64d83000"",size: ""2000000"",subtype: ""memory"",tgid: ""149842"",source: ""syscall"",type: ""Artifact"",version: ""0"",hash: ""6183dcffdd1a27acf8fe00a92c42d1f5""})"
"(:VERTEX {memory address: ""7fae64b72000"",size: ""210c10"",subtype: ""memory"",tgid: ""149842"",source: ""syscall"",type: ""Artifact"",version: ""0"",hash: ""2dfe3f437350ab45048cfec716367b00""})"
"(:VERTEX {memory address: ""c000000000"",size: ""400000"",subtype: ""memory"",tgid: ""149842"",source: ""syscall"",type: ""Artifact"",version: ""0"",hash: ""617ba34642c64c620e5564e94bf4f427""})"
"(:VERTEX {memory address: ""7fae8bd31000"",size: ""20000"",subtype: ""memory"",tgid: ""149842"",source: ""syscall"",type: ""Artifact"",version: ""1"",hash: ""65275c3185b2ef192a1d3f745ccc162b""})"
"(:VERTEX {memory address: ""7fae8bcb1000"",size: ""1000"",subtype: ""memory"",tgid: ""149842"",source: ""syscall"",type: ""Artifact"",version: ""0"",hash: ""7e8e62af1082e73258ffbecc05632e95""})"
"(:VERTEX {memory address: ""7fae8b189000"",size: ""1000"",subtype: ""memory"",tgid: ""149842"",source: ""syscall"",type: ""Artifact"",version: ""0"",hash: ""f2a545680b6eb919e23f938cc3190c7b""})"
"(:VERTEX {memory address: ""7fae88db3000"",size: ""1000"",subtype: ""memory"",tgid: ""149842"",source: ""syscall"",type: ""Artifact"",version: ""0"",hash: ""c777522615d58aeda25a89e884a26e53""})"
"(:VERTEX {memory address: ""7fae76f03000"",size: ""1000"",subtype: ""memory"",tgid: ""149842"",source: ""syscall"",type: ""Artifact"",version: ""0"",hash: ""d8c6003657dae2ebaf5f3e5b562bc976""})"
"(:VERTEX {memory address: ""7fae64a72000"",size: ""100000"",subtype: ""memory"",tgid: ""149842"",source: ""syscall"",type: ""Artifact"",version: ""0"",hash: ""ab11435c542fd6dde97b59df191ee4a7""})"
"(:VERTEX {memory address: ""7fae8bc21000"",size: ""10000"",subtype: ""memory"",tgid: ""149842"",source: ""syscall"",type: ""Artifact"",version: ""0"",hash: ""c1e4a3fcd2533f41e31200324d757dfc""})"
"(:VERTEX {memory address: ""7fae8bc11000"",size: ""10000"",subtype: ""memory"",tgid: ""149842"",source: ""syscall"",type: ""Artifact"",version: ""0"",hash: ""72c435ee4b85a509785de04ffb1378ec""})"
"(:VERTEX {memory address: ""7fae64271000"",size: ""801000"",subtype: ""memory"",tgid: ""149842"",source: ""syscall"",type: ""Artifact"",version: ""0"",hash: ""2726c60b54a267ee74f469ade179128e""})"
"(:VERTEX {memory address: ""7fae64272000"",size: ""800000"",subtype: ""memory"",tgid: ""149842"",source: ""syscall"",type: ""Artifact"",version: ""0"",hash: ""4551569e975ce41f9a26dbc2d76209c7""})"
"(:VERTEX {gid: ""0"",euid: ""999"",children pid namespace: ""4026532779"",start time: ""1690978686.937"",ns pid: ""11573"",pid: ""149848"",source: ""syscall"",type: ""Process"",net namespace: ""4026532705"",ipc namespace: ""4026532772"",ppid: ""149842"",pid namespace: ""4026532779"",cwd: ""/"",uid: ""999"",egid: ""0"",exe: ""/usr/bin/check-status"",mount namespace: ""4026532778"",command line: ""/usr/bin/check-status -r"",name: ""check-status"",hash: ""467de081620625b2c1814ef06ad64f43"",user namespace: ""4026531837""})"
"(:VERTEX {memory address: ""7fae5c271000"",size: ""8000000"",subtype: ""memory"",tgid: ""149842"",source: ""syscall"",type: ""Artifact"",version: ""0"",hash: ""70f479bbebcd440c9d1a4cd802b0ec49""})"
"(:VERTEX {memory address: ""7fae60000000"",size: ""21000"",subtype: ""memory"",tgid: ""149842"",source: ""syscall"",type: ""Artifact"",version: ""0"",hash: ""40db78360c6115cddbf03698cc25dabb""})"
"(:VERTEX {memory address: ""7fae5f7ff000"",size: ""801000"",subtype: ""memory"",tgid: ""149842"",source: ""syscall"",type: ""Artifact"",version: ""0"",hash: ""1d96fc18ac0d2127693209ec092d2420""})"
"(:VERTEX {memory address: ""7fae5f800000"",size: ""800000"",subtype: ""memory"",tgid: ""149842"",source: ""syscall"",type: ""Artifact"",version: ""0"",hash: ""b223c1119b057fd3196158637bb8b943""})"
"(:VERTEX {gid: ""0"",euid: ""999"",children pid namespace: ""4026532779"",start time: ""1690978686.941"",ns pid: ""11574"",pid: ""149849"",source: ""syscall"",type: ""Process"",net namespace: ""4026532705"",ipc namespace: ""4026532772"",ppid: ""149842"",pid namespace: ""4026532779"",cwd: ""/"",uid: ""999"",egid: ""0"",exe: ""/usr/bin/check-status"",mount namespace: ""4026532778"",command line: ""/usr/bin/check-status -r"",name: ""check-status"",hash: ""4224606792767fe31c9d2e55c033ab4f"",user namespace: ""4026531837""})"
"(:VERTEX {memory address: ""7fae577ff000"",size: ""8000000"",subtype: ""memory"",tgid: ""149842"",source: ""syscall"",type: ""Artifact"",version: ""0"",hash: ""6f9a8851d124d60bd5fa9c60f9c77370""})"
"(:VERTEX {memory address: ""7fae58000000"",size: ""21000"",subtype: ""memory"",tgid: ""149842"",source: ""syscall"",type: ""Artifact"",version: ""0"",hash: ""9d2d4d8b54628f5d2d40113d7ffadd86""})"
"(:VERTEX {memory address: ""7fae5effe000"",size: ""801000"",subtype: ""memory"",tgid: ""149842"",source: ""syscall"",type: ""Artifact"",version: ""0"",hash: ""d1e9d9a4c937e503a831aa173b26c61f""})"
"(:VERTEX {memory address: ""7fae5efff000"",size: ""800000"",subtype: ""memory"",tgid: ""149842"",source: ""syscall"",type: ""Artifact"",version: ""0"",hash: ""051007677f337b03ac0e4e1bcef9c350""})"
"(:VERTEX {memory address: ""7fae8bbd1000"",size: ""40000"",subtype: ""memory"",tgid: ""149842"",source: ""syscall"",type: ""Artifact"",version: ""0"",hash: ""4cece324b42f1624badcebde1f84cd8b""})"
"(:VERTEX {gid: ""0"",euid: ""999"",children pid namespace: ""4026532779"",start time: ""1690978686.941"",ns pid: ""11575"",pid: ""149850"",source: ""syscall"",type: ""Process"",net namespace: ""4026532705"",ipc namespace: ""4026532772"",ppid: ""149842"",pid namespace: ""4026532779"",cwd: ""/"",uid: ""999"",egid: ""0"",exe: ""/usr/bin/check-status"",mount namespace: ""4026532778"",command line: ""/usr/bin/check-status -r"",name: ""check-status"",hash: ""05e4da10bbe2704abe5d1bb10e4414e6"",user namespace: ""4026531837""})"
"(:VERTEX {memory address: ""7fae5e7fd000"",size: ""801000"",subtype: ""memory"",tgid: ""149842"",source: ""syscall"",type: ""Artifact"",version: ""0"",hash: ""a75b5459563871eaf354bc5b794cc203""})"
"(:VERTEX {memory address: ""7fae5e7fe000"",size: ""800000"",subtype: ""memory"",tgid: ""149842"",source: ""syscall"",type: ""Artifact"",version: ""0"",hash: ""ff01f39fc1e64fdd54d46fb954774d16""})"
"(:VERTEX {gid: ""0"",euid: ""999"",children pid namespace: ""4026532779"",start time: ""1690978686.941"",ns pid: ""11576"",pid: ""149851"",source: ""syscall"",type: ""Process"",net namespace: ""4026532705"",ipc namespace: ""4026532772"",ppid: ""149842"",pid namespace: ""4026532779"",cwd: ""/"",uid: ""999"",egid: ""0"",exe: ""/usr/bin/check-status"",mount namespace: ""4026532778"",command line: ""/usr/bin/check-status -r"",name: ""check-status"",hash: ""ea5f01e20bf5257a44744878ed971472"",user namespace: ""4026531837""})"
"(:VERTEX {memory address: ""7fae50000000"",size: ""8000000"",subtype: ""memory"",tgid: ""149842"",source: ""syscall"",type: ""Artifact"",version: ""0"",hash: ""b5ec335f1b773eaec57270174dad4ad6""})"
"(:VERTEX {memory address: ""7fae50000000"",size: ""21000"",subtype: ""memory"",tgid: ""149842"",source: ""syscall"",type: ""Artifact"",version: ""0"",hash: ""534ef6d2823cf673a0832c6cf057c4be""})"
"(:VERTEX {memory address: ""7fae54000000"",size: ""4000000"",subtype: ""memory"",tgid: ""149842"",source: ""syscall"",type: ""Artifact"",version: ""0"",hash: ""3fc930f7007d5bc110549ad9f5e057ec""})"
"(:VERTEX {memory address: ""7fae54000000"",size: ""21000"",subtype: ""memory"",tgid: ""149842"",source: ""syscall"",type: ""Artifact"",version: ""0"",hash: ""8d5f1b15ac145c512c3d4502da9e7cc6""})"
"(:VERTEX {memory address: ""7fae5dffc000"",size: ""801000"",subtype: ""memory"",tgid: ""149842"",source: ""syscall"",type: ""Artifact"",version: ""0"",hash: ""c420b6d5d5f6db15ff4a8c4e96e62c36""})"
"(:VERTEX {memory address: ""7fae5dffd000"",size: ""800000"",subtype: ""memory"",tgid: ""149842"",source: ""syscall"",type: ""Artifact"",version: ""0"",hash: ""852ab84488bff16e37d35f5923db370f""})"
"(:VERTEX {gid: ""0"",euid: ""999"",children pid namespace: ""4026532779"",start time: ""1690978686.941"",ns pid: ""11577"",pid: ""149852"",source: ""syscall"",type: ""Process"",net namespace: ""4026532705"",ipc namespace: ""4026532772"",ppid: ""149842"",pid namespace: ""4026532779"",cwd: ""/"",uid: ""999"",egid: ""0"",exe: ""/usr/bin/check-status"",mount namespace: ""4026532778"",command line: ""/usr/bin/check-status -r"",name: ""check-status"",hash: ""9b05e5ea00254fa55a7c3d3daa393669"",user namespace: ""4026531837""})"
"(:VERTEX {memory address: ""7fae48000000"",size: ""8000000"",subtype: ""memory"",tgid: ""149842"",source: ""syscall"",type: ""Artifact"",version: ""0"",hash: ""2297882c60cb1728774ce427316cfe7e""})"
"(:VERTEX {memory address: ""7fae48000000"",size: ""21000"",subtype: ""memory"",tgid: ""149842"",source: ""syscall"",type: ""Artifact"",version: ""0"",hash: ""e17b65884166c4e0efa7d5daca6c8150""})"
"(:VERTEX {remote port: ""51788"",epoch: ""0"",source: ""syscall"",type: ""Artifact"",version: ""0"",local port: ""8080"",net namespace: ""-1"",local address: ""0000:0000:0000:0000:0000:0000:0000:0000"",protocol: ""tcp"",subtype: ""network socket"",remote address: ""0000:0000:0000:0000:0000:FFFF:C0A8:2F80"",hash: ""7e9f235a4f1f9a163b7fb1d0dcb1dc6d""})"
"(:VERTEX {remote port: ""51774"",epoch: ""0"",source: ""syscall"",type: ""Artifact"",version: ""0"",local port: ""8080"",net namespace: ""-1"",local address: ""0000:0000:0000:0000:0000:0000:0000:0000"",protocol: ""tcp"",subtype: ""network socket"",remote address: ""0000:0000:0000:0000:0000:FFFF:C0A8:2F80"",hash: ""746db2ce1dc7087fd0fb0c2853b14f25""})"
"(:VERTEX {remote port: ""56370"",epoch: ""0"",source: ""syscall"",type: ""Artifact"",version: ""0"",local port: ""50051"",net namespace: ""-1"",local address: ""0000:0000:0000:0000:0000:0000:0000:0000"",protocol: ""tcp"",subtype: ""network socket"",remote address: ""0000:0000:0000:0000:0000:FFFF:C0A8:2F80"",hash: ""f8e44640e3427d553ff2a943648f6e83""})"
"(:VERTEX {remote port: ""44476"",epoch: ""0"",source: ""syscall"",type: ""Artifact"",version: ""0"",local port: ""6379"",net namespace: ""-1"",local address: ""0.0.0.0"",protocol: ""tcp"",subtype: ""network socket"",remote address: ""192.168.47.128"",hash: ""07ca1c1abc15c6d22d5e93572d5beb8d""})"
"(:VERTEX {remote port: ""44472"",epoch: ""0"",source: ""syscall"",type: ""Artifact"",version: ""0"",local port: ""6379"",net namespace: ""-1"",local address: ""0.0.0.0"",protocol: ""tcp"",subtype: ""network socket"",remote address: ""192.168.47.128"",hash: ""b8fff6fbfbebbb22ce69eb188ee7b6ef""})"
"(:VERTEX {remote port: ""34006"",epoch: ""0"",source: ""syscall"",type: ""Artifact"",version: ""0"",local port: ""9555"",net namespace: ""-1"",local address: ""0000:0000:0000:0000:0000:0000:0000:0000"",protocol: ""tcp"",subtype: ""network socket"",remote address: ""0000:0000:0000:0000:0000:FFFF:C0A8:2F80"",hash: ""05a145d561f38de1e5858e4e1acd0075""})"
"(:VERTEX {remote port: ""34014"",epoch: ""0"",source: ""syscall"",type: ""Artifact"",version: ""0"",local port: ""9555"",net namespace: ""-1"",local address: ""0000:0000:0000:0000:0000:0000:0000:0000"",protocol: ""tcp"",subtype: ""network socket"",remote address: ""0000:0000:0000:0000:0000:FFFF:C0A8:2F80"",hash: ""aa9406676c96977201a60a8f908598c1""})"
"(:VERTEX {remote port: ""53130"",epoch: ""1"",source: ""syscall"",type: ""Artifact"",version: ""0"",local port: ""8080"",net namespace: ""-1"",local address: ""0000:0000:0000:0000:0000:0000:0000:0000"",protocol: ""tcp"",subtype: ""network socket"",remote address: ""0000:0000:0000:0000:0000:FFFF:C0A8:2F80"",hash: ""660bbebbd175b55f12ace60e4e79407f""})"
"(:VERTEX {remote port: ""53122"",epoch: ""0"",source: ""syscall"",type: ""Artifact"",version: ""0"",local port: ""8080"",net namespace: ""-1"",local address: ""0000:0000:0000:0000:0000:0000:0000:0000"",protocol: ""tcp"",subtype: ""network socket"",remote address: ""0000:0000:0000:0000:0000:FFFF:C0A8:2F80"",hash: ""cffb88357848a022cf0d291edf8d0e68""})"
"(:VERTEX {remote port: ""53"",epoch: ""0"",source: ""syscall"",type: ""Artifact"",version: ""0"",local port: ""51604"",net namespace: ""-1"",local address: ""10.1.251.204"",protocol: ""udp"",subtype: ""network socket"",remote address: ""10.152.183.10"",hash: ""d955dbf4c1af5f782cea09f51f5b3fd4""})"
"(:VERTEX {remote port: ""53"",epoch: ""0"",source: ""syscall"",type: ""Artifact"",version: ""0"",local port: ""41080"",net namespace: ""-1"",local address: ""10.1.251.204"",protocol: ""udp"",subtype: ""network socket"",remote address: ""10.152.183.10"",hash: ""70856cf57f7204cf6de5531d5ff8a1eb""})"
"(:VERTEX {remote port: ""53"",epoch: ""0"",source: ""syscall"",type: ""Artifact"",version: ""0"",local port: ""42439"",net namespace: ""-1"",local address: ""10.1.251.204"",protocol: ""udp"",subtype: ""network socket"",remote address: ""10.152.183.10"",hash: ""ba0a8c15b940629a40a38aabe6068e0a""})"
"(:VERTEX {remote port: ""53"",epoch: ""0"",source: ""syscall"",type: ""Artifact"",version: ""0"",local port: ""35145"",net namespace: ""-1"",local address: ""10.1.251.204"",protocol: ""udp"",subtype: ""network socket"",remote address: ""10.152.183.10"",hash: ""541713659b8860051fc362fe611a617f""})"
"(:VERTEX {gid: ""0"",euid: ""999"",children pid namespace: ""-1"",pid: ""149864"",seen time: ""1690978689.072"",source: ""syscall"",type: ""Process"",net namespace: ""-1"",ipc namespace: ""-1"",ppid: ""149855"",pid namespace: ""-1"",uid: ""999"",egid: ""0"",exe: ""/"",mount namespace: ""-1"",name: ""runc:[2:INIT]"",hash: ""e1aa908e7aa65741d91b4765fdc026da"",user namespace: ""-1""})"
"(:VERTEX {path: ""/proc/149864/attr/apparmor/exec"",subtype: ""file"",permissions: ""0666"",epoch: ""0"",source: ""syscall"",type: ""Artifact"",version: ""0"",hash: ""520f228259bc6ff968258c48fbda91ca""})"
"(:VERTEX {gid: ""0"",euid: ""999"",children pid namespace: ""-1"",start time: ""1690978689.075"",pid: ""149864"",source: ""syscall"",type: ""Process"",net namespace: ""-1"",ipc namespace: ""-1"",ppid: ""149855"",pid namespace: ""-1"",cwd: ""/"",uid: ""999"",egid: ""0"",exe: ""/usr/bin/check-status"",mount namespace: ""-1"",command line: ""/usr/bin/check-status -l"",name: ""check-status"",hash: ""bc5fe3c239fddacdde214e5bb57a6c53"",user namespace: ""-1""})"
"(:VERTEX {memory address: ""7f1c733d4000"",size: ""2000"",subtype: ""memory"",tgid: ""149864"",source: ""syscall"",type: ""Artifact"",version: ""0"",hash: ""4c473893114023cc449296549fc19e56""})"
"(:VERTEX {memory address: ""7f1c72f89000"",size: ""21f4c0"",subtype: ""memory"",tgid: ""149864"",source: ""syscall"",type: ""Artifact"",version: ""0"",hash: ""c3b5138d6a49e35eaed69288ca99ad1c""})"
"(:VERTEX {memory address: ""7f1c72fa4000"",size: ""1ff000"",subtype: ""memory"",tgid: ""149864"",source: ""syscall"",type: ""Artifact"",version: ""0"",hash: ""f698dba969eb17a721b0f2afe8cf4048""})"
"(:VERTEX {memory address: ""7f1c731a3000"",size: ""2000"",subtype: ""memory"",tgid: ""149864"",source: ""syscall"",type: ""Artifact"",version: ""0"",hash: ""706db9c2a62b01c4e32f6126a3e6a94a""})"
"(:VERTEX {memory address: ""7f1c731a5000"",size: ""34c0"",subtype: ""memory"",tgid: ""149864"",source: ""syscall"",type: ""Artifact"",version: ""0"",hash: ""ae65ce3ff2265467e4b98ef6ad3da368""})"
"(:VERTEX {memory address: ""7f1c72bc3000"",size: ""3c58c0"",subtype: ""memory"",tgid: ""149864"",source: ""syscall"",type: ""Artifact"",version: ""0"",hash: ""c624b842193a1af7e676a91ead3bbed3""})"
"(:VERTEX {memory address: ""7f1c72d7f000"",size: ""200000"",subtype: ""memory"",tgid: ""149864"",source: ""syscall"",type: ""Artifact"",version: ""0"",hash: ""6380114206e6efebbfde5582611c7cf1""})"
"(:VERTEX {memory address: ""7f1c72f7f000"",size: ""6000"",subtype: ""memory"",tgid: ""149864"",source: ""syscall"",type: ""Artifact"",version: ""0"",hash: ""8f7d6ec5f6ac7ad3c341f5dd39abac38""})"
"(:VERTEX {memory address: ""7f1c72f85000"",size: ""38c0"",subtype: ""memory"",tgid: ""149864"",source: ""syscall"",type: ""Artifact"",version: ""0"",hash: ""e717d4deab90d94708029d1515748072""})"
"(:VERTEX {memory address: ""7f1c733d1000"",size: ""3000"",subtype: ""memory"",tgid: ""149864"",source: ""syscall"",type: ""Artifact"",version: ""0"",hash: ""72d387dfbf643ab68e0c871c375f061c""})"
"(:VERTEX {memory address: ""7f1c72f7f000"",size: ""4000"",subtype: ""memory"",tgid: ""149864"",source: ""syscall"",type: ""Artifact"",version: ""0"",hash: ""ff947ed7ac46c55691c7fa49a65d4530""})"
"(:VERTEX {memory address: ""7f1c731a3000"",size: ""1000"",subtype: ""memory"",tgid: ""149864"",source: ""syscall"",type: ""Artifact"",version: ""0"",hash: ""c016f062b6d33581f610ca1415fd1feb""})"
"(:VERTEX {memory address: ""7f1c733d6000"",size: ""1000"",subtype: ""memory"",tgid: ""149864"",source: ""syscall"",type: ""Artifact"",version: ""0"",hash: ""4c2020d35c0515a5ee8ea1a7ac468a43""})"
"(:VERTEX {memory address: ""7f1c73391000"",size: ""40000"",subtype: ""memory"",tgid: ""149864"",source: ""syscall"",type: ""Artifact"",version: ""0"",hash: ""3e31cdeb0bfb630db40bf26e93a1856a""})"
"(:VERTEX {memory address: ""7f1c73371000"",size: ""20000"",subtype: ""memory"",tgid: ""149864"",source: ""syscall"",type: ""Artifact"",version: ""0"",hash: ""673e1aeddebef210090833268356e848""})"
"(:VERTEX {memory address: ""7f1c73271000"",size: ""100000"",subtype: ""memory"",tgid: ""149864"",source: ""syscall"",type: ""Artifact"",version: ""0"",hash: ""2ee550b6ff793607810763d57329abcd""})"
"(:VERTEX {memory address: ""7f1c723c3000"",size: ""800000"",subtype: ""memory"",tgid: ""149864"",source: ""syscall"",type: ""Artifact"",version: ""0"",hash: ""c1c84033333716be8eae0237c6055963""})"
"(:VERTEX {memory address: ""7f1c6e3c3000"",size: ""4000000"",subtype: ""memory"",tgid: ""149864"",source: ""syscall"",type: ""Artifact"",version: ""0"",hash: ""868f96a9622c630252b0f0a9c9075ae3""})"
"(:VERTEX {memory address: ""7f1c4e3c3000"",size: ""20000000"",subtype: ""memory"",tgid: ""149864"",source: ""syscall"",type: ""Artifact"",version: ""0"",hash: ""2b6189ef73e34d60f018209ae27b1d73""})"
"(:VERTEX {memory address: ""c000000000"",size: ""4000000"",subtype: ""memory"",tgid: ""149864"",source: ""syscall"",type: ""Artifact"",version: ""0"",hash: ""cf069cf7079a9dccf4a7ca244daf54e8""})"
"(:VERTEX {memory address: ""7f1c4c3c3000"",size: ""2000000"",subtype: ""memory"",tgid: ""149864"",source: ""syscall"",type: ""Artifact"",version: ""0"",hash: ""d676f5c3bf9437f9626ffc16e1d55b18""})"
"(:VERTEX {memory address: ""7f1c4c1b2000"",size: ""210c10"",subtype: ""memory"",tgid: ""149864"",source: ""syscall"",type: ""Artifact"",version: ""0"",hash: ""3fde3f75d0e31c065b544df881a22c1f""})"
"(:VERTEX {memory address: ""c000000000"",size: ""400000"",subtype: ""memory"",tgid: ""149864"",source: ""syscall"",type: ""Artifact"",version: ""0"",hash: ""7a4d535cdd32c1c3754e2238911a72cb""})"
"(:VERTEX {memory address: ""7f1c73371000"",size: ""20000"",subtype: ""memory"",tgid: ""149864"",source: ""syscall"",type: ""Artifact"",version: ""1"",hash: ""d1a7323ae61a8cfc9350c369be153ee7""})"
"(:VERTEX {memory address: ""7f1c732f1000"",size: ""1000"",subtype: ""memory"",tgid: ""149864"",source: ""syscall"",type: ""Artifact"",version: ""0"",hash: ""e37fe51da70d361c8e77bd5dbbcdf944""})"
"(:VERTEX {memory address: ""7f1c727c9000"",size: ""1000"",subtype: ""memory"",tgid: ""149864"",source: ""syscall"",type: ""Artifact"",version: ""0"",hash: ""6d12fcd820a449c4cd64fd3006e15439""})"
"(:VERTEX {memory address: ""7f1c703f3000"",size: ""1000"",subtype: ""memory"",tgid: ""149864"",source: ""syscall"",type: ""Artifact"",version: ""0"",hash: ""90eaab30316bf00cc98dbbbd1e25946f""})"
"(:VERTEX {memory address: ""7f1c5e543000"",size: ""1000"",subtype: ""memory"",tgid: ""149864"",source: ""syscall"",type: ""Artifact"",version: ""0"",hash: ""58e7679833d35e82307743fa826a5cff""})"
"(:VERTEX {memory address: ""7f1c4c0b2000"",size: ""100000"",subtype: ""memory"",tgid: ""149864"",source: ""syscall"",type: ""Artifact"",version: ""0"",hash: ""1fc145b47615e71c68692756e3584fe5""})"
"(:VERTEX {memory address: ""7f1c73261000"",size: ""10000"",subtype: ""memory"",tgid: ""149864"",source: ""syscall"",type: ""Artifact"",version: ""0"",hash: ""6f1350c83a0e7a069f1879509d99bce7""})"
"(:VERTEX {memory address: ""7f1c73251000"",size: ""10000"",subtype: ""memory"",tgid: ""149864"",source: ""syscall"",type: ""Artifact"",version: ""0"",hash: ""d96c4d4d9e0a9b7ce4366b9138f31b04""})"
"(:VERTEX {memory address: ""7f1c4b8b1000"",size: ""801000"",subtype: ""memory"",tgid: ""149864"",source: ""syscall"",type: ""Artifact"",version: ""0"",hash: ""2982373a4d1e0dac2993823758acc7f6""})"
"(:VERTEX {memory address: ""7f1c4b8b2000"",size: ""800000"",subtype: ""memory"",tgid: ""149864"",source: ""syscall"",type: ""Artifact"",version: ""0"",hash: ""bd4f98fb9774ee47642c4e0f1efd0c05""})"
"(:VERTEX {gid: ""0"",euid: ""999"",children pid namespace: ""4026532779"",start time: ""1690978689.083"",ns pid: ""11584"",pid: ""149870"",source: ""syscall"",type: ""Process"",net namespace: ""4026532705"",ipc namespace: ""4026532772"",ppid: ""149864"",pid namespace: ""4026532779"",cwd: ""/"",uid: ""999"",egid: ""0"",exe: ""/usr/bin/check-status"",mount namespace: ""4026532778"",command line: ""/usr/bin/check-status -l"",name: ""check-status"",hash: ""e472d74e9bc82ebd30b7a1141897afa4"",user namespace: ""4026531837""})"
"(:VERTEX {memory address: ""7f1c438b1000"",size: ""8000000"",subtype: ""memory"",tgid: ""149864"",source: ""syscall"",type: ""Artifact"",version: ""0"",hash: ""32331009a58c71a6dade146d05c4bde8""})"
"(:VERTEX {memory address: ""7f1c44000000"",size: ""21000"",subtype: ""memory"",tgid: ""149864"",source: ""syscall"",type: ""Artifact"",version: ""0"",hash: ""4ef2444737f9be1f1d2412612fab8e29""})"
"(:VERTEX {memory address: ""7f1c4b0b0000"",size: ""801000"",subtype: ""memory"",tgid: ""149864"",source: ""syscall"",type: ""Artifact"",version: ""0"",hash: ""43b604d8ba079a30e816c6fec0f9ca90""})"
"(:VERTEX {memory address: ""7f1c4b0b1000"",size: ""800000"",subtype: ""memory"",tgid: ""149864"",source: ""syscall"",type: ""Artifact"",version: ""0"",hash: ""7a4eb83cb04d93dbb6259a2f54741578""})"
"(:VERTEX {gid: ""0"",euid: ""999"",children pid namespace: ""4026532779"",start time: ""1690978689.083"",ns pid: ""11585"",pid: ""149871"",source: ""syscall"",type: ""Process"",net namespace: ""4026532705"",ipc namespace: ""4026532772"",ppid: ""149864"",pid namespace: ""4026532779"",cwd: ""/"",uid: ""999"",egid: ""0"",exe: ""/usr/bin/check-status"",mount namespace: ""4026532778"",command line: ""/usr/bin/check-status -l"",name: ""check-status"",hash: ""2186eebf9f7eff2d7cb671d6a08ae98c"",user namespace: ""4026531837""})"
"(:VERTEX {memory address: ""7f1c4a8af000"",size: ""801000"",subtype: ""memory"",tgid: ""149864"",source: ""syscall"",type: ""Artifact"",version: ""0"",hash: ""593cf04af1f278b4a85106862cb2e026""})"
"(:VERTEX {memory address: ""7f1c4a8b0000"",size: ""800000"",subtype: ""memory"",tgid: ""149864"",source: ""syscall"",type: ""Artifact"",version: ""0"",hash: ""7775fa17d9159dc3395471ccd355dc77""})"
"(:VERTEX {gid: ""0"",euid: ""999"",children pid namespace: ""4026532779"",start time: ""1690978689.083"",ns pid: ""11586"",pid: ""149872"",source: ""syscall"",type: ""Process"",net namespace: ""4026532705"",ipc namespace: ""4026532772"",ppid: ""149864"",pid namespace: ""4026532779"",cwd: ""/"",uid: ""999"",egid: ""0"",exe: ""/usr/bin/check-status"",mount namespace: ""4026532778"",command line: ""/usr/bin/check-status -l"",name: ""check-status"",hash: ""a19591dcab9b60ddc02ed949dfb334c4"",user namespace: ""4026531837""})"
"(:VERTEX {memory address: ""7f1c3c000000"",size: ""8000000"",subtype: ""memory"",tgid: ""149864"",source: ""syscall"",type: ""Artifact"",version: ""0"",hash: ""e84938db76a0f4b3004ef30e86e05d46""})"
"(:VERTEX {memory address: ""7f1c3c000000"",size: ""21000"",subtype: ""memory"",tgid: ""149864"",source: ""syscall"",type: ""Artifact"",version: ""0"",hash: ""f0012cacd474af57b282f712d227fb26""})"
"(:VERTEX {memory address: ""7f1c4a0ae000"",size: ""801000"",subtype: ""memory"",tgid: ""149864"",source: ""syscall"",type: ""Artifact"",version: ""0"",hash: ""9285942ec83f42b605921aae9a855357""})"
"(:VERTEX {memory address: ""7f1c4a0af000"",size: ""800000"",subtype: ""memory"",tgid: ""149864"",source: ""syscall"",type: ""Artifact"",version: ""0"",hash: ""d05e73e52cca8c8205f7c741c73956fe""})"
"(:VERTEX {gid: ""0"",euid: ""999"",children pid namespace: ""4026532779"",start time: ""1690978689.083"",ns pid: ""11587"",pid: ""149873"",source: ""syscall"",type: ""Process"",net namespace: ""4026532705"",ipc namespace: ""4026532772"",ppid: ""149864"",pid namespace: ""4026532779"",cwd: ""/"",uid: ""999"",egid: ""0"",exe: ""/usr/bin/check-status"",mount namespace: ""4026532778"",command line: ""/usr/bin/check-status -l"",name: ""check-status"",hash: ""dc78ed1ee3ce5bb666d8dd25a9a3dbe9"",user namespace: ""4026531837""})"
"(:VERTEX {memory address: ""7f1c40000000"",size: ""4000000"",subtype: ""memory"",tgid: ""149864"",source: ""syscall"",type: ""Artifact"",version: ""0"",hash: ""04fa203d107dcebc6bd3d757af55916a""})"
"(:VERTEX {memory address: ""7f1c34000000"",size: ""8000000"",subtype: ""memory"",tgid: ""149864"",source: ""syscall"",type: ""Artifact"",version: ""0"",hash: ""113e1b40ef2202ef3305cf6bbd43445e""})"
"(:VERTEX {memory address: ""7f1c34000000"",size: ""21000"",subtype: ""memory"",tgid: ""149864"",source: ""syscall"",type: ""Artifact"",version: ""0"",hash: ""af66e06c5e45f798da7d09faaf30f02b""})"
"(:VERTEX {memory address: ""7f1c40000000"",size: ""21000"",subtype: ""memory"",tgid: ""149864"",source: ""syscall"",type: ""Artifact"",version: ""0"",hash: ""84074f693f16d73e2f275a67ad40b97e""})"
"(:VERTEX {memory address: ""7f1c73211000"",size: ""40000"",subtype: ""memory"",tgid: ""149864"",source: ""syscall"",type: ""Artifact"",version: ""0"",hash: ""361fc47245a06a5e13c0b1ad49634f65""})"
"(:VERTEX {remote port: ""53"",epoch: ""0"",source: ""syscall"",type: ""Artifact"",version: ""0"",local port: ""45152"",net namespace: ""-1"",local address: ""10.1.251.204"",protocol: ""udp"",subtype: ""network socket"",remote address: ""10.152.183.10"",hash: ""f8ebc9cae18055a9af85cde1def6e924""})"
"(:VERTEX {remote port: ""53"",epoch: ""0"",source: ""syscall"",type: ""Artifact"",version: ""0"",local port: ""50316"",net namespace: ""-1"",local address: ""10.1.251.204"",protocol: ""udp"",subtype: ""network socket"",remote address: ""10.152.183.10"",hash: ""ac45a345f0f91dcaada3116c08b1dc30""})"
"(:VERTEX {remote port: ""51800"",epoch: ""0"",source: ""syscall"",type: ""Artifact"",version: ""0"",local port: ""8080"",net namespace: ""-1"",local address: ""0000:0000:0000:0000:0000:0000:0000:0000"",protocol: ""tcp"",subtype: ""network socket"",remote address: ""0000:0000:0000:0000:0000:FFFF:C0A8:2F80"",hash: ""ba86c5d15ae18c6158698823df1ab4fb""})"
"(:VERTEX {remote port: ""51810"",epoch: ""0"",source: ""syscall"",type: ""Artifact"",version: ""0"",local port: ""8080"",net namespace: ""-1"",local address: ""0000:0000:0000:0000:0000:0000:0000:0000"",protocol: ""tcp"",subtype: ""network socket"",remote address: ""0000:0000:0000:0000:0000:FFFF:C0A8:2F80"",hash: ""e2c3ce32ee53a217171a9fbe42d826b6""})"
"(:VERTEX {remote port: ""56388"",epoch: ""0"",source: ""syscall"",type: ""Artifact"",version: ""0"",local port: ""50051"",net namespace: ""-1"",local address: ""0000:0000:0000:0000:0000:0000:0000:0000"",protocol: ""tcp"",subtype: ""network socket"",remote address: ""0000:0000:0000:0000:0000:FFFF:C0A8:2F80"",hash: ""ea2b2e28aa176fabdf40c0deec58ee3f""})"
"(:VERTEX {remote port: ""56374"",epoch: ""0"",source: ""syscall"",type: ""Artifact"",version: ""0"",local port: ""50051"",net namespace: ""-1"",local address: ""0000:0000:0000:0000:0000:0000:0000:0000"",protocol: ""tcp"",subtype: ""network socket"",remote address: ""0000:0000:0000:0000:0000:FFFF:C0A8:2F80"",hash: ""a7c7b0ec4b06a0af3ca0dc18f450fcaf""})"
"(:VERTEX {remote port: ""52340"",epoch: ""0"",source: ""syscall"",type: ""Artifact"",version: ""0"",local port: ""7000"",net namespace: ""-1"",local address: ""0000:0000:0000:0000:0000:0000:0000:0000"",protocol: ""tcp"",subtype: ""network socket"",remote address: ""0000:0000:0000:0000:0000:FFFF:C0A8:2F80"",hash: ""bd0d31eaef9b8e00c2b5cce1f8fe927f""})"
"(:VERTEX {remote port: ""52346"",epoch: ""0"",source: ""syscall"",type: ""Artifact"",version: ""0"",local port: ""7000"",net namespace: ""-1"",local address: ""0000:0000:0000:0000:0000:0000:0000:0000"",protocol: ""tcp"",subtype: ""network socket"",remote address: ""0000:0000:0000:0000:0000:FFFF:C0A8:2F80"",hash: ""34620f51a20a48dee342a4ec03a55379""})"
"(:VERTEX {remote port: ""44492"",epoch: ""0"",source: ""syscall"",type: ""Artifact"",version: ""0"",local port: ""6379"",net namespace: ""-1"",local address: ""0.0.0.0"",protocol: ""tcp"",subtype: ""network socket"",remote address: ""192.168.47.128"",hash: ""8cd8f36b2195763d77868dce58dee569""})"
"(:VERTEX {remote port: ""44504"",epoch: ""0"",source: ""syscall"",type: ""Artifact"",version: ""0"",local port: ""6379"",net namespace: ""-1"",local address: ""0.0.0.0"",protocol: ""tcp"",subtype: ""network socket"",remote address: ""192.168.47.128"",hash: ""f609485cafa6b0252f8419e6738822c7""})"
"(:VERTEX {remote port: ""36648"",epoch: ""0"",source: ""syscall"",type: ""Artifact"",version: ""0"",local port: ""5050"",net namespace: ""-1"",local address: ""0000:0000:0000:0000:0000:0000:0000:0000"",protocol: ""tcp"",subtype: ""network socket"",remote address: ""0000:0000:0000:0000:0000:FFFF:C0A8:2F80"",hash: ""47c4b10834902f90b1f6788e669ae584""})"
"(:VERTEX {remote port: ""36658"",epoch: ""0"",source: ""syscall"",type: ""Artifact"",version: ""0"",local port: ""5050"",net namespace: ""-1"",local address: ""0000:0000:0000:0000:0000:0000:0000:0000"",protocol: ""tcp"",subtype: ""network socket"",remote address: ""0000:0000:0000:0000:0000:FFFF:C0A8:2F80"",hash: ""d0a701d2ea193b5633ced058c86288ed""})"
"(:VERTEX {remote port: ""36262"",epoch: ""0"",source: ""syscall"",type: ""Artifact"",version: ""0"",local port: ""8080"",net namespace: ""-1"",local address: ""0000:0000:0000:0000:0000:0000:0000:0000"",protocol: ""tcp"",subtype: ""network socket"",remote address: ""0000:0000:0000:0000:0000:FFFF:C0A8:2F80"",hash: ""d62adeb137f12cced0efcfdefb9a40c3""})"
"(:VERTEX {remote port: ""36272"",epoch: ""0"",source: ""syscall"",type: ""Artifact"",version: ""0"",local port: ""8080"",net namespace: ""-1"",local address: ""0000:0000:0000:0000:0000:0000:0000:0000"",protocol: ""tcp"",subtype: ""network socket"",remote address: ""0000:0000:0000:0000:0000:FFFF:C0A8:2F80"",hash: ""3663b7866c58d441fbb8e864ca2bcb8c""})"
"(:VERTEX {remote port: ""33296"",epoch: ""0"",source: ""syscall"",type: ""Artifact"",version: ""0"",local port: ""50051"",net namespace: ""-1"",local address: ""0000:0000:0000:0000:0000:0000:0000:0000"",protocol: ""tcp"",subtype: ""network socket"",remote address: ""0000:0000:0000:0000:0000:FFFF:C0A8:2F80"",hash: ""5f408dd6c61cb9306c9708dfa13032ff""})"
"(:VERTEX {remote port: ""33308"",epoch: ""0"",source: ""syscall"",type: ""Artifact"",version: ""0"",local port: ""50051"",net namespace: ""-1"",local address: ""0000:0000:0000:0000:0000:0000:0000:0000"",protocol: ""tcp"",subtype: ""network socket"",remote address: ""0000:0000:0000:0000:0000:FFFF:C0A8:2F80"",hash: ""3be9c237b8ec78182dd8e121af73fd29""})"
"(:VERTEX {remote port: ""53974"",epoch: ""0"",source: ""syscall"",type: ""Artifact"",version: ""0"",local port: ""7070"",net namespace: ""4026533266"",local address: ""0000:0000:0000:0000:0000:0000:0000:0000"",protocol: ""tcp"",subtype: ""network socket"",remote address: ""0000:0000:0000:0000:0000:FFFF:C0A8:2F80"",hash: ""9636cb0a4e61b62f6b7061da75c978b4""})"
"(:VERTEX {remote port: ""42224"",epoch: ""0"",source: ""syscall"",type: ""Artifact"",version: ""0"",local port: ""3550"",net namespace: ""-1"",local address: ""0000:0000:0000:0000:0000:0000:0000:0000"",protocol: ""tcp"",subtype: ""network socket"",remote address: ""0000:0000:0000:0000:0000:FFFF:C0A8:2F80"",hash: ""f5c5f48d75b3b0f5854282ba9209e299""})"
"(:VERTEX {remote port: ""53144"",epoch: ""0"",source: ""syscall"",type: ""Artifact"",version: ""0"",local port: ""8080"",net namespace: ""-1"",local address: ""0000:0000:0000:0000:0000:0000:0000:0000"",protocol: ""tcp"",subtype: ""network socket"",remote address: ""0000:0000:0000:0000:0000:FFFF:C0A8:2F80"",hash: ""8a9f218668e5c7d8c1483318a09fb8ad""})"
"(:VERTEX {remote port: ""53160"",epoch: ""0"",source: ""syscall"",type: ""Artifact"",version: ""0"",local port: ""8080"",net namespace: ""-1"",local address: ""0000:0000:0000:0000:0000:0000:0000:0000"",protocol: ""tcp"",subtype: ""network socket"",remote address: ""0000:0000:0000:0000:0000:FFFF:C0A8:2F80"",hash: ""df370ee2264675210810c37a96a33f0a""})"
"(:VERTEX {remote port: ""42230"",epoch: ""0"",source: ""syscall"",type: ""Artifact"",version: ""0"",local port: ""3550"",net namespace: ""-1"",local address: ""0000:0000:0000:0000:0000:0000:0000:0000"",protocol: ""tcp"",subtype: ""network socket"",remote address: ""0000:0000:0000:0000:0000:FFFF:C0A8:2F80"",hash: ""629700e3208f32a045b2ba690d29e657""})"
"(:VERTEX {remote port: ""53980"",epoch: ""0"",source: ""syscall"",type: ""Artifact"",version: ""0"",local port: ""7070"",net namespace: ""4026533266"",local address: ""0000:0000:0000:0000:0000:0000:0000:0000"",protocol: ""tcp"",subtype: ""network socket"",remote address: ""0000:0000:0000:0000:0000:FFFF:C0A8:2F80"",hash: ""77fed7ce903e12726186fc21cc9c4e1b""})"
"(:VERTEX {memory address: ""7f4e1bf21000"",size: ""4000"",subtype: ""memory"",tgid: ""59664"",source: ""syscall"",type: ""Artifact"",version: ""2"",hash: ""c53e40b2060e7e3d1a93bfa5c0e32bc2""})"
"(:VERTEX {memory address: ""7f4e1c1b2000"",size: ""7000"",subtype: ""memory"",tgid: ""59664"",source: ""syscall"",type: ""Artifact"",version: ""0"",hash: ""3d39b5d0dc49c3b6cc5212c14044aa3d""})"
"(:VERTEX {memory address: ""7f4e1c1b3000"",size: ""1000"",subtype: ""memory"",tgid: ""59664"",source: ""syscall"",type: ""Artifact"",version: ""0"",hash: ""b2fdb0ddd73e039acd3830a30657e907""})"
"(:VERTEX {memory address: ""7f4e1c1b2000"",size: ""7000"",subtype: ""memory"",tgid: ""59664"",source: ""syscall"",type: ""Artifact"",version: ""1"",hash: ""6d4c402c7497a5fc202de8253850bfc0""})"
"(:VERTEX {memory address: ""7f4e1cad9000"",size: ""1000"",subtype: ""memory"",tgid: ""59664"",source: ""syscall"",type: ""Artifact"",version: ""0"",hash: ""a848f6e2e9da5c78cc0ba4ecdb2939c0""})"
"(:VERTEX {remote port: ""53"",epoch: ""0"",source: ""syscall"",type: ""Artifact"",version: ""0"",local port: ""46897"",net namespace: ""-1"",local address: ""10.1.251.204"",protocol: ""udp"",subtype: ""network socket"",remote address: ""10.152.183.10"",hash: ""4a08df7380a6aa7ecb3fa56249b68e31""})"
"(:VERTEX {remote port: ""53"",epoch: ""0"",source: ""syscall"",type: ""Artifact"",version: ""0"",local port: ""40936"",net namespace: ""-1"",local address: ""10.1.251.204"",protocol: ""udp"",subtype: ""network socket"",remote address: ""10.152.183.10"",hash: ""95ae1d3505a2016503e248f3792d18d9""})"
"(:VERTEX {gid: ""0"",euid: ""999"",children pid namespace: ""-1"",pid: ""150089"",seen time: ""1690978696.898"",source: ""syscall"",type: ""Process"",net namespace: ""-1"",ipc namespace: ""-1"",ppid: ""150079"",pid namespace: ""-1"",uid: ""999"",egid: ""0"",exe: ""/"",mount namespace: ""-1"",name: ""runc:[2:INIT]"",hash: ""036bb344827c0d22bdd5e1562dea58f8"",user namespace: ""-1""})"
"(:VERTEX {path: ""/proc/150089/attr/apparmor/exec"",subtype: ""file"",permissions: ""0666"",epoch: ""0"",source: ""syscall"",type: ""Artifact"",version: ""0"",hash: ""08b639549b849fddb4f48d0624437f0c""})"
"(:VERTEX {gid: ""0"",euid: ""999"",children pid namespace: ""-1"",start time: ""1690978696.902"",pid: ""150089"",source: ""syscall"",type: ""Process"",net namespace: ""-1"",ipc namespace: ""-1"",ppid: ""150079"",pid namespace: ""-1"",cwd: ""/"",uid: ""999"",egid: ""0"",exe: ""/usr/bin/check-status"",mount namespace: ""-1"",command line: ""/usr/bin/check-status -r"",name: ""check-status"",hash: ""cfd178f656b1e07cadd0f83581acac1c"",user namespace: ""-1""})"
"(:VERTEX {memory address: ""7f94e40e3000"",size: ""2000"",subtype: ""memory"",tgid: ""150089"",source: ""syscall"",type: ""Artifact"",version: ""0"",hash: ""5d396f1208c6097f9e05fa3730370a95""})"
"(:VERTEX {memory address: ""7f94e3c98000"",size: ""21f4c0"",subtype: ""memory"",tgid: ""150089"",source: ""syscall"",type: ""Artifact"",version: ""0"",hash: ""66fe504bb75143959ae25b4642490e8b""})"
"(:VERTEX {memory address: ""7f94e3cb3000"",size: ""1ff000"",subtype: ""memory"",tgid: ""150089"",source: ""syscall"",type: ""Artifact"",version: ""0"",hash: ""1544697f2f442589742b87ecaa78c5f1""})"
"(:VERTEX {memory address: ""7f94e3eb2000"",size: ""2000"",subtype: ""memory"",tgid: ""150089"",source: ""syscall"",type: ""Artifact"",version: ""0"",hash: ""b5a5904ec440028e58d34d41e156e6be""})"
"(:VERTEX {memory address: ""7f94e3eb4000"",size: ""34c0"",subtype: ""memory"",tgid: ""150089"",source: ""syscall"",type: ""Artifact"",version: ""0"",hash: ""30cdcc0841fb1aaf446dccb0de84e238""})"
"(:VERTEX {memory address: ""7f94e38d2000"",size: ""3c58c0"",subtype: ""memory"",tgid: ""150089"",source: ""syscall"",type: ""Artifact"",version: ""0"",hash: ""1aceffda05fbed0780c2ddd04d43ae06""})"
"(:VERTEX {memory address: ""7f94e3a8e000"",size: ""200000"",subtype: ""memory"",tgid: ""150089"",source: ""syscall"",type: ""Artifact"",version: ""0"",hash: ""f101f6a52377fe516a5ca66daa905447""})"
"(:VERTEX {memory address: ""7f94e3c8e000"",size: ""6000"",subtype: ""memory"",tgid: ""150089"",source: ""syscall"",type: ""Artifact"",version: ""0"",hash: ""aa85f7feb43e85752998537e285724c6""})"
"(:VERTEX {memory address: ""7f94e3c94000"",size: ""38c0"",subtype: ""memory"",tgid: ""150089"",source: ""syscall"",type: ""Artifact"",version: ""0"",hash: ""38d8582b60885899ef99c31858857d3f""})"
"(:VERTEX {memory address: ""7f94e40e0000"",size: ""3000"",subtype: ""memory"",tgid: ""150089"",source: ""syscall"",type: ""Artifact"",version: ""0"",hash: ""a42865688f3a96ed71896a1184732e08""})"
"(:VERTEX {memory address: ""7f94e3c8e000"",size: ""4000"",subtype: ""memory"",tgid: ""150089"",source: ""syscall"",type: ""Artifact"",version: ""0"",hash: ""fead20cc728fc01ca1a6277b104d8b89""})"
"(:VERTEX {memory address: ""7f94e3eb2000"",size: ""1000"",subtype: ""memory"",tgid: ""150089"",source: ""syscall"",type: ""Artifact"",version: ""0"",hash: ""6b65ffd6c2895b8166bc29e64a85cd46""})"
"(:VERTEX {memory address: ""7f94e40e5000"",size: ""1000"",subtype: ""memory"",tgid: ""150089"",source: ""syscall"",type: ""Artifact"",version: ""0"",hash: ""e081ac71605d002c23b9a716d4559c40""})"
"(:VERTEX {memory address: ""7f94e40a0000"",size: ""40000"",subtype: ""memory"",tgid: ""150089"",source: ""syscall"",type: ""Artifact"",version: ""0"",hash: ""616890993d9107f9824740471b6703cc""})"
"(:VERTEX {memory address: ""7f94e4080000"",size: ""20000"",subtype: ""memory"",tgid: ""150089"",source: ""syscall"",type: ""Artifact"",version: ""0"",hash: ""c1a9a0b9f31c826f16d0e86beeba57b9""})"
"(:VERTEX {memory address: ""7f94e3f80000"",size: ""100000"",subtype: ""memory"",tgid: ""150089"",source: ""syscall"",type: ""Artifact"",version: ""0"",hash: ""c6e574b3179145ab3edcc05b08f38a8b""})"
"(:VERTEX {memory address: ""7f94e30d2000"",size: ""800000"",subtype: ""memory"",tgid: ""150089"",source: ""syscall"",type: ""Artifact"",version: ""0"",hash: ""f0ccf70ad5792e6e97f156ea9df86e65""})"
"(:VERTEX {memory address: ""7f94df0d2000"",size: ""4000000"",subtype: ""memory"",tgid: ""150089"",source: ""syscall"",type: ""Artifact"",version: ""0"",hash: ""8475cdf909daf5f2b73a5dc8cc62feca""})"
"(:VERTEX {memory address: ""7f94bf0d2000"",size: ""20000000"",subtype: ""memory"",tgid: ""150089"",source: ""syscall"",type: ""Artifact"",version: ""0"",hash: ""05898cd54ee6300d514aaebeb99ea516""})"
"(:VERTEX {memory address: ""c000000000"",size: ""4000000"",subtype: ""memory"",tgid: ""150089"",source: ""syscall"",type: ""Artifact"",version: ""0"",hash: ""3dbb1d711f0c9bc6cb098dc0a02f4277""})"
"(:VERTEX {memory address: ""7f94bd0d2000"",size: ""2000000"",subtype: ""memory"",tgid: ""150089"",source: ""syscall"",type: ""Artifact"",version: ""0"",hash: ""f4976defde3e8d48f7ba27c94f6bdb77""})"
"(:VERTEX {memory address: ""7f94bcec1000"",size: ""210c10"",subtype: ""memory"",tgid: ""150089"",source: ""syscall"",type: ""Artifact"",version: ""0"",hash: ""8085e5a2dfc33ed88423070a6ba855a1""})"
"(:VERTEX {memory address: ""c000000000"",size: ""400000"",subtype: ""memory"",tgid: ""150089"",source: ""syscall"",type: ""Artifact"",version: ""0"",hash: ""405e66293b1b4c382d3ba5655e49603f""})"
"(:VERTEX {memory address: ""7f94e4080000"",size: ""20000"",subtype: ""memory"",tgid: ""150089"",source: ""syscall"",type: ""Artifact"",version: ""1"",hash: ""9bb3d8acf8b2f1d3415bf76ada1e996a""})"
"(:VERTEX {memory address: ""7f94e4000000"",size: ""1000"",subtype: ""memory"",tgid: ""150089"",source: ""syscall"",type: ""Artifact"",version: ""0"",hash: ""872f024d024c220e5d733c5d04840b5a""})"
"(:VERTEX {memory address: ""7f94e34d8000"",size: ""1000"",subtype: ""memory"",tgid: ""150089"",source: ""syscall"",type: ""Artifact"",version: ""0"",hash: ""9f8be39a7b61f60d8b3ea72a87812755""})"
"(:VERTEX {memory address: ""7f94e1102000"",size: ""1000"",subtype: ""memory"",tgid: ""150089"",source: ""syscall"",type: ""Artifact"",version: ""0"",hash: ""d400cedd6deea9ed2025611e43aba9d3""})"
"(:VERTEX {memory address: ""7f94cf252000"",size: ""1000"",subtype: ""memory"",tgid: ""150089"",source: ""syscall"",type: ""Artifact"",version: ""0"",hash: ""14ffde8c2902c7e8ae3e5d1d3a93ad5c""})"
"(:VERTEX {memory address: ""7f94bcdc1000"",size: ""100000"",subtype: ""memory"",tgid: ""150089"",source: ""syscall"",type: ""Artifact"",version: ""0"",hash: ""fddf4fc3546e960a8345b05aec4e2e4b""})"
"(:VERTEX {memory address: ""7f94e3f70000"",size: ""10000"",subtype: ""memory"",tgid: ""150089"",source: ""syscall"",type: ""Artifact"",version: ""0"",hash: ""f40658c2fe8e27f1c243487ba7dfecaa""})"
"(:VERTEX {memory address: ""7f94e3f60000"",size: ""10000"",subtype: ""memory"",tgid: ""150089"",source: ""syscall"",type: ""Artifact"",version: ""0"",hash: ""013cfed86123df69c54d160ee4283969""})"
"(:VERTEX {memory address: ""7f94bc5c0000"",size: ""801000"",subtype: ""memory"",tgid: ""150089"",source: ""syscall"",type: ""Artifact"",version: ""0"",hash: ""05630f50d76bb71e9e41e8951e99d54f""})"
"(:VERTEX {memory address: ""7f94bc5c1000"",size: ""800000"",subtype: ""memory"",tgid: ""150089"",source: ""syscall"",type: ""Artifact"",version: ""0"",hash: ""0805f8ef1af9e35928ba3aa5ac4fb392""})"
"(:VERTEX {gid: ""0"",euid: ""999"",children pid namespace: ""4026532779"",start time: ""1690978696.913"",ns pid: ""11594"",pid: ""150095"",source: ""syscall"",type: ""Process"",net namespace: ""4026532705"",ipc namespace: ""4026532772"",ppid: ""150089"",pid namespace: ""4026532779"",cwd: ""/"",uid: ""999"",egid: ""0"",exe: ""/usr/bin/check-status"",mount namespace: ""4026532778"",command line: ""/usr/bin/check-status -r"",name: ""check-status"",hash: ""813ef0fea777093f900758b96e3494ff"",user namespace: ""4026531837""})"
"(:VERTEX {memory address: ""7f94b45c0000"",size: ""8000000"",subtype: ""memory"",tgid: ""150089"",source: ""syscall"",type: ""Artifact"",version: ""0"",hash: ""3c4d14a54b5c37a73c84e1655f985ebb""})"
"(:VERTEX {memory address: ""7f94b8000000"",size: ""21000"",subtype: ""memory"",tgid: ""150089"",source: ""syscall"",type: ""Artifact"",version: ""0"",hash: ""a2a0d266fc550d41a34078cbf19d7a24""})"
"(:VERTEX {memory address: ""7f94b77ff000"",size: ""801000"",subtype: ""memory"",tgid: ""150089"",source: ""syscall"",type: ""Artifact"",version: ""0"",hash: ""5acfce911f81f7ba59b2686e389583f1""})"
"(:VERTEX {memory address: ""7f94b7800000"",size: ""800000"",subtype: ""memory"",tgid: ""150089"",source: ""syscall"",type: ""Artifact"",version: ""0"",hash: ""8dd580b5e74ff95ab9aacd0f01c704e9""})"
"(:VERTEX {gid: ""0"",euid: ""999"",children pid namespace: ""4026532779"",start time: ""1690978696.913"",ns pid: ""11595"",pid: ""150096"",source: ""syscall"",type: ""Process"",net namespace: ""4026532705"",ipc namespace: ""4026532772"",ppid: ""150089"",pid namespace: ""4026532779"",cwd: ""/"",uid: ""999"",egid: ""0"",exe: ""/usr/bin/check-status"",mount namespace: ""4026532778"",command line: ""/usr/bin/check-status -r"",name: ""check-status"",hash: ""ce8df0c92c7600b733f6c34ec8e68282"",user namespace: ""4026531837""})"
"(:VERTEX {memory address: ""7f94af7ff000"",size: ""8000000"",subtype: ""memory"",tgid: ""150089"",source: ""syscall"",type: ""Artifact"",version: ""0"",hash: ""de3d0a3838480f0c5a63e40e649a026a""})"
"(:VERTEX {memory address: ""7f94b0000000"",size: ""21000"",subtype: ""memory"",tgid: ""150089"",source: ""syscall"",type: ""Artifact"",version: ""0"",hash: ""6df13f52fee260432183fdcfbacd91a3""})"
"(:VERTEX {memory address: ""7f94b6ffe000"",size: ""801000"",subtype: ""memory"",tgid: ""150089"",source: ""syscall"",type: ""Artifact"",version: ""0"",hash: ""263d30fd86878b26562819cc2b9ad9c1""})"
"(:VERTEX {memory address: ""7f94b6fff000"",size: ""800000"",subtype: ""memory"",tgid: ""150089"",source: ""syscall"",type: ""Artifact"",version: ""0"",hash: ""346b89dc3a9dfb952a29e1cc9422cc17""})"
"(:VERTEX {memory address: ""7f94e3f20000"",size: ""40000"",subtype: ""memory"",tgid: ""150089"",source: ""syscall"",type: ""Artifact"",version: ""0"",hash: ""bbb433864f91feded3fa4f0e1f838cce""})"
"(:VERTEX {gid: ""0"",euid: ""999"",children pid namespace: ""4026532779"",start time: ""1690978696.916"",ns pid: ""11596"",pid: ""150097"",source: ""syscall"",type: ""Process"",net namespace: ""4026532705"",ipc namespace: ""4026532772"",ppid: ""150089"",pid namespace: ""4026532779"",cwd: ""/"",uid: ""999"",egid: ""0"",exe: ""/usr/bin/check-status"",mount namespace: ""4026532778"",command line: ""/usr/bin/check-status -r"",name: ""check-status"",hash: ""4e96aa4bd16851baee1e17ee1724e579"",user namespace: ""4026531837""})"
"(:VERTEX {memory address: ""7f94b67fd000"",size: ""801000"",subtype: ""memory"",tgid: ""150089"",source: ""syscall"",type: ""Artifact"",version: ""0"",hash: ""64f9919099c9c88a173352cd6193d645""})"
"(:VERTEX {memory address: ""7f94a8000000"",size: ""8000000"",subtype: ""memory"",tgid: ""150089"",source: ""syscall"",type: ""Artifact"",version: ""0"",hash: ""2e2dd2a9f62be1ac737e70dbf4bc3941""})"
"(:VERTEX {memory address: ""7f94b67fe000"",size: ""800000"",subtype: ""memory"",tgid: ""150089"",source: ""syscall"",type: ""Artifact"",version: ""0"",hash: ""121355d63794cc4d6be49e9c75a466d1""})"
"(:VERTEX {memory address: ""7f94a8000000"",size: ""21000"",subtype: ""memory"",tgid: ""150089"",source: ""syscall"",type: ""Artifact"",version: ""0"",hash: ""2cd21b686120536502c0244b7d2e3b89""})"
"(:VERTEX {gid: ""0"",euid: ""999"",children pid namespace: ""4026532779"",start time: ""1690978696.916"",ns pid: ""11597"",pid: ""150098"",source: ""syscall"",type: ""Process"",net namespace: ""4026532705"",ipc namespace: ""4026532772"",ppid: ""150089"",pid namespace: ""4026532779"",cwd: ""/"",uid: ""999"",egid: ""0"",exe: ""/usr/bin/check-status"",mount namespace: ""4026532778"",command line: ""/usr/bin/check-status -r"",name: ""check-status"",hash: ""d1320e29ba977b1bfa88f67c7c484146"",user namespace: ""4026531837""})"
"(:VERTEX {memory address: ""7f94ac000000"",size: ""4000000"",subtype: ""memory"",tgid: ""150089"",source: ""syscall"",type: ""Artifact"",version: ""0"",hash: ""8875852a382751e5f7a2becb8081a972""})"
"(:VERTEX {memory address: ""7f94ac000000"",size: ""21000"",subtype: ""memory"",tgid: ""150089"",source: ""syscall"",type: ""Artifact"",version: ""0"",hash: ""8154ccddb13391744c016d338b19245e""})"
"(:VERTEX {memory address: ""7f94b5ffc000"",size: ""801000"",subtype: ""memory"",tgid: ""150089"",source: ""syscall"",type: ""Artifact"",version: ""0"",hash: ""9677d74494e879af9bd8acefd9f0c26a""})"
"(:VERTEX {memory address: ""7f94b5ffd000"",size: ""800000"",subtype: ""memory"",tgid: ""150089"",source: ""syscall"",type: ""Artifact"",version: ""0"",hash: ""ad93ac2277ec78552d1942d7c85e1315""})"
"(:VERTEX {gid: ""0"",euid: ""999"",children pid namespace: ""4026532779"",start time: ""1690978696.916"",ns pid: ""11598"",pid: ""150099"",source: ""syscall"",type: ""Process"",net namespace: ""4026532705"",ipc namespace: ""4026532772"",ppid: ""150089"",pid namespace: ""4026532779"",cwd: ""/"",uid: ""999"",egid: ""0"",exe: ""/usr/bin/check-status"",mount namespace: ""4026532778"",command line: ""/usr/bin/check-status -r"",name: ""check-status"",hash: ""52df204854b44166d9d5a971ae70f971"",user namespace: ""4026531837""})"
"(:VERTEX {memory address: ""7f94a0000000"",size: ""8000000"",subtype: ""memory"",tgid: ""150089"",source: ""syscall"",type: ""Artifact"",version: ""0"",hash: ""b645b3d299c5a2a1a895fe5aba32b469""})"
"(:VERTEX {remote port: ""60866"",epoch: ""0"",source: ""syscall"",type: ""Artifact"",version: ""0"",local port: ""8080"",net namespace: ""-1"",local address: ""0000:0000:0000:0000:0000:0000:0000:0000"",protocol: ""tcp"",subtype: ""network socket"",remote address: ""0000:0000:0000:0000:0000:FFFF:C0A8:2F80"",hash: ""a98d5d3cb5ff57cc628e0ed98630573f""})"
"(:VERTEX {remote port: ""60870"",epoch: ""0"",source: ""syscall"",type: ""Artifact"",version: ""0"",local port: ""8080"",net namespace: ""-1"",local address: ""0000:0000:0000:0000:0000:0000:0000:0000"",protocol: ""tcp"",subtype: ""network socket"",remote address: ""0000:0000:0000:0000:0000:FFFF:C0A8:2F80"",hash: ""30d6869d2bd3180fc60ea42600e078f9""})"
"(:VERTEX {remote port: ""48084"",epoch: ""0"",source: ""syscall"",type: ""Artifact"",version: ""0"",local port: ""50051"",net namespace: ""-1"",local address: ""0000:0000:0000:0000:0000:0000:0000:0000"",protocol: ""tcp"",subtype: ""network socket"",remote address: ""0000:0000:0000:0000:0000:FFFF:C0A8:2F80"",hash: ""72f8733ec1cee4e04c30cc84aeee5f62""})"
"(:VERTEX {remote port: ""58818"",epoch: ""0"",source: ""syscall"",type: ""Artifact"",version: ""0"",local port: ""6379"",net namespace: ""-1"",local address: ""0.0.0.0"",protocol: ""tcp"",subtype: ""network socket"",remote address: ""192.168.47.128"",hash: ""62608af2231563464e9337b163b3a7b7""})"
"(:VERTEX {remote port: ""58820"",epoch: ""0"",source: ""syscall"",type: ""Artifact"",version: ""0"",local port: ""6379"",net namespace: ""-1"",local address: ""0.0.0.0"",protocol: ""tcp"",subtype: ""network socket"",remote address: ""192.168.47.128"",hash: ""d84ec6d746711c9104b17c54e2c66572""})"
"(:VERTEX {remote port: ""53"",epoch: ""0"",source: ""syscall"",type: ""Artifact"",version: ""0"",local port: ""38340"",net namespace: ""-1"",local address: ""10.1.251.204"",protocol: ""udp"",subtype: ""network socket"",remote address: ""10.152.183.10"",hash: ""ed08e3846575dbaf48169461f8647f72""})"
"(:VERTEX {remote port: ""53"",epoch: ""0"",source: ""syscall"",type: ""Artifact"",version: ""0"",local port: ""39967"",net namespace: ""-1"",local address: ""10.1.251.204"",protocol: ""udp"",subtype: ""network socket"",remote address: ""10.152.183.10"",hash: ""a7faf80aa22bb6b86211392a17426adf""})"
"(:VERTEX {remote port: ""37918"",epoch: ""0"",source: ""syscall"",type: ""Artifact"",version: ""0"",local port: ""8080"",net namespace: ""-1"",local address: ""0000:0000:0000:0000:0000:0000:0000:0000"",protocol: ""tcp"",subtype: ""network socket"",remote address: ""0000:0000:0000:0000:0000:FFFF:C0A8:2F80"",hash: ""64848267839f1d251bbceb9cf76e10f9""})"
"(:VERTEX {remote port: ""37920"",epoch: ""0"",source: ""syscall"",type: ""Artifact"",version: ""0"",local port: ""8080"",net namespace: ""-1"",local address: ""0000:0000:0000:0000:0000:0000:0000:0000"",protocol: ""tcp"",subtype: ""network socket"",remote address: ""0000:0000:0000:0000:0000:FFFF:C0A8:2F80"",hash: ""d4e9cc0fcbe8ad45269ddc59e24254a5""})"
"(:VERTEX {remote port: ""53"",epoch: ""0"",source: ""syscall"",type: ""Artifact"",version: ""0"",local port: ""57406"",net namespace: ""-1"",local address: ""10.1.251.204"",protocol: ""udp"",subtype: ""network socket"",remote address: ""10.152.183.10"",hash: ""9d06e07ad415eec360d02fc955312ee4""})"
"(:VERTEX {remote port: ""53"",epoch: ""0"",source: ""syscall"",type: ""Artifact"",version: ""0"",local port: ""55613"",net namespace: ""-1"",local address: ""10.1.251.204"",protocol: ""udp"",subtype: ""network socket"",remote address: ""10.152.183.10"",hash: ""e0a402c5027fa80cc6b5836a39ea1dff""})"
"(:VERTEX {gid: ""1000"",euid: ""1000"",children pid namespace: ""-1"",pid: ""61363"",seen time: ""1690978698.741"",source: ""syscall"",type: ""Process"",net namespace: ""-1"",ipc namespace: ""-1"",ppid: ""59024"",pid namespace: ""-1"",uid: ""1000"",egid: ""1000"",exe: ""/app/cartservice"",mount namespace: ""-1"",name: "".NET ThreadPool"",hash: ""56f2d17e175bd25d582aabacb871738f"",user namespace: ""-1""})"
"(:VERTEX {gid: ""0"",euid: ""999"",children pid namespace: ""-1"",pid: ""150115"",seen time: ""1690978699.065"",source: ""syscall"",type: ""Process"",net namespace: ""-1"",ipc namespace: ""-1"",ppid: ""150104"",pid namespace: ""-1"",uid: ""999"",egid: ""0"",exe: ""/"",mount namespace: ""-1"",name: ""runc:[2:INIT]"",hash: ""41e79a840522315e2dd24acc437c0c75"",user namespace: ""-1""})"
"(:VERTEX {path: ""/proc/150115/attr/apparmor/exec"",subtype: ""file"",permissions: ""0666"",epoch: ""0"",source: ""syscall"",type: ""Artifact"",version: ""0"",hash: ""e3782d95840c6f862dd266928b6f6abe""})"
"(:VERTEX {gid: ""0"",euid: ""999"",children pid namespace: ""-1"",start time: ""1690978699.065"",pid: ""150115"",source: ""syscall"",type: ""Process"",net namespace: ""-1"",ipc namespace: ""-1"",ppid: ""150104"",pid namespace: ""-1"",cwd: ""/"",uid: ""999"",egid: ""0"",exe: ""/usr/bin/check-status"",mount namespace: ""-1"",command line: ""/usr/bin/check-status -l"",name: ""check-status"",hash: ""a61b586e29e3d39484012316c1e0d5ac"",user namespace: ""-1""})"
"(:VERTEX {memory address: ""7fa099fd3000"",size: ""2000"",subtype: ""memory"",tgid: ""150115"",source: ""syscall"",type: ""Artifact"",version: ""0"",hash: ""4775efe084bcdd146d9b626b605c3fde""})"
"(:VERTEX {memory address: ""7fa099b88000"",size: ""21f4c0"",subtype: ""memory"",tgid: ""150115"",source: ""syscall"",type: ""Artifact"",version: ""0"",hash: ""e5721acc163033f9a47ccc696f59c841""})"
"(:VERTEX {memory address: ""7fa099ba3000"",size: ""1ff000"",subtype: ""memory"",tgid: ""150115"",source: ""syscall"",type: ""Artifact"",version: ""0"",hash: ""5df37accf409fcedb38f9fb77246e094""})"
"(:VERTEX {memory address: ""7fa099da2000"",size: ""2000"",subtype: ""memory"",tgid: ""150115"",source: ""syscall"",type: ""Artifact"",version: ""0"",hash: ""fe38c7ba8d4c5135e97b60a2f4a44f12""})"
"(:VERTEX {memory address: ""7fa099da4000"",size: ""34c0"",subtype: ""memory"",tgid: ""150115"",source: ""syscall"",type: ""Artifact"",version: ""0"",hash: ""7400c7dee3fbd2f6db740080c8787efc""})"
"(:VERTEX {memory address: ""7fa0997c2000"",size: ""3c58c0"",subtype: ""memory"",tgid: ""150115"",source: ""syscall"",type: ""Artifact"",version: ""0"",hash: ""4d745d6d6d0e71b96fcf3abd989394df""})"
"(:VERTEX {memory address: ""7fa09997e000"",size: ""200000"",subtype: ""memory"",tgid: ""150115"",source: ""syscall"",type: ""Artifact"",version: ""0"",hash: ""1e42a2f32baef9946d73f530d644017f""})"
"(:VERTEX {memory address: ""7fa099b7e000"",size: ""6000"",subtype: ""memory"",tgid: ""150115"",source: ""syscall"",type: ""Artifact"",version: ""0"",hash: ""c2b2cd871dac61e614c9c213da867638""})"
"(:VERTEX {memory address: ""7fa099b84000"",size: ""38c0"",subtype: ""memory"",tgid: ""150115"",source: ""syscall"",type: ""Artifact"",version: ""0"",hash: ""398f0db4a0ffdbd98686c07fd5a5fc6c""})"
"(:VERTEX {memory address: ""7fa099fd0000"",size: ""3000"",subtype: ""memory"",tgid: ""150115"",source: ""syscall"",type: ""Artifact"",version: ""0"",hash: ""466c56df14ac37355ef3db30b1ed0ca2""})"
"(:VERTEX {memory address: ""7fa099b7e000"",size: ""4000"",subtype: ""memory"",tgid: ""150115"",source: ""syscall"",type: ""Artifact"",version: ""0"",hash: ""a139972b90a1d48e227546edb3534568""})"
"(:VERTEX {memory address: ""7fa099da2000"",size: ""1000"",subtype: ""memory"",tgid: ""150115"",source: ""syscall"",type: ""Artifact"",version: ""0"",hash: ""0648765ab8d524318f85bf91267cb171""})"
"(:VERTEX {memory address: ""7fa099fd5000"",size: ""1000"",subtype: ""memory"",tgid: ""150115"",source: ""syscall"",type: ""Artifact"",version: ""0"",hash: ""6397f8f314be23f941d00bd893ade64b""})"
"(:VERTEX {memory address: ""7fa099f90000"",size: ""40000"",subtype: ""memory"",tgid: ""150115"",source: ""syscall"",type: ""Artifact"",version: ""0"",hash: ""48de065cfc46d6c705dfe9f8585e7647""})"
"(:VERTEX {memory address: ""7fa099f70000"",size: ""20000"",subtype: ""memory"",tgid: ""150115"",source: ""syscall"",type: ""Artifact"",version: ""0"",hash: ""c2c95963661485aced2daf7ca040a8b9""})"
"(:VERTEX {memory address: ""7fa099e70000"",size: ""100000"",subtype: ""memory"",tgid: ""150115"",source: ""syscall"",type: ""Artifact"",version: ""0"",hash: ""b9a07d45bb1303032e0eea349bf9b26e""})"
"(:VERTEX {memory address: ""7fa098fc2000"",size: ""800000"",subtype: ""memory"",tgid: ""150115"",source: ""syscall"",type: ""Artifact"",version: ""0"",hash: ""b36631ac653021eaeccc24d4676c3ffd""})"
"(:VERTEX {memory address: ""7fa094fc2000"",size: ""4000000"",subtype: ""memory"",tgid: ""150115"",source: ""syscall"",type: ""Artifact"",version: ""0"",hash: ""001e6f9b11316339af8a7d8e3b1337d7""})"
"(:VERTEX {memory address: ""7fa074fc2000"",size: ""20000000"",subtype: ""memory"",tgid: ""150115"",source: ""syscall"",type: ""Artifact"",version: ""0"",hash: ""f615cd2a92974385f3d695ca80d5362f""})"
"(:VERTEX {memory address: ""c000000000"",size: ""4000000"",subtype: ""memory"",tgid: ""150115"",source: ""syscall"",type: ""Artifact"",version: ""0"",hash: ""4226d03f2345470fd1e4860b327eb220""})"
"(:VERTEX {memory address: ""7fa072fc2000"",size: ""2000000"",subtype: ""memory"",tgid: ""150115"",source: ""syscall"",type: ""Artifact"",version: ""0"",hash: ""e4646d56059d8c2e09711a450d05254d""})"
"(:VERTEX {memory address: ""7fa072db1000"",size: ""210c10"",subtype: ""memory"",tgid: ""150115"",source: ""syscall"",type: ""Artifact"",version: ""0"",hash: ""d8b6063e733de157cbdbda0d47a8bfe9""})"
"(:VERTEX {memory address: ""c000000000"",size: ""400000"",subtype: ""memory"",tgid: ""150115"",source: ""syscall"",type: ""Artifact"",version: ""0"",hash: ""03aa0bcbf0b17a67b21a02244e9ff097""})"
"(:VERTEX {memory address: ""7fa099f70000"",size: ""20000"",subtype: ""memory"",tgid: ""150115"",source: ""syscall"",type: ""Artifact"",version: ""1"",hash: ""b1f4fd7882db171c104c6d583f28ed8a""})"
"(:VERTEX {memory address: ""7fa099ef0000"",size: ""1000"",subtype: ""memory"",tgid: ""150115"",source: ""syscall"",type: ""Artifact"",version: ""0"",hash: ""c57ffe628ae5106e3b4e26a5dbf3b942""})"
"(:VERTEX {memory address: ""7fa0993c8000"",size: ""1000"",subtype: ""memory"",tgid: ""150115"",source: ""syscall"",type: ""Artifact"",version: ""0"",hash: ""ab931739892f43b35b4fca4380a0ba9f""})"
"(:VERTEX {memory address: ""7fa096ff2000"",size: ""1000"",subtype: ""memory"",tgid: ""150115"",source: ""syscall"",type: ""Artifact"",version: ""0"",hash: ""3a6a4ecf9ce335a907c8e79fdd4494e7""})"
"(:VERTEX {memory address: ""7fa085142000"",size: ""1000"",subtype: ""memory"",tgid: ""150115"",source: ""syscall"",type: ""Artifact"",version: ""0"",hash: ""68a5aebe9e8baca82c96cbdb7ad0e959""})"
"(:VERTEX {memory address: ""7fa072cb1000"",size: ""100000"",subtype: ""memory"",tgid: ""150115"",source: ""syscall"",type: ""Artifact"",version: ""0"",hash: ""f2ae8b95a84d3a92e85167feafae2587""})"
"(:VERTEX {memory address: ""7fa099e60000"",size: ""10000"",subtype: ""memory"",tgid: ""150115"",source: ""syscall"",type: ""Artifact"",version: ""0"",hash: ""c5cb376ec03052c372524bcdaa7129b9""})"
"(:VERTEX {memory address: ""7fa099e50000"",size: ""10000"",subtype: ""memory"",tgid: ""150115"",source: ""syscall"",type: ""Artifact"",version: ""0"",hash: ""2e096d92ac00eaa8b52434bc2e486727""})"
"(:VERTEX {memory address: ""7fa0724b0000"",size: ""801000"",subtype: ""memory"",tgid: ""150115"",source: ""syscall"",type: ""Artifact"",version: ""0"",hash: ""afdebe74c67f51b1e338e228838ca8f1""})"
"(:VERTEX {memory address: ""7fa0724b1000"",size: ""800000"",subtype: ""memory"",tgid: ""150115"",source: ""syscall"",type: ""Artifact"",version: ""0"",hash: ""f0ae90d3dbd85553efe4d2b18cbcfa59""})"
"(:VERTEX {gid: ""0"",euid: ""999"",children pid namespace: ""4026532779"",start time: ""1690978699.073"",ns pid: ""11604"",pid: ""150120"",source: ""syscall"",type: ""Process"",net namespace: ""4026532705"",ipc namespace: ""4026532772"",ppid: ""150115"",pid namespace: ""4026532779"",cwd: ""/"",uid: ""999"",egid: ""0"",exe: ""/usr/bin/check-status"",mount namespace: ""4026532778"",command line: ""/usr/bin/check-status -l"",name: ""check-status"",hash: ""e1b84f69cb835b0299ea3456ded49104"",user namespace: ""4026531837""})"
"(:VERTEX {memory address: ""7fa071caf000"",size: ""801000"",subtype: ""memory"",tgid: ""150115"",source: ""syscall"",type: ""Artifact"",version: ""0"",hash: ""1926ce578c4450bcc31e57b803332142""})"
"(:VERTEX {memory address: ""7fa069caf000"",size: ""8000000"",subtype: ""memory"",tgid: ""150115"",source: ""syscall"",type: ""Artifact"",version: ""0"",hash: ""b8c06b53e6312c1b052f820c17c1652f""})"
"(:VERTEX {memory address: ""7fa06c000000"",size: ""21000"",subtype: ""memory"",tgid: ""150115"",source: ""syscall"",type: ""Artifact"",version: ""0"",hash: ""affdea146bb8356ba8d208c27d1202db""})"
"(:VERTEX {memory address: ""7fa071cb0000"",size: ""800000"",subtype: ""memory"",tgid: ""150115"",source: ""syscall"",type: ""Artifact"",version: ""0"",hash: ""004a589902e269846c594e39df54e200""})"
"(:VERTEX {gid: ""0"",euid: ""999"",children pid namespace: ""4026532779"",start time: ""1690978699.073"",ns pid: ""11605"",pid: ""150121"",source: ""syscall"",type: ""Process"",net namespace: ""4026532705"",ipc namespace: ""4026532772"",ppid: ""150115"",pid namespace: ""4026532779"",cwd: ""/"",uid: ""999"",egid: ""0"",exe: ""/usr/bin/check-status"",mount namespace: ""4026532778"",command line: ""/usr/bin/check-status -l"",name: ""check-status"",hash: ""f1f89d13ae084682f4e44c5a89b8c759"",user namespace: ""4026531837""})"
"(:VERTEX {memory address: ""7fa0714ae000"",size: ""801000"",subtype: ""memory"",tgid: ""150115"",source: ""syscall"",type: ""Artifact"",version: ""0"",hash: ""b23cc60446edf03c09fe608ecaa834e2""})"
"(:VERTEX {memory address: ""7fa0714af000"",size: ""800000"",subtype: ""memory"",tgid: ""150115"",source: ""syscall"",type: ""Artifact"",version: ""0"",hash: ""bd5b37f64acdf53fb22b42341e5ddea4""})"
"(:VERTEX {gid: ""0"",euid: ""999"",children pid namespace: ""4026532779"",start time: ""1690978699.073"",ns pid: ""11606"",pid: ""150122"",source: ""syscall"",type: ""Process"",net namespace: ""4026532705"",ipc namespace: ""4026532772"",ppid: ""150115"",pid namespace: ""4026532779"",cwd: ""/"",uid: ""999"",egid: ""0"",exe: ""/usr/bin/check-status"",mount namespace: ""4026532778"",command line: ""/usr/bin/check-status -l"",name: ""check-status"",hash: ""14e9ff3cd9b8bf9f13f1c03afec58ff2"",user namespace: ""4026531837""})"
"(:VERTEX {memory address: ""7fa064000000"",size: ""8000000"",subtype: ""memory"",tgid: ""150115"",source: ""syscall"",type: ""Artifact"",version: ""0"",hash: ""7922eedc190a6bb3f9bffc629e0bc91a""})"
"(:VERTEX {memory address: ""7fa064000000"",size: ""21000"",subtype: ""memory"",tgid: ""150115"",source: ""syscall"",type: ""Artifact"",version: ""0"",hash: ""f3910b30912a0d403fbf212f2e69498d""})"
"(:VERTEX {memory address: ""7fa070cad000"",size: ""801000"",subtype: ""memory"",tgid: ""150115"",source: ""syscall"",type: ""Artifact"",version: ""0"",hash: ""9160f5e59b2c2655382f5638ec788dc3""})"
"(:VERTEX {memory address: ""7fa070cae000"",size: ""800000"",subtype: ""memory"",tgid: ""150115"",source: ""syscall"",type: ""Artifact"",version: ""0"",hash: ""701ea9bd667855e22e6e7cf061808fd1""})"
"(:VERTEX {gid: ""0"",euid: ""999"",children pid namespace: ""4026532779"",start time: ""1690978699.073"",ns pid: ""11607"",pid: ""150123"",source: ""syscall"",type: ""Process"",net namespace: ""4026532705"",ipc namespace: ""4026532772"",ppid: ""150115"",pid namespace: ""4026532779"",cwd: ""/"",uid: ""999"",egid: ""0"",exe: ""/usr/bin/check-status"",mount namespace: ""4026532778"",command line: ""/usr/bin/check-status -l"",name: ""check-status"",hash: ""c1533bab1953e4bba36b7c7cc7b8d37c"",user namespace: ""4026531837""})"
"(:VERTEX {memory address: ""7fa068000000"",size: ""4000000"",subtype: ""memory"",tgid: ""150115"",source: ""syscall"",type: ""Artifact"",version: ""0"",hash: ""dbba65613e93fc74f98351cebeab7558""})"
"(:VERTEX {memory address: ""7fa068000000"",size: ""21000"",subtype: ""memory"",tgid: ""150115"",source: ""syscall"",type: ""Artifact"",version: ""0"",hash: ""f7c74a1134bbfcfa42026d582737fe52""})"
"(:VERTEX {memory address: ""7fa099e10000"",size: ""40000"",subtype: ""memory"",tgid: ""150115"",source: ""syscall"",type: ""Artifact"",version: ""0"",hash: ""bd9883c0497b0833b8dcb330ca61433a""})"
"(:VERTEX {memory address: ""7fa0704ac000"",size: ""801000"",subtype: ""memory"",tgid: ""150115"",source: ""syscall"",type: ""Artifact"",version: ""0"",hash: ""d88468d665c83e1f3911ade496fb7151""})"
"(:VERTEX {memory address: ""7fa0704ad000"",size: ""800000"",subtype: ""memory"",tgid: ""150115"",source: ""syscall"",type: ""Artifact"",version: ""0"",hash: ""67d9245d52655c1311af316667ba58e2""})"
"(:VERTEX {gid: ""0"",euid: ""999"",children pid namespace: ""4026532779"",start time: ""1690978699.076"",ns pid: ""11608"",pid: ""150124"",source: ""syscall"",type: ""Process"",net namespace: ""4026532705"",ipc namespace: ""4026532772"",ppid: ""150115"",pid namespace: ""4026532779"",cwd: ""/"",uid: ""999"",egid: ""0"",exe: ""/usr/bin/check-status"",mount namespace: ""4026532778"",command line: ""/usr/bin/check-status -l"",name: ""check-status"",hash: ""bf4c13144e670304bbdc99c89620519e"",user namespace: ""4026531837""})"
"(:VERTEX {memory address: ""7fa0637ff000"",size: ""801000"",subtype: ""memory"",tgid: ""150115"",source: ""syscall"",type: ""Artifact"",version: ""0"",hash: ""364d0a1e8ae8110a0addaaeee2650808""})"
"(:VERTEX {memory address: ""7fa063800000"",size: ""800000"",subtype: ""memory"",tgid: ""150115"",source: ""syscall"",type: ""Artifact"",version: ""0"",hash: ""5d91be01650b4dae11aed3a646b4acd3""})"
"(:VERTEX {gid: ""0"",euid: ""999"",children pid namespace: ""4026532779"",start time: ""1690978699.076"",ns pid: ""11609"",pid: ""150125"",source: ""syscall"",type: ""Process"",net namespace: ""4026532705"",ipc namespace: ""4026532772"",ppid: ""150115"",pid namespace: ""4026532779"",cwd: ""/"",uid: ""999"",egid: ""0"",exe: ""/usr/bin/check-status"",mount namespace: ""4026532778"",command line: ""/usr/bin/check-status -l"",name: ""check-status"",hash: ""4a40126aed9d326410b982319f4ec9eb"",user namespace: ""4026531837""})"
"(:VERTEX {remote port: ""53"",epoch: ""0"",source: ""syscall"",type: ""Artifact"",version: ""0"",local port: ""41548"",net namespace: ""-1"",local address: ""10.1.251.204"",protocol: ""udp"",subtype: ""network socket"",remote address: ""10.152.183.10"",hash: ""ea0f6a9ebb820e99c5b9eb333fd66745""})"
"(:VERTEX {remote port: ""53"",epoch: ""0"",source: ""syscall"",type: ""Artifact"",version: ""0"",local port: ""49661"",net namespace: ""-1"",local address: ""10.1.251.204"",protocol: ""udp"",subtype: ""network socket"",remote address: ""10.152.183.10"",hash: ""073975cbd711c97a43f8dcf851815496""})"
"(:VERTEX {remote port: ""53"",epoch: ""0"",source: ""syscall"",type: ""Artifact"",version: ""0"",local port: ""49978"",net namespace: ""-1"",local address: ""10.1.251.204"",protocol: ""udp"",subtype: ""network socket"",remote address: ""10.152.183.10"",hash: ""3892256ae4f4b0c615ffe954768a97a0""})"
"(:VERTEX {remote port: ""53"",epoch: ""0"",source: ""syscall"",type: ""Artifact"",version: ""0"",local port: ""59776"",net namespace: ""-1"",local address: ""10.1.251.204"",protocol: ""udp"",subtype: ""network socket"",remote address: ""10.152.183.10"",hash: ""fe9253f9217b5573937c8984576b266d""})"
"(:VERTEX {remote port: ""60888"",epoch: ""0"",source: ""syscall"",type: ""Artifact"",version: ""0"",local port: ""8080"",net namespace: ""-1"",local address: ""0000:0000:0000:0000:0000:0000:0000:0000"",protocol: ""tcp"",subtype: ""network socket"",remote address: ""0000:0000:0000:0000:0000:FFFF:C0A8:2F80"",hash: ""d6aabbcbaf3ed83421a3f20b8844aa92""})"
"(:VERTEX {remote port: ""60886"",epoch: ""0"",source: ""syscall"",type: ""Artifact"",version: ""0"",local port: ""8080"",net namespace: ""-1"",local address: ""0000:0000:0000:0000:0000:0000:0000:0000"",protocol: ""tcp"",subtype: ""network socket"",remote address: ""0000:0000:0000:0000:0000:FFFF:C0A8:2F80"",hash: ""bcacf1d77fe2b7f75e7b59780e4cb357""})"
"(:VERTEX {remote port: ""48096"",epoch: ""0"",source: ""syscall"",type: ""Artifact"",version: ""0"",local port: ""50051"",net namespace: ""-1"",local address: ""0000:0000:0000:0000:0000:0000:0000:0000"",protocol: ""tcp"",subtype: ""network socket"",remote address: ""0000:0000:0000:0000:0000:FFFF:C0A8:2F80"",hash: ""861ff08bfa1cd19c5bfaf36aad32b027""})"
"(:VERTEX {remote port: ""48106"",epoch: ""0"",source: ""syscall"",type: ""Artifact"",version: ""0"",local port: ""50051"",net namespace: ""-1"",local address: ""0000:0000:0000:0000:0000:0000:0000:0000"",protocol: ""tcp"",subtype: ""network socket"",remote address: ""0000:0000:0000:0000:0000:FFFF:C0A8:2F80"",hash: ""4b0d8403d4b3622be08f7ebc3fa20981""})"
"(:VERTEX {remote port: ""43988"",epoch: ""0"",source: ""syscall"",type: ""Artifact"",version: ""0"",local port: ""7000"",net namespace: ""-1"",local address: ""0000:0000:0000:0000:0000:0000:0000:0000"",protocol: ""tcp"",subtype: ""network socket"",remote address: ""0000:0000:0000:0000:0000:FFFF:C0A8:2F80"",hash: ""811b190e25ed46a98f3862cef6180794""})"
"(:VERTEX {remote port: ""43990"",epoch: ""0"",source: ""syscall"",type: ""Artifact"",version: ""0"",local port: ""7000"",net namespace: ""-1"",local address: ""0000:0000:0000:0000:0000:0000:0000:0000"",protocol: ""tcp"",subtype: ""network socket"",remote address: ""0000:0000:0000:0000:0000:FFFF:C0A8:2F80"",hash: ""7766280ded496fb797829c2cd4f80781""})"
"(:VERTEX {remote port: ""58838"",epoch: ""0"",source: ""syscall"",type: ""Artifact"",version: ""0"",local port: ""6379"",net namespace: ""-1"",local address: ""0.0.0.0"",protocol: ""tcp"",subtype: ""network socket"",remote address: ""192.168.47.128"",hash: ""43fa33bf0a55c30836575f4fc0100b4e""})"
"(:VERTEX {remote port: ""51210"",epoch: ""0"",source: ""syscall"",type: ""Artifact"",version: ""0"",local port: ""5050"",net namespace: ""-1"",local address: ""0000:0000:0000:0000:0000:0000:0000:0000"",protocol: ""tcp"",subtype: ""network socket"",remote address: ""0000:0000:0000:0000:0000:FFFF:C0A8:2F80"",hash: ""9fdbadf4fc83514fa6bf2711a5a214a0""})"
"(:VERTEX {remote port: ""51220"",epoch: ""0"",source: ""syscall"",type: ""Artifact"",version: ""0"",local port: ""5050"",net namespace: ""-1"",local address: ""0000:0000:0000:0000:0000:0000:0000:0000"",protocol: ""tcp"",subtype: ""network socket"",remote address: ""0000:0000:0000:0000:0000:FFFF:C0A8:2F80"",hash: ""baf726301af9f889005dabe64012b77e""})"
"(:VERTEX {remote port: ""58840"",epoch: ""0"",source: ""syscall"",type: ""Artifact"",version: ""0"",local port: ""6379"",net namespace: ""-1"",local address: ""0.0.0.0"",protocol: ""tcp"",subtype: ""network socket"",remote address: ""192.168.47.128"",hash: ""e0099a3d0210ef157981f3d33944fc03""})"
"(:VERTEX {remote port: ""55562"",epoch: ""0"",source: ""syscall"",type: ""Artifact"",version: ""0"",local port: ""9555"",net namespace: ""-1"",local address: ""0000:0000:0000:0000:0000:0000:0000:0000"",protocol: ""tcp"",subtype: ""network socket"",remote address: ""0000:0000:0000:0000:0000:FFFF:C0A8:2F80"",hash: ""8567f902c22603c195a272009b10cdcf""})"
"(:VERTEX {remote port: ""55564"",epoch: ""0"",source: ""syscall"",type: ""Artifact"",version: ""0"",local port: ""9555"",net namespace: ""-1"",local address: ""0000:0000:0000:0000:0000:0000:0000:0000"",protocol: ""tcp"",subtype: ""network socket"",remote address: ""0000:0000:0000:0000:0000:FFFF:C0A8:2F80"",hash: ""cb60b55a05c9d612d4be79b625709cda""})"
"(:VERTEX {remote port: ""48732"",epoch: ""0"",source: ""syscall"",type: ""Artifact"",version: ""0"",local port: ""8080"",net namespace: ""-1"",local address: ""0000:0000:0000:0000:0000:0000:0000:0000"",protocol: ""tcp"",subtype: ""network socket"",remote address: ""0000:0000:0000:0000:0000:FFFF:C0A8:2F80"",hash: ""b530de1c278214f7d52272212aac7abc""})"
"(:VERTEX {remote port: ""38042"",epoch: ""0"",source: ""syscall"",type: ""Artifact"",version: ""0"",local port: ""50051"",net namespace: ""-1"",local address: ""0000:0000:0000:0000:0000:0000:0000:0000"",protocol: ""tcp"",subtype: ""network socket"",remote address: ""0000:0000:0000:0000:0000:FFFF:C0A8:2F80"",hash: ""d7cd4ada3068bbf8dc4a10175c489c80""})"
"(:VERTEX {remote port: ""36048"",epoch: ""0"",source: ""syscall"",type: ""Artifact"",version: ""0"",local port: ""7070"",net namespace: ""4026533266"",local address: ""0000:0000:0000:0000:0000:0000:0000:0000"",protocol: ""tcp"",subtype: ""network socket"",remote address: ""0000:0000:0000:0000:0000:FFFF:C0A8:2F80"",hash: ""050ae9a89290eb1562b5c42c7209c7d0""})"
"(:VERTEX {remote port: ""38050"",epoch: ""0"",source: ""syscall"",type: ""Artifact"",version: ""0"",local port: ""50051"",net namespace: ""-1"",local address: ""0000:0000:0000:0000:0000:0000:0000:0000"",protocol: ""tcp"",subtype: ""network socket"",remote address: ""0000:0000:0000:0000:0000:FFFF:C0A8:2F80"",hash: ""b26e6b95d9d178fa68d6d7a83a7439e2""})"
"(:VERTEX {remote port: ""36046"",epoch: ""0"",source: ""syscall"",type: ""Artifact"",version: ""0"",local port: ""7070"",net namespace: ""4026533266"",local address: ""0000:0000:0000:0000:0000:0000:0000:0000"",protocol: ""tcp"",subtype: ""network socket"",remote address: ""0000:0000:0000:0000:0000:FFFF:C0A8:2F80"",hash: ""f8c728ac1dad6db6aa5daae7ba3ee4ba""})"
"(:VERTEX {remote port: ""37936"",epoch: ""0"",source: ""syscall"",type: ""Artifact"",version: ""0"",local port: ""8080"",net namespace: ""-1"",local address: ""0000:0000:0000:0000:0000:0000:0000:0000"",protocol: ""tcp"",subtype: ""network socket"",remote address: ""0000:0000:0000:0000:0000:FFFF:C0A8:2F80"",hash: ""1731e7cafe9d4410de5b6a68f78660fc""})"
"(:VERTEX {remote port: ""37940"",epoch: ""0"",source: ""syscall"",type: ""Artifact"",version: ""0"",local port: ""8080"",net namespace: ""-1"",local address: ""0000:0000:0000:0000:0000:0000:0000:0000"",protocol: ""tcp"",subtype: ""network socket"",remote address: ""0000:0000:0000:0000:0000:FFFF:C0A8:2F80"",hash: ""a3ad5fab1c0af14da2341fd0e08b6e62""})"
"(:VERTEX {remote port: ""50186"",epoch: ""0"",source: ""syscall"",type: ""Artifact"",version: ""0"",local port: ""3550"",net namespace: ""-1"",local address: ""0000:0000:0000:0000:0000:0000:0000:0000"",protocol: ""tcp"",subtype: ""network socket"",remote address: ""0000:0000:0000:0000:0000:FFFF:C0A8:2F80"",hash: ""ca1daa13d20fd6d97e09d09b547a3237""})"
"(:VERTEX {remote port: ""50202"",epoch: ""0"",source: ""syscall"",type: ""Artifact"",version: ""0"",local port: ""3550"",net namespace: ""-1"",local address: ""0000:0000:0000:0000:0000:0000:0000:0000"",protocol: ""tcp"",subtype: ""network socket"",remote address: ""0000:0000:0000:0000:0000:FFFF:C0A8:2F80"",hash: ""9ae09e1ac42f9f64f369f3fd6b976d43""})"
"(:VERTEX {remote port: ""53"",epoch: ""0"",source: ""syscall"",type: ""Artifact"",version: ""0"",local port: ""53522"",net namespace: ""-1"",local address: ""10.1.251.204"",protocol: ""udp"",subtype: ""network socket"",remote address: ""10.152.183.10"",hash: ""067897e4e2b36aadd13a326636d79baa""})"
"(:VERTEX {remote port: ""53"",epoch: ""0"",source: ""syscall"",type: ""Artifact"",version: ""0"",local port: ""54618"",net namespace: ""-1"",local address: ""10.1.251.204"",protocol: ""udp"",subtype: ""network socket"",remote address: ""10.152.183.10"",hash: ""e28e55f9e505a4e630d2f81714a832b3""})"
"(:VERTEX {gid: ""0"",euid: ""999"",children pid namespace: ""-1"",pid: ""150266"",seen time: ""1690978706.892"",source: ""syscall"",type: ""Process"",net namespace: ""-1"",ipc namespace: ""-1"",ppid: ""150255"",pid namespace: ""-1"",uid: ""999"",egid: ""0"",exe: ""/"",mount namespace: ""-1"",name: ""runc:[2:INIT]"",hash: ""0aac90eeacfadaeeb2bd5eac989792b8"",user namespace: ""-1""})"
"(:VERTEX {path: ""/proc/150266/attr/apparmor/exec"",subtype: ""file"",permissions: ""0666"",epoch: ""0"",source: ""syscall"",type: ""Artifact"",version: ""0"",hash: ""c4640cb35db0dde8faf26827d689e5cf""})"
"(:VERTEX {gid: ""0"",euid: ""999"",children pid namespace: ""-1"",start time: ""1690978706.895"",pid: ""150266"",source: ""syscall"",type: ""Process"",net namespace: ""-1"",ipc namespace: ""-1"",ppid: ""150255"",pid namespace: ""-1"",cwd: ""/"",uid: ""999"",egid: ""0"",exe: ""/usr/bin/check-status"",mount namespace: ""-1"",command line: ""/usr/bin/check-status -r"",name: ""check-status"",hash: ""ecc2e043ea5c9dcef471f45683b8b47c"",user namespace: ""-1""})"
"(:VERTEX {memory address: ""7f5036cd3000"",size: ""2000"",subtype: ""memory"",tgid: ""150266"",source: ""syscall"",type: ""Artifact"",version: ""0"",hash: ""ae26eeb147a6f898c25efc2b4d9ce751""})"
"(:VERTEX {memory address: ""7f5036888000"",size: ""21f4c0"",subtype: ""memory"",tgid: ""150266"",source: ""syscall"",type: ""Artifact"",version: ""0"",hash: ""49a6803dd4849c6b6f26a09de84dfc17""})"
"(:VERTEX {memory address: ""7f50368a3000"",size: ""1ff000"",subtype: ""memory"",tgid: ""150266"",source: ""syscall"",type: ""Artifact"",version: ""0"",hash: ""f015286092f394f60b40014e67e904a1""})"
"(:VERTEX {memory address: ""7f5036aa2000"",size: ""2000"",subtype: ""memory"",tgid: ""150266"",source: ""syscall"",type: ""Artifact"",version: ""0"",hash: ""14c2fc8859937382a2aa4168246f074c""})"
"(:VERTEX {memory address: ""7f5036aa4000"",size: ""34c0"",subtype: ""memory"",tgid: ""150266"",source: ""syscall"",type: ""Artifact"",version: ""0"",hash: ""45dd9d66bc94272b914b3940178bcf2c""})"
"(:VERTEX {memory address: ""7f50364c2000"",size: ""3c58c0"",subtype: ""memory"",tgid: ""150266"",source: ""syscall"",type: ""Artifact"",version: ""0"",hash: ""d9e3c039e73a29688404e0ed2dbdda48""})"
"(:VERTEX {memory address: ""7f503667e000"",size: ""200000"",subtype: ""memory"",tgid: ""150266"",source: ""syscall"",type: ""Artifact"",version: ""0"",hash: ""b81c2def9b2815bb1074d651d3735061""})"
"(:VERTEX {memory address: ""7f503687e000"",size: ""6000"",subtype: ""memory"",tgid: ""150266"",source: ""syscall"",type: ""Artifact"",version: ""0"",hash: ""31ce6c057f7d6e9af14caee4fc1fc2a2""})"
"(:VERTEX {memory address: ""7f5036884000"",size: ""38c0"",subtype: ""memory"",tgid: ""150266"",source: ""syscall"",type: ""Artifact"",version: ""0"",hash: ""af83ef2b2ebc764a9605ccf166b4cbb3""})"
"(:VERTEX {memory address: ""7f5036cd0000"",size: ""3000"",subtype: ""memory"",tgid: ""150266"",source: ""syscall"",type: ""Artifact"",version: ""0"",hash: ""5aff5d1df8d2e2dedc3fe447ba96835c""})"
"(:VERTEX {memory address: ""7f503687e000"",size: ""4000"",subtype: ""memory"",tgid: ""150266"",source: ""syscall"",type: ""Artifact"",version: ""0"",hash: ""23428494bde40f3360b3c6a5f712f795""})"
"(:VERTEX {memory address: ""7f5036aa2000"",size: ""1000"",subtype: ""memory"",tgid: ""150266"",source: ""syscall"",type: ""Artifact"",version: ""0"",hash: ""53050bcb5e803e56722ba8a47cf12540""})"
"(:VERTEX {memory address: ""7f5036cd5000"",size: ""1000"",subtype: ""memory"",tgid: ""150266"",source: ""syscall"",type: ""Artifact"",version: ""0"",hash: ""6100897f786984a01c8dd155f3bce6c6""})"
"(:VERTEX {memory address: ""7f5036c90000"",size: ""40000"",subtype: ""memory"",tgid: ""150266"",source: ""syscall"",type: ""Artifact"",version: ""0"",hash: ""316d1bc7f8207263ae1bb60f2a4f00d8""})"
"(:VERTEX {memory address: ""7f5036c70000"",size: ""20000"",subtype: ""memory"",tgid: ""150266"",source: ""syscall"",type: ""Artifact"",version: ""0"",hash: ""07bbb0358f629740e81c6ed1fb48ea04""})"
"(:VERTEX {memory address: ""7f5036b70000"",size: ""100000"",subtype: ""memory"",tgid: ""150266"",source: ""syscall"",type: ""Artifact"",version: ""0"",hash: ""6e38430c9db280963fcaa6e8cb234c68""})"
"(:VERTEX {memory address: ""7f5035cc2000"",size: ""800000"",subtype: ""memory"",tgid: ""150266"",source: ""syscall"",type: ""Artifact"",version: ""0"",hash: ""757b61e52c8a2dac12ed6ea6d60d6d7b""})"
"(:VERTEX {memory address: ""7f5031cc2000"",size: ""4000000"",subtype: ""memory"",tgid: ""150266"",source: ""syscall"",type: ""Artifact"",version: ""0"",hash: ""e64b31d67fe35732ca9c650d7eaa19ad""})"
"(:VERTEX {memory address: ""7f5011cc2000"",size: ""20000000"",subtype: ""memory"",tgid: ""150266"",source: ""syscall"",type: ""Artifact"",version: ""0"",hash: ""42697e97f1094511214dd52257636fbd""})"
"(:VERTEX {memory address: ""c000000000"",size: ""4000000"",subtype: ""memory"",tgid: ""150266"",source: ""syscall"",type: ""Artifact"",version: ""0"",hash: ""5523f77414692443408437b62d06c799""})"
"(:VERTEX {memory address: ""7f500fcc2000"",size: ""2000000"",subtype: ""memory"",tgid: ""150266"",source: ""syscall"",type: ""Artifact"",version: ""0"",hash: ""6dfb7893c46afbfd4c35fd6242ebda15""})"
"(:VERTEX {memory address: ""7f500fab1000"",size: ""210c10"",subtype: ""memory"",tgid: ""150266"",source: ""syscall"",type: ""Artifact"",version: ""0"",hash: ""80737dcc0786b5c659d6d6f0ada0910d""})"
"(:VERTEX {memory address: ""c000000000"",size: ""400000"",subtype: ""memory"",tgid: ""150266"",source: ""syscall"",type: ""Artifact"",version: ""0"",hash: ""efc6ba1d3301e96ab0f1a0f76aa585a7""})"
"(:VERTEX {memory address: ""7f5036c70000"",size: ""20000"",subtype: ""memory"",tgid: ""150266"",source: ""syscall"",type: ""Artifact"",version: ""1"",hash: ""0245da0c85955838ba64f1c4a1e5468a""})"
"(:VERTEX {memory address: ""7f5036bf0000"",size: ""1000"",subtype: ""memory"",tgid: ""150266"",source: ""syscall"",type: ""Artifact"",version: ""0"",hash: ""4fcfa7b6d77b1e3a07843cd64cc19ab7""})"
"(:VERTEX {memory address: ""7f50360c8000"",size: ""1000"",subtype: ""memory"",tgid: ""150266"",source: ""syscall"",type: ""Artifact"",version: ""0"",hash: ""cee32eb0f20758a3a359bd2dd2df9b5f""})"
"(:VERTEX {memory address: ""7f5033cf2000"",size: ""1000"",subtype: ""memory"",tgid: ""150266"",source: ""syscall"",type: ""Artifact"",version: ""0"",hash: ""1cdd0e4e8f5bf1eab7154b805787b177""})"
"(:VERTEX {memory address: ""7f5021e42000"",size: ""1000"",subtype: ""memory"",tgid: ""150266"",source: ""syscall"",type: ""Artifact"",version: ""0"",hash: ""68a6d6a188b7b95a22363b4ffbbcf11c""})"
"(:VERTEX {memory address: ""7f500f9b1000"",size: ""100000"",subtype: ""memory"",tgid: ""150266"",source: ""syscall"",type: ""Artifact"",version: ""0"",hash: ""da8bbb679bc0e2e6ad236a043cd15ee8""})"
"(:VERTEX {memory address: ""7f5036b60000"",size: ""10000"",subtype: ""memory"",tgid: ""150266"",source: ""syscall"",type: ""Artifact"",version: ""0"",hash: ""86c41ec3376e073b1ffe7ab92b99050e""})"
"(:VERTEX {memory address: ""7f5036b50000"",size: ""10000"",subtype: ""memory"",tgid: ""150266"",source: ""syscall"",type: ""Artifact"",version: ""0"",hash: ""16463462ed0c66bf2d692c59c5b4a394""})"
"(:VERTEX {memory address: ""7f500f1b0000"",size: ""801000"",subtype: ""memory"",tgid: ""150266"",source: ""syscall"",type: ""Artifact"",version: ""0"",hash: ""386284f7362a67097957801e72abd10b""})"
"(:VERTEX {memory address: ""7f500f1b1000"",size: ""800000"",subtype: ""memory"",tgid: ""150266"",source: ""syscall"",type: ""Artifact"",version: ""0"",hash: ""dd9412888ecda36779fc61b5862bcf92""})"
"(:VERTEX {gid: ""0"",euid: ""999"",children pid namespace: ""4026532779"",start time: ""1690978706.895"",ns pid: ""11616"",pid: ""150273"",source: ""syscall"",type: ""Process"",net namespace: ""4026532705"",ipc namespace: ""4026532772"",ppid: ""150266"",pid namespace: ""4026532779"",cwd: ""/"",uid: ""999"",egid: ""0"",exe: ""/usr/bin/check-status"",mount namespace: ""4026532778"",command line: ""/usr/bin/check-status -r"",name: ""check-status"",hash: ""5e5dccb8f0e890107efdb9851ec563ef"",user namespace: ""4026531837""})"
"(:VERTEX {memory address: ""7f500e9af000"",size: ""801000"",subtype: ""memory"",tgid: ""150266"",source: ""syscall"",type: ""Artifact"",version: ""0"",hash: ""bd349bd9219f964c5e95911cf637bf43""})"
"(:VERTEX {memory address: ""7f50069af000"",size: ""8000000"",subtype: ""memory"",tgid: ""150266"",source: ""syscall"",type: ""Artifact"",version: ""0"",hash: ""216ceca540f9e2e5b72b2988f77237b5""})"
"(:VERTEX {memory address: ""7f500e9b0000"",size: ""800000"",subtype: ""memory"",tgid: ""150266"",source: ""syscall"",type: ""Artifact"",version: ""0"",hash: ""33065b3490e75a67d516f298c3ee51fb""})"
"(:VERTEX {memory address: ""7f5008000000"",size: ""21000"",subtype: ""memory"",tgid: ""150266"",source: ""syscall"",type: ""Artifact"",version: ""0"",hash: ""6bb0abaa39bb9b585b90db372648e870""})"
"(:VERTEX {gid: ""0"",euid: ""999"",children pid namespace: ""4026532779"",start time: ""1690978706.895"",ns pid: ""11617"",pid: ""150274"",source: ""syscall"",type: ""Process"",net namespace: ""4026532705"",ipc namespace: ""4026532772"",ppid: ""150266"",pid namespace: ""4026532779"",cwd: ""/"",uid: ""999"",egid: ""0"",exe: ""/usr/bin/check-status"",mount namespace: ""4026532778"",command line: ""/usr/bin/check-status -r"",name: ""check-status"",hash: ""441736e1db778e0679c4ecc341b98fbe"",user namespace: ""4026531837""})"
"(:VERTEX {memory address: ""7f500e1ae000"",size: ""801000"",subtype: ""memory"",tgid: ""150266"",source: ""syscall"",type: ""Artifact"",version: ""0"",hash: ""9747c84b3e84c0e5e3ae3bda7821513e""})"
"(:VERTEX {memory address: ""7f500e1af000"",size: ""800000"",subtype: ""memory"",tgid: ""150266"",source: ""syscall"",type: ""Artifact"",version: ""0"",hash: ""cc9069cc043b2087aa44cb1ad290d634""})"
"(:VERTEX {memory address: ""7f5000000000"",size: ""8000000"",subtype: ""memory"",tgid: ""150266"",source: ""syscall"",type: ""Artifact"",version: ""0"",hash: ""c9866c804f120c4d1ab4232350bbc6ba""})"
"(:VERTEX {gid: ""0"",euid: ""999"",children pid namespace: ""4026532779"",start time: ""1690978706.903"",ns pid: ""11618"",pid: ""150275"",source: ""syscall"",type: ""Process"",net namespace: ""4026532705"",ipc namespace: ""4026532772"",ppid: ""150266"",pid namespace: ""4026532779"",cwd: ""/"",uid: ""999"",egid: ""0"",exe: ""/usr/bin/check-status"",mount namespace: ""4026532778"",command line: ""/usr/bin/check-status -r"",name: ""check-status"",hash: ""52d0a46501c25d40399554a01c0c342f"",user namespace: ""4026531837""})"
"(:VERTEX {memory address: ""7f5000000000"",size: ""21000"",subtype: ""memory"",tgid: ""150266"",source: ""syscall"",type: ""Artifact"",version: ""0"",hash: ""df4dc7963dd18c7bf3c78c6f49b6cffe""})"
"(:VERTEX {memory address: ""7f5004000000"",size: ""4000000"",subtype: ""memory"",tgid: ""150266"",source: ""syscall"",type: ""Artifact"",version: ""0"",hash: ""b572186a0ec873c4484a1d2696a431fe""})"
"(:VERTEX {memory address: ""7f5004000000"",size: ""21000"",subtype: ""memory"",tgid: ""150266"",source: ""syscall"",type: ""Artifact"",version: ""0"",hash: ""19cad40dc46af54bce7c10df52024f2a""})"
"(:VERTEX {memory address: ""7f5036b10000"",size: ""40000"",subtype: ""memory"",tgid: ""150266"",source: ""syscall"",type: ""Artifact"",version: ""0"",hash: ""12fd1935160f7b65db09062cebc27212""})"
"(:VERTEX {memory address: ""7f500d9ad000"",size: ""801000"",subtype: ""memory"",tgid: ""150266"",source: ""syscall"",type: ""Artifact"",version: ""0"",hash: ""f13c60ec3ceaca449516f2a5094ecbc2""})"
"(:VERTEX {memory address: ""7f500d9ae000"",size: ""800000"",subtype: ""memory"",tgid: ""150266"",source: ""syscall"",type: ""Artifact"",version: ""0"",hash: ""0077abd1c877ace1a68192e59ccbcd61""})"
"(:VERTEX {memory address: ""7f500d1ac000"",size: ""801000"",subtype: ""memory"",tgid: ""150266"",source: ""syscall"",type: ""Artifact"",version: ""0"",hash: ""4af6cb9b884387aa00ee1f6dfeddae52""})"
"(:VERTEX {memory address: ""7f500d1ad000"",size: ""800000"",subtype: ""memory"",tgid: ""150266"",source: ""syscall"",type: ""Artifact"",version: ""0"",hash: ""2dfd3a69f410e7c43e7295025381ef2e""})"
"(:VERTEX {gid: ""0"",euid: ""999"",children pid namespace: ""4026532779"",start time: ""1690978706.903"",ns pid: ""11619"",pid: ""150276"",source: ""syscall"",type: ""Process"",net namespace: ""4026532705"",ipc namespace: ""4026532772"",ppid: ""150266"",pid namespace: ""4026532779"",cwd: ""/"",uid: ""999"",egid: ""0"",exe: ""/usr/bin/check-status"",mount namespace: ""4026532778"",command line: ""/usr/bin/check-status -r"",name: ""check-status"",hash: ""5252188a9b4fc5facff8e4f64426c328"",user namespace: ""4026531837""})"
"(:VERTEX {memory address: ""7f500d16c000"",size: ""40000"",subtype: ""memory"",tgid: ""150266"",source: ""syscall"",type: ""Artifact"",version: ""0"",hash: ""33869fd7c59b3cefbd8cca214d23c928""})"
"(:VERTEX {remote port: ""55576"",epoch: ""0"",source: ""syscall"",type: ""Artifact"",version: ""0"",local port: ""8080"",net namespace: ""-1"",local address: ""0000:0000:0000:0000:0000:0000:0000:0000"",protocol: ""tcp"",subtype: ""network socket"",remote address: ""0000:0000:0000:0000:0000:FFFF:C0A8:2F80"",hash: ""53f8e30345e7138dfe14d4b634531915""})"
"(:VERTEX {remote port: ""55772"",epoch: ""0"",source: ""syscall"",type: ""Artifact"",version: ""0"",local port: ""50051"",net namespace: ""-1"",local address: ""0000:0000:0000:0000:0000:0000:0000:0000"",protocol: ""tcp"",subtype: ""network socket"",remote address: ""0000:0000:0000:0000:0000:FFFF:C0A8:2F80"",hash: ""ff4b00c25813dbabcdbeddee3b07cef9""})"
"(:VERTEX {remote port: ""53634"",epoch: ""0"",source: ""syscall"",type: ""Artifact"",version: ""0"",local port: ""6379"",net namespace: ""-1"",local address: ""0.0.0.0"",protocol: ""tcp"",subtype: ""network socket"",remote address: ""192.168.47.128"",hash: ""8f6c338712b84428dade9b9bed8ba8d2""})"
"(:VERTEX {remote port: ""53640"",epoch: ""0"",source: ""syscall"",type: ""Artifact"",version: ""0"",local port: ""6379"",net namespace: ""-1"",local address: ""0.0.0.0"",protocol: ""tcp"",subtype: ""network socket"",remote address: ""192.168.47.128"",hash: ""95eb2cd2c4ac410263e1a7e4eb10a685""})"
"(:VERTEX {remote port: ""53"",epoch: ""0"",source: ""syscall"",type: ""Artifact"",version: ""0"",local port: ""57422"",net namespace: ""-1"",local address: ""10.1.251.204"",protocol: ""udp"",subtype: ""network socket"",remote address: ""10.152.183.10"",hash: ""25669267b7638f34d05c35cdce653282""})"
"(:VERTEX {remote port: ""53"",epoch: ""0"",source: ""syscall"",type: ""Artifact"",version: ""0"",local port: ""58237"",net namespace: ""-1"",local address: ""10.1.251.204"",protocol: ""udp"",subtype: ""network socket"",remote address: ""10.152.183.10"",hash: ""c36333072d77d757be12c51cd7ed3578""})"
"(:VERTEX {remote port: ""35694"",epoch: ""0"",source: ""syscall"",type: ""Artifact"",version: ""0"",local port: ""8080"",net namespace: ""-1"",local address: ""0000:0000:0000:0000:0000:0000:0000:0000"",protocol: ""tcp"",subtype: ""network socket"",remote address: ""0000:0000:0000:0000:0000:FFFF:C0A8:2F80"",hash: ""d1dfbe0de7ab7e4941aadb15e730549f""})"
"(:VERTEX {remote port: ""35690"",epoch: ""0"",source: ""syscall"",type: ""Artifact"",version: ""0"",local port: ""8080"",net namespace: ""-1"",local address: ""0000:0000:0000:0000:0000:0000:0000:0000"",protocol: ""tcp"",subtype: ""network socket"",remote address: ""0000:0000:0000:0000:0000:FFFF:C0A8:2F80"",hash: ""de263447f3f41c05531bdd78890cfca8""})"
"(:VERTEX {gid: ""0"",euid: ""999"",children pid namespace: ""-1"",pid: ""150364"",seen time: ""1690978709.055"",source: ""syscall"",type: ""Process"",net namespace: ""-1"",ipc namespace: ""-1"",ppid: ""150354"",pid namespace: ""-1"",uid: ""999"",egid: ""0"",exe: ""/"",mount namespace: ""-1"",name: ""runc:[2:INIT]"",hash: ""b0f4449b0aed3ffa11717e76a4572928"",user namespace: ""-1""})"
"(:VERTEX {path: ""/proc/150364/attr/apparmor/exec"",subtype: ""file"",permissions: ""0666"",epoch: ""0"",source: ""syscall"",type: ""Artifact"",version: ""0"",hash: ""b548e2473d71382221fd06007c47a005""})"
"(:VERTEX {gid: ""0"",euid: ""999"",children pid namespace: ""-1"",start time: ""1690978709.055"",pid: ""150364"",source: ""syscall"",type: ""Process"",net namespace: ""-1"",ipc namespace: ""-1"",ppid: ""150354"",pid namespace: ""-1"",cwd: ""/"",uid: ""999"",egid: ""0"",exe: ""/usr/bin/check-status"",mount namespace: ""-1"",command line: ""/usr/bin/check-status -l"",name: ""check-status"",hash: ""7615ab823bf5d4c0286226cce3e55ac1"",user namespace: ""-1""})"
"(:VERTEX {memory address: ""7fca015de000"",size: ""2000"",subtype: ""memory"",tgid: ""150364"",source: ""syscall"",type: ""Artifact"",version: ""0"",hash: ""0419a96b4ff103d634737a910ad2f6ab""})"
"(:VERTEX {memory address: ""7fca01193000"",size: ""21f4c0"",subtype: ""memory"",tgid: ""150364"",source: ""syscall"",type: ""Artifact"",version: ""0"",hash: ""298c0858db79010c8dbb2f612b201e26""})"
"(:VERTEX {memory address: ""7fca011ae000"",size: ""1ff000"",subtype: ""memory"",tgid: ""150364"",source: ""syscall"",type: ""Artifact"",version: ""0"",hash: ""a87c5fd4a6b8f85da83cd5c94dc546fa""})"
"(:VERTEX {memory address: ""7fca013ad000"",size: ""2000"",subtype: ""memory"",tgid: ""150364"",source: ""syscall"",type: ""Artifact"",version: ""0"",hash: ""7e5bb8d3758ae5d16ca6bad575e12ecf""})"
"(:VERTEX {memory address: ""7fca013af000"",size: ""34c0"",subtype: ""memory"",tgid: ""150364"",source: ""syscall"",type: ""Artifact"",version: ""0"",hash: ""378ce4a968200c17028733b8a7bab1ab""})"
"(:VERTEX {memory address: ""7fca00dcd000"",size: ""3c58c0"",subtype: ""memory"",tgid: ""150364"",source: ""syscall"",type: ""Artifact"",version: ""0"",hash: ""7165db89ebe8f0e3b4cb6f2567880bc5""})"
"(:VERTEX {memory address: ""7fca00f89000"",size: ""200000"",subtype: ""memory"",tgid: ""150364"",source: ""syscall"",type: ""Artifact"",version: ""0"",hash: ""37b35ac77727840ab81dabfc0881a38f""})"
"(:VERTEX {memory address: ""7fca01189000"",size: ""6000"",subtype: ""memory"",tgid: ""150364"",source: ""syscall"",type: ""Artifact"",version: ""0"",hash: ""ab4e43acdcbd8545c2166bc37bd3ca5a""})"
"(:VERTEX {memory address: ""7fca0118f000"",size: ""38c0"",subtype: ""memory"",tgid: ""150364"",source: ""syscall"",type: ""Artifact"",version: ""0"",hash: ""bf1276465297686834fff337a3c2c92a""})"
"(:VERTEX {memory address: ""7fca015db000"",size: ""3000"",subtype: ""memory"",tgid: ""150364"",source: ""syscall"",type: ""Artifact"",version: ""0"",hash: ""30ed7b8960132985f1a45a9b1c5ffe59""})"
"(:VERTEX {memory address: ""7fca01189000"",size: ""4000"",subtype: ""memory"",tgid: ""150364"",source: ""syscall"",type: ""Artifact"",version: ""0"",hash: ""ac94c0a448609c3901ca1692774eadf2""})"
"(:VERTEX {memory address: ""7fca013ad000"",size: ""1000"",subtype: ""memory"",tgid: ""150364"",source: ""syscall"",type: ""Artifact"",version: ""0"",hash: ""18cc3de6b51eea31e78ba00d74405952""})"
"(:VERTEX {memory address: ""7fca015e0000"",size: ""1000"",subtype: ""memory"",tgid: ""150364"",source: ""syscall"",type: ""Artifact"",version: ""0"",hash: ""0c0106b299a41575137dc2eb86dc5522""})"
"(:VERTEX {memory address: ""7fca0159b000"",size: ""40000"",subtype: ""memory"",tgid: ""150364"",source: ""syscall"",type: ""Artifact"",version: ""0"",hash: ""d2fa25265a3d0301f7aed61da352591a""})"
"(:VERTEX {memory address: ""7fca0157b000"",size: ""20000"",subtype: ""memory"",tgid: ""150364"",source: ""syscall"",type: ""Artifact"",version: ""0"",hash: ""fdf3518925f39d6891ea400c545b8ddf""})"
"(:VERTEX {memory address: ""7fca0147b000"",size: ""100000"",subtype: ""memory"",tgid: ""150364"",source: ""syscall"",type: ""Artifact"",version: ""0"",hash: ""2e44e4c363d9847216962c72760ac734""})"
"(:VERTEX {memory address: ""7fca005cd000"",size: ""800000"",subtype: ""memory"",tgid: ""150364"",source: ""syscall"",type: ""Artifact"",version: ""0"",hash: ""37b0c4cdcfd13cbbdedc1cb7147f5615""})"
"(:VERTEX {memory address: ""7fc9fc5cd000"",size: ""4000000"",subtype: ""memory"",tgid: ""150364"",source: ""syscall"",type: ""Artifact"",version: ""0"",hash: ""0d0aba5c968744cbc55f61b4f7353cdb""})"
"(:VERTEX {memory address: ""7fc9dc5cd000"",size: ""20000000"",subtype: ""memory"",tgid: ""150364"",source: ""syscall"",type: ""Artifact"",version: ""0"",hash: ""f94a189a7c2cb3d32941681746496168""})"
"(:VERTEX {memory address: ""c000000000"",size: ""4000000"",subtype: ""memory"",tgid: ""150364"",source: ""syscall"",type: ""Artifact"",version: ""0"",hash: ""865e525dfd11cd1514e6afade678dd0e""})"
"(:VERTEX {memory address: ""7fc9da5cd000"",size: ""2000000"",subtype: ""memory"",tgid: ""150364"",source: ""syscall"",type: ""Artifact"",version: ""0"",hash: ""76aa716ef4201f336941fb4ba582edb5""})"
"(:VERTEX {memory address: ""7fc9da3bc000"",size: ""210c10"",subtype: ""memory"",tgid: ""150364"",source: ""syscall"",type: ""Artifact"",version: ""0"",hash: ""d2784cde7ad0723993b5090b1a4e172d""})"
"(:VERTEX {memory address: ""c000000000"",size: ""400000"",subtype: ""memory"",tgid: ""150364"",source: ""syscall"",type: ""Artifact"",version: ""0"",hash: ""b0b84962174a70f051e1772abaaf9757""})"
"(:VERTEX {memory address: ""7fca0157b000"",size: ""20000"",subtype: ""memory"",tgid: ""150364"",source: ""syscall"",type: ""Artifact"",version: ""1"",hash: ""3fbba1246a48ce85c11be7cdb4d7b917""})"
"(:VERTEX {memory address: ""7fca014fb000"",size: ""1000"",subtype: ""memory"",tgid: ""150364"",source: ""syscall"",type: ""Artifact"",version: ""0"",hash: ""323afc39faf852c97f1f818f86a67b7e""})"
"(:VERTEX {memory address: ""7fca009d3000"",size: ""1000"",subtype: ""memory"",tgid: ""150364"",source: ""syscall"",type: ""Artifact"",version: ""0"",hash: ""0b19afe3f506b88f0b53da06e0d656e2""})"
"(:VERTEX {memory address: ""7fc9fe5fd000"",size: ""1000"",subtype: ""memory"",tgid: ""150364"",source: ""syscall"",type: ""Artifact"",version: ""0"",hash: ""3c0cc5cb7059104049384e97fe9e6299""})"
"(:VERTEX {memory address: ""7fc9ec74d000"",size: ""1000"",subtype: ""memory"",tgid: ""150364"",source: ""syscall"",type: ""Artifact"",version: ""0"",hash: ""fda27c00ec79d38bcd52ceb2f11720a0""})"
"(:VERTEX {memory address: ""7fc9da2bc000"",size: ""100000"",subtype: ""memory"",tgid: ""150364"",source: ""syscall"",type: ""Artifact"",version: ""0"",hash: ""2f2c2aa0b22733b7e31dcd3992fbf2ef""})"
"(:VERTEX {memory address: ""7fca0146b000"",size: ""10000"",subtype: ""memory"",tgid: ""150364"",source: ""syscall"",type: ""Artifact"",version: ""0"",hash: ""9eed81255709a8fb75f16634874ed5e7""})"
"(:VERTEX {memory address: ""7fca0145b000"",size: ""10000"",subtype: ""memory"",tgid: ""150364"",source: ""syscall"",type: ""Artifact"",version: ""0"",hash: ""241001cbf6468ac40d58bb2878750608""})"
"(:VERTEX {memory address: ""7fc9d9abb000"",size: ""801000"",subtype: ""memory"",tgid: ""150364"",source: ""syscall"",type: ""Artifact"",version: ""0"",hash: ""d9fc0aba2a793d5ee9bcec698737ad92""})"
"(:VERTEX {memory address: ""7fc9d9abc000"",size: ""800000"",subtype: ""memory"",tgid: ""150364"",source: ""syscall"",type: ""Artifact"",version: ""0"",hash: ""5d87ed32370f0c530ae98bb87505898c""})"
"(:VERTEX {gid: ""0"",euid: ""999"",children pid namespace: ""4026532779"",start time: ""1690978709.070"",ns pid: ""11626"",pid: ""150370"",source: ""syscall"",type: ""Process"",net namespace: ""4026532705"",ipc namespace: ""4026532772"",ppid: ""150364"",pid namespace: ""4026532779"",cwd: ""/"",uid: ""999"",egid: ""0"",exe: ""/usr/bin/check-status"",mount namespace: ""4026532778"",command line: ""/usr/bin/check-status -l"",name: ""check-status"",hash: ""351cdccc960e582d5750cbe470f0c746"",user namespace: ""4026531837""})"
"(:VERTEX {memory address: ""7fc9d92ba000"",size: ""801000"",subtype: ""memory"",tgid: ""150364"",source: ""syscall"",type: ""Artifact"",version: ""0"",hash: ""5ff375180acacc7b7c18277e9a6c56b6""})"
"(:VERTEX {memory address: ""7fc9d92bb000"",size: ""800000"",subtype: ""memory"",tgid: ""150364"",source: ""syscall"",type: ""Artifact"",version: ""0"",hash: ""9d505c468d9a206aa9c661ee6f7c69f8""})"
"(:VERTEX {gid: ""0"",euid: ""999"",children pid namespace: ""4026532779"",start time: ""1690978709.070"",ns pid: ""11627"",pid: ""150371"",source: ""syscall"",type: ""Process"",net namespace: ""4026532705"",ipc namespace: ""4026532772"",ppid: ""150364"",pid namespace: ""4026532779"",cwd: ""/"",uid: ""999"",egid: ""0"",exe: ""/usr/bin/check-status"",mount namespace: ""4026532778"",command line: ""/usr/bin/check-status -l"",name: ""check-status"",hash: ""206abd3d540adf8d289129820cd1efd0"",user namespace: ""4026531837""})"
"(:VERTEX {memory address: ""7fc9d8ab9000"",size: ""801000"",subtype: ""memory"",tgid: ""150364"",source: ""syscall"",type: ""Artifact"",version: ""0"",hash: ""ee8eb9e23bbb0cdd267132e7f816b893""})"
"(:VERTEX {memory address: ""7fc9d8aba000"",size: ""800000"",subtype: ""memory"",tgid: ""150364"",source: ""syscall"",type: ""Artifact"",version: ""0"",hash: ""296a93da28b5ba59edf39c8d5a1ea2a1""})"
"(:VERTEX {gid: ""0"",euid: ""999"",children pid namespace: ""4026532779"",start time: ""1690978709.070"",ns pid: ""11628"",pid: ""150372"",source: ""syscall"",type: ""Process"",net namespace: ""4026532705"",ipc namespace: ""4026532772"",ppid: ""150364"",pid namespace: ""4026532779"",cwd: ""/"",uid: ""999"",egid: ""0"",exe: ""/usr/bin/check-status"",mount namespace: ""4026532778"",command line: ""/usr/bin/check-status -l"",name: ""check-status"",hash: ""19f240efd3c538c9a06d1f23edaa0156"",user namespace: ""4026531837""})"
"(:VERTEX {memory address: ""7fc9d0ab9000"",size: ""8000000"",subtype: ""memory"",tgid: ""150364"",source: ""syscall"",type: ""Artifact"",version: ""0"",hash: ""6533feae7c1525c9a43417aa7f47b319""})"
"(:VERTEX {memory address: ""7fc9d4000000"",size: ""21000"",subtype: ""memory"",tgid: ""150364"",source: ""syscall"",type: ""Artifact"",version: ""0"",hash: ""01259dc9836d549739bf3993d8e2e639""})"
"(:VERTEX {memory address: ""7fc9d82b8000"",size: ""801000"",subtype: ""memory"",tgid: ""150364"",source: ""syscall"",type: ""Artifact"",version: ""0"",hash: ""36d213e84a29e438c9de5e0e5cce8568""})"
"(:VERTEX {memory address: ""7fc9d82b9000"",size: ""800000"",subtype: ""memory"",tgid: ""150364"",source: ""syscall"",type: ""Artifact"",version: ""0"",hash: ""459b83e9c5b983cb5be6a19020467aa8""})"
"(:VERTEX {memory address: ""7fc9cc000000"",size: ""8000000"",subtype: ""memory"",tgid: ""150364"",source: ""syscall"",type: ""Artifact"",version: ""0"",hash: ""1e30e34bf72e746bbcd536c84768e538""})"
"(:VERTEX {gid: ""0"",euid: ""999"",children pid namespace: ""4026532779"",start time: ""1690978709.070"",ns pid: ""11629"",pid: ""150373"",source: ""syscall"",type: ""Process"",net namespace: ""4026532705"",ipc namespace: ""4026532772"",ppid: ""150364"",pid namespace: ""4026532779"",cwd: ""/"",uid: ""999"",egid: ""0"",exe: ""/usr/bin/check-status"",mount namespace: ""4026532778"",command line: ""/usr/bin/check-status -l"",name: ""check-status"",hash: ""da68a74f7b5e6cf346011daf3a1b2823"",user namespace: ""4026531837""})"
"(:VERTEX {memory address: ""7fc9cc000000"",size: ""21000"",subtype: ""memory"",tgid: ""150364"",source: ""syscall"",type: ""Artifact"",version: ""0"",hash: ""7271fc0c5a6b91a2fea9520f61846b60""})"
"(:VERTEX {memory address: ""7fc9d0000000"",size: ""4000000"",subtype: ""memory"",tgid: ""150364"",source: ""syscall"",type: ""Artifact"",version: ""0"",hash: ""8b7e95c41ce8f22236f6bb6314f65284""})"
"(:VERTEX {memory address: ""7fc9d0000000"",size: ""21000"",subtype: ""memory"",tgid: ""150364"",source: ""syscall"",type: ""Artifact"",version: ""0"",hash: ""87d212f7740421d78a6ad51829ed19ad""})"
"(:VERTEX {memory address: ""7fc9c4000000"",size: ""8000000"",subtype: ""memory"",tgid: ""150364"",source: ""syscall"",type: ""Artifact"",version: ""0"",hash: ""b2abcb12cf773bee2d2069fafb70e5ec""})"
"(:VERTEX {memory address: ""7fc9cb7ff000"",size: ""801000"",subtype: ""memory"",tgid: ""150364"",source: ""syscall"",type: ""Artifact"",version: ""0"",hash: ""00debf3f62f8075c3ee2e71e6565988f""})"
"(:VERTEX {memory address: ""7fc9cb800000"",size: ""800000"",subtype: ""memory"",tgid: ""150364"",source: ""syscall"",type: ""Artifact"",version: ""0"",hash: ""9c3d6278644dc3fac360fefd176cece2""})"
"(:VERTEX {gid: ""0"",euid: ""999"",children pid namespace: ""4026532779"",start time: ""1690978709.073"",ns pid: ""11630"",pid: ""150374"",source: ""syscall"",type: ""Process"",net namespace: ""4026532705"",ipc namespace: ""4026532772"",ppid: ""150364"",pid namespace: ""4026532779"",cwd: ""/"",uid: ""999"",egid: ""0"",exe: ""/usr/bin/check-status"",mount namespace: ""4026532778"",command line: ""/usr/bin/check-status -l"",name: ""check-status"",hash: ""865812c3f87bf78c921caf7a9e5c2e9b"",user namespace: ""4026531837""})"
"(:VERTEX {memory address: ""7fca0141b000"",size: ""40000"",subtype: ""memory"",tgid: ""150364"",source: ""syscall"",type: ""Artifact"",version: ""0"",hash: ""1bc201e06255b18a5e1119ab2c54fa65""})"
"(:VERTEX {remote port: ""53"",epoch: ""0"",source: ""syscall"",type: ""Artifact"",version: ""0"",local port: ""50973"",net namespace: ""-1"",local address: ""10.1.251.204"",protocol: ""udp"",subtype: ""network socket"",remote address: ""10.152.183.10"",hash: ""62a7652fb0d1de8214ed446efe3a905c""})"
"(:VERTEX {remote port: ""53"",epoch: ""0"",source: ""syscall"",type: ""Artifact"",version: ""0"",local port: ""53685"",net namespace: ""-1"",local address: ""10.1.251.204"",protocol: ""udp"",subtype: ""network socket"",remote address: ""10.152.183.10"",hash: ""11ec32f18153d6592e21c14ce4b26b5a""})"
"(:VERTEX {remote port: ""53"",epoch: ""0"",source: ""syscall"",type: ""Artifact"",version: ""0"",local port: ""51405"",net namespace: ""-1"",local address: ""10.1.251.204"",protocol: ""udp"",subtype: ""network socket"",remote address: ""10.152.183.10"",hash: ""ab79fb71cb92cd1f101f4092fa12e1dc""})"
"(:VERTEX {remote port: ""53"",epoch: ""0"",source: ""syscall"",type: ""Artifact"",version: ""0"",local port: ""40051"",net namespace: ""-1"",local address: ""10.1.251.204"",protocol: ""udp"",subtype: ""network socket"",remote address: ""10.152.183.10"",hash: ""ec67719ba84587a404e0e1626e1eb9b6""})"
"(:VERTEX {remote port: ""53"",epoch: ""0"",source: ""syscall"",type: ""Artifact"",version: ""0"",local port: ""42023"",net namespace: ""-1"",local address: ""10.1.251.204"",protocol: ""udp"",subtype: ""network socket"",remote address: ""10.152.183.10"",hash: ""fe4697228a7364a7294653e149441d88""})"
"(:VERTEX {remote port: ""53"",epoch: ""0"",source: ""syscall"",type: ""Artifact"",version: ""0"",local port: ""51561"",net namespace: ""-1"",local address: ""10.1.251.204"",protocol: ""udp"",subtype: ""network socket"",remote address: ""10.152.183.10"",hash: ""9a246051fcff6039cdd81d52f9097ad0""})"
"(:VERTEX {remote port: ""55586"",epoch: ""0"",source: ""syscall"",type: ""Artifact"",version: ""0"",local port: ""8080"",net namespace: ""-1"",local address: ""0000:0000:0000:0000:0000:0000:0000:0000"",protocol: ""tcp"",subtype: ""network socket"",remote address: ""0000:0000:0000:0000:0000:FFFF:C0A8:2F80"",hash: ""058d1ab60599f7df427a2349d8f47c14""})"
"(:VERTEX {remote port: ""55600"",epoch: ""0"",source: ""syscall"",type: ""Artifact"",version: ""0"",local port: ""8080"",net namespace: ""-1"",local address: ""0000:0000:0000:0000:0000:0000:0000:0000"",protocol: ""tcp"",subtype: ""network socket"",remote address: ""0000:0000:0000:0000:0000:FFFF:C0A8:2F80"",hash: ""651bc351fc9e5cdc1aaf39788932e933""})"
"(:VERTEX {remote port: ""55782"",epoch: ""0"",source: ""syscall"",type: ""Artifact"",version: ""0"",local port: ""50051"",net namespace: ""-1"",local address: ""0000:0000:0000:0000:0000:0000:0000:0000"",protocol: ""tcp"",subtype: ""network socket"",remote address: ""0000:0000:0000:0000:0000:FFFF:C0A8:2F80"",hash: ""fa42d591716b34890c08053455e3204d""})"
"(:VERTEX {remote port: ""55790"",epoch: ""0"",source: ""syscall"",type: ""Artifact"",version: ""0"",local port: ""50051"",net namespace: ""-1"",local address: ""0000:0000:0000:0000:0000:0000:0000:0000"",protocol: ""tcp"",subtype: ""network socket"",remote address: ""0000:0000:0000:0000:0000:FFFF:C0A8:2F80"",hash: ""975dcf9a14ef9b154a5c27edb99d0b53""})"
"(:VERTEX {remote port: ""40614"",epoch: ""0"",source: ""syscall"",type: ""Artifact"",version: ""0"",local port: ""7000"",net namespace: ""-1"",local address: ""0000:0000:0000:0000:0000:0000:0000:0000"",protocol: ""tcp"",subtype: ""network socket"",remote address: ""0000:0000:0000:0000:0000:FFFF:C0A8:2F80"",hash: ""a2b010a4df018f5e2e20248422fc8fc1""})"
"(:VERTEX {remote port: ""40628"",epoch: ""0"",source: ""syscall"",type: ""Artifact"",version: ""0"",local port: ""7000"",net namespace: ""-1"",local address: ""0000:0000:0000:0000:0000:0000:0000:0000"",protocol: ""tcp"",subtype: ""network socket"",remote address: ""0000:0000:0000:0000:0000:FFFF:C0A8:2F80"",hash: ""e83e78ce60a9e99259897c6f90a7ac88""})"
"(:VERTEX {remote port: ""53646"",epoch: ""0"",source: ""syscall"",type: ""Artifact"",version: ""0"",local port: ""6379"",net namespace: ""-1"",local address: ""0.0.0.0"",protocol: ""tcp"",subtype: ""network socket"",remote address: ""192.168.47.128"",hash: ""7143bbf277c9fb1fd80d9d62ed3be11e""})"
"(:VERTEX {remote port: ""52962"",epoch: ""0"",source: ""syscall"",type: ""Artifact"",version: ""0"",local port: ""5050"",net namespace: ""-1"",local address: ""0000:0000:0000:0000:0000:0000:0000:0000"",protocol: ""tcp"",subtype: ""network socket"",remote address: ""0000:0000:0000:0000:0000:FFFF:C0A8:2F80"",hash: ""2ee194460c80963d40a1f2fb68b33589""})"
"(:VERTEX {remote port: ""53652"",epoch: ""0"",source: ""syscall"",type: ""Artifact"",version: ""0"",local port: ""6379"",net namespace: ""-1"",local address: ""0.0.0.0"",protocol: ""tcp"",subtype: ""network socket"",remote address: ""192.168.47.128"",hash: ""b93aed6fb865508a640b10589c8011d8""})"
"(:VERTEX {remote port: ""52972"",epoch: ""0"",source: ""syscall"",type: ""Artifact"",version: ""0"",local port: ""5050"",net namespace: ""-1"",local address: ""0000:0000:0000:0000:0000:0000:0000:0000"",protocol: ""tcp"",subtype: ""network socket"",remote address: ""0000:0000:0000:0000:0000:FFFF:C0A8:2F80"",hash: ""341be94e1779c04f08ae14062f0b6355""})"
"(:VERTEX {remote port: ""54080"",epoch: ""0"",source: ""syscall"",type: ""Artifact"",version: ""0"",local port: ""8080"",net namespace: ""-1"",local address: ""0000:0000:0000:0000:0000:0000:0000:0000"",protocol: ""tcp"",subtype: ""network socket"",remote address: ""0000:0000:0000:0000:0000:FFFF:C0A8:2F80"",hash: ""c2166bcc4024e5cce05ba209bbd8d809""})"
"(:VERTEX {remote port: ""54082"",epoch: ""0"",source: ""syscall"",type: ""Artifact"",version: ""0"",local port: ""8080"",net namespace: ""-1"",local address: ""0000:0000:0000:0000:0000:0000:0000:0000"",protocol: ""tcp"",subtype: ""network socket"",remote address: ""0000:0000:0000:0000:0000:FFFF:C0A8:2F80"",hash: ""39b3c4513cf5939a8f1c7042955b3aed""})"
"(:VERTEX {remote port: ""44194"",epoch: ""0"",source: ""syscall"",type: ""Artifact"",version: ""0"",local port: ""50051"",net namespace: ""-1"",local address: ""0000:0000:0000:0000:0000:0000:0000:0000"",protocol: ""tcp"",subtype: ""network socket"",remote address: ""0000:0000:0000:0000:0000:FFFF:C0A8:2F80"",hash: ""6404dd2b24263cdcbf4bc05c65c17a9c""})"
"(:VERTEX {remote port: ""44204"",epoch: ""0"",source: ""syscall"",type: ""Artifact"",version: ""0"",local port: ""50051"",net namespace: ""-1"",local address: ""0000:0000:0000:0000:0000:0000:0000:0000"",protocol: ""tcp"",subtype: ""network socket"",remote address: ""0000:0000:0000:0000:0000:FFFF:C0A8:2F80"",hash: ""914db4af662feb625a0116add0aaea0b""})"
"(:VERTEX {remote port: ""35700"",epoch: ""0"",source: ""syscall"",type: ""Artifact"",version: ""0"",local port: ""8080"",net namespace: ""-1"",local address: ""0000:0000:0000:0000:0000:0000:0000:0000"",protocol: ""tcp"",subtype: ""network socket"",remote address: ""0000:0000:0000:0000:0000:FFFF:C0A8:2F80"",hash: ""5d5a8e4e49765ee4fd2c7c99c8beccb4""})"
"(:VERTEX {remote port: ""35710"",epoch: ""0"",source: ""syscall"",type: ""Artifact"",version: ""0"",local port: ""8080"",net namespace: ""-1"",local address: ""0000:0000:0000:0000:0000:0000:0000:0000"",protocol: ""tcp"",subtype: ""network socket"",remote address: ""0000:0000:0000:0000:0000:FFFF:C0A8:2F80"",hash: ""a266785d47bcab3b24c236b39b0ede96""})"
"(:VERTEX {remote port: ""57460"",epoch: ""0"",source: ""syscall"",type: ""Artifact"",version: ""0"",local port: ""3550"",net namespace: ""-1"",local address: ""0000:0000:0000:0000:0000:0000:0000:0000"",protocol: ""tcp"",subtype: ""network socket"",remote address: ""0000:0000:0000:0000:0000:FFFF:C0A8:2F80"",hash: ""d9294ae3be7d570b6aa75269bdcd176f""})"
"(:VERTEX {remote port: ""57476"",epoch: ""0"",source: ""syscall"",type: ""Artifact"",version: ""0"",local port: ""3550"",net namespace: ""-1"",local address: ""0000:0000:0000:0000:0000:0000:0000:0000"",protocol: ""tcp"",subtype: ""network socket"",remote address: ""0000:0000:0000:0000:0000:FFFF:C0A8:2F80"",hash: ""a5fab096c17bed1f283f12394a246fc8""})"
"(:VERTEX {remote port: ""48016"",epoch: ""0"",source: ""syscall"",type: ""Artifact"",version: ""0"",local port: ""7070"",net namespace: ""4026533266"",local address: ""0000:0000:0000:0000:0000:0000:0000:0000"",protocol: ""tcp"",subtype: ""network socket"",remote address: ""0000:0000:0000:0000:0000:FFFF:C0A8:2F80"",hash: ""2d9b2edebf4c47358f44b0c8a331c590""})"
"(:VERTEX {remote port: ""48008"",epoch: ""0"",source: ""syscall"",type: ""Artifact"",version: ""0"",local port: ""7070"",net namespace: ""4026533266"",local address: ""0000:0000:0000:0000:0000:0000:0000:0000"",protocol: ""tcp"",subtype: ""network socket"",remote address: ""0000:0000:0000:0000:0000:FFFF:C0A8:2F80"",hash: ""974cf15fee1202ba6e198f52b8bb14db""})"
"(:VERTEX {gid: ""0"",euid: ""999"",children pid namespace: ""-1"",pid: ""150536"",seen time: ""1690978717.209"",source: ""syscall"",type: ""Process"",net namespace: ""-1"",ipc namespace: ""-1"",ppid: ""150527"",pid namespace: ""-1"",uid: ""999"",egid: ""0"",exe: ""/"",mount namespace: ""-1"",name: ""runc:[2:INIT]"",hash: ""e18999b63734404ef395484b72a7e320"",user namespace: ""-1""})"
"(:VERTEX {path: ""/proc/150536/attr/apparmor/exec"",subtype: ""file"",permissions: ""0666"",epoch: ""0"",source: ""syscall"",type: ""Artifact"",version: ""0"",hash: ""21ab042b8c8bc5a47a2a2aca4351b3bf""})"
"(:VERTEX {gid: ""0"",euid: ""999"",children pid namespace: ""-1"",start time: ""1690978717.217"",pid: ""150536"",source: ""syscall"",type: ""Process"",net namespace: ""-1"",ipc namespace: ""-1"",ppid: ""150527"",pid namespace: ""-1"",cwd: ""/"",uid: ""999"",egid: ""0"",exe: ""/usr/bin/check-status"",mount namespace: ""-1"",command line: ""/usr/bin/check-status -r"",name: ""check-status"",hash: ""d04ab37416a1711938d88e7eaa55fcce"",user namespace: ""-1""})"
"(:VERTEX {memory address: ""7f1d351da000"",size: ""2000"",subtype: ""memory"",tgid: ""150536"",source: ""syscall"",type: ""Artifact"",version: ""0"",hash: ""3ed85019cc4c0aa854ee2de5b4a9db5f""})"
"(:VERTEX {memory address: ""7f1d34d8f000"",size: ""21f4c0"",subtype: ""memory"",tgid: ""150536"",source: ""syscall"",type: ""Artifact"",version: ""0"",hash: ""8d92f03e965e707244cd8a7814a06234""})"
"(:VERTEX {memory address: ""7f1d34daa000"",size: ""1ff000"",subtype: ""memory"",tgid: ""150536"",source: ""syscall"",type: ""Artifact"",version: ""0"",hash: ""e97853d32bbf7835420b04e073519802""})"
"(:VERTEX {memory address: ""7f1d34fa9000"",size: ""2000"",subtype: ""memory"",tgid: ""150536"",source: ""syscall"",type: ""Artifact"",version: ""0"",hash: ""46afb55d1575d42a18e29b8cb7859f3f""})"
"(:VERTEX {memory address: ""7f1d34fab000"",size: ""34c0"",subtype: ""memory"",tgid: ""150536"",source: ""syscall"",type: ""Artifact"",version: ""0"",hash: ""c06a6414b307aca6625cb9621f485791""})"
"(:VERTEX {memory address: ""7f1d349c9000"",size: ""3c58c0"",subtype: ""memory"",tgid: ""150536"",source: ""syscall"",type: ""Artifact"",version: ""0"",hash: ""e18474e195085293afeda49c258a4715""})"
"(:VERTEX {memory address: ""7f1d34b85000"",size: ""200000"",subtype: ""memory"",tgid: ""150536"",source: ""syscall"",type: ""Artifact"",version: ""0"",hash: ""320de2a04d8fa206ba5b1705ebac552c""})"
"(:VERTEX {memory address: ""7f1d34d85000"",size: ""6000"",subtype: ""memory"",tgid: ""150536"",source: ""syscall"",type: ""Artifact"",version: ""0"",hash: ""199222155f8166d271342757a53b5331""})"
"(:VERTEX {memory address: ""7f1d34d8b000"",size: ""38c0"",subtype: ""memory"",tgid: ""150536"",source: ""syscall"",type: ""Artifact"",version: ""0"",hash: ""8512721e495a43da619cff0487abefee""})"
"(:VERTEX {memory address: ""7f1d351d7000"",size: ""3000"",subtype: ""memory"",tgid: ""150536"",source: ""syscall"",type: ""Artifact"",version: ""0"",hash: ""f2e4a59704f9f222d3fd10a83fb63c97""})"
"(:VERTEX {memory address: ""7f1d34d85000"",size: ""4000"",subtype: ""memory"",tgid: ""150536"",source: ""syscall"",type: ""Artifact"",version: ""0"",hash: ""0c71b7c359ea1da1b2fbde7b83233171""})"
"(:VERTEX {memory address: ""7f1d34fa9000"",size: ""1000"",subtype: ""memory"",tgid: ""150536"",source: ""syscall"",type: ""Artifact"",version: ""0"",hash: ""8be8410ece72860995889174274c7ba6""})"
"(:VERTEX {memory address: ""7f1d351dc000"",size: ""1000"",subtype: ""memory"",tgid: ""150536"",source: ""syscall"",type: ""Artifact"",version: ""0"",hash: ""5cd43d92433d6ee00b4ebd1f3d4d9286""})"
"(:VERTEX {memory address: ""7f1d35197000"",size: ""40000"",subtype: ""memory"",tgid: ""150536"",source: ""syscall"",type: ""Artifact"",version: ""0"",hash: ""3c3994e0b9f555971f1f6e7a363e99ae""})"
"(:VERTEX {memory address: ""7f1d35177000"",size: ""20000"",subtype: ""memory"",tgid: ""150536"",source: ""syscall"",type: ""Artifact"",version: ""0"",hash: ""a0e38fe8e3f3e51ba58bc2c2bc10e10c""})"
"(:VERTEX {memory address: ""7f1d35077000"",size: ""100000"",subtype: ""memory"",tgid: ""150536"",source: ""syscall"",type: ""Artifact"",version: ""0"",hash: ""ab1ad7aadd31d0a939db487c49dbd972""})"
"(:VERTEX {memory address: ""7f1d341c9000"",size: ""800000"",subtype: ""memory"",tgid: ""150536"",source: ""syscall"",type: ""Artifact"",version: ""0"",hash: ""62bb978d4d90e003f078c0eebeb1a4c0""})"
"(:VERTEX {memory address: ""7f1d301c9000"",size: ""4000000"",subtype: ""memory"",tgid: ""150536"",source: ""syscall"",type: ""Artifact"",version: ""0"",hash: ""8252b486f532724a0a197862ec384080""})"
"(:VERTEX {memory address: ""7f1d101c9000"",size: ""20000000"",subtype: ""memory"",tgid: ""150536"",source: ""syscall"",type: ""Artifact"",version: ""0"",hash: ""e7ea355d4724b9b8619893cb86b49eca""})"
"(:VERTEX {memory address: ""c000000000"",size: ""4000000"",subtype: ""memory"",tgid: ""150536"",source: ""syscall"",type: ""Artifact"",version: ""0"",hash: ""5b5ae3a84411b069642c5e94f6d03a93""})"
"(:VERTEX {memory address: ""7f1d0e1c9000"",size: ""2000000"",subtype: ""memory"",tgid: ""150536"",source: ""syscall"",type: ""Artifact"",version: ""0"",hash: ""d44faab12923dc018806154706aea14a""})"
"(:VERTEX {memory address: ""7f1d0dfb8000"",size: ""210c10"",subtype: ""memory"",tgid: ""150536"",source: ""syscall"",type: ""Artifact"",version: ""0"",hash: ""5c51515f7748c8c5c6ba4d0399cc5620""})"
"(:VERTEX {memory address: ""c000000000"",size: ""400000"",subtype: ""memory"",tgid: ""150536"",source: ""syscall"",type: ""Artifact"",version: ""0"",hash: ""0b698899f4c61cf67da8c8439532a669""})"
"(:VERTEX {memory address: ""7f1d35177000"",size: ""20000"",subtype: ""memory"",tgid: ""150536"",source: ""syscall"",type: ""Artifact"",version: ""1"",hash: ""31f109eaab14db0e8f251b92f7279bb9""})"
"(:VERTEX {memory address: ""7f1d350f7000"",size: ""1000"",subtype: ""memory"",tgid: ""150536"",source: ""syscall"",type: ""Artifact"",version: ""0"",hash: ""fd19a7ec6f3e8689e68151203b4186d5""})"
"(:VERTEX {memory address: ""7f1d345cf000"",size: ""1000"",subtype: ""memory"",tgid: ""150536"",source: ""syscall"",type: ""Artifact"",version: ""0"",hash: ""b845f16e364bdb913e81a5d1e09fb18b""})"
"(:VERTEX {memory address: ""7f1d321f9000"",size: ""1000"",subtype: ""memory"",tgid: ""150536"",source: ""syscall"",type: ""Artifact"",version: ""0"",hash: ""10422cf980c82b1b34a2a270f9875cf0""})"
"(:VERTEX {memory address: ""7f1d20349000"",size: ""1000"",subtype: ""memory"",tgid: ""150536"",source: ""syscall"",type: ""Artifact"",version: ""0"",hash: ""e62b7ab60f4c134749acc2da4245d06b""})"
"(:VERTEX {memory address: ""7f1d0deb8000"",size: ""100000"",subtype: ""memory"",tgid: ""150536"",source: ""syscall"",type: ""Artifact"",version: ""0"",hash: ""bc86d9efa4cd60ded52864d24444e198""})"
"(:VERTEX {memory address: ""7f1d35067000"",size: ""10000"",subtype: ""memory"",tgid: ""150536"",source: ""syscall"",type: ""Artifact"",version: ""0"",hash: ""be46889532a0825a00cd1a31e5353173""})"
"(:VERTEX {memory address: ""7f1d35057000"",size: ""10000"",subtype: ""memory"",tgid: ""150536"",source: ""syscall"",type: ""Artifact"",version: ""0"",hash: ""07b5e814700536892edd0a5cbd7a1312""})"
"(:VERTEX {memory address: ""7f1d0d6b7000"",size: ""801000"",subtype: ""memory"",tgid: ""150536"",source: ""syscall"",type: ""Artifact"",version: ""0"",hash: ""634618d75320640ef2f327ba3f57553b""})"
"(:VERTEX {memory address: ""7f1d0d6b8000"",size: ""800000"",subtype: ""memory"",tgid: ""150536"",source: ""syscall"",type: ""Artifact"",version: ""0"",hash: ""95bad7af79fad22da3628950097204ed""})"
"(:VERTEX {gid: ""0"",euid: ""999"",children pid namespace: ""4026532779"",start time: ""1690978717.263"",ns pid: ""11637"",pid: ""150542"",source: ""syscall"",type: ""Process"",net namespace: ""4026532705"",ipc namespace: ""4026532772"",ppid: ""150536"",pid namespace: ""4026532779"",cwd: ""/"",uid: ""999"",egid: ""0"",exe: ""/usr/bin/check-status"",mount namespace: ""4026532778"",command line: ""/usr/bin/check-status -r"",name: ""check-status"",hash: ""f8ef3f4ac0a963735c7bd82f2fce398a"",user namespace: ""4026531837""})"
"(:VERTEX {memory address: ""7f1d056b7000"",size: ""8000000"",subtype: ""memory"",tgid: ""150536"",source: ""syscall"",type: ""Artifact"",version: ""0"",hash: ""dfcf48a60a8ebed425072e2adf4e0a85""})"
"(:VERTEX {memory address: ""7f1d08000000"",size: ""21000"",subtype: ""memory"",tgid: ""150536"",source: ""syscall"",type: ""Artifact"",version: ""0"",hash: ""20dc910aebfd61141c3f7816325377d7""})"
"(:VERTEX {memory address: ""7f1d0ceb6000"",size: ""801000"",subtype: ""memory"",tgid: ""150536"",source: ""syscall"",type: ""Artifact"",version: ""0"",hash: ""13e22ffe99a9364de89a97c644a19720""})"
"(:VERTEX {memory address: ""7f1d0ceb7000"",size: ""800000"",subtype: ""memory"",tgid: ""150536"",source: ""syscall"",type: ""Artifact"",version: ""0"",hash: ""2c8a07c3bc21869cb27048ae920ba1d4""})"
"(:VERTEX {gid: ""0"",euid: ""999"",children pid namespace: ""4026532779"",start time: ""1690978717.271"",ns pid: ""11638"",pid: ""150543"",source: ""syscall"",type: ""Process"",net namespace: ""4026532705"",ipc namespace: ""4026532772"",ppid: ""150536"",pid namespace: ""4026532779"",cwd: ""/"",uid: ""999"",egid: ""0"",exe: ""/usr/bin/check-status"",mount namespace: ""4026532778"",command line: ""/usr/bin/check-status -r"",name: ""check-status"",hash: ""ddf0be6581c256771c496de9d3d65bd5"",user namespace: ""4026531837""})"
"(:VERTEX {memory address: ""7f1d00000000"",size: ""8000000"",subtype: ""memory"",tgid: ""150536"",source: ""syscall"",type: ""Artifact"",version: ""0"",hash: ""2df513a61b6fa984e972f0e3ca4b35ea""})"
"(:VERTEX {memory address: ""7f1d00000000"",size: ""21000"",subtype: ""memory"",tgid: ""150536"",source: ""syscall"",type: ""Artifact"",version: ""0"",hash: ""98812b19a7a4971cacfe0566aafd06c2""})"
"(:VERTEX {memory address: ""7f1d35017000"",size: ""40000"",subtype: ""memory"",tgid: ""150536"",source: ""syscall"",type: ""Artifact"",version: ""0"",hash: ""59cd24f7b8c6a83c008cea751d5bb958""})"
"(:VERTEX {memory address: ""7f1d0c6b5000"",size: ""801000"",subtype: ""memory"",tgid: ""150536"",source: ""syscall"",type: ""Artifact"",version: ""0"",hash: ""2eaf706d0050ab29a656971e33e6d133""})"
"(:VERTEX {memory address: ""7f1d0c6b6000"",size: ""800000"",subtype: ""memory"",tgid: ""150536"",source: ""syscall"",type: ""Artifact"",version: ""0"",hash: ""a30a7e9198c49ab30ba449357806493a""})"
"(:VERTEX {gid: ""0"",euid: ""999"",children pid namespace: ""4026532779"",start time: ""1690978717.274"",ns pid: ""11639"",pid: ""150544"",source: ""syscall"",type: ""Process"",net namespace: ""4026532705"",ipc namespace: ""4026532772"",ppid: ""150536"",pid namespace: ""4026532779"",cwd: ""/"",uid: ""999"",egid: ""0"",exe: ""/usr/bin/check-status"",mount namespace: ""4026532778"",command line: ""/usr/bin/check-status -r"",name: ""check-status"",hash: ""bd43b420ea7ca0f68b8840aacef023ad"",user namespace: ""4026531837""})"
"(:VERTEX {memory address: ""7f1d04000000"",size: ""4000000"",subtype: ""memory"",tgid: ""150536"",source: ""syscall"",type: ""Artifact"",version: ""0"",hash: ""0ac727fc96ed913dc73818f3b46bf67d""})"
"(:VERTEX {memory address: ""7f1d04000000"",size: ""21000"",subtype: ""memory"",tgid: ""150536"",source: ""syscall"",type: ""Artifact"",version: ""0"",hash: ""885edb1593eca6572f30dae4baf784d6""})"
"(:VERTEX {memory address: ""7f1cff7ff000"",size: ""801000"",subtype: ""memory"",tgid: ""150536"",source: ""syscall"",type: ""Artifact"",version: ""0"",hash: ""a0caaa10797062e107dc09152d9dc785""})"
"(:VERTEX {memory address: ""7f1cff800000"",size: ""800000"",subtype: ""memory"",tgid: ""150536"",source: ""syscall"",type: ""Artifact"",version: ""0"",hash: ""52aba2128b8fb367bf17725212771200""})"
"(:VERTEX {gid: ""0"",euid: ""999"",children pid namespace: ""4026532779"",start time: ""1690978717.274"",ns pid: ""11640"",pid: ""150545"",source: ""syscall"",type: ""Process"",net namespace: ""4026532705"",ipc namespace: ""4026532772"",ppid: ""150536"",pid namespace: ""4026532779"",cwd: ""/"",uid: ""999"",egid: ""0"",exe: ""/usr/bin/check-status"",mount namespace: ""4026532778"",command line: ""/usr/bin/check-status -r"",name: ""check-status"",hash: ""bc03e1636867c57faf41ae8a46d14f5f"",user namespace: ""4026531837""})"
"(:VERTEX {memory address: ""7f1cf77ff000"",size: ""8000000"",subtype: ""memory"",tgid: ""150536"",source: ""syscall"",type: ""Artifact"",version: ""0"",hash: ""fdba18af05ac269fca44515ff05243c4""})"
"(:VERTEX {memory address: ""7f1cf8000000"",size: ""21000"",subtype: ""memory"",tgid: ""150536"",source: ""syscall"",type: ""Artifact"",version: ""0"",hash: ""2227409825ca63c59058d82e65da7cf5""})"
"(:VERTEX {memory address: ""7f1cfeffe000"",size: ""801000"",subtype: ""memory"",tgid: ""150536"",source: ""syscall"",type: ""Artifact"",version: ""0"",hash: ""1abec303512833f659c440d8330989a7""})"
"(:VERTEX {memory address: ""7f1cfefff000"",size: ""800000"",subtype: ""memory"",tgid: ""150536"",source: ""syscall"",type: ""Artifact"",version: ""0"",hash: ""7bac0f9efd7c9fbd2958f8841ef7ce9e""})"
"(:VERTEX {gid: ""0"",euid: ""999"",children pid namespace: ""4026532779"",start time: ""1690978717.274"",ns pid: ""11641"",pid: ""150546"",source: ""syscall"",type: ""Process"",net namespace: ""4026532705"",ipc namespace: ""4026532772"",ppid: ""150536"",pid namespace: ""4026532779"",cwd: ""/"",uid: ""999"",egid: ""0"",exe: ""/usr/bin/check-status"",mount namespace: ""4026532778"",command line: ""/usr/bin/check-status -r"",name: ""check-status"",hash: ""2d2d9b8e8770accdab9daa70908a14cc"",user namespace: ""4026531837""})"
"(:VERTEX {memory address: ""7f1cf0000000"",size: ""8000000"",subtype: ""memory"",tgid: ""150536"",source: ""syscall"",type: ""Artifact"",version: ""0"",hash: ""6f610ec031c2ca0756cbc7db81a2aa75""})"
"(:VERTEX {memory address: ""7f1cf0000000"",size: ""21000"",subtype: ""memory"",tgid: ""150536"",source: ""syscall"",type: ""Artifact"",version: ""0"",hash: ""bdfe1d648a71128c3b5629255f7e64dd""})"
"(:VERTEX {memory address: ""7f1cfe7fd000"",size: ""801000"",subtype: ""memory"",tgid: ""150536"",source: ""syscall"",type: ""Artifact"",version: ""0"",hash: ""0f58daf32ceeebe43ec602747d1c1811""})"
"(:VERTEX {memory address: ""7f1cfe7fe000"",size: ""800000"",subtype: ""memory"",tgid: ""150536"",source: ""syscall"",type: ""Artifact"",version: ""0"",hash: ""c39b78301dbfb4467a09f3f00d8e41cc""})"
"(:VERTEX {memory address: ""7f1d0c675000"",size: ""40000"",subtype: ""memory"",tgid: ""150536"",source: ""syscall"",type: ""Artifact"",version: ""0"",hash: ""0cb2a1539388a0dc525235eb4961ad72""})"
"(:VERTEX {memory address: ""7f1cf4000000"",size: ""4000000"",subtype: ""memory"",tgid: ""150536"",source: ""syscall"",type: ""Artifact"",version: ""0"",hash: ""3c1b3725febffb06254e0a4b87347a01""})"
"(:VERTEX {memory address: ""7f1cf4000000"",size: ""21000"",subtype: ""memory"",tgid: ""150536"",source: ""syscall"",type: ""Artifact"",version: ""0"",hash: ""9bb90facffa6138b8a2df428a6fc4c34""})"
"(:VERTEX {gid: ""0"",euid: ""999"",children pid namespace: ""4026532779"",start time: ""1690978717.278"",ns pid: ""11642"",pid: ""150547"",source: ""syscall"",type: ""Process"",net namespace: ""4026532705"",ipc namespace: ""4026532772"",ppid: ""150536"",pid namespace: ""4026532779"",cwd: ""/"",uid: ""999"",egid: ""0"",exe: ""/usr/bin/check-status"",mount namespace: ""4026532778"",command line: ""/usr/bin/check-status -r"",name: ""check-status"",hash: ""94df3765b6eeb7965b24346d237db3e4"",user namespace: ""4026531837""})"
"(:VERTEX {remote port: ""59928"",epoch: ""0"",source: ""syscall"",type: ""Artifact"",version: ""0"",local port: ""8080"",net namespace: ""-1"",local address: ""0000:0000:0000:0000:0000:0000:0000:0000"",protocol: ""tcp"",subtype: ""network socket"",remote address: ""0000:0000:0000:0000:0000:FFFF:C0A8:2F80"",hash: ""619257f23763a9ecd04dd744d177c70b""})"
"(:VERTEX {remote port: ""46050"",epoch: ""0"",source: ""syscall"",type: ""Artifact"",version: ""0"",local port: ""50051"",net namespace: ""-1"",local address: ""0000:0000:0000:0000:0000:0000:0000:0000"",protocol: ""tcp"",subtype: ""network socket"",remote address: ""0000:0000:0000:0000:0000:FFFF:C0A8:2F80"",hash: ""82a0f71ea99bb48b364f34ea76ffe00d""})"
"(:VERTEX {remote port: ""48548"",epoch: ""0"",source: ""syscall"",type: ""Artifact"",version: ""0"",local port: ""6379"",net namespace: ""-1"",local address: ""0.0.0.0"",protocol: ""tcp"",subtype: ""network socket"",remote address: ""192.168.47.128"",hash: ""6e170ccce0c19da52bcbff6d2494700c""})"
"(:VERTEX {remote port: ""48532"",epoch: ""0"",source: ""syscall"",type: ""Artifact"",version: ""0"",local port: ""6379"",net namespace: ""-1"",local address: ""0.0.0.0"",protocol: ""tcp"",subtype: ""network socket"",remote address: ""192.168.47.128"",hash: ""59694e5f4d6e6d756c441efcbbad7ef9""})"
"(:VERTEX {remote port: ""59942"",epoch: ""0"",source: ""syscall"",type: ""Artifact"",version: ""0"",local port: ""8080"",net namespace: ""-1"",local address: ""0000:0000:0000:0000:0000:0000:0000:0000"",protocol: ""tcp"",subtype: ""network socket"",remote address: ""0000:0000:0000:0000:0000:FFFF:C0A8:2F80"",hash: ""757d86da0c988855eb3385440cee438f""})"
"(:VERTEX {remote port: ""41082"",epoch: ""0"",source: ""syscall"",type: ""Artifact"",version: ""0"",local port: ""9555"",net namespace: ""-1"",local address: ""0000:0000:0000:0000:0000:0000:0000:0000"",protocol: ""tcp"",subtype: ""network socket"",remote address: ""0000:0000:0000:0000:0000:FFFF:C0A8:2F80"",hash: ""a725a7b34bab8626ff9f27e33229b692""})"
"(:VERTEX {remote port: ""41092"",epoch: ""0"",source: ""syscall"",type: ""Artifact"",version: ""0"",local port: ""9555"",net namespace: ""-1"",local address: ""0000:0000:0000:0000:0000:0000:0000:0000"",protocol: ""tcp"",subtype: ""network socket"",remote address: ""0000:0000:0000:0000:0000:FFFF:C0A8:2F80"",hash: ""154115a821922ee896291747259b453d""})"
"(:VERTEX {remote port: ""56368"",epoch: ""0"",source: ""syscall"",type: ""Artifact"",version: ""0"",local port: ""8080"",net namespace: ""-1"",local address: ""0000:0000:0000:0000:0000:0000:0000:0000"",protocol: ""tcp"",subtype: ""network socket"",remote address: ""0000:0000:0000:0000:0000:FFFF:C0A8:2F80"",hash: ""668e103f90aaded76856ae6daee2234f""})"
"(:VERTEX {remote port: ""56378"",epoch: ""0"",source: ""syscall"",type: ""Artifact"",version: ""0"",local port: ""8080"",net namespace: ""-1"",local address: ""0000:0000:0000:0000:0000:0000:0000:0000"",protocol: ""tcp"",subtype: ""network socket"",remote address: ""0000:0000:0000:0000:0000:FFFF:C0A8:2F80"",hash: ""980de84af9b864b8730bf4c86f5e668f""})"
"(:VERTEX {gid: ""1000"",euid: ""1000"",children pid namespace: ""-1"",pid: ""61363"",seen time: ""1690978719.114"",source: ""syscall"",type: ""Process"",net namespace: ""-1"",ipc namespace: ""-1"",ppid: ""59024"",pid namespace: ""-1"",uid: ""1000"",egid: ""1000"",exe: ""/app/cartservice"",mount namespace: ""-1"",name: "".NET ThreadPool"",hash: ""f2d3d14eb3147e3925c561b88984cbf1"",user namespace: ""-1""})"
"(:VERTEX {gid: ""1000"",euid: ""1000"",children pid namespace: ""-1"",pid: ""59664"",seen time: ""1690978719.611"",source: ""syscall"",type: ""Process"",net namespace: ""-1"",ipc namespace: ""-1"",ppid: ""58483"",pid namespace: ""-1"",uid: ""1000"",egid: ""1000"",exe: ""/opt/java/openjdk/bin/java"",mount namespace: ""-1"",name: ""grpc-nio-worker"",hash: ""9ed73277b885649dcd3784fef3ee071e"",user namespace: ""-1""})"
"(:VERTEX {memory address: ""7f4e1bf21000"",size: ""4000"",subtype: ""memory"",tgid: ""59664"",source: ""syscall"",type: ""Artifact"",version: ""3"",hash: ""4f7670e5c53f3dd6f955a7720278f092""})"
"(:VERTEX {memory address: ""7f4e1bf21000"",size: ""4000"",subtype: ""memory"",tgid: ""59664"",source: ""syscall"",type: ""Artifact"",version: ""4"",hash: ""6e79af325bee244219cf1a46a86e5fa2""})"
"(:VERTEX {gid: ""0"",euid: ""999"",children pid namespace: ""-1"",pid: ""150642"",seen time: ""1690978720.183"",source: ""syscall"",type: ""Process"",net namespace: ""-1"",ipc namespace: ""-1"",ppid: ""150617"",pid namespace: ""-1"",uid: ""999"",egid: ""0"",exe: ""/"",mount namespace: ""-1"",name: ""runc:[2:INIT]"",hash: ""cc424c03d599a2493269e85ee3ec22e9"",user namespace: ""-1""})"
"(:VERTEX {path: ""/proc/150642/attr/apparmor/exec"",subtype: ""file"",permissions: ""0666"",epoch: ""0"",source: ""syscall"",type: ""Artifact"",version: ""0"",hash: ""f1823bf5589c2585ee835c5159f85e61""})"
"(:VERTEX {gid: ""0"",euid: ""999"",children pid namespace: ""-1"",start time: ""1690978720.183"",pid: ""150642"",source: ""syscall"",type: ""Process"",net namespace: ""-1"",ipc namespace: ""-1"",ppid: ""150617"",pid namespace: ""-1"",cwd: ""/"",uid: ""999"",egid: ""0"",exe: ""/usr/bin/check-status"",mount namespace: ""-1"",command line: ""/usr/bin/check-status -l"",name: ""check-status"",hash: ""eaeabb2841ddfc79a7f3a8b81e209fe5"",user namespace: ""-1""})"
"(:VERTEX {memory address: ""7f96d1a89000"",size: ""2000"",subtype: ""memory"",tgid: ""150642"",source: ""syscall"",type: ""Artifact"",version: ""0"",hash: ""b70b7485c0bccc2c7eff44146637469b""})"
"(:VERTEX {memory address: ""7f96d163e000"",size: ""21f4c0"",subtype: ""memory"",tgid: ""150642"",source: ""syscall"",type: ""Artifact"",version: ""0"",hash: ""6446b3a2069bd00c3ac3007034a83f07""})"
"(:VERTEX {memory address: ""7f96d1659000"",size: ""1ff000"",subtype: ""memory"",tgid: ""150642"",source: ""syscall"",type: ""Artifact"",version: ""0"",hash: ""0d5d5409eb0692e7e0bc8cc1dd76b44c""})"
"(:VERTEX {memory address: ""7f96d1858000"",size: ""2000"",subtype: ""memory"",tgid: ""150642"",source: ""syscall"",type: ""Artifact"",version: ""0"",hash: ""a477730b5943be40dd1abd2bd34bdfdb""})"
"(:VERTEX {memory address: ""7f96d185a000"",size: ""34c0"",subtype: ""memory"",tgid: ""150642"",source: ""syscall"",type: ""Artifact"",version: ""0"",hash: ""46e61e4f576b0e6fd97d7d3344d447f7""})"
"(:VERTEX {memory address: ""7f96d1278000"",size: ""3c58c0"",subtype: ""memory"",tgid: ""150642"",source: ""syscall"",type: ""Artifact"",version: ""0"",hash: ""2e6a9f68b9a2b9bdba7c72c9c15af79f""})"
"(:VERTEX {memory address: ""7f96d1434000"",size: ""200000"",subtype: ""memory"",tgid: ""150642"",source: ""syscall"",type: ""Artifact"",version: ""0"",hash: ""1fbc677f023c1239b1af3bedddc79a18""})"
"(:VERTEX {memory address: ""7f96d1634000"",size: ""6000"",subtype: ""memory"",tgid: ""150642"",source: ""syscall"",type: ""Artifact"",version: ""0"",hash: ""c97867658c968f5b4993bceebc596c45""})"
"(:VERTEX {memory address: ""7f96d163a000"",size: ""38c0"",subtype: ""memory"",tgid: ""150642"",source: ""syscall"",type: ""Artifact"",version: ""0"",hash: ""80c181823509168d8f0f23a71c8eabc7""})"
"(:VERTEX {memory address: ""7f96d1a86000"",size: ""3000"",subtype: ""memory"",tgid: ""150642"",source: ""syscall"",type: ""Artifact"",version: ""0"",hash: ""b6c150df4bbc2ed1d1d02bc7aae8f0bf""})"
"(:VERTEX {memory address: ""7f96d1634000"",size: ""4000"",subtype: ""memory"",tgid: ""150642"",source: ""syscall"",type: ""Artifact"",version: ""0"",hash: ""9f0f0398df296eb9257b491a35ecc615""})"
"(:VERTEX {memory address: ""7f96d1858000"",size: ""1000"",subtype: ""memory"",tgid: ""150642"",source: ""syscall"",type: ""Artifact"",version: ""0"",hash: ""23e126ea3fef082106510558efb1c254""})"
"(:VERTEX {memory address: ""7f96d1a8b000"",size: ""1000"",subtype: ""memory"",tgid: ""150642"",source: ""syscall"",type: ""Artifact"",version: ""0"",hash: ""d3f19d566e05932d63e5b9e1f00a84ba""})"
"(:VERTEX {memory address: ""7f96d1a46000"",size: ""40000"",subtype: ""memory"",tgid: ""150642"",source: ""syscall"",type: ""Artifact"",version: ""0"",hash: ""5559f5e0c47ff199dba4087363df8e17""})"
"(:VERTEX {memory address: ""7f96d1a26000"",size: ""20000"",subtype: ""memory"",tgid: ""150642"",source: ""syscall"",type: ""Artifact"",version: ""0"",hash: ""4ce2043da6425658d3c64461931ff3ad""})"
"(:VERTEX {memory address: ""7f96d1926000"",size: ""100000"",subtype: ""memory"",tgid: ""150642"",source: ""syscall"",type: ""Artifact"",version: ""0"",hash: ""c0d6e7280b715b9f7c66c9e7289bff21""})"
"(:VERTEX {memory address: ""7f96d0a78000"",size: ""800000"",subtype: ""memory"",tgid: ""150642"",source: ""syscall"",type: ""Artifact"",version: ""0"",hash: ""da6f1e89020f33d2ef797a8992fd5d8c""})"
"(:VERTEX {memory address: ""7f96cca78000"",size: ""4000000"",subtype: ""memory"",tgid: ""150642"",source: ""syscall"",type: ""Artifact"",version: ""0"",hash: ""f622cc0060fdd5e5b2833953b13de58a""})"
"(:VERTEX {memory address: ""7f96aca78000"",size: ""20000000"",subtype: ""memory"",tgid: ""150642"",source: ""syscall"",type: ""Artifact"",version: ""0"",hash: ""0eb790f791228027a9254e152f640df0""})"
"(:VERTEX {memory address: ""c000000000"",size: ""4000000"",subtype: ""memory"",tgid: ""150642"",source: ""syscall"",type: ""Artifact"",version: ""0"",hash: ""0599185def954e21949abac052055f5b""})"
"(:VERTEX {memory address: ""7f96aaa78000"",size: ""2000000"",subtype: ""memory"",tgid: ""150642"",source: ""syscall"",type: ""Artifact"",version: ""0"",hash: ""c6c814111b2845ece4f2c62493523d39""})"
"(:VERTEX {memory address: ""7f96aa867000"",size: ""210c10"",subtype: ""memory"",tgid: ""150642"",source: ""syscall"",type: ""Artifact"",version: ""0"",hash: ""c6215722c2a6a4b9e3e2fb30cd00bff7""})"
"(:VERTEX {memory address: ""c000000000"",size: ""400000"",subtype: ""memory"",tgid: ""150642"",source: ""syscall"",type: ""Artifact"",version: ""0"",hash: ""29a422db4b589541ba02a4092e1c8f3f""})"
"(:VERTEX {memory address: ""7f96d1a26000"",size: ""20000"",subtype: ""memory"",tgid: ""150642"",source: ""syscall"",type: ""Artifact"",version: ""1"",hash: ""d825d722da53d355bf4fc5fc13fe3ae9""})"
"(:VERTEX {memory address: ""7f96d19a6000"",size: ""1000"",subtype: ""memory"",tgid: ""150642"",source: ""syscall"",type: ""Artifact"",version: ""0"",hash: ""00f852bb24dc4965b72d74e6692b1200""})"
"(:VERTEX {memory address: ""7f96d0e7e000"",size: ""1000"",subtype: ""memory"",tgid: ""150642"",source: ""syscall"",type: ""Artifact"",version: ""0"",hash: ""f9b7084d7719ecb14e42455c90f93545""})"
"(:VERTEX {memory address: ""7f96ceaa8000"",size: ""1000"",subtype: ""memory"",tgid: ""150642"",source: ""syscall"",type: ""Artifact"",version: ""0"",hash: ""234557dce11d803f15628498ccc3e1e5""})"
"(:VERTEX {memory address: ""7f96bcbf8000"",size: ""1000"",subtype: ""memory"",tgid: ""150642"",source: ""syscall"",type: ""Artifact"",version: ""0"",hash: ""69a9d7a5f5792f7b79e0136f1e1fb782""})"
"(:VERTEX {memory address: ""7f96aa767000"",size: ""100000"",subtype: ""memory"",tgid: ""150642"",source: ""syscall"",type: ""Artifact"",version: ""0"",hash: ""05450f51ed2470c3bbd93dc58cde7fbe""})"
"(:VERTEX {memory address: ""7f96d1916000"",size: ""10000"",subtype: ""memory"",tgid: ""150642"",source: ""syscall"",type: ""Artifact"",version: ""0"",hash: ""34e17b89570b0d62874163b320e90b74""})"
"(:VERTEX {memory address: ""7f96d1906000"",size: ""10000"",subtype: ""memory"",tgid: ""150642"",source: ""syscall"",type: ""Artifact"",version: ""0"",hash: ""d8182d65153b80da4ed7a11faed96405""})"
"(:VERTEX {memory address: ""7f96a9f66000"",size: ""801000"",subtype: ""memory"",tgid: ""150642"",source: ""syscall"",type: ""Artifact"",version: ""0"",hash: ""7d373e6d79e8686bd157e88f16ffdb75""})"
"(:VERTEX {memory address: ""7f96a9f67000"",size: ""800000"",subtype: ""memory"",tgid: ""150642"",source: ""syscall"",type: ""Artifact"",version: ""0"",hash: ""140fcaa5afa2a50fb9e0f4bc23b0e26a""})"
"(:VERTEX {gid: ""0"",euid: ""999"",children pid namespace: ""4026532779"",start time: ""1690978720.208"",ns pid: ""11648"",pid: ""150647"",source: ""syscall"",type: ""Process"",net namespace: ""4026532705"",ipc namespace: ""4026532772"",ppid: ""150642"",pid namespace: ""4026532779"",cwd: ""/"",uid: ""999"",egid: ""0"",exe: ""/usr/bin/check-status"",mount namespace: ""4026532778"",command line: ""/usr/bin/check-status -l"",name: ""check-status"",hash: ""2cff52787de338cf53e6cdfc06954fdc"",user namespace: ""4026531837""})"
"(:VERTEX {memory address: ""7f96a9765000"",size: ""801000"",subtype: ""memory"",tgid: ""150642"",source: ""syscall"",type: ""Artifact"",version: ""0"",hash: ""9a491b0ebe5a5ae38619722dcb007be9""})"
"(:VERTEX {memory address: ""7f96a9766000"",size: ""800000"",subtype: ""memory"",tgid: ""150642"",source: ""syscall"",type: ""Artifact"",version: ""0"",hash: ""f66be9e6c089d4cf09c2f6be04884314""})"
"(:VERTEX {gid: ""0"",euid: ""999"",children pid namespace: ""4026532779"",start time: ""1690978720.208"",ns pid: ""11649"",pid: ""150648"",source: ""syscall"",type: ""Process"",net namespace: ""4026532705"",ipc namespace: ""4026532772"",ppid: ""150642"",pid namespace: ""4026532779"",cwd: ""/"",uid: ""999"",egid: ""0"",exe: ""/usr/bin/check-status"",mount namespace: ""4026532778"",command line: ""/usr/bin/check-status -l"",name: ""check-status"",hash: ""a41c60a3ff267f51f9cb1d2e4028104a"",user namespace: ""4026531837""})"
"(:VERTEX {memory address: ""7f96a8f64000"",size: ""801000"",subtype: ""memory"",tgid: ""150642"",source: ""syscall"",type: ""Artifact"",version: ""0"",hash: ""341a5e52fa4e08310384a15d249746a4""})"
"(:VERTEX {memory address: ""7f96a8f65000"",size: ""800000"",subtype: ""memory"",tgid: ""150642"",source: ""syscall"",type: ""Artifact"",version: ""0"",hash: ""dd523e68ff96d53b24cf6b91a908aded""})"
"(:VERTEX {gid: ""0"",euid: ""999"",children pid namespace: ""4026532779"",start time: ""1690978720.208"",ns pid: ""11650"",pid: ""150649"",source: ""syscall"",type: ""Process"",net namespace: ""4026532705"",ipc namespace: ""4026532772"",ppid: ""150642"",pid namespace: ""4026532779"",cwd: ""/"",uid: ""999"",egid: ""0"",exe: ""/usr/bin/check-status"",mount namespace: ""4026532778"",command line: ""/usr/bin/check-status -l"",name: ""check-status"",hash: ""6745d455812a2b15f9a7f2d9f33b9ad9"",user namespace: ""4026531837""})"
"(:VERTEX {memory address: ""7f96a0f64000"",size: ""8000000"",subtype: ""memory"",tgid: ""150642"",source: ""syscall"",type: ""Artifact"",version: ""0"",hash: ""3f3c713949aa5ac07281178cd94f7b69""})"
"(:VERTEX {memory address: ""7f96a4000000"",size: ""21000"",subtype: ""memory"",tgid: ""150642"",source: ""syscall"",type: ""Artifact"",version: ""0"",hash: ""b8acbd2897d69f2a93f5e5610110286d""})"
"(:VERTEX {memory address: ""7f969c000000"",size: ""8000000"",subtype: ""memory"",tgid: ""150642"",source: ""syscall"",type: ""Artifact"",version: ""0"",hash: ""521c4bc3bd53d05d9be1e0a940819ee4""})"
"(:VERTEX {memory address: ""7f969c000000"",size: ""21000"",subtype: ""memory"",tgid: ""150642"",source: ""syscall"",type: ""Artifact"",version: ""0"",hash: ""65f534c4ad5a06eda3f1652bfa3f1969""})"
"(:VERTEX {memory address: ""7f96d18c6000"",size: ""40000"",subtype: ""memory"",tgid: ""150642"",source: ""syscall"",type: ""Artifact"",version: ""0"",hash: ""17b3c929b896f1c1257e05091f74ad3e""})"
"(:VERTEX {memory address: ""7f96a8763000"",size: ""801000"",subtype: ""memory"",tgid: ""150642"",source: ""syscall"",type: ""Artifact"",version: ""0"",hash: ""81e15f691874da36ab7147ec70c9eacf""})"
"(:VERTEX {memory address: ""7f96a8764000"",size: ""800000"",subtype: ""memory"",tgid: ""150642"",source: ""syscall"",type: ""Artifact"",version: ""0"",hash: ""52251394c9135df4ed57717ea5c3d71d""})"
"(:VERTEX {gid: ""0"",euid: ""999"",children pid namespace: ""4026532779"",start time: ""1690978720.208"",ns pid: ""11651"",pid: ""150650"",source: ""syscall"",type: ""Process"",net namespace: ""4026532705"",ipc namespace: ""4026532772"",ppid: ""150642"",pid namespace: ""4026532779"",cwd: ""/"",uid: ""999"",egid: ""0"",exe: ""/usr/bin/check-status"",mount namespace: ""4026532778"",command line: ""/usr/bin/check-status -l"",name: ""check-status"",hash: ""9c79274ec550d24f4aa242bd83a2a42b"",user namespace: ""4026531837""})"
"(:VERTEX {memory address: ""7f96a0000000"",size: ""4000000"",subtype: ""memory"",tgid: ""150642"",source: ""syscall"",type: ""Artifact"",version: ""0"",hash: ""81a396080edea16b0f61e7519a8058bc""})"
"(:VERTEX {memory address: ""7f96a0000000"",size: ""21000"",subtype: ""memory"",tgid: ""150642"",source: ""syscall"",type: ""Artifact"",version: ""0"",hash: ""f5b23e33a8d7b3cdf214d8ce7fff97d5""})"
"(:VERTEX {memory address: ""7f9694000000"",size: ""8000000"",subtype: ""memory"",tgid: ""150642"",source: ""syscall"",type: ""Artifact"",version: ""0"",hash: ""2c72cc5b04b2e423877286b2fc416c18""})"
"(:VERTEX {memory address: ""7f96937ff000"",size: ""801000"",subtype: ""memory"",tgid: ""150642"",source: ""syscall"",type: ""Artifact"",version: ""0"",hash: ""bbf4b1dc8329bfb686c96a03aca53a23""})"
"(:VERTEX {memory address: ""7f9693800000"",size: ""800000"",subtype: ""memory"",tgid: ""150642"",source: ""syscall"",type: ""Artifact"",version: ""0"",hash: ""be0e253ca097bedcc99b192a0138688a""})"
"(:VERTEX {gid: ""0"",euid: ""999"",children pid namespace: ""4026532779"",start time: ""1690978720.212"",ns pid: ""11652"",pid: ""150651"",source: ""syscall"",type: ""Process"",net namespace: ""4026532705"",ipc namespace: ""4026532772"",ppid: ""150642"",pid namespace: ""4026532779"",cwd: ""/"",uid: ""999"",egid: ""0"",exe: ""/usr/bin/check-status"",mount namespace: ""4026532778"",command line: ""/usr/bin/check-status -l"",name: ""check-status"",hash: ""7b133c03311a1a0332453da242574ed7"",user namespace: ""4026531837""})"
"(:VERTEX {memory address: ""7f96a8723000"",size: ""40000"",subtype: ""memory"",tgid: ""150642"",source: ""syscall"",type: ""Artifact"",version: ""0"",hash: ""a70cc2ba7739f9c964589d894311038e""})"
"(:VERTEX {remote port: ""46056"",epoch: ""0"",source: ""syscall"",type: ""Artifact"",version: ""0"",local port: ""50051"",net namespace: ""-1"",local address: ""0000:0000:0000:0000:0000:0000:0000:0000"",protocol: ""tcp"",subtype: ""network socket"",remote address: ""0000:0000:0000:0000:0000:FFFF:C0A8:2F80"",hash: ""0f2bad2171f09ed28f26dcd046dd3bef""})"
"(:VERTEX {remote port: ""59954"",epoch: ""1"",source: ""syscall"",type: ""Artifact"",version: ""0"",local port: ""8080"",net namespace: ""-1"",local address: ""0000:0000:0000:0000:0000:0000:0000:0000"",protocol: ""tcp"",subtype: ""network socket"",remote address: ""0000:0000:0000:0000:0000:FFFF:C0A8:2F80"",hash: ""0f5cee96b688b9c86c13db92ebdfbc0b""})"
"(:VERTEX {remote port: ""48564"",epoch: ""0"",source: ""syscall"",type: ""Artifact"",version: ""0"",local port: ""6379"",net namespace: ""-1"",local address: ""0.0.0.0"",protocol: ""tcp"",subtype: ""network socket"",remote address: ""192.168.47.128"",hash: ""bc137d3de3b8e866bcf0a545625c0415""})"
"(:VERTEX {remote port: ""46058"",epoch: ""0"",source: ""syscall"",type: ""Artifact"",version: ""0"",local port: ""50051"",net namespace: ""-1"",local address: ""0000:0000:0000:0000:0000:0000:0000:0000"",protocol: ""tcp"",subtype: ""network socket"",remote address: ""0000:0000:0000:0000:0000:FFFF:C0A8:2F80"",hash: ""9e228b2f64322a06219b0dc45093a613""})"
"(:VERTEX {remote port: ""52300"",epoch: ""0"",source: ""syscall"",type: ""Artifact"",version: ""0"",local port: ""7000"",net namespace: ""-1"",local address: ""0000:0000:0000:0000:0000:0000:0000:0000"",protocol: ""tcp"",subtype: ""network socket"",remote address: ""0000:0000:0000:0000:0000:FFFF:C0A8:2F80"",hash: ""7ebdda754ef0710082f71044900b9d97""})"
"(:VERTEX {remote port: ""59966"",epoch: ""0"",source: ""syscall"",type: ""Artifact"",version: ""0"",local port: ""8080"",net namespace: ""-1"",local address: ""0000:0000:0000:0000:0000:0000:0000:0000"",protocol: ""tcp"",subtype: ""network socket"",remote address: ""0000:0000:0000:0000:0000:FFFF:C0A8:2F80"",hash: ""8f5ba72ddea64303ffa7441bf47160e9""})"
"(:VERTEX {remote port: ""56684"",epoch: ""0"",source: ""syscall"",type: ""Artifact"",version: ""0"",local port: ""5050"",net namespace: ""-1"",local address: ""0000:0000:0000:0000:0000:0000:0000:0000"",protocol: ""tcp"",subtype: ""network socket"",remote address: ""0000:0000:0000:0000:0000:FFFF:C0A8:2F80"",hash: ""219f4936fe2665003062f76c66748d8c""})"
"(:VERTEX {remote port: ""56694"",epoch: ""0"",source: ""syscall"",type: ""Artifact"",version: ""0"",local port: ""5050"",net namespace: ""-1"",local address: ""0000:0000:0000:0000:0000:0000:0000:0000"",protocol: ""tcp"",subtype: ""network socket"",remote address: ""0000:0000:0000:0000:0000:FFFF:C0A8:2F80"",hash: ""3cfe39c142329a682fa148588707887a""})"
"(:VERTEX {remote port: ""48580"",epoch: ""0"",source: ""syscall"",type: ""Artifact"",version: ""0"",local port: ""6379"",net namespace: ""-1"",local address: ""0.0.0.0"",protocol: ""tcp"",subtype: ""network socket"",remote address: ""192.168.47.128"",hash: ""7577d0458cdffcefd2c77b3451dc66fb""})"
"(:VERTEX {remote port: ""52870"",epoch: ""0"",source: ""syscall"",type: ""Artifact"",version: ""0"",local port: ""8080"",net namespace: ""-1"",local address: ""0000:0000:0000:0000:0000:0000:0000:0000"",protocol: ""tcp"",subtype: ""network socket"",remote address: ""0000:0000:0000:0000:0000:FFFF:C0A8:2F80"",hash: ""b6720edc0153e97cfc555ac602a3cd8c""})"
"(:VERTEX {remote port: ""52880"",epoch: ""0"",source: ""syscall"",type: ""Artifact"",version: ""0"",local port: ""8080"",net namespace: ""-1"",local address: ""0000:0000:0000:0000:0000:0000:0000:0000"",protocol: ""tcp"",subtype: ""network socket"",remote address: ""0000:0000:0000:0000:0000:FFFF:C0A8:2F80"",hash: ""424bee44a0ab9b8bbc30b48bf5f20a13""})"
"(:VERTEX {remote port: ""52308"",epoch: ""0"",source: ""syscall"",type: ""Artifact"",version: ""0"",local port: ""7000"",net namespace: ""-1"",local address: ""0000:0000:0000:0000:0000:0000:0000:0000"",protocol: ""tcp"",subtype: ""network socket"",remote address: ""0000:0000:0000:0000:0000:FFFF:C0A8:2F80"",hash: ""4dd433083296a6ff56b52ba8a4510077""})"
"(:VERTEX {remote port: ""40998"",epoch: ""0"",source: ""syscall"",type: ""Artifact"",version: ""0"",local port: ""50051"",net namespace: ""-1"",local address: ""0000:0000:0000:0000:0000:0000:0000:0000"",protocol: ""tcp"",subtype: ""network socket"",remote address: ""0000:0000:0000:0000:0000:FFFF:C0A8:2F80"",hash: ""7a712404a9b0fd2031298bd892b546af""})"
"(:VERTEX {remote port: ""48552"",epoch: ""0"",source: ""syscall"",type: ""Artifact"",version: ""0"",local port: ""7070"",net namespace: ""4026533266"",local address: ""0000:0000:0000:0000:0000:0000:0000:0000"",protocol: ""tcp"",subtype: ""network socket"",remote address: ""0000:0000:0000:0000:0000:FFFF:C0A8:2F80"",hash: ""60634c47bec4289033c1a813888cab5e""})"
"(:VERTEX {remote port: ""41014"",epoch: ""0"",source: ""syscall"",type: ""Artifact"",version: ""0"",local port: ""50051"",net namespace: ""-1"",local address: ""0000:0000:0000:0000:0000:0000:0000:0000"",protocol: ""tcp"",subtype: ""network socket"",remote address: ""0000:0000:0000:0000:0000:FFFF:C0A8:2F80"",hash: ""a04976e1f138003017f9982d6fe86268""})"
"(:VERTEX {remote port: ""51292"",epoch: ""0"",source: ""syscall"",type: ""Artifact"",version: ""0"",local port: ""3550"",net namespace: ""-1"",local address: ""0000:0000:0000:0000:0000:0000:0000:0000"",protocol: ""tcp"",subtype: ""network socket"",remote address: ""0000:0000:0000:0000:0000:FFFF:C0A8:2F80"",hash: ""08bf600423012c37e87c17844a5bbb41""})"
"(:VERTEX {remote port: ""48560"",epoch: ""0"",source: ""syscall"",type: ""Artifact"",version: ""0"",local port: ""7070"",net namespace: ""4026533266"",local address: ""0000:0000:0000:0000:0000:0000:0000:0000"",protocol: ""tcp"",subtype: ""network socket"",remote address: ""0000:0000:0000:0000:0000:FFFF:C0A8:2F80"",hash: ""4be605fc4e1ee83bcdef297373de9002""})"
"(:VERTEX {remote port: ""56388"",epoch: ""0"",source: ""syscall"",type: ""Artifact"",version: ""0"",local port: ""8080"",net namespace: ""-1"",local address: ""0000:0000:0000:0000:0000:0000:0000:0000"",protocol: ""tcp"",subtype: ""network socket"",remote address: ""0000:0000:0000:0000:0000:FFFF:C0A8:2F80"",hash: ""a29bdf2327a151ea1efe8f290de72e7e""})"
"(:VERTEX {remote port: ""56400"",epoch: ""0"",source: ""syscall"",type: ""Artifact"",version: ""0"",local port: ""8080"",net namespace: ""-1"",local address: ""0000:0000:0000:0000:0000:0000:0000:0000"",protocol: ""tcp"",subtype: ""network socket"",remote address: ""0000:0000:0000:0000:0000:FFFF:C0A8:2F80"",hash: ""41cccec3260e0657df6d41b852ed32f3""})"
"(:VERTEX {remote port: ""51302"",epoch: ""0"",source: ""syscall"",type: ""Artifact"",version: ""0"",local port: ""3550"",net namespace: ""-1"",local address: ""0000:0000:0000:0000:0000:0000:0000:0000"",protocol: ""tcp"",subtype: ""network socket"",remote address: ""0000:0000:0000:0000:0000:FFFF:C0A8:2F80"",hash: ""1e916dbfe4b99d9a486c6f96c22bf621""})"
"(:VERTEX {remote port: ""53"",epoch: ""0"",source: ""syscall"",type: ""Artifact"",version: ""0"",local port: ""52997"",net namespace: ""-1"",local address: ""10.1.251.204"",protocol: ""udp"",subtype: ""network socket"",remote address: ""10.152.183.10"",hash: ""fb70d549bdadaf410d90b1a45e02beb2""})"
"(:VERTEX {remote port: ""53"",epoch: ""0"",source: ""syscall"",type: ""Artifact"",version: ""0"",local port: ""46656"",net namespace: ""-1"",local address: ""10.1.251.204"",protocol: ""udp"",subtype: ""network socket"",remote address: ""10.152.183.10"",hash: ""9312d8898a101d62fa12b3d8e598e25e""})"
"(:VERTEX {gid: ""0"",euid: ""999"",children pid namespace: ""-1"",pid: ""150777"",seen time: ""1690978727.325"",source: ""syscall"",type: ""Process"",net namespace: ""-1"",ipc namespace: ""-1"",ppid: ""150767"",pid namespace: ""-1"",uid: ""999"",egid: ""0"",exe: ""/"",mount namespace: ""-1"",name: ""runc:[2:INIT]"",hash: ""ea3cfef461efeb896d6897469d858d9a"",user namespace: ""-1""})"
"(:VERTEX {path: ""/proc/150777/attr/apparmor/exec"",subtype: ""file"",permissions: ""0666"",epoch: ""0"",source: ""syscall"",type: ""Artifact"",version: ""0"",hash: ""f523efe8b59f6676f9be1208cc3ecd88""})"
"(:VERTEX {gid: ""0"",euid: ""999"",children pid namespace: ""-1"",start time: ""1690978727.333"",pid: ""150777"",source: ""syscall"",type: ""Process"",net namespace: ""-1"",ipc namespace: ""-1"",ppid: ""150767"",pid namespace: ""-1"",cwd: ""/"",uid: ""999"",egid: ""0"",exe: ""/usr/bin/check-status"",mount namespace: ""-1"",command line: ""/usr/bin/check-status -r"",name: ""check-status"",hash: ""e77b12309128dd8dc8adbb980ec0ce26"",user namespace: ""-1""})"
"(:VERTEX {memory address: ""7f1c4a1d0000"",size: ""2000"",subtype: ""memory"",tgid: ""150777"",source: ""syscall"",type: ""Artifact"",version: ""0"",hash: ""d2313b761f525a56ae67c345781d9613""})"
"(:VERTEX {memory address: ""7f1c49d85000"",size: ""21f4c0"",subtype: ""memory"",tgid: ""150777"",source: ""syscall"",type: ""Artifact"",version: ""0"",hash: ""f47c134b6e53786bccb2459756d83a0c""})"
"(:VERTEX {memory address: ""7f1c49da0000"",size: ""1ff000"",subtype: ""memory"",tgid: ""150777"",source: ""syscall"",type: ""Artifact"",version: ""0"",hash: ""fde72fe751be35f5b79b24982b26b4f8""})"
"(:VERTEX {memory address: ""7f1c49f9f000"",size: ""2000"",subtype: ""memory"",tgid: ""150777"",source: ""syscall"",type: ""Artifact"",version: ""0"",hash: ""6cdcc8eae7d55cf40505a9b21dec9ca1""})"
"(:VERTEX {memory address: ""7f1c49fa1000"",size: ""34c0"",subtype: ""memory"",tgid: ""150777"",source: ""syscall"",type: ""Artifact"",version: ""0"",hash: ""7c5dce19d316735cfb94fcb9cbd92f20""})"
"(:VERTEX {memory address: ""7f1c499bf000"",size: ""3c58c0"",subtype: ""memory"",tgid: ""150777"",source: ""syscall"",type: ""Artifact"",version: ""0"",hash: ""aba4dcb24c1486d44d984f62718c851d""})"
"(:VERTEX {memory address: ""7f1c49b7b000"",size: ""200000"",subtype: ""memory"",tgid: ""150777"",source: ""syscall"",type: ""Artifact"",version: ""0"",hash: ""74c2e4a2867b9001394cc2ceba7ba353""})"
"(:VERTEX {memory address: ""7f1c49d7b000"",size: ""6000"",subtype: ""memory"",tgid: ""150777"",source: ""syscall"",type: ""Artifact"",version: ""0"",hash: ""c09a6917b91024f56f9cc9984d8e2c2b""})"
"(:VERTEX {memory address: ""7f1c49d81000"",size: ""38c0"",subtype: ""memory"",tgid: ""150777"",source: ""syscall"",type: ""Artifact"",version: ""0"",hash: ""38571389d6d908787ef32240588228f5""})"
"(:VERTEX {memory address: ""7f1c4a1cd000"",size: ""3000"",subtype: ""memory"",tgid: ""150777"",source: ""syscall"",type: ""Artifact"",version: ""0"",hash: ""14f30b6a1bee299cb12f4120ab7bf4f5""})"
"(:VERTEX {memory address: ""7f1c49d7b000"",size: ""4000"",subtype: ""memory"",tgid: ""150777"",source: ""syscall"",type: ""Artifact"",version: ""0"",hash: ""4185b8f3cf826282fc0cc0f888ec41d5""})"
"(:VERTEX {memory address: ""7f1c49f9f000"",size: ""1000"",subtype: ""memory"",tgid: ""150777"",source: ""syscall"",type: ""Artifact"",version: ""0"",hash: ""aa728316c2854c92ae0eae0ac51c3517""})"
"(:VERTEX {memory address: ""7f1c4a1d2000"",size: ""1000"",subtype: ""memory"",tgid: ""150777"",source: ""syscall"",type: ""Artifact"",version: ""0"",hash: ""b24b6168f3dbaa8357b28704999b360c""})"
"(:VERTEX {memory address: ""7f1c4a18d000"",size: ""40000"",subtype: ""memory"",tgid: ""150777"",source: ""syscall"",type: ""Artifact"",version: ""0"",hash: ""1913f69308e62fdaf57daebdbe96709e""})"
"(:VERTEX {memory address: ""7f1c4a16d000"",size: ""20000"",subtype: ""memory"",tgid: ""150777"",source: ""syscall"",type: ""Artifact"",version: ""0"",hash: ""c9a83a0bf1235587814fd5c5c539e8dc""})"
"(:VERTEX {memory address: ""7f1c4a06d000"",size: ""100000"",subtype: ""memory"",tgid: ""150777"",source: ""syscall"",type: ""Artifact"",version: ""0"",hash: ""cdfe972209c0c2f236c47cda8b002638""})"
"(:VERTEX {memory address: ""7f1c491bf000"",size: ""800000"",subtype: ""memory"",tgid: ""150777"",source: ""syscall"",type: ""Artifact"",version: ""0"",hash: ""29f7b4a21b19a5ff77f409fdc9345477""})"
"(:VERTEX {memory address: ""7f1c451bf000"",size: ""4000000"",subtype: ""memory"",tgid: ""150777"",source: ""syscall"",type: ""Artifact"",version: ""0"",hash: ""d01df884f13dbc88b3414e1768f76a7f""})"
"(:VERTEX {memory address: ""7f1c251bf000"",size: ""20000000"",subtype: ""memory"",tgid: ""150777"",source: ""syscall"",type: ""Artifact"",version: ""0"",hash: ""beedad63ba6cfc2091e310479f266965""})"
"(:VERTEX {memory address: ""c000000000"",size: ""4000000"",subtype: ""memory"",tgid: ""150777"",source: ""syscall"",type: ""Artifact"",version: ""0"",hash: ""cfb7185b5888c7d9d25de08832ae164a""})"
"(:VERTEX {memory address: ""7f1c231bf000"",size: ""2000000"",subtype: ""memory"",tgid: ""150777"",source: ""syscall"",type: ""Artifact"",version: ""0"",hash: ""72e776552feff88dc83c2797153961b1""})"
"(:VERTEX {memory address: ""7f1c22fae000"",size: ""210c10"",subtype: ""memory"",tgid: ""150777"",source: ""syscall"",type: ""Artifact"",version: ""0"",hash: ""8157b6f91a81751e9e38c6641d54d173""})"
"(:VERTEX {memory address: ""c000000000"",size: ""400000"",subtype: ""memory"",tgid: ""150777"",source: ""syscall"",type: ""Artifact"",version: ""0"",hash: ""a5c81c8bfc54fbe5330d4c416106b07a""})"
"(:VERTEX {memory address: ""7f1c4a16d000"",size: ""20000"",subtype: ""memory"",tgid: ""150777"",source: ""syscall"",type: ""Artifact"",version: ""1"",hash: ""42e81c985c1d423bafd0a98ae74ecd8b""})"
"(:VERTEX {memory address: ""7f1c4a0ed000"",size: ""1000"",subtype: ""memory"",tgid: ""150777"",source: ""syscall"",type: ""Artifact"",version: ""0"",hash: ""934b57deb96553951ee85a5923815968""})"
"(:VERTEX {memory address: ""7f1c495c5000"",size: ""1000"",subtype: ""memory"",tgid: ""150777"",source: ""syscall"",type: ""Artifact"",version: ""0"",hash: ""672542f2306629fbb8e81bb009f6a916""})"
"(:VERTEX {memory address: ""7f1c471ef000"",size: ""1000"",subtype: ""memory"",tgid: ""150777"",source: ""syscall"",type: ""Artifact"",version: ""0"",hash: ""1ad77f91804bc3d494b4647ad709e85a""})"
"(:VERTEX {memory address: ""7f1c3533f000"",size: ""1000"",subtype: ""memory"",tgid: ""150777"",source: ""syscall"",type: ""Artifact"",version: ""0"",hash: ""cfe18b2d77533dc2087502dacf764e69""})"
"(:VERTEX {memory address: ""7f1c22eae000"",size: ""100000"",subtype: ""memory"",tgid: ""150777"",source: ""syscall"",type: ""Artifact"",version: ""0"",hash: ""659e5c2b676c57732f28d9d44c60ddd9""})"
"(:VERTEX {memory address: ""7f1c4a05d000"",size: ""10000"",subtype: ""memory"",tgid: ""150777"",source: ""syscall"",type: ""Artifact"",version: ""0"",hash: ""8e52497a47643cf737e98c1ecd69433e""})"
"(:VERTEX {memory address: ""7f1c4a04d000"",size: ""10000"",subtype: ""memory"",tgid: ""150777"",source: ""syscall"",type: ""Artifact"",version: ""0"",hash: ""0cf56d7c13d77789d21c34c191cb7827""})"
"(:VERTEX {memory address: ""7f1c226ad000"",size: ""801000"",subtype: ""memory"",tgid: ""150777"",source: ""syscall"",type: ""Artifact"",version: ""0"",hash: ""5c049cbf95edd7cd160c68e74af0a5d2""})"
"(:VERTEX {memory address: ""7f1c226ae000"",size: ""800000"",subtype: ""memory"",tgid: ""150777"",source: ""syscall"",type: ""Artifact"",version: ""0"",hash: ""c9d7e53f024e1a1c0b94f564d5c85fe3""})"
"(:VERTEX {gid: ""0"",euid: ""999"",children pid namespace: ""4026532779"",start time: ""1690978727.361"",ns pid: ""11659"",pid: ""150783"",source: ""syscall"",type: ""Process"",net namespace: ""4026532705"",ipc namespace: ""4026532772"",ppid: ""150777"",pid namespace: ""4026532779"",cwd: ""/"",uid: ""999"",egid: ""0"",exe: ""/usr/bin/check-status"",mount namespace: ""4026532778"",command line: ""/usr/bin/check-status -r"",name: ""check-status"",hash: ""5fb848f02151ac214934fe85dac4b0e8"",user namespace: ""4026531837""})"
"(:VERTEX {memory address: ""7f1c1a6ad000"",size: ""8000000"",subtype: ""memory"",tgid: ""150777"",source: ""syscall"",type: ""Artifact"",version: ""0"",hash: ""41a2c729486c8d85eba3620b40b6e7c3""})"
"(:VERTEX {memory address: ""7f1c1c000000"",size: ""21000"",subtype: ""memory"",tgid: ""150777"",source: ""syscall"",type: ""Artifact"",version: ""0"",hash: ""aceb3ded0dbfd0215bc31def465ecea7""})"
"(:VERTEX {memory address: ""7f1c21eac000"",size: ""801000"",subtype: ""memory"",tgid: ""150777"",source: ""syscall"",type: ""Artifact"",version: ""0"",hash: ""2b0be7c4aa6fab40a263502c1873a44b""})"
"(:VERTEX {memory address: ""7f1c21ead000"",size: ""800000"",subtype: ""memory"",tgid: ""150777"",source: ""syscall"",type: ""Artifact"",version: ""0"",hash: ""eeb8e68e477288ef9def6e9fe1abdd6f""})"
"(:VERTEX {gid: ""0"",euid: ""999"",children pid namespace: ""4026532779"",start time: ""1690978727.365"",ns pid: ""11660"",pid: ""150784"",source: ""syscall"",type: ""Process"",net namespace: ""4026532705"",ipc namespace: ""4026532772"",ppid: ""150777"",pid namespace: ""4026532779"",cwd: ""/"",uid: ""999"",egid: ""0"",exe: ""/usr/bin/check-status"",mount namespace: ""4026532778"",command line: ""/usr/bin/check-status -r"",name: ""check-status"",hash: ""b2a733090077b379b662647d8dbf602a"",user namespace: ""4026531837""})"
"(:VERTEX {memory address: ""7f1c14000000"",size: ""8000000"",subtype: ""memory"",tgid: ""150777"",source: ""syscall"",type: ""Artifact"",version: ""0"",hash: ""afd2894074768c2a1ce9ff1c26ff5de4""})"
"(:VERTEX {memory address: ""7f1c14000000"",size: ""21000"",subtype: ""memory"",tgid: ""150777"",source: ""syscall"",type: ""Artifact"",version: ""0"",hash: ""b1594be2ce6c9102d1606416d3606630""})"
"(:VERTEX {memory address: ""7f1c216ab000"",size: ""801000"",subtype: ""memory"",tgid: ""150777"",source: ""syscall"",type: ""Artifact"",version: ""0"",hash: ""6b265ad910384dbe4448a565f3a6e77d""})"
"(:VERTEX {memory address: ""7f1c216ac000"",size: ""800000"",subtype: ""memory"",tgid: ""150777"",source: ""syscall"",type: ""Artifact"",version: ""0"",hash: ""5f6c126b46d8a1841e3254f92b9c3380""})"
"(:VERTEX {gid: ""0"",euid: ""999"",children pid namespace: ""4026532779"",start time: ""1690978727.369"",ns pid: ""11661"",pid: ""150785"",source: ""syscall"",type: ""Process"",net namespace: ""4026532705"",ipc namespace: ""4026532772"",ppid: ""150777"",pid namespace: ""4026532779"",cwd: ""/"",uid: ""999"",egid: ""0"",exe: ""/usr/bin/check-status"",mount namespace: ""4026532778"",command line: ""/usr/bin/check-status -r"",name: ""check-status"",hash: ""d92c684582bb1c8019d227ccb38534d4"",user namespace: ""4026531837""})"
"(:VERTEX {memory address: ""7f1c18000000"",size: ""4000000"",subtype: ""memory"",tgid: ""150777"",source: ""syscall"",type: ""Artifact"",version: ""0"",hash: ""9fc66598321308ad24bd268dd6a53c09""})"
"(:VERTEX {memory address: ""7f1c18000000"",size: ""21000"",subtype: ""memory"",tgid: ""150777"",source: ""syscall"",type: ""Artifact"",version: ""0"",hash: ""7e3039a419f2698c73789807fd6eeea5""})"
"(:VERTEX {memory address: ""7f1c4a00d000"",size: ""40000"",subtype: ""memory"",tgid: ""150777"",source: ""syscall"",type: ""Artifact"",version: ""0"",hash: ""6452aaf7342e850259724928ee10d823""})"
"(:VERTEX {memory address: ""7f1c20eaa000"",size: ""801000"",subtype: ""memory"",tgid: ""150777"",source: ""syscall"",type: ""Artifact"",version: ""0"",hash: ""9bdec46791b95dc11aa70350afe257a3""})"
"(:VERTEX {memory address: ""7f1c20eab000"",size: ""800000"",subtype: ""memory"",tgid: ""150777"",source: ""syscall"",type: ""Artifact"",version: ""0"",hash: ""96bac7af84dd31568590cf6c841291d2""})"
"(:VERTEX {gid: ""0"",euid: ""999"",children pid namespace: ""4026532779"",start time: ""1690978727.369"",ns pid: ""11662"",pid: ""150786"",source: ""syscall"",type: ""Process"",net namespace: ""4026532705"",ipc namespace: ""4026532772"",ppid: ""150777"",pid namespace: ""4026532779"",cwd: ""/"",uid: ""999"",egid: ""0"",exe: ""/usr/bin/check-status"",mount namespace: ""4026532778"",command line: ""/usr/bin/check-status -r"",name: ""check-status"",hash: ""bb7a1c2da17873c01879dca72f32d331"",user namespace: ""4026531837""})"
"(:VERTEX {memory address: ""7f1c0c000000"",size: ""8000000"",subtype: ""memory"",tgid: ""150777"",source: ""syscall"",type: ""Artifact"",version: ""0"",hash: ""8ab9ff1619df687427741bfb8c826947""})"
"(:VERTEX {memory address: ""7f1c0c000000"",size: ""21000"",subtype: ""memory"",tgid: ""150777"",source: ""syscall"",type: ""Artifact"",version: ""0"",hash: ""a97fb51b296ce8748aba5b621fb5da37""})"
"(:VERTEX {memory address: ""7f1c206a9000"",size: ""801000"",subtype: ""memory"",tgid: ""150777"",source: ""syscall"",type: ""Artifact"",version: ""0"",hash: ""ccd561790d1ca3575b5eb0e4549fe5d0""})"
"(:VERTEX {memory address: ""7f1c206aa000"",size: ""800000"",subtype: ""memory"",tgid: ""150777"",source: ""syscall"",type: ""Artifact"",version: ""0"",hash: ""c7044bec6e9f99d96f63aa92dae64980""})"
"(:VERTEX {gid: ""0"",euid: ""999"",children pid namespace: ""4026532779"",start time: ""1690978727.369"",ns pid: ""11663"",pid: ""150787"",source: ""syscall"",type: ""Process"",net namespace: ""4026532705"",ipc namespace: ""4026532772"",ppid: ""150777"",pid namespace: ""4026532779"",cwd: ""/"",uid: ""999"",egid: ""0"",exe: ""/usr/bin/check-status"",mount namespace: ""4026532778"",command line: ""/usr/bin/check-status -r"",name: ""check-status"",hash: ""df133065a8797ae13789495ff51cd53a"",user namespace: ""4026531837""})"
"(:VERTEX {memory address: ""7f1c137ff000"",size: ""801000"",subtype: ""memory"",tgid: ""150777"",source: ""syscall"",type: ""Artifact"",version: ""0"",hash: ""656bf6fbaba0c7de2472c42a4c6fdf04""})"
"(:VERTEX {memory address: ""7f1c13800000"",size: ""800000"",subtype: ""memory"",tgid: ""150777"",source: ""syscall"",type: ""Artifact"",version: ""0"",hash: ""9772c13c8e17374f0533d18761fea5eb""})"
"(:VERTEX {gid: ""0"",euid: ""999"",children pid namespace: ""4026532779"",start time: ""1690978727.369"",ns pid: ""11664"",pid: ""150788"",source: ""syscall"",type: ""Process"",net namespace: ""4026532705"",ipc namespace: ""4026532772"",ppid: ""150777"",pid namespace: ""4026532779"",cwd: ""/"",uid: ""999"",egid: ""0"",exe: ""/usr/bin/check-status"",mount namespace: ""4026532778"",command line: ""/usr/bin/check-status -r"",name: ""check-status"",hash: ""446bebe37e57f021aa340f966b31cbc7"",user namespace: ""4026531837""})"
"(:VERTEX {memory address: ""7f1c08000000"",size: ""4000000"",subtype: ""memory"",tgid: ""150777"",source: ""syscall"",type: ""Artifact"",version: ""0"",hash: ""a608077b0a5ca83dbd9505893305a14b""})"
"(:VERTEX {memory address: ""7f1c04000000"",size: ""4000000"",subtype: ""memory"",tgid: ""150777"",source: ""syscall"",type: ""Artifact"",version: ""0"",hash: ""02c7eb70dfd087564d43c8b993821dbf""})"
"(:VERTEX {memory address: ""7f1c04000000"",size: ""21000"",subtype: ""memory"",tgid: ""150777"",source: ""syscall"",type: ""Artifact"",version: ""0"",hash: ""961dd5d904faf175ce91cff433193da4""})"
"(:VERTEX {memory address: ""7f1c08000000"",size: ""21000"",subtype: ""memory"",tgid: ""150777"",source: ""syscall"",type: ""Artifact"",version: ""0"",hash: ""a43599b4c4680eacf01df5493004f7c1""})"
"(:VERTEX {memory address: ""7f1c20669000"",size: ""40000"",subtype: ""memory"",tgid: ""150777"",source: ""syscall"",type: ""Artifact"",version: ""0"",hash: ""d2f30682aa025a14cd226f65e6afea49""})"
"(:VERTEX {remote port: ""43780"",epoch: ""0"",source: ""syscall"",type: ""Artifact"",version: ""0"",local port: ""8080"",net namespace: ""-1"",local address: ""0000:0000:0000:0000:0000:0000:0000:0000"",protocol: ""tcp"",subtype: ""network socket"",remote address: ""0000:0000:0000:0000:0000:FFFF:C0A8:2F80"",hash: ""6f5a961d64921f7a13649c6f6811e289""})"
"(:VERTEX {remote port: ""43784"",epoch: ""0"",source: ""syscall"",type: ""Artifact"",version: ""0"",local port: ""8080"",net namespace: ""-1"",local address: ""0000:0000:0000:0000:0000:0000:0000:0000"",protocol: ""tcp"",subtype: ""network socket"",remote address: ""0000:0000:0000:0000:0000:FFFF:C0A8:2F80"",hash: ""e5deda85e6b16935825a49508bc4905e""})"
"(:VERTEX {remote port: ""42368"",epoch: ""0"",source: ""syscall"",type: ""Artifact"",version: ""0"",local port: ""50051"",net namespace: ""-1"",local address: ""0000:0000:0000:0000:0000:0000:0000:0000"",protocol: ""tcp"",subtype: ""network socket"",remote address: ""0000:0000:0000:0000:0000:FFFF:C0A8:2F80"",hash: ""7e3826b799e642a30f9f1b66bd230ebd""})"
"(:VERTEX {remote port: ""52592"",epoch: ""0"",source: ""syscall"",type: ""Artifact"",version: ""0"",local port: ""6379"",net namespace: ""-1"",local address: ""0.0.0.0"",protocol: ""tcp"",subtype: ""network socket"",remote address: ""192.168.47.128"",hash: ""cfc90c80b9b3782a628ca93e19d830aa""})"
"(:VERTEX {remote port: ""52608"",epoch: ""0"",source: ""syscall"",type: ""Artifact"",version: ""0"",local port: ""6379"",net namespace: ""-1"",local address: ""0.0.0.0"",protocol: ""tcp"",subtype: ""network socket"",remote address: ""192.168.47.128"",hash: ""a1e86adcecc799429019a77a8af895cd""})"
"(:VERTEX {remote port: ""36038"",epoch: ""0"",source: ""syscall"",type: ""Artifact"",version: ""0"",local port: ""8080"",net namespace: ""-1"",local address: ""0000:0000:0000:0000:0000:0000:0000:0000"",protocol: ""tcp"",subtype: ""network socket"",remote address: ""0000:0000:0000:0000:0000:FFFF:C0A8:2F80"",hash: ""2a90be810cbc0a170c926b5fed86b908""})"
"(:VERTEX {remote port: ""36048"",epoch: ""0"",source: ""syscall"",type: ""Artifact"",version: ""0"",local port: ""8080"",net namespace: ""-1"",local address: ""0000:0000:0000:0000:0000:0000:0000:0000"",protocol: ""tcp"",subtype: ""network socket"",remote address: ""0000:0000:0000:0000:0000:FFFF:C0A8:2F80"",hash: ""f25ed7eba547bde8bb412c8e724c364f""})"
"(:VERTEX {gid: ""0"",euid: ""999"",children pid namespace: ""-1"",pid: ""150814"",seen time: ""1690978729.061"",source: ""syscall"",type: ""Process"",net namespace: ""-1"",ipc namespace: ""-1"",ppid: ""150804"",pid namespace: ""-1"",uid: ""999"",egid: ""0"",exe: ""/"",mount namespace: ""-1"",name: ""runc:[2:INIT]"",hash: ""95bab708f5d483056ed7f42696f5e2d3"",user namespace: ""-1""})"
"(:VERTEX {path: ""/proc/150814/attr/apparmor/exec"",subtype: ""file"",permissions: ""0666"",epoch: ""0"",source: ""syscall"",type: ""Artifact"",version: ""0"",hash: ""4da5a02568d8fd92cb8abf3876e73234""})"
"(:VERTEX {gid: ""0"",euid: ""999"",children pid namespace: ""-1"",start time: ""1690978729.061"",pid: ""150814"",source: ""syscall"",type: ""Process"",net namespace: ""-1"",ipc namespace: ""-1"",ppid: ""150804"",pid namespace: ""-1"",cwd: ""/"",uid: ""999"",egid: ""0"",exe: ""/usr/bin/check-status"",mount namespace: ""-1"",command line: ""/usr/bin/check-status -l"",name: ""check-status"",hash: ""eb14b8503fa9415e04df53a95b2fb10e"",user namespace: ""-1""})"
"(:VERTEX {memory address: ""7f2dbff9c000"",size: ""2000"",subtype: ""memory"",tgid: ""150814"",source: ""syscall"",type: ""Artifact"",version: ""0"",hash: ""f64e941caea27996ef2e17d94d9d3de9""})"
"(:VERTEX {memory address: ""7f2dbfb51000"",size: ""21f4c0"",subtype: ""memory"",tgid: ""150814"",source: ""syscall"",type: ""Artifact"",version: ""0"",hash: ""8610b8e1f43ce5bdab0a9cc77f8a8098""})"
"(:VERTEX {memory address: ""7f2dbfb6c000"",size: ""1ff000"",subtype: ""memory"",tgid: ""150814"",source: ""syscall"",type: ""Artifact"",version: ""0"",hash: ""52c3dc9a264d655a5e29bc5b477d5a5b""})"
"(:VERTEX {memory address: ""7f2dbfd6b000"",size: ""2000"",subtype: ""memory"",tgid: ""150814"",source: ""syscall"",type: ""Artifact"",version: ""0"",hash: ""fe6293ae41bffd4348141b572de3af93""})"
"(:VERTEX {memory address: ""7f2dbfd6d000"",size: ""34c0"",subtype: ""memory"",tgid: ""150814"",source: ""syscall"",type: ""Artifact"",version: ""0"",hash: ""8264862f1ca0991611ce14d93d457e41""})"
"(:VERTEX {memory address: ""7f2dbf78b000"",size: ""3c58c0"",subtype: ""memory"",tgid: ""150814"",source: ""syscall"",type: ""Artifact"",version: ""0"",hash: ""b80d1a366f88dcccdccf0556f9d168bf""})"
"(:VERTEX {memory address: ""7f2dbf947000"",size: ""200000"",subtype: ""memory"",tgid: ""150814"",source: ""syscall"",type: ""Artifact"",version: ""0"",hash: ""29af535caefab782eda094281c28a96a""})"
"(:VERTEX {memory address: ""7f2dbfb47000"",size: ""6000"",subtype: ""memory"",tgid: ""150814"",source: ""syscall"",type: ""Artifact"",version: ""0"",hash: ""9e7619337e173bf7c642085ef5ac2fab""})"
"(:VERTEX {memory address: ""7f2dbfb4d000"",size: ""38c0"",subtype: ""memory"",tgid: ""150814"",source: ""syscall"",type: ""Artifact"",version: ""0"",hash: ""8b01192cc7a6e5800c86b58cdb448996""})"
"(:VERTEX {memory address: ""7f2dbff99000"",size: ""3000"",subtype: ""memory"",tgid: ""150814"",source: ""syscall"",type: ""Artifact"",version: ""0"",hash: ""441e0162446e1dbc183896e6f897f924""})"
"(:VERTEX {memory address: ""7f2dbfb47000"",size: ""4000"",subtype: ""memory"",tgid: ""150814"",source: ""syscall"",type: ""Artifact"",version: ""0"",hash: ""f6935a4d8826077ffcbffa908645ee07""})"
"(:VERTEX {memory address: ""7f2dbfd6b000"",size: ""1000"",subtype: ""memory"",tgid: ""150814"",source: ""syscall"",type: ""Artifact"",version: ""0"",hash: ""214475ff5f0144ff4fd5f531e2964197""})"
"(:VERTEX {memory address: ""7f2dbff9e000"",size: ""1000"",subtype: ""memory"",tgid: ""150814"",source: ""syscall"",type: ""Artifact"",version: ""0"",hash: ""2de9b84b501c801859a34f928849c914""})"
"(:VERTEX {memory address: ""7f2dbff59000"",size: ""40000"",subtype: ""memory"",tgid: ""150814"",source: ""syscall"",type: ""Artifact"",version: ""0"",hash: ""c12aab8d81b63d373a87be91e4057bc5""})"
"(:VERTEX {memory address: ""7f2dbff39000"",size: ""20000"",subtype: ""memory"",tgid: ""150814"",source: ""syscall"",type: ""Artifact"",version: ""0"",hash: ""49a87e420bc79132345bb980ab99d182""})"
"(:VERTEX {memory address: ""7f2dbfe39000"",size: ""100000"",subtype: ""memory"",tgid: ""150814"",source: ""syscall"",type: ""Artifact"",version: ""0"",hash: ""eac808d1b8aa094b8468bf14c0fb6449""})"
"(:VERTEX {memory address: ""7f2dbef8b000"",size: ""800000"",subtype: ""memory"",tgid: ""150814"",source: ""syscall"",type: ""Artifact"",version: ""0"",hash: ""23c5a575d9381b530b394be97010158a""})"
"(:VERTEX {memory address: ""7f2dbaf8b000"",size: ""4000000"",subtype: ""memory"",tgid: ""150814"",source: ""syscall"",type: ""Artifact"",version: ""0"",hash: ""92b686e55e046d42c277357d1808701e""})"
"(:VERTEX {memory address: ""7f2d9af8b000"",size: ""20000000"",subtype: ""memory"",tgid: ""150814"",source: ""syscall"",type: ""Artifact"",version: ""0"",hash: ""a8a481541afe8700f67edf7fe779f9d6""})"
"(:VERTEX {memory address: ""c000000000"",size: ""4000000"",subtype: ""memory"",tgid: ""150814"",source: ""syscall"",type: ""Artifact"",version: ""0"",hash: ""e7cbddc9b8d2d5f82196738893d0e4cd""})"
"(:VERTEX {memory address: ""7f2d98f8b000"",size: ""2000000"",subtype: ""memory"",tgid: ""150814"",source: ""syscall"",type: ""Artifact"",version: ""0"",hash: ""9152d28ae55435bba3b90a613f7ffbd8""})"
"(:VERTEX {memory address: ""7f2d98d7a000"",size: ""210c10"",subtype: ""memory"",tgid: ""150814"",source: ""syscall"",type: ""Artifact"",version: ""0"",hash: ""ab3fcfdd9bbc79f4a4e200721305355c""})"
"(:VERTEX {memory address: ""c000000000"",size: ""400000"",subtype: ""memory"",tgid: ""150814"",source: ""syscall"",type: ""Artifact"",version: ""0"",hash: ""2486ca57a345f65036543d15de14f7dd""})"
"(:VERTEX {memory address: ""7f2dbff39000"",size: ""20000"",subtype: ""memory"",tgid: ""150814"",source: ""syscall"",type: ""Artifact"",version: ""1"",hash: ""cf498da53e896438589ea5ed047566fd""})"
"(:VERTEX {memory address: ""7f2dbfeb9000"",size: ""1000"",subtype: ""memory"",tgid: ""150814"",source: ""syscall"",type: ""Artifact"",version: ""0"",hash: ""f3d0ae2c5009db3c917559090cf7134f""})"
"(:VERTEX {memory address: ""7f2dbf391000"",size: ""1000"",subtype: ""memory"",tgid: ""150814"",source: ""syscall"",type: ""Artifact"",version: ""0"",hash: ""7159f7210496b392880597194a20a4c2""})"
"(:VERTEX {memory address: ""7f2dbcfbb000"",size: ""1000"",subtype: ""memory"",tgid: ""150814"",source: ""syscall"",type: ""Artifact"",version: ""0"",hash: ""e78f9ebb061d876c7e22a91e269b71d7""})"
"(:VERTEX {memory address: ""7f2dab10b000"",size: ""1000"",subtype: ""memory"",tgid: ""150814"",source: ""syscall"",type: ""Artifact"",version: ""0"",hash: ""6b145a96e0df08ed835ee0389cd0b428""})"
"(:VERTEX {memory address: ""7f2d98c7a000"",size: ""100000"",subtype: ""memory"",tgid: ""150814"",source: ""syscall"",type: ""Artifact"",version: ""0"",hash: ""9b53f31c020ad015b537be60d4bcac40""})"
"(:VERTEX {memory address: ""7f2dbfe29000"",size: ""10000"",subtype: ""memory"",tgid: ""150814"",source: ""syscall"",type: ""Artifact"",version: ""0"",hash: ""157de83f9bc095eabb9e808aab9333f3""})"
"(:VERTEX {memory address: ""7f2dbfe19000"",size: ""10000"",subtype: ""memory"",tgid: ""150814"",source: ""syscall"",type: ""Artifact"",version: ""0"",hash: ""483b4e13b9fa0c75b93862c45764df42""})"
"(:VERTEX {memory address: ""7f2d98479000"",size: ""801000"",subtype: ""memory"",tgid: ""150814"",source: ""syscall"",type: ""Artifact"",version: ""0"",hash: ""db1201bf047a71752f20d5ecb4962d66""})"
"(:VERTEX {memory address: ""7f2d9847a000"",size: ""800000"",subtype: ""memory"",tgid: ""150814"",source: ""syscall"",type: ""Artifact"",version: ""0"",hash: ""1d3c0dded6308e8359b28b0e803a332b""})"
"(:VERTEX {gid: ""0"",euid: ""999"",children pid namespace: ""4026532779"",start time: ""1690978729.086"",ns pid: ""11672"",pid: ""150821"",source: ""syscall"",type: ""Process"",net namespace: ""4026532705"",ipc namespace: ""4026532772"",ppid: ""150814"",pid namespace: ""4026532779"",cwd: ""/"",uid: ""999"",egid: ""0"",exe: ""/usr/bin/check-status"",mount namespace: ""4026532778"",command line: ""/usr/bin/check-status -l"",name: ""check-status"",hash: ""8aa5159178df4c2c9ab4a71e6e2e77b9"",user namespace: ""4026531837""})"
"(:VERTEX {memory address: ""7f2d97c78000"",size: ""801000"",subtype: ""memory"",tgid: ""150814"",source: ""syscall"",type: ""Artifact"",version: ""0"",hash: ""d53843fa83d03008cb280e61686bacbc""})"
"(:VERTEX {memory address: ""7f2d97c79000"",size: ""800000"",subtype: ""memory"",tgid: ""150814"",source: ""syscall"",type: ""Artifact"",version: ""0"",hash: ""978d555723e4a141a50ad9155bb4c213""})"
"(:VERTEX {gid: ""0"",euid: ""999"",children pid namespace: ""4026532779"",start time: ""1690978729.086"",ns pid: ""11673"",pid: ""150822"",source: ""syscall"",type: ""Process"",net namespace: ""4026532705"",ipc namespace: ""4026532772"",ppid: ""150814"",pid namespace: ""4026532779"",cwd: ""/"",uid: ""999"",egid: ""0"",exe: ""/usr/bin/check-status"",mount namespace: ""4026532778"",command line: ""/usr/bin/check-status -l"",name: ""check-status"",hash: ""414d170b3fc425336d2d927289cb9505"",user namespace: ""4026531837""})"
"(:VERTEX {memory address: ""7f2d8fc78000"",size: ""8000000"",subtype: ""memory"",tgid: ""150814"",source: ""syscall"",type: ""Artifact"",version: ""0"",hash: ""d6af4b13317c81984525588c0f02ee47""})"
"(:VERTEX {memory address: ""7f2d90000000"",size: ""21000"",subtype: ""memory"",tgid: ""150814"",source: ""syscall"",type: ""Artifact"",version: ""0"",hash: ""6031b92e53b2292407cb8a68e4e1cc3b""})"
"(:VERTEX {memory address: ""7f2d88000000"",size: ""8000000"",subtype: ""memory"",tgid: ""150814"",source: ""syscall"",type: ""Artifact"",version: ""0"",hash: ""ae3f9f720ebbddbf622ec8e490fcd676""})"
"(:VERTEX {memory address: ""7f2d97477000"",size: ""801000"",subtype: ""memory"",tgid: ""150814"",source: ""syscall"",type: ""Artifact"",version: ""0"",hash: ""c0f188dd834e260c0871f910a34162eb""})"
"(:VERTEX {memory address: ""7f2d97478000"",size: ""800000"",subtype: ""memory"",tgid: ""150814"",source: ""syscall"",type: ""Artifact"",version: ""0"",hash: ""f005347232fc26e33310b49a91cfec34""})"
"(:VERTEX {gid: ""0"",euid: ""999"",children pid namespace: ""4026532779"",start time: ""1690978729.093"",ns pid: ""11674"",pid: ""150823"",source: ""syscall"",type: ""Process"",net namespace: ""4026532705"",ipc namespace: ""4026532772"",ppid: ""150814"",pid namespace: ""4026532779"",cwd: ""/"",uid: ""999"",egid: ""0"",exe: ""/usr/bin/check-status"",mount namespace: ""4026532778"",command line: ""/usr/bin/check-status -l"",name: ""check-status"",hash: ""9295358ef451e00e69b79260e07b02fb"",user namespace: ""4026531837""})"
"(:VERTEX {memory address: ""7f2d88000000"",size: ""21000"",subtype: ""memory"",tgid: ""150814"",source: ""syscall"",type: ""Artifact"",version: ""0"",hash: ""91631e2e05e34e7143b81944f5d83255""})"
"(:VERTEX {memory address: ""7f2dbfdd9000"",size: ""40000"",subtype: ""memory"",tgid: ""150814"",source: ""syscall"",type: ""Artifact"",version: ""0"",hash: ""8944e7e44818e93260871fb1192a0801""})"
"(:VERTEX {memory address: ""7f2d8c000000"",size: ""4000000"",subtype: ""memory"",tgid: ""150814"",source: ""syscall"",type: ""Artifact"",version: ""0"",hash: ""54d66b3c9dd373a13bf66e5034fec66d""})"
"(:VERTEX {memory address: ""7f2d8c000000"",size: ""21000"",subtype: ""memory"",tgid: ""150814"",source: ""syscall"",type: ""Artifact"",version: ""0"",hash: ""e3f82c958ce6e5fad1b2fd1c46f0e98c""})"
"(:VERTEX {memory address: ""7f2d96c76000"",size: ""801000"",subtype: ""memory"",tgid: ""150814"",source: ""syscall"",type: ""Artifact"",version: ""0"",hash: ""96773b2aaf9a4cc3a8aa9e7bb2457b4d""})"
"(:VERTEX {memory address: ""7f2d96c77000"",size: ""800000"",subtype: ""memory"",tgid: ""150814"",source: ""syscall"",type: ""Artifact"",version: ""0"",hash: ""080be8ae0a8d21d412ac568e6f102256""})"
"(:VERTEX {gid: ""0"",euid: ""999"",children pid namespace: ""4026532779"",start time: ""1690978729.093"",ns pid: ""11675"",pid: ""150824"",source: ""syscall"",type: ""Process"",net namespace: ""4026532705"",ipc namespace: ""4026532772"",ppid: ""150814"",pid namespace: ""4026532779"",cwd: ""/"",uid: ""999"",egid: ""0"",exe: ""/usr/bin/check-status"",mount namespace: ""4026532778"",command line: ""/usr/bin/check-status -l"",name: ""check-status"",hash: ""1735d97f518ab7ae0805f8f92339b730"",user namespace: ""4026531837""})"
"(:VERTEX {memory address: ""7f2d96475000"",size: ""801000"",subtype: ""memory"",tgid: ""150814"",source: ""syscall"",type: ""Artifact"",version: ""0"",hash: ""e86382e0a56e742ee70e5e354d5244a7""})"
"(:VERTEX {memory address: ""7f2d96476000"",size: ""800000"",subtype: ""memory"",tgid: ""150814"",source: ""syscall"",type: ""Artifact"",version: ""0"",hash: ""148f12e337c5292f6071a0c08735e20c""})"
"(:VERTEX {gid: ""0"",euid: ""999"",children pid namespace: ""4026532779"",start time: ""1690978729.093"",ns pid: ""11676"",pid: ""150825"",source: ""syscall"",type: ""Process"",net namespace: ""4026532705"",ipc namespace: ""4026532772"",ppid: ""150814"",pid namespace: ""4026532779"",cwd: ""/"",uid: ""999"",egid: ""0"",exe: ""/usr/bin/check-status"",mount namespace: ""4026532778"",command line: ""/usr/bin/check-status -l"",name: ""check-status"",hash: ""a83dcac8aa5193d64f868af373f157e7"",user namespace: ""4026531837""})"
"(:VERTEX {memory address: ""7f2d80000000"",size: ""8000000"",subtype: ""memory"",tgid: ""150814"",source: ""syscall"",type: ""Artifact"",version: ""0"",hash: ""40ead3ae9584f25cf31c1cd5cfd14738""})"
"(:VERTEX {memory address: ""7f2d78000000"",size: ""8000000"",subtype: ""memory"",tgid: ""150814"",source: ""syscall"",type: ""Artifact"",version: ""0"",hash: ""8e9e3da18c68e49f222f2e4d34274181""})"
"(:VERTEX {memory address: ""7f2d80000000"",size: ""21000"",subtype: ""memory"",tgid: ""150814"",source: ""syscall"",type: ""Artifact"",version: ""0"",hash: ""1050f32d108ecb158d09cdafa6d8e390""})"
"(:VERTEX {memory address: ""7f2d78000000"",size: ""21000"",subtype: ""memory"",tgid: ""150814"",source: ""syscall"",type: ""Artifact"",version: ""0"",hash: ""0e0302ef917476dbee27cb44a41c6a8a""})"
"(:VERTEX {memory address: ""7f2d96435000"",size: ""40000"",subtype: ""memory"",tgid: ""150814"",source: ""syscall"",type: ""Artifact"",version: ""0"",hash: ""b9073062a3eef041909a110e0adf7764""})"
"(:VERTEX {remote port: ""43790"",epoch: ""0"",source: ""syscall"",type: ""Artifact"",version: ""0"",local port: ""8080"",net namespace: ""-1"",local address: ""0000:0000:0000:0000:0000:0000:0000:0000"",protocol: ""tcp"",subtype: ""network socket"",remote address: ""0000:0000:0000:0000:0000:FFFF:C0A8:2F80"",hash: ""8296c543c9a2e1e268a3a7a5204f1f45""})"
"(:VERTEX {remote port: ""43798"",epoch: ""0"",source: ""syscall"",type: ""Artifact"",version: ""0"",local port: ""8080"",net namespace: ""-1"",local address: ""0000:0000:0000:0000:0000:0000:0000:0000"",protocol: ""tcp"",subtype: ""network socket"",remote address: ""0000:0000:0000:0000:0000:FFFF:C0A8:2F80"",hash: ""dd51efcd228ed6efa9377963db0ed317""})"
"(:VERTEX {remote port: ""42382"",epoch: ""0"",source: ""syscall"",type: ""Artifact"",version: ""0"",local port: ""50051"",net namespace: ""-1"",local address: ""0000:0000:0000:0000:0000:0000:0000:0000"",protocol: ""tcp"",subtype: ""network socket"",remote address: ""0000:0000:0000:0000:0000:FFFF:C0A8:2F80"",hash: ""feccaf99578d8b4eb55efc881793f6e5""})"
"(:VERTEX {remote port: ""42384"",epoch: ""0"",source: ""syscall"",type: ""Artifact"",version: ""0"",local port: ""50051"",net namespace: ""-1"",local address: ""0000:0000:0000:0000:0000:0000:0000:0000"",protocol: ""tcp"",subtype: ""network socket"",remote address: ""0000:0000:0000:0000:0000:FFFF:C0A8:2F80"",hash: ""bcb254fc918408f06aebc319e2b1f275""})"
"(:VERTEX {remote port: ""38376"",epoch: ""0"",source: ""syscall"",type: ""Artifact"",version: ""0"",local port: ""7000"",net namespace: ""-1"",local address: ""0000:0000:0000:0000:0000:0000:0000:0000"",protocol: ""tcp"",subtype: ""network socket"",remote address: ""0000:0000:0000:0000:0000:FFFF:C0A8:2F80"",hash: ""c65ebdac93688b814ddfa159245bb6e0""})"
"(:VERTEX {remote port: ""38388"",epoch: ""0"",source: ""syscall"",type: ""Artifact"",version: ""0"",local port: ""7000"",net namespace: ""-1"",local address: ""0000:0000:0000:0000:0000:0000:0000:0000"",protocol: ""tcp"",subtype: ""network socket"",remote address: ""0000:0000:0000:0000:0000:FFFF:C0A8:2F80"",hash: ""00659de0cbc8b33e1cae0a89708845b1""})"
"(:VERTEX {remote port: ""52614"",epoch: ""0"",source: ""syscall"",type: ""Artifact"",version: ""0"",local port: ""6379"",net namespace: ""-1"",local address: ""0.0.0.0"",protocol: ""tcp"",subtype: ""network socket"",remote address: ""192.168.47.128"",hash: ""5c74710457bab2ee6cf2ddf6a04cec5b""})"
"(:VERTEX {remote port: ""59722"",epoch: ""0"",source: ""syscall"",type: ""Artifact"",version: ""0"",local port: ""5050"",net namespace: ""-1"",local address: ""0000:0000:0000:0000:0000:0000:0000:0000"",protocol: ""tcp"",subtype: ""network socket"",remote address: ""0000:0000:0000:0000:0000:FFFF:C0A8:2F80"",hash: ""99b95b0deb45563f0164294a8acd775c""})"
"(:VERTEX {remote port: ""59732"",epoch: ""0"",source: ""syscall"",type: ""Artifact"",version: ""0"",local port: ""5050"",net namespace: ""-1"",local address: ""0000:0000:0000:0000:0000:0000:0000:0000"",protocol: ""tcp"",subtype: ""network socket"",remote address: ""0000:0000:0000:0000:0000:FFFF:C0A8:2F80"",hash: ""b0cdf3bbfcb05398802250771dceff39""})"
"(:VERTEX {remote port: ""52624"",epoch: ""0"",source: ""syscall"",type: ""Artifact"",version: ""0"",local port: ""6379"",net namespace: ""-1"",local address: ""0.0.0.0"",protocol: ""tcp"",subtype: ""network socket"",remote address: ""192.168.47.128"",hash: ""5b960bce300f02f0df4d8b188ba8cc88""})"
"(:VERTEX {remote port: ""53"",epoch: ""0"",source: ""syscall"",type: ""Artifact"",version: ""0"",local port: ""52668"",net namespace: ""-1"",local address: ""10.1.251.204"",protocol: ""udp"",subtype: ""network socket"",remote address: ""10.152.183.10"",hash: ""98ce9614fbb40595720761a980862139""})"
"(:VERTEX {remote port: ""53"",epoch: ""0"",source: ""syscall"",type: ""Artifact"",version: ""0"",local port: ""51121"",net namespace: ""-1"",local address: ""10.1.251.204"",protocol: ""udp"",subtype: ""network socket"",remote address: ""10.152.183.10"",hash: ""ad0353063e221980476bf689a0e3f09d""})"
"(:VERTEX {remote port: ""43612"",epoch: ""0"",source: ""syscall"",type: ""Artifact"",version: ""0"",local port: ""9555"",net namespace: ""-1"",local address: ""0000:0000:0000:0000:0000:0000:0000:0000"",protocol: ""tcp"",subtype: ""network socket"",remote address: ""0000:0000:0000:0000:0000:FFFF:C0A8:2F80"",hash: ""679a0bd4e57d74a4e254fa906fb91408""})"
"(:VERTEX {remote port: ""43626"",epoch: ""0"",source: ""syscall"",type: ""Artifact"",version: ""0"",local port: ""9555"",net namespace: ""-1"",local address: ""0000:0000:0000:0000:0000:0000:0000:0000"",protocol: ""tcp"",subtype: ""network socket"",remote address: ""0000:0000:0000:0000:0000:FFFF:C0A8:2F80"",hash: ""0e865a934e1089632e3f502af27c40ec""})"
"(:VERTEX {remote port: ""41776"",epoch: ""0"",source: ""syscall"",type: ""Artifact"",version: ""0"",local port: ""8080"",net namespace: ""-1"",local address: ""0000:0000:0000:0000:0000:0000:0000:0000"",protocol: ""tcp"",subtype: ""network socket"",remote address: ""0000:0000:0000:0000:0000:FFFF:C0A8:2F80"",hash: ""5c58868fe8cc52c881a46b97a3ba5c44""})"
"(:VERTEX {remote port: ""41780"",epoch: ""0"",source: ""syscall"",type: ""Artifact"",version: ""0"",local port: ""8080"",net namespace: ""-1"",local address: ""0000:0000:0000:0000:0000:0000:0000:0000"",protocol: ""tcp"",subtype: ""network socket"",remote address: ""0000:0000:0000:0000:0000:FFFF:C0A8:2F80"",hash: ""5debd3a5a2faaec1f82f336a8445d47f""})"
"(:VERTEX {remote port: ""36060"",epoch: ""0"",source: ""syscall"",type: ""Artifact"",version: ""0"",local port: ""8080"",net namespace: ""-1"",local address: ""0000:0000:0000:0000:0000:0000:0000:0000"",protocol: ""tcp"",subtype: ""network socket"",remote address: ""0000:0000:0000:0000:0000:FFFF:C0A8:2F80"",hash: ""11053f3b197eb23e004967df6c23b3c3""})"
"(:VERTEX {remote port: ""46888"",epoch: ""0"",source: ""syscall"",type: ""Artifact"",version: ""0"",local port: ""7070"",net namespace: ""4026533266"",local address: ""0000:0000:0000:0000:0000:0000:0000:0000"",protocol: ""tcp"",subtype: ""network socket"",remote address: ""0000:0000:0000:0000:0000:FFFF:C0A8:2F80"",hash: ""e5916a0bcf9d4da2fa7025e62484228a""})"
"(:VERTEX {remote port: ""41722"",epoch: ""0"",source: ""syscall"",type: ""Artifact"",version: ""0"",local port: ""3550"",net namespace: ""-1"",local address: ""0000:0000:0000:0000:0000:0000:0000:0000"",protocol: ""tcp"",subtype: ""network socket"",remote address: ""0000:0000:0000:0000:0000:FFFF:C0A8:2F80"",hash: ""f3d509486ec0420510482b0da68b00ac""})"
"(:VERTEX {remote port: ""39864"",epoch: ""0"",source: ""syscall"",type: ""Artifact"",version: ""0"",local port: ""50051"",net namespace: ""-1"",local address: ""0000:0000:0000:0000:0000:0000:0000:0000"",protocol: ""tcp"",subtype: ""network socket"",remote address: ""0000:0000:0000:0000:0000:FFFF:C0A8:2F80"",hash: ""312f465fe68099d0288e711e96a6c7a4""})"
"(:VERTEX {remote port: ""36068"",epoch: ""0"",source: ""syscall"",type: ""Artifact"",version: ""0"",local port: ""8080"",net namespace: ""-1"",local address: ""0000:0000:0000:0000:0000:0000:0000:0000"",protocol: ""tcp"",subtype: ""network socket"",remote address: ""0000:0000:0000:0000:0000:FFFF:C0A8:2F80"",hash: ""7427d6d9e45aa4c8b7134ce986ad8cc8""})"
"(:VERTEX {remote port: ""39866"",epoch: ""0"",source: ""syscall"",type: ""Artifact"",version: ""0"",local port: ""50051"",net namespace: ""-1"",local address: ""0000:0000:0000:0000:0000:0000:0000:0000"",protocol: ""tcp"",subtype: ""network socket"",remote address: ""0000:0000:0000:0000:0000:FFFF:C0A8:2F80"",hash: ""45f4a1c8389ed32172c3c9163d69a0d5""})"
"(:VERTEX {remote port: ""46896"",epoch: ""0"",source: ""syscall"",type: ""Artifact"",version: ""0"",local port: ""7070"",net namespace: ""4026533266"",local address: ""0000:0000:0000:0000:0000:0000:0000:0000"",protocol: ""tcp"",subtype: ""network socket"",remote address: ""0000:0000:0000:0000:0000:FFFF:C0A8:2F80"",hash: ""7b8e44c115bc145bd6b2685566c158d6""})"
"(:VERTEX {remote port: ""41730"",epoch: ""0"",source: ""syscall"",type: ""Artifact"",version: ""0"",local port: ""3550"",net namespace: ""-1"",local address: ""0000:0000:0000:0000:0000:0000:0000:0000"",protocol: ""tcp"",subtype: ""network socket"",remote address: ""0000:0000:0000:0000:0000:FFFF:C0A8:2F80"",hash: ""c9876001cbed07142591324f82d5367a""})"
"(:VERTEX {remote port: ""53"",epoch: ""0"",source: ""syscall"",type: ""Artifact"",version: ""0"",local port: ""39901"",net namespace: ""-1"",local address: ""10.1.251.204"",protocol: ""udp"",subtype: ""network socket"",remote address: ""10.152.183.10"",hash: ""eb54bf4c4d8e95466775aa35dfa575ee""})"
"(:VERTEX {remote port: ""53"",epoch: ""0"",source: ""syscall"",type: ""Artifact"",version: ""0"",local port: ""55853"",net namespace: ""-1"",local address: ""10.1.251.204"",protocol: ""udp"",subtype: ""network socket"",remote address: ""10.152.183.10"",hash: ""b157119fe15809ba6c7739126e17adb7""})"
"(:VERTEX {remote port: ""53"",epoch: ""0"",source: ""syscall"",type: ""Artifact"",version: ""0"",local port: ""38444"",net namespace: ""-1"",local address: ""10.1.251.204"",protocol: ""udp"",subtype: ""network socket"",remote address: ""10.152.183.10"",hash: ""802cc66385fb9c70fa43503aff640a6e""})"
"(:VERTEX {remote port: ""53"",epoch: ""0"",source: ""syscall"",type: ""Artifact"",version: ""0"",local port: ""48124"",net namespace: ""-1"",local address: ""10.1.251.204"",protocol: ""udp"",subtype: ""network socket"",remote address: ""10.152.183.10"",hash: ""300f89b4dace16761d118e9b1c135eff""})"
"(:VERTEX {gid: ""0"",euid: ""999"",children pid namespace: ""-1"",pid: ""150961"",seen time: ""1690978736.898"",source: ""syscall"",type: ""Process"",net namespace: ""-1"",ipc namespace: ""-1"",ppid: ""150951"",pid namespace: ""-1"",uid: ""999"",egid: ""0"",exe: ""/"",mount namespace: ""-1"",name: ""runc:[2:INIT]"",hash: ""5c7588cd6038ecd33629c64ee162a042"",user namespace: ""-1""})"
"(:VERTEX {path: ""/proc/150961/attr/apparmor/exec"",subtype: ""file"",permissions: ""0666"",epoch: ""0"",source: ""syscall"",type: ""Artifact"",version: ""0"",hash: ""b9dfc6965baef4f0681d59a466e7c739""})"
"(:VERTEX {gid: ""0"",euid: ""999"",children pid namespace: ""-1"",start time: ""1690978736.901"",pid: ""150961"",source: ""syscall"",type: ""Process"",net namespace: ""-1"",ipc namespace: ""-1"",ppid: ""150951"",pid namespace: ""-1"",cwd: ""/"",uid: ""999"",egid: ""0"",exe: ""/usr/bin/check-status"",mount namespace: ""-1"",command line: ""/usr/bin/check-status -r"",name: ""check-status"",hash: ""76cfa58869d40b129ea9be42efc4eae8"",user namespace: ""-1""})"
"(:VERTEX {memory address: ""7f70f43cd000"",size: ""2000"",subtype: ""memory"",tgid: ""150961"",source: ""syscall"",type: ""Artifact"",version: ""0"",hash: ""a9b714bbc716561bf3381e430f0e2a70""})"
"(:VERTEX {memory address: ""7f70f3f82000"",size: ""21f4c0"",subtype: ""memory"",tgid: ""150961"",source: ""syscall"",type: ""Artifact"",version: ""0"",hash: ""2449f86e8d25b2113965ffec2871ed67""})"
"(:VERTEX {memory address: ""7f70f3f9d000"",size: ""1ff000"",subtype: ""memory"",tgid: ""150961"",source: ""syscall"",type: ""Artifact"",version: ""0"",hash: ""7f2db1f057be0f84fc0be6f43554c28f""})"
"(:VERTEX {memory address: ""7f70f419c000"",size: ""2000"",subtype: ""memory"",tgid: ""150961"",source: ""syscall"",type: ""Artifact"",version: ""0"",hash: ""39619855151040254fb275a7bfb6bed7""})"
"(:VERTEX {memory address: ""7f70f419e000"",size: ""34c0"",subtype: ""memory"",tgid: ""150961"",source: ""syscall"",type: ""Artifact"",version: ""0"",hash: ""59c7c80d284749ccdd46e98698874f86""})"
"(:VERTEX {memory address: ""7f70f3bbc000"",size: ""3c58c0"",subtype: ""memory"",tgid: ""150961"",source: ""syscall"",type: ""Artifact"",version: ""0"",hash: ""38c7b3a871ee7eb26ce191e13615f473""})"
"(:VERTEX {memory address: ""7f70f3d78000"",size: ""200000"",subtype: ""memory"",tgid: ""150961"",source: ""syscall"",type: ""Artifact"",version: ""0"",hash: ""5903d584fda3d6d6ad8be096cfaa4dab""})"
"(:VERTEX {memory address: ""7f70f3f78000"",size: ""6000"",subtype: ""memory"",tgid: ""150961"",source: ""syscall"",type: ""Artifact"",version: ""0"",hash: ""6dd636b41f7341e91d47af363fd67af5""})"
"(:VERTEX {memory address: ""7f70f3f7e000"",size: ""38c0"",subtype: ""memory"",tgid: ""150961"",source: ""syscall"",type: ""Artifact"",version: ""0"",hash: ""ddc5721c2d998e3bea0aa1f42071a3f1""})"
"(:VERTEX {memory address: ""7f70f43ca000"",size: ""3000"",subtype: ""memory"",tgid: ""150961"",source: ""syscall"",type: ""Artifact"",version: ""0"",hash: ""e3a92ee72f4779f23d25c12fa5e0d3a7""})"
"(:VERTEX {memory address: ""7f70f3f78000"",size: ""4000"",subtype: ""memory"",tgid: ""150961"",source: ""syscall"",type: ""Artifact"",version: ""0"",hash: ""03e7bb1e6031fe2021b2ef4908a9a022""})"
"(:VERTEX {memory address: ""7f70f419c000"",size: ""1000"",subtype: ""memory"",tgid: ""150961"",source: ""syscall"",type: ""Artifact"",version: ""0"",hash: ""9dcdd5b945768ce2c0f1d3e27a8c1c40""})"
"(:VERTEX {memory address: ""7f70f43cf000"",size: ""1000"",subtype: ""memory"",tgid: ""150961"",source: ""syscall"",type: ""Artifact"",version: ""0"",hash: ""be9e80accb5847696bb6830b83950112""})"
"(:VERTEX {memory address: ""7f70f438a000"",size: ""40000"",subtype: ""memory"",tgid: ""150961"",source: ""syscall"",type: ""Artifact"",version: ""0"",hash: ""8b0cab034e72627fa37e12bd7acf0837""})"
"(:VERTEX {memory address: ""7f70f436a000"",size: ""20000"",subtype: ""memory"",tgid: ""150961"",source: ""syscall"",type: ""Artifact"",version: ""0"",hash: ""80c721a86c192bc9cc034d446a99c73b""})"
"(:VERTEX {memory address: ""7f70f426a000"",size: ""100000"",subtype: ""memory"",tgid: ""150961"",source: ""syscall"",type: ""Artifact"",version: ""0"",hash: ""e596157c1a2a2420af7cd07d111389e9""})"
"(:VERTEX {memory address: ""7f70f33bc000"",size: ""800000"",subtype: ""memory"",tgid: ""150961"",source: ""syscall"",type: ""Artifact"",version: ""0"",hash: ""9a168d9e16210c8841f82abdd036cfe9""})"
"(:VERTEX {memory address: ""7f70ef3bc000"",size: ""4000000"",subtype: ""memory"",tgid: ""150961"",source: ""syscall"",type: ""Artifact"",version: ""0"",hash: ""62485e7589dbd6a4416ac67e779a5116""})"
"(:VERTEX {memory address: ""7f70cf3bc000"",size: ""20000000"",subtype: ""memory"",tgid: ""150961"",source: ""syscall"",type: ""Artifact"",version: ""0"",hash: ""2d1bdc52af3fd706c6b6956289d6bc80""})"
"(:VERTEX {memory address: ""c000000000"",size: ""4000000"",subtype: ""memory"",tgid: ""150961"",source: ""syscall"",type: ""Artifact"",version: ""0"",hash: ""e966751d342e4ce07974ffa0ea6e6864""})"
"(:VERTEX {memory address: ""7f70cd3bc000"",size: ""2000000"",subtype: ""memory"",tgid: ""150961"",source: ""syscall"",type: ""Artifact"",version: ""0"",hash: ""fa3d87957f66999b10b1e75c7df3073d""})"
"(:VERTEX {memory address: ""7f70cd1ab000"",size: ""210c10"",subtype: ""memory"",tgid: ""150961"",source: ""syscall"",type: ""Artifact"",version: ""0"",hash: ""70cd2be47a573ab703a11784b3b894ca""})"
"(:VERTEX {memory address: ""c000000000"",size: ""400000"",subtype: ""memory"",tgid: ""150961"",source: ""syscall"",type: ""Artifact"",version: ""0"",hash: ""67eec6202f70c4f1e6ccf5e1d74a79e1""})"
"(:VERTEX {memory address: ""7f70f436a000"",size: ""20000"",subtype: ""memory"",tgid: ""150961"",source: ""syscall"",type: ""Artifact"",version: ""1"",hash: ""5375f15e41192bbe84f22dd67f71bb90""})"
"(:VERTEX {memory address: ""7f70f42ea000"",size: ""1000"",subtype: ""memory"",tgid: ""150961"",source: ""syscall"",type: ""Artifact"",version: ""0"",hash: ""2796a9cc300542695eb78373a138af5f""})"
"(:VERTEX {memory address: ""7f70f37c2000"",size: ""1000"",subtype: ""memory"",tgid: ""150961"",source: ""syscall"",type: ""Artifact"",version: ""0"",hash: ""ca889101abe9e9278958fb9952b52577""})"
"(:VERTEX {memory address: ""7f70f13ec000"",size: ""1000"",subtype: ""memory"",tgid: ""150961"",source: ""syscall"",type: ""Artifact"",version: ""0"",hash: ""f926ea91b39f0f67f869cd93f95ebe60""})"
"(:VERTEX {memory address: ""7f70df53c000"",size: ""1000"",subtype: ""memory"",tgid: ""150961"",source: ""syscall"",type: ""Artifact"",version: ""0"",hash: ""7baa4fd1b668f06c14f6713efb9924e7""})"
"(:VERTEX {memory address: ""7f70cd0ab000"",size: ""100000"",subtype: ""memory"",tgid: ""150961"",source: ""syscall"",type: ""Artifact"",version: ""0"",hash: ""10d08c85fa13c2a31ef91a2f588f7300""})"
"(:VERTEX {memory address: ""7f70f425a000"",size: ""10000"",subtype: ""memory"",tgid: ""150961"",source: ""syscall"",type: ""Artifact"",version: ""0"",hash: ""9b984e95737c65c94d2813eac783efd0""})"
"(:VERTEX {memory address: ""7f70f424a000"",size: ""10000"",subtype: ""memory"",tgid: ""150961"",source: ""syscall"",type: ""Artifact"",version: ""0"",hash: ""b3a72b5b44144b9cb658bcfd84e835de""})"
"(:VERTEX {memory address: ""7f70cc8aa000"",size: ""801000"",subtype: ""memory"",tgid: ""150961"",source: ""syscall"",type: ""Artifact"",version: ""0"",hash: ""cbc9d7fbde85a6e41904a59906cddbd8""})"
"(:VERTEX {memory address: ""7f70cc8ab000"",size: ""800000"",subtype: ""memory"",tgid: ""150961"",source: ""syscall"",type: ""Artifact"",version: ""0"",hash: ""d0049287a9e3c4609950539fe18174a4""})"
"(:VERTEX {memory address: ""7f70c48aa000"",size: ""8000000"",subtype: ""memory"",tgid: ""150961"",source: ""syscall"",type: ""Artifact"",version: ""0"",hash: ""8ffb51ea94cc6fc8aed232e770480190""})"
"(:VERTEX {memory address: ""7f70c8000000"",size: ""21000"",subtype: ""memory"",tgid: ""150961"",source: ""syscall"",type: ""Artifact"",version: ""0"",hash: ""319616a07cf9923cf26a22f954c345f6""})"
"(:VERTEX {gid: ""0"",euid: ""999"",children pid namespace: ""4026532779"",start time: ""1690978736.912"",ns pid: ""11683"",pid: ""150967"",source: ""syscall"",type: ""Process"",net namespace: ""4026532705"",ipc namespace: ""4026532772"",ppid: ""150961"",pid namespace: ""4026532779"",cwd: ""/"",uid: ""999"",egid: ""0"",exe: ""/usr/bin/check-status"",mount namespace: ""4026532778"",command line: ""/usr/bin/check-status -r"",name: ""check-status"",hash: ""a7c4b41525bc489f2832e5a0b2b83b62"",user namespace: ""4026531837""})"
"(:VERTEX {memory address: ""7f70cc0a9000"",size: ""801000"",subtype: ""memory"",tgid: ""150961"",source: ""syscall"",type: ""Artifact"",version: ""0"",hash: ""40b6764d0f48552720ef7d3219c91246""})"
"(:VERTEX {memory address: ""7f70cc0aa000"",size: ""800000"",subtype: ""memory"",tgid: ""150961"",source: ""syscall"",type: ""Artifact"",version: ""0"",hash: ""49b860ed40c5241ffd657ece61d87653""})"
"(:VERTEX {gid: ""0"",euid: ""999"",children pid namespace: ""4026532779"",start time: ""1690978736.912"",ns pid: ""11684"",pid: ""150968"",source: ""syscall"",type: ""Process"",net namespace: ""4026532705"",ipc namespace: ""4026532772"",ppid: ""150961"",pid namespace: ""4026532779"",cwd: ""/"",uid: ""999"",egid: ""0"",exe: ""/usr/bin/check-status"",mount namespace: ""4026532778"",command line: ""/usr/bin/check-status -r"",name: ""check-status"",hash: ""70eaa849297af56996d98047f485255c"",user namespace: ""4026531837""})"
"(:VERTEX {memory address: ""7f70c0000000"",size: ""8000000"",subtype: ""memory"",tgid: ""150961"",source: ""syscall"",type: ""Artifact"",version: ""0"",hash: ""0cbf921be85dcea42b4c3239d331d011""})"
"(:VERTEX {memory address: ""7f70c0000000"",size: ""21000"",subtype: ""memory"",tgid: ""150961"",source: ""syscall"",type: ""Artifact"",version: ""0"",hash: ""4774421144ea06e10b6ee4406272ec45""})"
"(:VERTEX {memory address: ""7f70c77ff000"",size: ""801000"",subtype: ""memory"",tgid: ""150961"",source: ""syscall"",type: ""Artifact"",version: ""0"",hash: ""0d40a71333ebc0be46b90281c94f7719""})"
"(:VERTEX {memory address: ""7f70c7800000"",size: ""800000"",subtype: ""memory"",tgid: ""150961"",source: ""syscall"",type: ""Artifact"",version: ""0"",hash: ""41fc96b736022d9a9256f5bddb68db5d""})"
"(:VERTEX {gid: ""0"",euid: ""999"",children pid namespace: ""4026532779"",start time: ""1690978736.912"",ns pid: ""11685"",pid: ""150969"",source: ""syscall"",type: ""Process"",net namespace: ""4026532705"",ipc namespace: ""4026532772"",ppid: ""150961"",pid namespace: ""4026532779"",cwd: ""/"",uid: ""999"",egid: ""0"",exe: ""/usr/bin/check-status"",mount namespace: ""4026532778"",command line: ""/usr/bin/check-status -r"",name: ""check-status"",hash: ""5a3723c7c9701f6b987ec068592e3bc2"",user namespace: ""4026531837""})"
"(:VERTEX {memory address: ""7f70c6ffe000"",size: ""801000"",subtype: ""memory"",tgid: ""150961"",source: ""syscall"",type: ""Artifact"",version: ""0"",hash: ""938b6a314428d9e72a6d9aaebbd0fe73""})"
"(:VERTEX {memory address: ""7f70c6fff000"",size: ""800000"",subtype: ""memory"",tgid: ""150961"",source: ""syscall"",type: ""Artifact"",version: ""0"",hash: ""1d2d9b682eab6c541d20639bcfd631b6""})"
"(:VERTEX {gid: ""0"",euid: ""999"",children pid namespace: ""4026532779"",start time: ""1690978736.916"",ns pid: ""11686"",pid: ""150970"",source: ""syscall"",type: ""Process"",net namespace: ""4026532705"",ipc namespace: ""4026532772"",ppid: ""150961"",pid namespace: ""4026532779"",cwd: ""/"",uid: ""999"",egid: ""0"",exe: ""/usr/bin/check-status"",mount namespace: ""4026532778"",command line: ""/usr/bin/check-status -r"",name: ""check-status"",hash: ""846c17844c7fe820e67bfee2a041f4ab"",user namespace: ""4026531837""})"
"(:VERTEX {memory address: ""7f70bc000000"",size: ""4000000"",subtype: ""memory"",tgid: ""150961"",source: ""syscall"",type: ""Artifact"",version: ""0"",hash: ""8ea8098860aa31c83c1dfba133ef7009""})"
"(:VERTEX {memory address: ""7f70bc000000"",size: ""21000"",subtype: ""memory"",tgid: ""150961"",source: ""syscall"",type: ""Artifact"",version: ""0"",hash: ""2bdebe32cf896fce5b568994bf7a29a0""})"
"(:VERTEX {memory address: ""7f70c67fd000"",size: ""801000"",subtype: ""memory"",tgid: ""150961"",source: ""syscall"",type: ""Artifact"",version: ""0"",hash: ""d7a19889d8413c3d90ff8c0628c9d923""})"
"(:VERTEX {memory address: ""7f70c67fe000"",size: ""800000"",subtype: ""memory"",tgid: ""150961"",source: ""syscall"",type: ""Artifact"",version: ""0"",hash: ""f7a3296547984dcfd708be1bf1e48939""})"
"(:VERTEX {gid: ""0"",euid: ""999"",children pid namespace: ""4026532779"",start time: ""1690978736.916"",ns pid: ""11687"",pid: ""150971"",source: ""syscall"",type: ""Process"",net namespace: ""4026532705"",ipc namespace: ""4026532772"",ppid: ""150961"",pid namespace: ""4026532779"",cwd: ""/"",uid: ""999"",egid: ""0"",exe: ""/usr/bin/check-status"",mount namespace: ""4026532778"",command line: ""/usr/bin/check-status -r"",name: ""check-status"",hash: ""e6582057f614c11bb3dfe777386c2601"",user namespace: ""4026531837""})"
"(:VERTEX {memory address: ""7f70f420a000"",size: ""40000"",subtype: ""memory"",tgid: ""150961"",source: ""syscall"",type: ""Artifact"",version: ""0"",hash: ""be39e79e4113e58816056c69af3d5042""})"
"(:VERTEX {memory address: ""7f70c5ffc000"",size: ""801000"",subtype: ""memory"",tgid: ""150961"",source: ""syscall"",type: ""Artifact"",version: ""0"",hash: ""151eb0817fb5064fa053ab35c3d75915""})"
"(:VERTEX {memory address: ""7f70c5ffd000"",size: ""800000"",subtype: ""memory"",tgid: ""150961"",source: ""syscall"",type: ""Artifact"",version: ""0"",hash: ""d780d830fe6891924def918d690e17df""})"
"(:VERTEX {gid: ""0"",euid: ""999"",children pid namespace: ""4026532779"",start time: ""1690978736.916"",ns pid: ""11688"",pid: ""150972"",source: ""syscall"",type: ""Process"",net namespace: ""4026532705"",ipc namespace: ""4026532772"",ppid: ""150961"",pid namespace: ""4026532779"",cwd: ""/"",uid: ""999"",egid: ""0"",exe: ""/usr/bin/check-status"",mount namespace: ""4026532778"",command line: ""/usr/bin/check-status -r"",name: ""check-status"",hash: ""ca12b2cc7b248c0b41d6ad28f4fe03b3"",user namespace: ""4026531837""})"
"(:VERTEX {memory address: ""7f70b4000000"",size: ""8000000"",subtype: ""memory"",tgid: ""150961"",source: ""syscall"",type: ""Artifact"",version: ""0"",hash: ""5d234048e0a8b7a3c759de3965c85f1e""})"
"(:VERTEX {memory address: ""7f70b4000000"",size: ""21000"",subtype: ""memory"",tgid: ""150961"",source: ""syscall"",type: ""Artifact"",version: ""0"",hash: ""c26d57cce809a790b80aa1dad9fe91fb""})"
"(:VERTEX {remote port: ""53"",epoch: ""0"",source: ""syscall"",type: ""Artifact"",version: ""0"",local port: ""52457"",net namespace: ""-1"",local address: ""10.1.251.204"",protocol: ""udp"",subtype: ""network socket"",remote address: ""10.152.183.10"",hash: ""ea78c815f7df8ab1a599892476954c92""})"
"(:VERTEX {remote port: ""53"",epoch: ""0"",source: ""syscall"",type: ""Artifact"",version: ""0"",local port: ""41421"",net namespace: ""-1"",local address: ""10.1.251.204"",protocol: ""udp"",subtype: ""network socket"",remote address: ""10.152.183.10"",hash: ""13cf7a58aba1c56d1dc8cc2648f57743""})"
"(:VERTEX {remote port: ""34526"",epoch: ""0"",source: ""syscall"",type: ""Artifact"",version: ""0"",local port: ""8080"",net namespace: ""-1"",local address: ""0000:0000:0000:0000:0000:0000:0000:0000"",protocol: ""tcp"",subtype: ""network socket"",remote address: ""0000:0000:0000:0000:0000:FFFF:C0A8:2F80"",hash: ""ac2e94257dc863a97637caf5cfa5f929""})"
"(:VERTEX {remote port: ""34510"",epoch: ""0"",source: ""syscall"",type: ""Artifact"",version: ""0"",local port: ""8080"",net namespace: ""-1"",local address: ""0000:0000:0000:0000:0000:0000:0000:0000"",protocol: ""tcp"",subtype: ""network socket"",remote address: ""0000:0000:0000:0000:0000:FFFF:C0A8:2F80"",hash: ""22cd6d602c134bac65a790acb2fe5ad6""})"
"(:VERTEX {remote port: ""60704"",epoch: ""0"",source: ""syscall"",type: ""Artifact"",version: ""0"",local port: ""50051"",net namespace: ""-1"",local address: ""0000:0000:0000:0000:0000:0000:0000:0000"",protocol: ""tcp"",subtype: ""network socket"",remote address: ""0000:0000:0000:0000:0000:FFFF:C0A8:2F80"",hash: ""0ad7c7540a478c835044f4a5715f3e40""})"
"(:VERTEX {remote port: ""36184"",epoch: ""0"",source: ""syscall"",type: ""Artifact"",version: ""0"",local port: ""6379"",net namespace: ""-1"",local address: ""0.0.0.0"",protocol: ""tcp"",subtype: ""network socket"",remote address: ""192.168.47.128"",hash: ""3e9a33105f05aa75646410c0ddcfad49""})"
"(:VERTEX {remote port: ""36200"",epoch: ""0"",source: ""syscall"",type: ""Artifact"",version: ""0"",local port: ""6379"",net namespace: ""-1"",local address: ""0.0.0.0"",protocol: ""tcp"",subtype: ""network socket"",remote address: ""192.168.47.128"",hash: ""e4506873f6c1414aacf7c8b865839eb7""})"
"(:VERTEX {remote port: ""60686"",epoch: ""0"",source: ""syscall"",type: ""Artifact"",version: ""0"",local port: ""8080"",net namespace: ""-1"",local address: ""0000:0000:0000:0000:0000:0000:0000:0000"",protocol: ""tcp"",subtype: ""network socket"",remote address: ""0000:0000:0000:0000:0000:FFFF:C0A8:2F80"",hash: ""ba98ae9574ab4891ba37f0934023cb5a""})"
"(:VERTEX {remote port: ""60694"",epoch: ""0"",source: ""syscall"",type: ""Artifact"",version: ""0"",local port: ""8080"",net namespace: ""-1"",local address: ""0000:0000:0000:0000:0000:0000:0000:0000"",protocol: ""tcp"",subtype: ""network socket"",remote address: ""0000:0000:0000:0000:0000:FFFF:C0A8:2F80"",hash: ""e96ab852751458c9e5eeb27edf3a577e""})"
"(:VERTEX {remote port: ""53"",epoch: ""0"",source: ""syscall"",type: ""Artifact"",version: ""0"",local port: ""40181"",net namespace: ""-1"",local address: ""10.1.251.204"",protocol: ""udp"",subtype: ""network socket"",remote address: ""10.152.183.10"",hash: ""fd5de04d20fe50f0dd915f2f0c2a4724""})"
"(:VERTEX {remote port: ""53"",epoch: ""0"",source: ""syscall"",type: ""Artifact"",version: ""0"",local port: ""43757"",net namespace: ""-1"",local address: ""10.1.251.204"",protocol: ""udp"",subtype: ""network socket"",remote address: ""10.152.183.10"",hash: ""aa8cc2b9dccee1714e0c5547eafc8069""})"
"(:VERTEX {gid: ""0"",euid: ""999"",children pid namespace: ""-1"",pid: ""151061"",seen time: ""1690978739.054"",source: ""syscall"",type: ""Process"",net namespace: ""-1"",ipc namespace: ""-1"",ppid: ""151051"",pid namespace: ""-1"",uid: ""999"",egid: ""0"",exe: ""/"",mount namespace: ""-1"",name: ""runc:[2:INIT]"",hash: ""121686f76ef17a838ff2ec8529b983ff"",user namespace: ""-1""})"
"(:VERTEX {path: ""/proc/151061/attr/apparmor/exec"",subtype: ""file"",permissions: ""0666"",epoch: ""0"",source: ""syscall"",type: ""Artifact"",version: ""0"",hash: ""af48335f2f8d20fe1220aa20e8af28bf""})"
"(:VERTEX {gid: ""0"",euid: ""999"",children pid namespace: ""-1"",start time: ""1690978739.054"",pid: ""151061"",source: ""syscall"",type: ""Process"",net namespace: ""-1"",ipc namespace: ""-1"",ppid: ""151051"",pid namespace: ""-1"",cwd: ""/"",uid: ""999"",egid: ""0"",exe: ""/usr/bin/check-status"",mount namespace: ""-1"",command line: ""/usr/bin/check-status -l"",name: ""check-status"",hash: ""3e26c6781539f2676d1dabdd54d7b2a3"",user namespace: ""-1""})"
"(:VERTEX {memory address: ""7f942627e000"",size: ""2000"",subtype: ""memory"",tgid: ""151061"",source: ""syscall"",type: ""Artifact"",version: ""0"",hash: ""d1f093cd46eeb5bbe8951cf0b7f77a1c""})"
"(:VERTEX {memory address: ""7f9425e33000"",size: ""21f4c0"",subtype: ""memory"",tgid: ""151061"",source: ""syscall"",type: ""Artifact"",version: ""0"",hash: ""6c511b0fbdf5207c77b0babc586d9e47""})"
"(:VERTEX {memory address: ""7f9425e4e000"",size: ""1ff000"",subtype: ""memory"",tgid: ""151061"",source: ""syscall"",type: ""Artifact"",version: ""0"",hash: ""e76eb8629e35fb4ed551dd6728c0a4fd""})"
"(:VERTEX {memory address: ""7f942604d000"",size: ""2000"",subtype: ""memory"",tgid: ""151061"",source: ""syscall"",type: ""Artifact"",version: ""0"",hash: ""dae6539d34760e08f6b5687486432f74""})"
"(:VERTEX {memory address: ""7f942604f000"",size: ""34c0"",subtype: ""memory"",tgid: ""151061"",source: ""syscall"",type: ""Artifact"",version: ""0"",hash: ""e425677b1e226f55f864b33c7153f16f""})"
"(:VERTEX {memory address: ""7f9425a6d000"",size: ""3c58c0"",subtype: ""memory"",tgid: ""151061"",source: ""syscall"",type: ""Artifact"",version: ""0"",hash: ""5417d225a52d5f187038c78b8dbf4d38""})"
"(:VERTEX {memory address: ""7f9425c29000"",size: ""200000"",subtype: ""memory"",tgid: ""151061"",source: ""syscall"",type: ""Artifact"",version: ""0"",hash: ""5df5d2825d3bbdb5547079a9542fcac2""})"
"(:VERTEX {memory address: ""7f9425e29000"",size: ""6000"",subtype: ""memory"",tgid: ""151061"",source: ""syscall"",type: ""Artifact"",version: ""0"",hash: ""77f7bbb30744581756abab528b0c0b3d""})"
"(:VERTEX {memory address: ""7f9425e2f000"",size: ""38c0"",subtype: ""memory"",tgid: ""151061"",source: ""syscall"",type: ""Artifact"",version: ""0"",hash: ""e0d4602486ce6338ec58cd889902fcb2""})"
"(:VERTEX {memory address: ""7f942627b000"",size: ""3000"",subtype: ""memory"",tgid: ""151061"",source: ""syscall"",type: ""Artifact"",version: ""0"",hash: ""5749d9e8217a2c42c18b4e4165642e45""})"
"(:VERTEX {memory address: ""7f9425e29000"",size: ""4000"",subtype: ""memory"",tgid: ""151061"",source: ""syscall"",type: ""Artifact"",version: ""0"",hash: ""f4a40cf7b808d306ab1f438318534179""})"
"(:VERTEX {memory address: ""7f942604d000"",size: ""1000"",subtype: ""memory"",tgid: ""151061"",source: ""syscall"",type: ""Artifact"",version: ""0"",hash: ""b54c7c5e6fcf8eac4fb5e403c6fe2cca""})"
"(:VERTEX {memory address: ""7f9426280000"",size: ""1000"",subtype: ""memory"",tgid: ""151061"",source: ""syscall"",type: ""Artifact"",version: ""0"",hash: ""f25a5bcedc09f50a39bbad9a63c2257d""})"
"(:VERTEX {memory address: ""7f942623b000"",size: ""40000"",subtype: ""memory"",tgid: ""151061"",source: ""syscall"",type: ""Artifact"",version: ""0"",hash: ""067daf2d796170e1ed7f97b2e4fc3b5f""})"
"(:VERTEX {memory address: ""7f942621b000"",size: ""20000"",subtype: ""memory"",tgid: ""151061"",source: ""syscall"",type: ""Artifact"",version: ""0"",hash: ""aa985744164d57f8c99cf18fd3c5a191""})"
"(:VERTEX {memory address: ""7f942611b000"",size: ""100000"",subtype: ""memory"",tgid: ""151061"",source: ""syscall"",type: ""Artifact"",version: ""0"",hash: ""a12c09a5f84ed8058d71b4a80642cc05""})"
"(:VERTEX {memory address: ""7f942526d000"",size: ""800000"",subtype: ""memory"",tgid: ""151061"",source: ""syscall"",type: ""Artifact"",version: ""0"",hash: ""c325cb138a3d0e7b50771f4c79973c05""})"
"(:VERTEX {memory address: ""7f942126d000"",size: ""4000000"",subtype: ""memory"",tgid: ""151061"",source: ""syscall"",type: ""Artifact"",version: ""0"",hash: ""41219c4f888ffd800ba7f4b7131f076d""})"
"(:VERTEX {memory address: ""7f940126d000"",size: ""20000000"",subtype: ""memory"",tgid: ""151061"",source: ""syscall"",type: ""Artifact"",version: ""0"",hash: ""6185bb19a372229753984a920729cf79""})"
"(:VERTEX {memory address: ""c000000000"",size: ""4000000"",subtype: ""memory"",tgid: ""151061"",source: ""syscall"",type: ""Artifact"",version: ""0"",hash: ""fd6e1a60768f539070392863c27ffbb1""})"
"(:VERTEX {memory address: ""7f93ff26d000"",size: ""2000000"",subtype: ""memory"",tgid: ""151061"",source: ""syscall"",type: ""Artifact"",version: ""0"",hash: ""5e4c992a4ebfc8563fe0e452e66b4609""})"
"(:VERTEX {memory address: ""7f93ff05c000"",size: ""210c10"",subtype: ""memory"",tgid: ""151061"",source: ""syscall"",type: ""Artifact"",version: ""0"",hash: ""5e33fb88c3d6d807426e3f61f15d6194""})"
"(:VERTEX {memory address: ""c000000000"",size: ""400000"",subtype: ""memory"",tgid: ""151061"",source: ""syscall"",type: ""Artifact"",version: ""0"",hash: ""d3eec5be58dd9fa18119b2ff98a75dfa""})"
"(:VERTEX {memory address: ""7f942621b000"",size: ""20000"",subtype: ""memory"",tgid: ""151061"",source: ""syscall"",type: ""Artifact"",version: ""1"",hash: ""594c459eb9b1e2efe39e01ac669b2d8d""})"
"(:VERTEX {memory address: ""7f942619b000"",size: ""1000"",subtype: ""memory"",tgid: ""151061"",source: ""syscall"",type: ""Artifact"",version: ""0"",hash: ""7d88461d6396f6d5ef2dba3373c89e54""})"
"(:VERTEX {memory address: ""7f9425673000"",size: ""1000"",subtype: ""memory"",tgid: ""151061"",source: ""syscall"",type: ""Artifact"",version: ""0"",hash: ""dff479604623dd550045a296887a26d0""})"
"(:VERTEX {memory address: ""7f942329d000"",size: ""1000"",subtype: ""memory"",tgid: ""151061"",source: ""syscall"",type: ""Artifact"",version: ""0"",hash: ""598ae66b68bb2a73e8c24b3e58fcb4f0""})"
"(:VERTEX {memory address: ""7f94113ed000"",size: ""1000"",subtype: ""memory"",tgid: ""151061"",source: ""syscall"",type: ""Artifact"",version: ""0"",hash: ""4288baa46c3cb49418010032e0900e68""})"
"(:VERTEX {memory address: ""7f93fef5c000"",size: ""100000"",subtype: ""memory"",tgid: ""151061"",source: ""syscall"",type: ""Artifact"",version: ""0"",hash: ""a89cf045095cb1220ccfa0d77a206979""})"
"(:VERTEX {memory address: ""7f942610b000"",size: ""10000"",subtype: ""memory"",tgid: ""151061"",source: ""syscall"",type: ""Artifact"",version: ""0"",hash: ""3133b2aa56d36c9d95e59d2ded7915db""})"
"(:VERTEX {memory address: ""7f94260fb000"",size: ""10000"",subtype: ""memory"",tgid: ""151061"",source: ""syscall"",type: ""Artifact"",version: ""0"",hash: ""7ebb5ba555734288432d9891ffb47c6e""})"
"(:VERTEX {memory address: ""7f93fe75b000"",size: ""801000"",subtype: ""memory"",tgid: ""151061"",source: ""syscall"",type: ""Artifact"",version: ""0"",hash: ""ca821f906530c6b98932de2365874b94""})"
"(:VERTEX {memory address: ""7f93fe75c000"",size: ""800000"",subtype: ""memory"",tgid: ""151061"",source: ""syscall"",type: ""Artifact"",version: ""0"",hash: ""0bf3f0f409857985f5cd1af108606d44""})"
"(:VERTEX {gid: ""0"",euid: ""999"",children pid namespace: ""4026532779"",start time: ""1690978739.061"",ns pid: ""11694"",pid: ""151066"",source: ""syscall"",type: ""Process"",net namespace: ""4026532705"",ipc namespace: ""4026532772"",ppid: ""151061"",pid namespace: ""4026532779"",cwd: ""/"",uid: ""999"",egid: ""0"",exe: ""/usr/bin/check-status"",mount namespace: ""4026532778"",command line: ""/usr/bin/check-status -l"",name: ""check-status"",hash: ""214bd54c98b0f0ed02398dce321645ef"",user namespace: ""4026531837""})"
"(:VERTEX {memory address: ""7f93f675b000"",size: ""8000000"",subtype: ""memory"",tgid: ""151061"",source: ""syscall"",type: ""Artifact"",version: ""0"",hash: ""a907d350fd1ef9311dd9b28996a5000c""})"
"(:VERTEX {memory address: ""7f93f8000000"",size: ""21000"",subtype: ""memory"",tgid: ""151061"",source: ""syscall"",type: ""Artifact"",version: ""0"",hash: ""b6ee2653af0230f1eb4cde93c3f13b86""})"
"(:VERTEX {memory address: ""7f93fdf5a000"",size: ""801000"",subtype: ""memory"",tgid: ""151061"",source: ""syscall"",type: ""Artifact"",version: ""0"",hash: ""ce6e8c8db32835aeb4b7face22a67738""})"
"(:VERTEX {memory address: ""7f93fdf5b000"",size: ""800000"",subtype: ""memory"",tgid: ""151061"",source: ""syscall"",type: ""Artifact"",version: ""0"",hash: ""93715e639d4a40b18abbccf13d4a232d""})"
"(:VERTEX {gid: ""0"",euid: ""999"",children pid namespace: ""4026532779"",start time: ""1690978739.061"",ns pid: ""11695"",pid: ""151067"",source: ""syscall"",type: ""Process"",net namespace: ""4026532705"",ipc namespace: ""4026532772"",ppid: ""151061"",pid namespace: ""4026532779"",cwd: ""/"",uid: ""999"",egid: ""0"",exe: ""/usr/bin/check-status"",mount namespace: ""4026532778"",command line: ""/usr/bin/check-status -l"",name: ""check-status"",hash: ""e29d867281c7535c21803bf49ab0ea2a"",user namespace: ""4026531837""})"
"(:VERTEX {memory address: ""7f93fd759000"",size: ""801000"",subtype: ""memory"",tgid: ""151061"",source: ""syscall"",type: ""Artifact"",version: ""0"",hash: ""7c90e9fb50654707203654086b3b882d""})"
"(:VERTEX {memory address: ""7f93fd75a000"",size: ""800000"",subtype: ""memory"",tgid: ""151061"",source: ""syscall"",type: ""Artifact"",version: ""0"",hash: ""625e9b91e471321929dceadcd2c39748""})"
"(:VERTEX {gid: ""0"",euid: ""999"",children pid namespace: ""4026532779"",start time: ""1690978739.061"",ns pid: ""11696"",pid: ""151068"",source: ""syscall"",type: ""Process"",net namespace: ""4026532705"",ipc namespace: ""4026532772"",ppid: ""151061"",pid namespace: ""4026532779"",cwd: ""/"",uid: ""999"",egid: ""0"",exe: ""/usr/bin/check-status"",mount namespace: ""4026532778"",command line: ""/usr/bin/check-status -l"",name: ""check-status"",hash: ""c8bf3c588ce33ac65f35aeec02a63e6f"",user namespace: ""4026531837""})"
"(:VERTEX {memory address: ""7f93f0000000"",size: ""8000000"",subtype: ""memory"",tgid: ""151061"",source: ""syscall"",type: ""Artifact"",version: ""0"",hash: ""c0bb00128ed4d5555727ae4fcd7a78fc""})"
"(:VERTEX {memory address: ""7f93f0000000"",size: ""21000"",subtype: ""memory"",tgid: ""151061"",source: ""syscall"",type: ""Artifact"",version: ""0"",hash: ""c5a871bec7974fc3e26d5398639f38b7""})"
"(:VERTEX {memory address: ""7f94260bb000"",size: ""40000"",subtype: ""memory"",tgid: ""151061"",source: ""syscall"",type: ""Artifact"",version: ""0"",hash: ""0eea4361b770720f2d78bc923bbbf93a""})"
"(:VERTEX {memory address: ""7f93fcf58000"",size: ""801000"",subtype: ""memory"",tgid: ""151061"",source: ""syscall"",type: ""Artifact"",version: ""0"",hash: ""58379852be433d7c6ec998281a4beae2""})"
"(:VERTEX {memory address: ""7f93fcf59000"",size: ""800000"",subtype: ""memory"",tgid: ""151061"",source: ""syscall"",type: ""Artifact"",version: ""0"",hash: ""e6037d6fcc3d522d10c5e28386bd55ff""})"
"(:VERTEX {gid: ""0"",euid: ""999"",children pid namespace: ""4026532779"",start time: ""1690978739.061"",ns pid: ""11697"",pid: ""151069"",source: ""syscall"",type: ""Process"",net namespace: ""4026532705"",ipc namespace: ""4026532772"",ppid: ""151061"",pid namespace: ""4026532779"",cwd: ""/"",uid: ""999"",egid: ""0"",exe: ""/usr/bin/check-status"",mount namespace: ""4026532778"",command line: ""/usr/bin/check-status -l"",name: ""check-status"",hash: ""c92c4b22a53c5f761a7b7214882b769e"",user namespace: ""4026531837""})"
"(:VERTEX {memory address: ""7f93f4000000"",size: ""4000000"",subtype: ""memory"",tgid: ""151061"",source: ""syscall"",type: ""Artifact"",version: ""0"",hash: ""497ded1da529cc682ffcabc0d29c1f4a""})"
"(:VERTEX {memory address: ""7f93fc757000"",size: ""801000"",subtype: ""memory"",tgid: ""151061"",source: ""syscall"",type: ""Artifact"",version: ""0"",hash: ""1ec40fec04efc45b5c673da4a066d9b2""})"
"(:VERTEX {memory address: ""7f93fc758000"",size: ""800000"",subtype: ""memory"",tgid: ""151061"",source: ""syscall"",type: ""Artifact"",version: ""0"",hash: ""a23f943d00db774464e7e0295d57c2ba""})"
"(:VERTEX {gid: ""0"",euid: ""999"",children pid namespace: ""4026532779"",start time: ""1690978739.061"",ns pid: ""11698"",pid: ""151070"",source: ""syscall"",type: ""Process"",net namespace: ""4026532705"",ipc namespace: ""4026532772"",ppid: ""151061"",pid namespace: ""4026532779"",cwd: ""/"",uid: ""999"",egid: ""0"",exe: ""/usr/bin/check-status"",mount namespace: ""4026532778"",command line: ""/usr/bin/check-status -l"",name: ""check-status"",hash: ""f4529bc3cc985adc7ea80e11093a74b2"",user namespace: ""4026531837""})"
"(:VERTEX {memory address: ""7f93f4000000"",size: ""21000"",subtype: ""memory"",tgid: ""151061"",source: ""syscall"",type: ""Artifact"",version: ""0"",hash: ""cec29954418c293de346cec52e63ee97""})"
"(:VERTEX {memory address: ""7f93e8000000"",size: ""8000000"",subtype: ""memory"",tgid: ""151061"",source: ""syscall"",type: ""Artifact"",version: ""0"",hash: ""a3b8fdd73f1079d32a446e283fcf3fb5""})"
"(:VERTEX {memory address: ""7f93e8000000"",size: ""21000"",subtype: ""memory"",tgid: ""151061"",source: ""syscall"",type: ""Artifact"",version: ""0"",hash: ""005768c5fe7998c81157e1e7dec52cce""})"
"(:VERTEX {memory address: ""7f93ec000000"",size: ""4000000"",subtype: ""memory"",tgid: ""151061"",source: ""syscall"",type: ""Artifact"",version: ""0"",hash: ""8ad5c0e45231d97e768c5b0e4eeeb350""})"
"(:VERTEX {memory address: ""7f93ec000000"",size: ""21000"",subtype: ""memory"",tgid: ""151061"",source: ""syscall"",type: ""Artifact"",version: ""0"",hash: ""b9fc7920ded2fa2b59f45c56d6f4cdaf""})"
"(:VERTEX {memory address: ""7f93e77ff000"",size: ""801000"",subtype: ""memory"",tgid: ""151061"",source: ""syscall"",type: ""Artifact"",version: ""0"",hash: ""b7dd055aaa58364d7d462fae87bf7b5d""})"
"(:VERTEX {memory address: ""7f93e7800000"",size: ""800000"",subtype: ""memory"",tgid: ""151061"",source: ""syscall"",type: ""Artifact"",version: ""0"",hash: ""9410e53c43b341c263595daf6d9c3da8""})"
"(:VERTEX {gid: ""0"",euid: ""999"",children pid namespace: ""4026532779"",start time: ""1690978739.061"",ns pid: ""11699"",pid: ""151071"",source: ""syscall"",type: ""Process"",net namespace: ""4026532705"",ipc namespace: ""4026532772"",ppid: ""151061"",pid namespace: ""4026532779"",cwd: ""/"",uid: ""999"",egid: ""0"",exe: ""/usr/bin/check-status"",mount namespace: ""4026532778"",command line: ""/usr/bin/check-status -l"",name: ""check-status"",hash: ""885052c3507226f31a2bb926600002e0"",user namespace: ""4026531837""})"
"(:VERTEX {memory address: ""7f93df7ff000"",size: ""8000000"",subtype: ""memory"",tgid: ""151061"",source: ""syscall"",type: ""Artifact"",version: ""0"",hash: ""3453e647d4a80f7c5c0f5cb0337d0ff5""})"
"(:VERTEX {memory address: ""7f93e0000000"",size: ""21000"",subtype: ""memory"",tgid: ""151061"",source: ""syscall"",type: ""Artifact"",version: ""0"",hash: ""81b4e6976fb0c64a0aabf79f2aedf1e7""})"
"(:VERTEX {memory address: ""7f93fc717000"",size: ""40000"",subtype: ""memory"",tgid: ""151061"",source: ""syscall"",type: ""Artifact"",version: ""0"",hash: ""402832cc0cbddb665469b796d8c92dff""})"
"(:VERTEX {gid: ""1000"",euid: ""1000"",children pid namespace: ""-1"",pid: ""61363"",seen time: ""1690978739.843"",source: ""syscall"",type: ""Process"",net namespace: ""-1"",ipc namespace: ""-1"",ppid: ""59024"",pid namespace: ""-1"",uid: ""1000"",egid: ""1000"",exe: ""/app/cartservice"",mount namespace: ""-1"",name: "".NET ThreadPool"",hash: ""8f6d5ec40615bc7fb420c64b75213c7e"",user namespace: ""-1""})"
"(:VERTEX {memory address: ""7f97fadca000"",size: ""183000"",subtype: ""memory"",tgid: ""61363"",source: ""syscall"",type: ""Artifact"",version: ""2"",hash: ""bce3b45d61575b3bb4adcf1f62551380""})"
"(:VERTEX {memory address: ""7f97fadcc000"",size: ""181000"",subtype: ""memory"",tgid: ""61363"",source: ""syscall"",type: ""Artifact"",version: ""2"",hash: ""f0de6ce109ca79638143417b1a82f3b8""})"
"(:VERTEX {gid: ""1000"",euid: ""1000"",children pid namespace: ""4026533564"",start time: ""1690978739.846"",ns pid: ""172"",pid: ""151076"",source: ""syscall"",type: ""Process"",net namespace: ""4026533266"",ipc namespace: ""4026533539"",ppid: ""61363"",pid namespace: ""4026533564"",uid: ""1000"",egid: ""1000"",exe: ""/app/cartservice"",mount namespace: ""4026533563"",name: "".NET ThreadPool"",hash: ""61239eecff035dda183020e0806a7b6f"",user namespace: ""4026531837""})"
"(:VERTEX {memory address: ""7f981aa14000"",size: ""4000"",subtype: ""memory"",tgid: ""61363"",source: ""syscall"",type: ""Artifact"",version: ""0"",hash: ""91b08808fbb8a484e75e213920eaa8af""})"
"(:VERTEX {memory address: ""7f981aa14000"",size: ""1000"",subtype: ""memory"",tgid: ""61363"",source: ""syscall"",type: ""Artifact"",version: ""0"",hash: ""44f9e26628873cb2c50c66f6bbfd3ee5""})"
"(:VERTEX {subtype: ""unnamed pipe"",tgid: ""61363"",epoch: ""8"",source: ""syscall"",read fd: ""196"",type: ""Artifact"",version: ""0"",hash: ""e3d6e1d54c8915cb91d3bb499e049200"",write fd: ""198""})"
"(:VERTEX {remote port: ""53"",epoch: ""0"",source: ""syscall"",type: ""Artifact"",version: ""0"",local port: ""39914"",net namespace: ""-1"",local address: ""10.1.251.204"",protocol: ""udp"",subtype: ""network socket"",remote address: ""10.152.183.10"",hash: ""00d495afbe1441a268e6e8dd47448b17""})"
"(:VERTEX {remote port: ""53"",epoch: ""0"",source: ""syscall"",type: ""Artifact"",version: ""0"",local port: ""50173"",net namespace: ""-1"",local address: ""10.1.251.204"",protocol: ""udp"",subtype: ""network socket"",remote address: ""10.152.183.10"",hash: ""a4bb90e8bdf2ad064015416757520a94""})"
"(:VERTEX {remote port: ""34540"",epoch: ""0"",source: ""syscall"",type: ""Artifact"",version: ""0"",local port: ""8080"",net namespace: ""-1"",local address: ""0000:0000:0000:0000:0000:0000:0000:0000"",protocol: ""tcp"",subtype: ""network socket"",remote address: ""0000:0000:0000:0000:0000:FFFF:C0A8:2F80"",hash: ""13868578adf370ee6a2543b7b0190f5a""})"
"(:VERTEX {remote port: ""34550"",epoch: ""0"",source: ""syscall"",type: ""Artifact"",version: ""0"",local port: ""8080"",net namespace: ""-1"",local address: ""0000:0000:0000:0000:0000:0000:0000:0000"",protocol: ""tcp"",subtype: ""network socket"",remote address: ""0000:0000:0000:0000:0000:FFFF:C0A8:2F80"",hash: ""2ceae15dcee70f960e107446025295c6""})"
"(:VERTEX {remote port: ""60720"",epoch: ""0"",source: ""syscall"",type: ""Artifact"",version: ""0"",local port: ""50051"",net namespace: ""-1"",local address: ""0000:0000:0000:0000:0000:0000:0000:0000"",protocol: ""tcp"",subtype: ""network socket"",remote address: ""0000:0000:0000:0000:0000:FFFF:C0A8:2F80"",hash: ""112a587b022fceca9492130a6aaa90c0""})"
"(:VERTEX {remote port: ""60734"",epoch: ""0"",source: ""syscall"",type: ""Artifact"",version: ""0"",local port: ""50051"",net namespace: ""-1"",local address: ""0000:0000:0000:0000:0000:0000:0000:0000"",protocol: ""tcp"",subtype: ""network socket"",remote address: ""0000:0000:0000:0000:0000:FFFF:C0A8:2F80"",hash: ""a3a73d58bbbe97490379f5e20b8aec07""})"
"(:VERTEX {remote port: ""34876"",epoch: ""0"",source: ""syscall"",type: ""Artifact"",version: ""0"",local port: ""7000"",net namespace: ""-1"",local address: ""0000:0000:0000:0000:0000:0000:0000:0000"",protocol: ""tcp"",subtype: ""network socket"",remote address: ""0000:0000:0000:0000:0000:FFFF:C0A8:2F80"",hash: ""192d68e9982c34883c278481d21c6fe1""})"
"(:VERTEX {remote port: ""34886"",epoch: ""0"",source: ""syscall"",type: ""Artifact"",version: ""0"",local port: ""7000"",net namespace: ""-1"",local address: ""0000:0000:0000:0000:0000:0000:0000:0000"",protocol: ""tcp"",subtype: ""network socket"",remote address: ""0000:0000:0000:0000:0000:FFFF:C0A8:2F80"",hash: ""f8730d5948ca9f737f4f3ccf5ea08184""})"
"(:VERTEX {remote port: ""49118"",epoch: ""0"",source: ""syscall"",type: ""Artifact"",version: ""0"",local port: ""5050"",net namespace: ""-1"",local address: ""0000:0000:0000:0000:0000:0000:0000:0000"",protocol: ""tcp"",subtype: ""network socket"",remote address: ""0000:0000:0000:0000:0000:FFFF:C0A8:2F80"",hash: ""52684d6c353f1d1b4947d9c7274ebf01""})"
"(:VERTEX {remote port: ""36212"",epoch: ""0"",source: ""syscall"",type: ""Artifact"",version: ""0"",local port: ""6379"",net namespace: ""-1"",local address: ""0.0.0.0"",protocol: ""tcp"",subtype: ""network socket"",remote address: ""192.168.47.128"",hash: ""7983bf6b2249e729c8c8bf6a70ce9dab""})"
"(:VERTEX {remote port: ""36204"",epoch: ""0"",source: ""syscall"",type: ""Artifact"",version: ""0"",local port: ""6379"",net namespace: ""-1"",local address: ""0.0.0.0"",protocol: ""tcp"",subtype: ""network socket"",remote address: ""192.168.47.128"",hash: ""98ecdc85bf0c14de9f43ce8892fc135f""})"
"(:VERTEX {remote port: ""49128"",epoch: ""0"",source: ""syscall"",type: ""Artifact"",version: ""0"",local port: ""5050"",net namespace: ""-1"",local address: ""0000:0000:0000:0000:0000:0000:0000:0000"",protocol: ""tcp"",subtype: ""network socket"",remote address: ""0000:0000:0000:0000:0000:FFFF:C0A8:2F80"",hash: ""ae08e755100a9cb1ffe59b54e84beebf""})"
"(:VERTEX {remote port: ""51148"",epoch: ""0"",source: ""syscall"",type: ""Artifact"",version: ""0"",local port: ""8080"",net namespace: ""-1"",local address: ""0000:0000:0000:0000:0000:0000:0000:0000"",protocol: ""tcp"",subtype: ""network socket"",remote address: ""0000:0000:0000:0000:0000:FFFF:C0A8:2F80"",hash: ""627feb7fb9c0a6199d6c3cb70f26bb8e""})"
"(:VERTEX {remote port: ""51138"",epoch: ""0"",source: ""syscall"",type: ""Artifact"",version: ""0"",local port: ""8080"",net namespace: ""-1"",local address: ""0000:0000:0000:0000:0000:0000:0000:0000"",protocol: ""tcp"",subtype: ""network socket"",remote address: ""0000:0000:0000:0000:0000:FFFF:C0A8:2F80"",hash: ""b9a649af45f8fb1ab6ed8bb803cc9e40""})"
"(:VERTEX {remote port: ""49320"",epoch: ""0"",source: ""syscall"",type: ""Artifact"",version: ""0"",local port: ""7070"",net namespace: ""4026533266"",local address: ""0000:0000:0000:0000:0000:0000:0000:0000"",protocol: ""tcp"",subtype: ""network socket"",remote address: ""0000:0000:0000:0000:0000:FFFF:C0A8:2F80"",hash: ""e01871b4958c4ccbf19fe08bc67d6ca6""})"
"(:VERTEX {remote port: ""49090"",epoch: ""0"",source: ""syscall"",type: ""Artifact"",version: ""0"",local port: ""50051"",net namespace: ""-1"",local address: ""0000:0000:0000:0000:0000:0000:0000:0000"",protocol: ""tcp"",subtype: ""network socket"",remote address: ""0000:0000:0000:0000:0000:FFFF:C0A8:2F80"",hash: ""5e24876060a5d116d1a3e4c50e5b0765""})"
"(:VERTEX {remote port: ""47836"",epoch: ""0"",source: ""syscall"",type: ""Artifact"",version: ""0"",local port: ""3550"",net namespace: ""-1"",local address: ""0000:0000:0000:0000:0000:0000:0000:0000"",protocol: ""tcp"",subtype: ""network socket"",remote address: ""0000:0000:0000:0000:0000:FFFF:C0A8:2F80"",hash: ""f9f1a838a4dc3c9c6afcb8f6dd055d3f""})"
"(:VERTEX {remote port: ""47826"",epoch: ""0"",source: ""syscall"",type: ""Artifact"",version: ""0"",local port: ""3550"",net namespace: ""-1"",local address: ""0000:0000:0000:0000:0000:0000:0000:0000"",protocol: ""tcp"",subtype: ""network socket"",remote address: ""0000:0000:0000:0000:0000:FFFF:C0A8:2F80"",hash: ""55144fbdac13dd5e8d21148d7115638a""})"
"(:VERTEX {remote port: ""60708"",epoch: ""0"",source: ""syscall"",type: ""Artifact"",version: ""0"",local port: ""8080"",net namespace: ""-1"",local address: ""0000:0000:0000:0000:0000:0000:0000:0000"",protocol: ""tcp"",subtype: ""network socket"",remote address: ""0000:0000:0000:0000:0000:FFFF:C0A8:2F80"",hash: ""aa2ba93d921e432421e036f7829b3c1c""})"
"(:VERTEX {remote port: ""60720"",epoch: ""0"",source: ""syscall"",type: ""Artifact"",version: ""0"",local port: ""8080"",net namespace: ""-1"",local address: ""0000:0000:0000:0000:0000:0000:0000:0000"",protocol: ""tcp"",subtype: ""network socket"",remote address: ""0000:0000:0000:0000:0000:FFFF:C0A8:2F80"",hash: ""d7780931135d6a1424c00b6ee41832aa""})"
"(:VERTEX {remote port: ""49096"",epoch: ""0"",source: ""syscall"",type: ""Artifact"",version: ""0"",local port: ""50051"",net namespace: ""-1"",local address: ""0000:0000:0000:0000:0000:0000:0000:0000"",protocol: ""tcp"",subtype: ""network socket"",remote address: ""0000:0000:0000:0000:0000:FFFF:C0A8:2F80"",hash: ""d12bdfd6c390a1b60a0ef7372ed444d0""})"
"(:VERTEX {remote port: ""49334"",epoch: ""0"",source: ""syscall"",type: ""Artifact"",version: ""0"",local port: ""7070"",net namespace: ""4026533266"",local address: ""0000:0000:0000:0000:0000:0000:0000:0000"",protocol: ""tcp"",subtype: ""network socket"",remote address: ""0000:0000:0000:0000:0000:FFFF:C0A8:2F80"",hash: ""e67b727979f67884943d9eca36ee5d6d""})"
"(:VERTEX {gid: ""0"",euid: ""999"",children pid namespace: ""-1"",pid: ""151214"",seen time: ""1690978747.007"",source: ""syscall"",type: ""Process"",net namespace: ""-1"",ipc namespace: ""-1"",ppid: ""151205"",pid namespace: ""-1"",uid: ""999"",egid: ""0"",exe: ""/"",mount namespace: ""-1"",name: ""runc:[2:INIT]"",hash: ""81781940b74fcaac9ace5399672ed92f"",user namespace: ""-1""})"
"(:VERTEX {path: ""/proc/151214/attr/apparmor/exec"",subtype: ""file"",permissions: ""0666"",epoch: ""0"",source: ""syscall"",type: ""Artifact"",version: ""0"",hash: ""b353ef618ec54961fb6907ca3a43e9ff""})"
"(:VERTEX {gid: ""0"",euid: ""999"",children pid namespace: ""-1"",start time: ""1690978747.007"",pid: ""151214"",source: ""syscall"",type: ""Process"",net namespace: ""-1"",ipc namespace: ""-1"",ppid: ""151205"",pid namespace: ""-1"",cwd: ""/"",uid: ""999"",egid: ""0"",exe: ""/usr/bin/check-status"",mount namespace: ""-1"",command line: ""/usr/bin/check-status -r"",name: ""check-status"",hash: ""e0df068458a456feddfcb26f73a29c5c"",user namespace: ""-1""})"
"(:VERTEX {memory address: ""7f4f8e583000"",size: ""2000"",subtype: ""memory"",tgid: ""151214"",source: ""syscall"",type: ""Artifact"",version: ""0"",hash: ""ef30e24c8cecc60ecf48b8b98b8f1d6d""})"
"(:VERTEX {memory address: ""7f4f8e138000"",size: ""21f4c0"",subtype: ""memory"",tgid: ""151214"",source: ""syscall"",type: ""Artifact"",version: ""0"",hash: ""20ab56b7f7ca5d88ce153ea7a0f96182""})"
"(:VERTEX {memory address: ""7f4f8e153000"",size: ""1ff000"",subtype: ""memory"",tgid: ""151214"",source: ""syscall"",type: ""Artifact"",version: ""0"",hash: ""661d437d83b49fc5b2ee593f447557cf""})"
"(:VERTEX {memory address: ""7f4f8e352000"",size: ""2000"",subtype: ""memory"",tgid: ""151214"",source: ""syscall"",type: ""Artifact"",version: ""0"",hash: ""21a4970c304ebb02fa632c8082f89fb0""})"
"(:VERTEX {memory address: ""7f4f8e354000"",size: ""34c0"",subtype: ""memory"",tgid: ""151214"",source: ""syscall"",type: ""Artifact"",version: ""0"",hash: ""080691b50698e53537a07ee1b2a7af5c""})"
"(:VERTEX {memory address: ""7f4f8dd72000"",size: ""3c58c0"",subtype: ""memory"",tgid: ""151214"",source: ""syscall"",type: ""Artifact"",version: ""0"",hash: ""7959226ce85204956119b7d338fa29a0""})"
"(:VERTEX {memory address: ""7f4f8df2e000"",size: ""200000"",subtype: ""memory"",tgid: ""151214"",source: ""syscall"",type: ""Artifact"",version: ""0"",hash: ""2d77e6c44340976c421bfb5a7705e0a3""})"
"(:VERTEX {memory address: ""7f4f8e12e000"",size: ""6000"",subtype: ""memory"",tgid: ""151214"",source: ""syscall"",type: ""Artifact"",version: ""0"",hash: ""1e096f26fe50cd4fe2d05d5a2c00da2a""})"
"(:VERTEX {memory address: ""7f4f8e134000"",size: ""38c0"",subtype: ""memory"",tgid: ""151214"",source: ""syscall"",type: ""Artifact"",version: ""0"",hash: ""43551f40bea47925692f439c90db62f0""})"
"(:VERTEX {memory address: ""7f4f8e580000"",size: ""3000"",subtype: ""memory"",tgid: ""151214"",source: ""syscall"",type: ""Artifact"",version: ""0"",hash: ""74f2dcd9c72d9977699ad160095e34b0""})"
"(:VERTEX {memory address: ""7f4f8e12e000"",size: ""4000"",subtype: ""memory"",tgid: ""151214"",source: ""syscall"",type: ""Artifact"",version: ""0"",hash: ""8269fedcf3f018f6587f3b4d76fa0cd9""})"
"(:VERTEX {memory address: ""7f4f8e352000"",size: ""1000"",subtype: ""memory"",tgid: ""151214"",source: ""syscall"",type: ""Artifact"",version: ""0"",hash: ""c8158eae8449a6f71918e36e7b2879ae""})"
"(:VERTEX {memory address: ""7f4f8e585000"",size: ""1000"",subtype: ""memory"",tgid: ""151214"",source: ""syscall"",type: ""Artifact"",version: ""0"",hash: ""23c56a6fcfe51985cbfac6be39cdf95e""})"
"(:VERTEX {memory address: ""7f4f8e540000"",size: ""40000"",subtype: ""memory"",tgid: ""151214"",source: ""syscall"",type: ""Artifact"",version: ""0"",hash: ""7cb5df62e9f388a4cf31a4cfb3550301""})"
"(:VERTEX {memory address: ""7f4f8e520000"",size: ""20000"",subtype: ""memory"",tgid: ""151214"",source: ""syscall"",type: ""Artifact"",version: ""0"",hash: ""ba6ee6f035286a28803ce6be7bc095f7""})"
"(:VERTEX {memory address: ""7f4f8e420000"",size: ""100000"",subtype: ""memory"",tgid: ""151214"",source: ""syscall"",type: ""Artifact"",version: ""0"",hash: ""3c7a9d842ad4f7d71069205a508ded75""})"
"(:VERTEX {memory address: ""7f4f8d572000"",size: ""800000"",subtype: ""memory"",tgid: ""151214"",source: ""syscall"",type: ""Artifact"",version: ""0"",hash: ""d9adfd07b5150df0e114f7ba6296c2dc""})"
"(:VERTEX {memory address: ""7f4f89572000"",size: ""4000000"",subtype: ""memory"",tgid: ""151214"",source: ""syscall"",type: ""Artifact"",version: ""0"",hash: ""3f927931aec492e812153648e543820c""})"
"(:VERTEX {memory address: ""7f4f69572000"",size: ""20000000"",subtype: ""memory"",tgid: ""151214"",source: ""syscall"",type: ""Artifact"",version: ""0"",hash: ""ae4e16fa5ffca6b83a5f642dbccc78e2""})"
"(:VERTEX {memory address: ""c000000000"",size: ""4000000"",subtype: ""memory"",tgid: ""151214"",source: ""syscall"",type: ""Artifact"",version: ""0"",hash: ""491edde779addd54b86628c7dc0bca95""})"
"(:VERTEX {memory address: ""7f4f67572000"",size: ""2000000"",subtype: ""memory"",tgid: ""151214"",source: ""syscall"",type: ""Artifact"",version: ""0"",hash: ""1ce248a0b8a6f793c019d742c4ba7a2c""})"
"(:VERTEX {memory address: ""7f4f67361000"",size: ""210c10"",subtype: ""memory"",tgid: ""151214"",source: ""syscall"",type: ""Artifact"",version: ""0"",hash: ""ead07294a931f03bdc09441aaac5b15b""})"
"(:VERTEX {memory address: ""c000000000"",size: ""400000"",subtype: ""memory"",tgid: ""151214"",source: ""syscall"",type: ""Artifact"",version: ""0"",hash: ""b2bd455cb8ed92ddaecbcdd65fcb796d""})"
"(:VERTEX {memory address: ""7f4f8e520000"",size: ""20000"",subtype: ""memory"",tgid: ""151214"",source: ""syscall"",type: ""Artifact"",version: ""1"",hash: ""e96e269375777dc78475aaa331004e90""})"
"(:VERTEX {memory address: ""7f4f8e4a0000"",size: ""1000"",subtype: ""memory"",tgid: ""151214"",source: ""syscall"",type: ""Artifact"",version: ""0"",hash: ""7996e45fc2c1f74f55c2c2d94bd8f468""})"
"(:VERTEX {memory address: ""7f4f8d978000"",size: ""1000"",subtype: ""memory"",tgid: ""151214"",source: ""syscall"",type: ""Artifact"",version: ""0"",hash: ""768b9c3384f33abe60614d24a2a2af58""})"
"(:VERTEX {memory address: ""7f4f8b5a2000"",size: ""1000"",subtype: ""memory"",tgid: ""151214"",source: ""syscall"",type: ""Artifact"",version: ""0"",hash: ""7ea0f3d923412fd10dc6950714cf9da5""})"
"(:VERTEX {memory address: ""7f4f796f2000"",size: ""1000"",subtype: ""memory"",tgid: ""151214"",source: ""syscall"",type: ""Artifact"",version: ""0"",hash: ""2e8722b8c7f4d7623e88628863e15b83""})"
"(:VERTEX {memory address: ""7f4f67261000"",size: ""100000"",subtype: ""memory"",tgid: ""151214"",source: ""syscall"",type: ""Artifact"",version: ""0"",hash: ""f9fbe92c8aff85bc7c19bb9701547a00""})"
"(:VERTEX {memory address: ""7f4f8e410000"",size: ""10000"",subtype: ""memory"",tgid: ""151214"",source: ""syscall"",type: ""Artifact"",version: ""0"",hash: ""3435ed929bef8b0a362dca21d3dfb77d""})"
"(:VERTEX {memory address: ""7f4f8e400000"",size: ""10000"",subtype: ""memory"",tgid: ""151214"",source: ""syscall"",type: ""Artifact"",version: ""0"",hash: ""9fc49df67d6b607aaeb33e2ea6c70143""})"
"(:VERTEX {memory address: ""7f4f66a60000"",size: ""801000"",subtype: ""memory"",tgid: ""151214"",source: ""syscall"",type: ""Artifact"",version: ""0"",hash: ""6a371f17fc069e04fa9555e9efb8f4a9""})"
"(:VERTEX {memory address: ""7f4f66a61000"",size: ""800000"",subtype: ""memory"",tgid: ""151214"",source: ""syscall"",type: ""Artifact"",version: ""0"",hash: ""e541f41766b1e87641b72457ab7bb4ab""})"
"(:VERTEX {gid: ""0"",euid: ""999"",children pid namespace: ""4026532779"",start time: ""1690978747.025"",ns pid: ""11707"",pid: ""151221"",source: ""syscall"",type: ""Process"",net namespace: ""4026532705"",ipc namespace: ""4026532772"",ppid: ""151214"",pid namespace: ""4026532779"",cwd: ""/"",uid: ""999"",egid: ""0"",exe: ""/usr/bin/check-status"",mount namespace: ""4026532778"",command line: ""/usr/bin/check-status -r"",name: ""check-status"",hash: ""86f783ad28d0e1e7f4d17142212d5b02"",user namespace: ""4026531837""})"
"(:VERTEX {memory address: ""7f4f6625f000"",size: ""801000"",subtype: ""memory"",tgid: ""151214"",source: ""syscall"",type: ""Artifact"",version: ""0"",hash: ""457bf52e3d761502de215b922ae93f27""})"
"(:VERTEX {memory address: ""7f4f5e25f000"",size: ""8000000"",subtype: ""memory"",tgid: ""151214"",source: ""syscall"",type: ""Artifact"",version: ""0"",hash: ""b7eaf062dffdcd16e411ccc8dd4c4bb3""})"
"(:VERTEX {memory address: ""7f4f66260000"",size: ""800000"",subtype: ""memory"",tgid: ""151214"",source: ""syscall"",type: ""Artifact"",version: ""0"",hash: ""2571a0b3e06f59782c0f7df6b975b5ad""})"
"(:VERTEX {memory address: ""7f4f60000000"",size: ""21000"",subtype: ""memory"",tgid: ""151214"",source: ""syscall"",type: ""Artifact"",version: ""0"",hash: ""5cfff87c49f6e2d21056532a4222d5e1""})"
"(:VERTEX {gid: ""0"",euid: ""999"",children pid namespace: ""4026532779"",start time: ""1690978747.025"",ns pid: ""11708"",pid: ""151222"",source: ""syscall"",type: ""Process"",net namespace: ""4026532705"",ipc namespace: ""4026532772"",ppid: ""151214"",pid namespace: ""4026532779"",cwd: ""/"",uid: ""999"",egid: ""0"",exe: ""/usr/bin/check-status"",mount namespace: ""4026532778"",command line: ""/usr/bin/check-status -r"",name: ""check-status"",hash: ""c950a22e2d5178e636e270fb126a0b7d"",user namespace: ""4026531837""})"
"(:VERTEX {memory address: ""7f4f65a5e000"",size: ""801000"",subtype: ""memory"",tgid: ""151214"",source: ""syscall"",type: ""Artifact"",version: ""0"",hash: ""d26e9cbbb1f2b124c6b171f3dd5387c3""})"
"(:VERTEX {memory address: ""7f4f65a5f000"",size: ""800000"",subtype: ""memory"",tgid: ""151214"",source: ""syscall"",type: ""Artifact"",version: ""0"",hash: ""78d07ef42b694d39e19b057bb4109363""})"
"(:VERTEX {gid: ""0"",euid: ""999"",children pid namespace: ""4026532779"",start time: ""1690978747.025"",ns pid: ""11709"",pid: ""151223"",source: ""syscall"",type: ""Process"",net namespace: ""4026532705"",ipc namespace: ""4026532772"",ppid: ""151214"",pid namespace: ""4026532779"",cwd: ""/"",uid: ""999"",egid: ""0"",exe: ""/usr/bin/check-status"",mount namespace: ""4026532778"",command line: ""/usr/bin/check-status -r"",name: ""check-status"",hash: ""f4de728ba1e996adb80d16a99e17792d"",user namespace: ""4026531837""})"
"(:VERTEX {memory address: ""7f4f58000000"",size: ""8000000"",subtype: ""memory"",tgid: ""151214"",source: ""syscall"",type: ""Artifact"",version: ""0"",hash: ""0df08ae387903520313db460dbc9518b""})"
"(:VERTEX {memory address: ""7f4f58000000"",size: ""21000"",subtype: ""memory"",tgid: ""151214"",source: ""syscall"",type: ""Artifact"",version: ""0"",hash: ""2b00b0240a12536efbf33ba19d968d65""})"
"(:VERTEX {memory address: ""7f4f8e3c0000"",size: ""40000"",subtype: ""memory"",tgid: ""151214"",source: ""syscall"",type: ""Artifact"",version: ""0"",hash: ""a6908e7a832ea0e3f5e28aaa7837a52d""})"
"(:VERTEX {memory address: ""7f4f6525d000"",size: ""801000"",subtype: ""memory"",tgid: ""151214"",source: ""syscall"",type: ""Artifact"",version: ""0"",hash: ""187d3fb81935a44645a6d91e324e13f1""})"
"(:VERTEX {memory address: ""7f4f6525e000"",size: ""800000"",subtype: ""memory"",tgid: ""151214"",source: ""syscall"",type: ""Artifact"",version: ""0"",hash: ""ae96f63248436658ed0583aa0f37f2bb""})"
"(:VERTEX {gid: ""0"",euid: ""999"",children pid namespace: ""4026532779"",start time: ""1690978747.028"",ns pid: ""11710"",pid: ""151224"",source: ""syscall"",type: ""Process"",net namespace: ""4026532705"",ipc namespace: ""4026532772"",ppid: ""151214"",pid namespace: ""4026532779"",cwd: ""/"",uid: ""999"",egid: ""0"",exe: ""/usr/bin/check-status"",mount namespace: ""4026532778"",command line: ""/usr/bin/check-status -r"",name: ""check-status"",hash: ""7954b82a5d04f719a48e7cd0912ce816"",user namespace: ""4026531837""})"
"(:VERTEX {memory address: ""7f4f5c000000"",size: ""4000000"",subtype: ""memory"",tgid: ""151214"",source: ""syscall"",type: ""Artifact"",version: ""0"",hash: ""86aadde3e99edc85ae5cbb09f66c8e94""})"
"(:VERTEX {memory address: ""7f4f5c000000"",size: ""21000"",subtype: ""memory"",tgid: ""151214"",source: ""syscall"",type: ""Artifact"",version: ""0"",hash: ""7a11e7546e955649478eea3b40aa783e""})"
"(:VERTEX {memory address: ""7f4f50000000"",size: ""8000000"",subtype: ""memory"",tgid: ""151214"",source: ""syscall"",type: ""Artifact"",version: ""0"",hash: ""5a2ab5e154c1599790033227c33f5bb6""})"
"(:VERTEX {memory address: ""7f4f50000000"",size: ""21000"",subtype: ""memory"",tgid: ""151214"",source: ""syscall"",type: ""Artifact"",version: ""0"",hash: ""d6dc500ef373957fb51a65ed33749ebf""})"
"(:VERTEX {memory address: ""7f4f64a5c000"",size: ""801000"",subtype: ""memory"",tgid: ""151214"",source: ""syscall"",type: ""Artifact"",version: ""0"",hash: ""4a8d6467d6d3e71d8af85390b97aca1e""})"
"(:VERTEX {memory address: ""7f4f64a5d000"",size: ""800000"",subtype: ""memory"",tgid: ""151214"",source: ""syscall"",type: ""Artifact"",version: ""0"",hash: ""b00424448e97b3b0d8a119441d6e828a""})"
"(:VERTEX {gid: ""0"",euid: ""999"",children pid namespace: ""4026532779"",start time: ""1690978747.028"",ns pid: ""11711"",pid: ""151225"",source: ""syscall"",type: ""Process"",net namespace: ""4026532705"",ipc namespace: ""4026532772"",ppid: ""151214"",pid namespace: ""4026532779"",cwd: ""/"",uid: ""999"",egid: ""0"",exe: ""/usr/bin/check-status"",mount namespace: ""4026532778"",command line: ""/usr/bin/check-status -r"",name: ""check-status"",hash: ""5356c0ff56143d5d31b23ad77015ff18"",user namespace: ""4026531837""})"
"(:VERTEX {memory address: ""7f4f64a1c000"",size: ""40000"",subtype: ""memory"",tgid: ""151214"",source: ""syscall"",type: ""Artifact"",version: ""0"",hash: ""009de9442c0308978393ce2b82b8c194""})"
"(:VERTEX {memory address: ""7f4f54000000"",size: ""4000000"",subtype: ""memory"",tgid: ""151214"",source: ""syscall"",type: ""Artifact"",version: ""0"",hash: ""18575833567d0fd84fcc8ab4a6f8d31a""})"
"(:VERTEX {memory address: ""7f4f54000000"",size: ""21000"",subtype: ""memory"",tgid: ""151214"",source: ""syscall"",type: ""Artifact"",version: ""0"",hash: ""ac3de00d8d11f19295224735e18fa9c6""})"
"(:VERTEX {remote port: ""38714"",epoch: ""0"",source: ""syscall"",type: ""Artifact"",version: ""0"",local port: ""8080"",net namespace: ""-1"",local address: ""0000:0000:0000:0000:0000:0000:0000:0000"",protocol: ""tcp"",subtype: ""network socket"",remote address: ""0000:0000:0000:0000:0000:FFFF:C0A8:2F80"",hash: ""d52e908c761b792ab7224bb9522384f5""})"
"(:VERTEX {remote port: ""38730"",epoch: ""0"",source: ""syscall"",type: ""Artifact"",version: ""0"",local port: ""8080"",net namespace: ""-1"",local address: ""0000:0000:0000:0000:0000:0000:0000:0000"",protocol: ""tcp"",subtype: ""network socket"",remote address: ""0000:0000:0000:0000:0000:FFFF:C0A8:2F80"",hash: ""e4349dc58f9d68782fe9f2383c8cd892""})"
"(:VERTEX {remote port: ""48500"",epoch: ""0"",source: ""syscall"",type: ""Artifact"",version: ""0"",local port: ""50051"",net namespace: ""-1"",local address: ""0000:0000:0000:0000:0000:0000:0000:0000"",protocol: ""tcp"",subtype: ""network socket"",remote address: ""0000:0000:0000:0000:0000:FFFF:C0A8:2F80"",hash: ""b2ef1493cedefbb4a0454dbf98d49130""})"
"(:VERTEX {remote port: ""42936"",epoch: ""0"",source: ""syscall"",type: ""Artifact"",version: ""0"",local port: ""6379"",net namespace: ""-1"",local address: ""0.0.0.0"",protocol: ""tcp"",subtype: ""network socket"",remote address: ""192.168.47.128"",hash: ""9781353d71be13528eac82bca226eb2e""})"
"(:VERTEX {remote port: ""42952"",epoch: ""0"",source: ""syscall"",type: ""Artifact"",version: ""0"",local port: ""6379"",net namespace: ""-1"",local address: ""0.0.0.0"",protocol: ""tcp"",subtype: ""network socket"",remote address: ""192.168.47.128"",hash: ""c77734a49eabc1eb5bb79a1585844dd8""})"
"(:VERTEX {remote port: ""51612"",epoch: ""0"",source: ""syscall"",type: ""Artifact"",version: ""0"",local port: ""9555"",net namespace: ""-1"",local address: ""0000:0000:0000:0000:0000:0000:0000:0000"",protocol: ""tcp"",subtype: ""network socket"",remote address: ""0000:0000:0000:0000:0000:FFFF:C0A8:2F80"",hash: ""b3419656fc9e357cfb9e85f2f5a661f3""})"
"(:VERTEX {remote port: ""51610"",epoch: ""0"",source: ""syscall"",type: ""Artifact"",version: ""0"",local port: ""9555"",net namespace: ""-1"",local address: ""0000:0000:0000:0000:0000:0000:0000:0000"",protocol: ""tcp"",subtype: ""network socket"",remote address: ""0000:0000:0000:0000:0000:FFFF:C0A8:2F80"",hash: ""0f6b8a0fa2dc9d6344917d2681fc5f9e""})"
"(:VERTEX {remote port: ""34996"",epoch: ""0"",source: ""syscall"",type: ""Artifact"",version: ""0"",local port: ""8080"",net namespace: ""-1"",local address: ""0000:0000:0000:0000:0000:0000:0000:0000"",protocol: ""tcp"",subtype: ""network socket"",remote address: ""0000:0000:0000:0000:0000:FFFF:C0A8:2F80"",hash: ""c0e1d77dc48077bdbc2bdc691c92e95a""})"
"(:VERTEX {remote port: ""35010"",epoch: ""0"",source: ""syscall"",type: ""Artifact"",version: ""0"",local port: ""8080"",net namespace: ""-1"",local address: ""0000:0000:0000:0000:0000:0000:0000:0000"",protocol: ""tcp"",subtype: ""network socket"",remote address: ""0000:0000:0000:0000:0000:FFFF:C0A8:2F80"",hash: ""5311c494708b7eb0ffed9b8d8b9a9265""})"
"(:VERTEX {remote port: ""53"",epoch: ""0"",source: ""syscall"",type: ""Artifact"",version: ""0"",local port: ""56878"",net namespace: ""-1"",local address: ""10.1.251.204"",protocol: ""udp"",subtype: ""network socket"",remote address: ""10.152.183.10"",hash: ""958d18241411d4a54bfc6b4eeafd68f1""})"
"(:VERTEX {remote port: ""53"",epoch: ""0"",source: ""syscall"",type: ""Artifact"",version: ""0"",local port: ""40270"",net namespace: ""-1"",local address: ""10.1.251.204"",protocol: ""udp"",subtype: ""network socket"",remote address: ""10.152.183.10"",hash: ""29cd0ce6efdd0ce547e06d8b68c21c34""})"
"(:VERTEX {gid: ""0"",euid: ""999"",children pid namespace: ""-1"",pid: ""151239"",seen time: ""1690978749.044"",source: ""syscall"",type: ""Process"",net namespace: ""-1"",ipc namespace: ""-1"",ppid: ""151227"",pid namespace: ""-1"",uid: ""999"",egid: ""0"",exe: ""/"",mount namespace: ""-1"",name: ""runc:[2:INIT]"",hash: ""7c28976eafdcc0cecdad6ac6daf64e51"",user namespace: ""-1""})"
"(:VERTEX {path: ""/proc/151239/attr/apparmor/exec"",subtype: ""file"",permissions: ""0666"",epoch: ""0"",source: ""syscall"",type: ""Artifact"",version: ""0"",hash: ""35cebcbed9da84798603c78f246fdcf9""})"
"(:VERTEX {gid: ""0"",euid: ""999"",children pid namespace: ""-1"",start time: ""1690978749.044"",pid: ""151239"",source: ""syscall"",type: ""Process"",net namespace: ""-1"",ipc namespace: ""-1"",ppid: ""151227"",pid namespace: ""-1"",cwd: ""/"",uid: ""999"",egid: ""0"",exe: ""/usr/bin/check-status"",mount namespace: ""-1"",command line: ""/usr/bin/check-status -l"",name: ""check-status"",hash: ""12bba4f062ddac793a85cf17fbef4922"",user namespace: ""-1""})"
"(:VERTEX {memory address: ""7f5543cdc000"",size: ""2000"",subtype: ""memory"",tgid: ""151239"",source: ""syscall"",type: ""Artifact"",version: ""0"",hash: ""9be67bf398dc08004454c84a7d048eba""})"
"(:VERTEX {memory address: ""7f5543891000"",size: ""21f4c0"",subtype: ""memory"",tgid: ""151239"",source: ""syscall"",type: ""Artifact"",version: ""0"",hash: ""8dcbda9a09a0a841cfd01b42cd5de8a0""})"
"(:VERTEX {memory address: ""7f55438ac000"",size: ""1ff000"",subtype: ""memory"",tgid: ""151239"",source: ""syscall"",type: ""Artifact"",version: ""0"",hash: ""eaf54dbe207d4ecdb1ef6a078f2222f1""})"
"(:VERTEX {memory address: ""7f5543aab000"",size: ""2000"",subtype: ""memory"",tgid: ""151239"",source: ""syscall"",type: ""Artifact"",version: ""0"",hash: ""11a042eabc61bf4f37bbe64843b83386""})"
"(:VERTEX {memory address: ""7f5543aad000"",size: ""34c0"",subtype: ""memory"",tgid: ""151239"",source: ""syscall"",type: ""Artifact"",version: ""0"",hash: ""3acb7977d4e1acdae65b479ea2bff12f""})"
"(:VERTEX {memory address: ""7f55434cb000"",size: ""3c58c0"",subtype: ""memory"",tgid: ""151239"",source: ""syscall"",type: ""Artifact"",version: ""0"",hash: ""48c3261f0c0e9573bf72ae06dba5f1f5""})"
"(:VERTEX {memory address: ""7f5543687000"",size: ""200000"",subtype: ""memory"",tgid: ""151239"",source: ""syscall"",type: ""Artifact"",version: ""0"",hash: ""df032f21bf1cdb458cfad60d2d02f57b""})"
"(:VERTEX {memory address: ""7f5543887000"",size: ""6000"",subtype: ""memory"",tgid: ""151239"",source: ""syscall"",type: ""Artifact"",version: ""0"",hash: ""a5e63cd2225aa536e458c670b5900050""})"
"(:VERTEX {memory address: ""7f554388d000"",size: ""38c0"",subtype: ""memory"",tgid: ""151239"",source: ""syscall"",type: ""Artifact"",version: ""0"",hash: ""d29c2f87ed373738d59481ff49a070c9""})"
"(:VERTEX {memory address: ""7f5543cd9000"",size: ""3000"",subtype: ""memory"",tgid: ""151239"",source: ""syscall"",type: ""Artifact"",version: ""0"",hash: ""dafba1e6c86d1779dc151cd5256cc9e4""})"
"(:VERTEX {memory address: ""7f5543887000"",size: ""4000"",subtype: ""memory"",tgid: ""151239"",source: ""syscall"",type: ""Artifact"",version: ""0"",hash: ""953a7ec2c1caea82ffb31327cb42ec51""})"
"(:VERTEX {memory address: ""7f5543aab000"",size: ""1000"",subtype: ""memory"",tgid: ""151239"",source: ""syscall"",type: ""Artifact"",version: ""0"",hash: ""52c2c6f8a8c65ebaa3cdf2b97d592f33""})"
"(:VERTEX {memory address: ""7f5543cde000"",size: ""1000"",subtype: ""memory"",tgid: ""151239"",source: ""syscall"",type: ""Artifact"",version: ""0"",hash: ""287f22f6073e972668cf83a7918f96ac""})"
"(:VERTEX {memory address: ""7f5543c99000"",size: ""40000"",subtype: ""memory"",tgid: ""151239"",source: ""syscall"",type: ""Artifact"",version: ""0"",hash: ""d6649ac85cb088688abf6cd79c042d9f""})"
"(:VERTEX {memory address: ""7f5543c79000"",size: ""20000"",subtype: ""memory"",tgid: ""151239"",source: ""syscall"",type: ""Artifact"",version: ""0"",hash: ""378bed7a5ec8f91239e7ab27ebcfbb6d""})"
"(:VERTEX {memory address: ""7f5543b79000"",size: ""100000"",subtype: ""memory"",tgid: ""151239"",source: ""syscall"",type: ""Artifact"",version: ""0"",hash: ""610eecfcd4acb98a43aac2675267e373""})"
"(:VERTEX {memory address: ""7f5542ccb000"",size: ""800000"",subtype: ""memory"",tgid: ""151239"",source: ""syscall"",type: ""Artifact"",version: ""0"",hash: ""6a98383c8f7748780ff1eaf1fdfac948""})"
"(:VERTEX {memory address: ""7f553eccb000"",size: ""4000000"",subtype: ""memory"",tgid: ""151239"",source: ""syscall"",type: ""Artifact"",version: ""0"",hash: ""714f13c58d2c067a4ffd3af85d32e04b""})"
"(:VERTEX {memory address: ""7f551eccb000"",size: ""20000000"",subtype: ""memory"",tgid: ""151239"",source: ""syscall"",type: ""Artifact"",version: ""0"",hash: ""d67a1016d5753f4893d5150c8453b2a1""})"
"(:VERTEX {memory address: ""c000000000"",size: ""4000000"",subtype: ""memory"",tgid: ""151239"",source: ""syscall"",type: ""Artifact"",version: ""0"",hash: ""61eba1ce105f1f7566c14583ab3095ed""})"
"(:VERTEX {memory address: ""7f551cccb000"",size: ""2000000"",subtype: ""memory"",tgid: ""151239"",source: ""syscall"",type: ""Artifact"",version: ""0"",hash: ""e8966f9e58a3c19ce29ffb66c6d2cad9""})"
"(:VERTEX {memory address: ""7f551caba000"",size: ""210c10"",subtype: ""memory"",tgid: ""151239"",source: ""syscall"",type: ""Artifact"",version: ""0"",hash: ""a3cdb798f2f52f5e56316d33afad51d2""})"
"(:VERTEX {memory address: ""c000000000"",size: ""400000"",subtype: ""memory"",tgid: ""151239"",source: ""syscall"",type: ""Artifact"",version: ""0"",hash: ""3717549700d55de7062541b76df184d8""})"
"(:VERTEX {memory address: ""7f5543c79000"",size: ""20000"",subtype: ""memory"",tgid: ""151239"",source: ""syscall"",type: ""Artifact"",version: ""1"",hash: ""b69534024065c85d8af27fa116c2b643""})"
"(:VERTEX {memory address: ""7f5543bf9000"",size: ""1000"",subtype: ""memory"",tgid: ""151239"",source: ""syscall"",type: ""Artifact"",version: ""0"",hash: ""5ed5ca8ac67bbb002ebb3d801b2cbe2d""})"
"(:VERTEX {memory address: ""7f55430d1000"",size: ""1000"",subtype: ""memory"",tgid: ""151239"",source: ""syscall"",type: ""Artifact"",version: ""0"",hash: ""dda97b89391b7ce1d0da5a9e16c32c90""})"
"(:VERTEX {memory address: ""7f5540cfb000"",size: ""1000"",subtype: ""memory"",tgid: ""151239"",source: ""syscall"",type: ""Artifact"",version: ""0"",hash: ""dee8388f9fa34d111404dfb57c27222d""})"
"(:VERTEX {memory address: ""7f552ee4b000"",size: ""1000"",subtype: ""memory"",tgid: ""151239"",source: ""syscall"",type: ""Artifact"",version: ""0"",hash: ""727df2569edc32dde183a2218169f9f4""})"
"(:VERTEX {memory address: ""7f551c9ba000"",size: ""100000"",subtype: ""memory"",tgid: ""151239"",source: ""syscall"",type: ""Artifact"",version: ""0"",hash: ""7e3f4519a5193a1a75141e27ddf3514a""})"
"(:VERTEX {memory address: ""7f5543b69000"",size: ""10000"",subtype: ""memory"",tgid: ""151239"",source: ""syscall"",type: ""Artifact"",version: ""0"",hash: ""18cd48ef9df5f2908a10a81e411cb447""})"
"(:VERTEX {memory address: ""7f5543b59000"",size: ""10000"",subtype: ""memory"",tgid: ""151239"",source: ""syscall"",type: ""Artifact"",version: ""0"",hash: ""ea3c4fe9c0654c39759bbc1a0396f85e""})"
"(:VERTEX {memory address: ""7f551c1b9000"",size: ""801000"",subtype: ""memory"",tgid: ""151239"",source: ""syscall"",type: ""Artifact"",version: ""0"",hash: ""7647ce5b3a5f294f83bcce47e7123b05""})"
"(:VERTEX {memory address: ""7f551c1ba000"",size: ""800000"",subtype: ""memory"",tgid: ""151239"",source: ""syscall"",type: ""Artifact"",version: ""0"",hash: ""ee7a17c2be6b490e2f5fbb069e5774e7""})"
"(:VERTEX {gid: ""0"",euid: ""999"",children pid namespace: ""4026532779"",start time: ""1690978749.051"",ns pid: ""11718"",pid: ""151245"",source: ""syscall"",type: ""Process"",net namespace: ""4026532705"",ipc namespace: ""4026532772"",ppid: ""151239"",pid namespace: ""4026532779"",cwd: ""/"",uid: ""999"",egid: ""0"",exe: ""/usr/bin/check-status"",mount namespace: ""4026532778"",command line: ""/usr/bin/check-status -l"",name: ""check-status"",hash: ""7fdd931b66345f1367ff759c5f012542"",user namespace: ""4026531837""})"
"(:VERTEX {memory address: ""7f551b9b8000"",size: ""801000"",subtype: ""memory"",tgid: ""151239"",source: ""syscall"",type: ""Artifact"",version: ""0"",hash: ""d2005a885dc42c187a30b10688d4fb15""})"
"(:VERTEX {memory address: ""7f551b9b9000"",size: ""800000"",subtype: ""memory"",tgid: ""151239"",source: ""syscall"",type: ""Artifact"",version: ""0"",hash: ""3856b4d980100b977f78b6338bfb01ec""})"
"(:VERTEX {gid: ""0"",euid: ""999"",children pid namespace: ""4026532779"",start time: ""1690978749.051"",ns pid: ""11719"",pid: ""151246"",source: ""syscall"",type: ""Process"",net namespace: ""4026532705"",ipc namespace: ""4026532772"",ppid: ""151239"",pid namespace: ""4026532779"",cwd: ""/"",uid: ""999"",egid: ""0"",exe: ""/usr/bin/check-status"",mount namespace: ""4026532778"",command line: ""/usr/bin/check-status -l"",name: ""check-status"",hash: ""5d43ac1f697d5164819e3dd1dc71807c"",user namespace: ""4026531837""})"
"(:VERTEX {memory address: ""7f551b1b7000"",size: ""801000"",subtype: ""memory"",tgid: ""151239"",source: ""syscall"",type: ""Artifact"",version: ""0"",hash: ""6b25d6e94a770b912436d126f7dd923c""})"
"(:VERTEX {memory address: ""7f551b1b8000"",size: ""800000"",subtype: ""memory"",tgid: ""151239"",source: ""syscall"",type: ""Artifact"",version: ""0"",hash: ""02ded993868654445eacec591f5ebb7b""})"
"(:VERTEX {memory address: ""7f55131b7000"",size: ""8000000"",subtype: ""memory"",tgid: ""151239"",source: ""syscall"",type: ""Artifact"",version: ""0"",hash: ""14f9444e513367e33f67f36d73ad9217""})"
"(:VERTEX {gid: ""0"",euid: ""999"",children pid namespace: ""4026532779"",start time: ""1690978749.051"",ns pid: ""11720"",pid: ""151247"",source: ""syscall"",type: ""Process"",net namespace: ""4026532705"",ipc namespace: ""4026532772"",ppid: ""151239"",pid namespace: ""4026532779"",cwd: ""/"",uid: ""999"",egid: ""0"",exe: ""/usr/bin/check-status"",mount namespace: ""4026532778"",command line: ""/usr/bin/check-status -l"",name: ""check-status"",hash: ""a12f430f30aac0a51a77cad1c074b5a1"",user namespace: ""4026531837""})"
"(:VERTEX {memory address: ""7f5514000000"",size: ""21000"",subtype: ""memory"",tgid: ""151239"",source: ""syscall"",type: ""Artifact"",version: ""0"",hash: ""ad5ea6545868bdb86f24b62ec841d074""})"
"(:VERTEX {memory address: ""7f550c000000"",size: ""8000000"",subtype: ""memory"",tgid: ""151239"",source: ""syscall"",type: ""Artifact"",version: ""0"",hash: ""90095af6aab8f541325fba06dbd14677""})"
"(:VERTEX {memory address: ""7f550c000000"",size: ""21000"",subtype: ""memory"",tgid: ""151239"",source: ""syscall"",type: ""Artifact"",version: ""0"",hash: ""fcd7899e66b1941da6bc4eced5a69127""})"
"(:VERTEX {memory address: ""7f551a9b6000"",size: ""801000"",subtype: ""memory"",tgid: ""151239"",source: ""syscall"",type: ""Artifact"",version: ""0"",hash: ""381d538a5c849b2d9c2b52450eec26bf""})"
"(:VERTEX {memory address: ""7f551a9b7000"",size: ""800000"",subtype: ""memory"",tgid: ""151239"",source: ""syscall"",type: ""Artifact"",version: ""0"",hash: ""25a2b7ac26454ca05f770d463e3dfd84""})"
"(:VERTEX {gid: ""0"",euid: ""999"",children pid namespace: ""4026532779"",start time: ""1690978749.051"",ns pid: ""11721"",pid: ""151248"",source: ""syscall"",type: ""Process"",net namespace: ""4026532705"",ipc namespace: ""4026532772"",ppid: ""151239"",pid namespace: ""4026532779"",cwd: ""/"",uid: ""999"",egid: ""0"",exe: ""/usr/bin/check-status"",mount namespace: ""4026532778"",command line: ""/usr/bin/check-status -l"",name: ""check-status"",hash: ""88c036c6fffffed38c91ceaafaac2915"",user namespace: ""4026531837""})"
"(:VERTEX {memory address: ""7f5510000000"",size: ""4000000"",subtype: ""memory"",tgid: ""151239"",source: ""syscall"",type: ""Artifact"",version: ""0"",hash: ""d7d1d668d3bd04c01ababec0679a3659""})"
"(:VERTEX {memory address: ""7f5510000000"",size: ""21000"",subtype: ""memory"",tgid: ""151239"",source: ""syscall"",type: ""Artifact"",version: ""0"",hash: ""a23636295e84b8d41b002c29b7c6a3ce""})"
"(:VERTEX {memory address: ""7f5543b19000"",size: ""40000"",subtype: ""memory"",tgid: ""151239"",source: ""syscall"",type: ""Artifact"",version: ""0"",hash: ""0d4e8d8894ed8c9147344cc59b40edba""})"
"(:VERTEX {memory address: ""7f551a1b5000"",size: ""801000"",subtype: ""memory"",tgid: ""151239"",source: ""syscall"",type: ""Artifact"",version: ""0"",hash: ""cd64cdc4b2d8590dcb060e02ac73cd6c""})"
"(:VERTEX {memory address: ""7f551a1b6000"",size: ""800000"",subtype: ""memory"",tgid: ""151239"",source: ""syscall"",type: ""Artifact"",version: ""0"",hash: ""3d871073820848a999e8ab66978962cb""})"
"(:VERTEX {gid: ""0"",euid: ""999"",children pid namespace: ""4026532779"",start time: ""1690978749.051"",ns pid: ""11722"",pid: ""151249"",source: ""syscall"",type: ""Process"",net namespace: ""4026532705"",ipc namespace: ""4026532772"",ppid: ""151239"",pid namespace: ""4026532779"",cwd: ""/"",uid: ""999"",egid: ""0"",exe: ""/usr/bin/check-status"",mount namespace: ""4026532778"",command line: ""/usr/bin/check-status -l"",name: ""check-status"",hash: ""c47466b71fbfde3ac0b7f209ed6257df"",user namespace: ""4026531837""})"
"(:VERTEX {remote port: ""53"",epoch: ""0"",source: ""syscall"",type: ""Artifact"",version: ""0"",local port: ""48824"",net namespace: ""-1"",local address: ""10.1.251.204"",protocol: ""udp"",subtype: ""network socket"",remote address: ""10.152.183.10"",hash: ""8993eddf9be5d189aef2f70b0b647869""})"
"(:VERTEX {remote port: ""53"",epoch: ""0"",source: ""syscall"",type: ""Artifact"",version: ""0"",local port: ""52562"",net namespace: ""-1"",local address: ""10.1.251.204"",protocol: ""udp"",subtype: ""network socket"",remote address: ""10.152.183.10"",hash: ""1f92f7acbb3042ef99a2b8c7d16cb93d""})"
"(:VERTEX {remote port: ""38756"",epoch: ""0"",source: ""syscall"",type: ""Artifact"",version: ""0"",local port: ""8080"",net namespace: ""-1"",local address: ""0000:0000:0000:0000:0000:0000:0000:0000"",protocol: ""tcp"",subtype: ""network socket"",remote address: ""0000:0000:0000:0000:0000:FFFF:C0A8:2F80"",hash: ""2965b93c679875ed1e9dfa2270bcbf04""})"
"(:VERTEX {remote port: ""38740"",epoch: ""0"",source: ""syscall"",type: ""Artifact"",version: ""0"",local port: ""8080"",net namespace: ""-1"",local address: ""0000:0000:0000:0000:0000:0000:0000:0000"",protocol: ""tcp"",subtype: ""network socket"",remote address: ""0000:0000:0000:0000:0000:FFFF:C0A8:2F80"",hash: ""ef66ac1f0a1623f62fba2170efe5bc81""})"
"(:VERTEX {remote port: ""48502"",epoch: ""0"",source: ""syscall"",type: ""Artifact"",version: ""0"",local port: ""50051"",net namespace: ""-1"",local address: ""0000:0000:0000:0000:0000:0000:0000:0000"",protocol: ""tcp"",subtype: ""network socket"",remote address: ""0000:0000:0000:0000:0000:FFFF:C0A8:2F80"",hash: ""9b4b0972169fbf1b2c33adf3b5ea9979""})"
"(:VERTEX {remote port: ""48518"",epoch: ""0"",source: ""syscall"",type: ""Artifact"",version: ""0"",local port: ""50051"",net namespace: ""-1"",local address: ""0000:0000:0000:0000:0000:0000:0000:0000"",protocol: ""tcp"",subtype: ""network socket"",remote address: ""0000:0000:0000:0000:0000:FFFF:C0A8:2F80"",hash: ""b5de38290838d6ca357512ae0a0711dd""})"
"(:VERTEX {remote port: ""37426"",epoch: ""0"",source: ""syscall"",type: ""Artifact"",version: ""0"",local port: ""7000"",net namespace: ""-1"",local address: ""0000:0000:0000:0000:0000:0000:0000:0000"",protocol: ""tcp"",subtype: ""network socket"",remote address: ""0000:0000:0000:0000:0000:FFFF:C0A8:2F80"",hash: ""e930be54d717915f3d56b9bfdc9dc492""})"
"(:VERTEX {remote port: ""37438"",epoch: ""0"",source: ""syscall"",type: ""Artifact"",version: ""0"",local port: ""7000"",net namespace: ""-1"",local address: ""0000:0000:0000:0000:0000:0000:0000:0000"",protocol: ""tcp"",subtype: ""network socket"",remote address: ""0000:0000:0000:0000:0000:FFFF:C0A8:2F80"",hash: ""2986be0120a9a3ada3e02dbf95666055""})"
"(:VERTEX {remote port: ""42978"",epoch: ""0"",source: ""syscall"",type: ""Artifact"",version: ""0"",local port: ""6379"",net namespace: ""-1"",local address: ""0.0.0.0"",protocol: ""tcp"",subtype: ""network socket"",remote address: ""192.168.47.128"",hash: ""ba92672632a3efb97cf83796221510f3""})"
"(:VERTEX {remote port: ""53422"",epoch: ""0"",source: ""syscall"",type: ""Artifact"",version: ""0"",local port: ""5050"",net namespace: ""-1"",local address: ""0000:0000:0000:0000:0000:0000:0000:0000"",protocol: ""tcp"",subtype: ""network socket"",remote address: ""0000:0000:0000:0000:0000:FFFF:C0A8:2F80"",hash: ""9bdeef5d417c1519e2e09c8e8bae1dca""})"
"(:VERTEX {remote port: ""42964"",epoch: ""0"",source: ""syscall"",type: ""Artifact"",version: ""0"",local port: ""6379"",net namespace: ""-1"",local address: ""0.0.0.0"",protocol: ""tcp"",subtype: ""network socket"",remote address: ""192.168.47.128"",hash: ""e444ecde40102ff9a8dabb6f60d3239e""})"
"(:VERTEX {remote port: ""53408"",epoch: ""0"",source: ""syscall"",type: ""Artifact"",version: ""0"",local port: ""5050"",net namespace: ""-1"",local address: ""0000:0000:0000:0000:0000:0000:0000:0000"",protocol: ""tcp"",subtype: ""network socket"",remote address: ""0000:0000:0000:0000:0000:FFFF:C0A8:2F80"",hash: ""7d8e6e855ea2b4473c2a955d7c1e4f89""})"
"(:VERTEX {remote port: ""48436"",epoch: ""1"",source: ""syscall"",type: ""Artifact"",version: ""0"",local port: ""8080"",net namespace: ""-1"",local address: ""0000:0000:0000:0000:0000:0000:0000:0000"",protocol: ""tcp"",subtype: ""network socket"",remote address: ""0000:0000:0000:0000:0000:FFFF:C0A8:2F80"",hash: ""1764055827dd400b4327d31de2d35925""})"
"(:VERTEX {remote port: ""48452"",epoch: ""0"",source: ""syscall"",type: ""Artifact"",version: ""0"",local port: ""8080"",net namespace: ""-1"",local address: ""0000:0000:0000:0000:0000:0000:0000:0000"",protocol: ""tcp"",subtype: ""network socket"",remote address: ""0000:0000:0000:0000:0000:FFFF:C0A8:2F80"",hash: ""b3647ea48acb8c29d6a8e85ec83c4020""})"
"(:VERTEX {remote port: ""35226"",epoch: ""0"",source: ""syscall"",type: ""Artifact"",version: ""0"",local port: ""50051"",net namespace: ""-1"",local address: ""0000:0000:0000:0000:0000:0000:0000:0000"",protocol: ""tcp"",subtype: ""network socket"",remote address: ""0000:0000:0000:0000:0000:FFFF:C0A8:2F80"",hash: ""17df534429baffa9ba40b87b31ad02ce""})"
"(:VERTEX {remote port: ""35242"",epoch: ""0"",source: ""syscall"",type: ""Artifact"",version: ""0"",local port: ""50051"",net namespace: ""-1"",local address: ""0000:0000:0000:0000:0000:0000:0000:0000"",protocol: ""tcp"",subtype: ""network socket"",remote address: ""0000:0000:0000:0000:0000:FFFF:C0A8:2F80"",hash: ""90ae42951c32d7f328a73367bb50f6dd""})"
"(:VERTEX {remote port: ""57334"",epoch: ""0"",source: ""syscall"",type: ""Artifact"",version: ""0"",local port: ""7070"",net namespace: ""4026533266"",local address: ""0000:0000:0000:0000:0000:0000:0000:0000"",protocol: ""tcp"",subtype: ""network socket"",remote address: ""0000:0000:0000:0000:0000:FFFF:C0A8:2F80"",hash: ""fcd6a7d81fab99aee4e07118007ab541""})"
"(:VERTEX {remote port: ""57338"",epoch: ""0"",source: ""syscall"",type: ""Artifact"",version: ""0"",local port: ""7070"",net namespace: ""4026533266"",local address: ""0000:0000:0000:0000:0000:0000:0000:0000"",protocol: ""tcp"",subtype: ""network socket"",remote address: ""0000:0000:0000:0000:0000:FFFF:C0A8:2F80"",hash: ""55ea59de88dc2ee39ebb4786c97daa1f""})"
"(:VERTEX {gid: ""1000"",euid: ""1000"",children pid namespace: ""-1"",pid: ""61629"",seen time: ""1690978752.921"",source: ""syscall"",type: ""Process"",net namespace: ""-1"",ipc namespace: ""-1"",ppid: ""59160"",pid namespace: ""-1"",uid: ""1000"",egid: ""1000"",mount namespace: ""-1"",name: ""server"",hash: ""9ed6e432135ed6528c91618ea2725da6"",user namespace: ""-1""})"
"(:VERTEX {remote port: ""49468"",epoch: ""0"",source: ""syscall"",type: ""Artifact"",version: ""0"",local port: ""3550"",net namespace: ""-1"",local address: ""0000:0000:0000:0000:0000:0000:0000:0000"",protocol: ""tcp"",subtype: ""network socket"",remote address: ""0000:0000:0000:0000:0000:FFFF:C0A8:2F80"",hash: ""923afd2726b491cce5d7c48bb30927c0""})"
"(:VERTEX {remote port: ""49482"",epoch: ""0"",source: ""syscall"",type: ""Artifact"",version: ""0"",local port: ""3550"",net namespace: ""-1"",local address: ""0000:0000:0000:0000:0000:0000:0000:0000"",protocol: ""tcp"",subtype: ""network socket"",remote address: ""0000:0000:0000:0000:0000:FFFF:C0A8:2F80"",hash: ""194b1a5a3c429bcb1fe2245f91e0df9e""})"
"(:VERTEX {remote port: ""35016"",epoch: ""0"",source: ""syscall"",type: ""Artifact"",version: ""0"",local port: ""8080"",net namespace: ""-1"",local address: ""0000:0000:0000:0000:0000:0000:0000:0000"",protocol: ""tcp"",subtype: ""network socket"",remote address: ""0000:0000:0000:0000:0000:FFFF:C0A8:2F80"",hash: ""39a13d4043bcc0f71f23eca0f7a27c7d""})"
"(:VERTEX {remote port: ""35022"",epoch: ""0"",source: ""syscall"",type: ""Artifact"",version: ""0"",local port: ""8080"",net namespace: ""-1"",local address: ""0000:0000:0000:0000:0000:0000:0000:0000"",protocol: ""tcp"",subtype: ""network socket"",remote address: ""0000:0000:0000:0000:0000:FFFF:C0A8:2F80"",hash: ""11e91fda201bb265732fd841c1cad68b""})"
"(:VERTEX {gid: ""0"",euid: ""999"",children pid namespace: ""-1"",pid: ""151467"",seen time: ""1690978756.914"",source: ""syscall"",type: ""Process"",net namespace: ""-1"",ipc namespace: ""-1"",ppid: ""151458"",pid namespace: ""-1"",uid: ""999"",egid: ""0"",exe: ""/"",mount namespace: ""-1"",name: ""runc:[2:INIT]"",hash: ""07710247fc90ecebe45fb017407d3569"",user namespace: ""-1""})"
"(:VERTEX {path: ""/proc/151467/attr/apparmor/exec"",subtype: ""file"",permissions: ""0666"",epoch: ""0"",source: ""syscall"",type: ""Artifact"",version: ""0"",hash: ""aee8cc99f31f5e861ed1957d410e3d68""})"
"(:VERTEX {gid: ""0"",euid: ""999"",children pid namespace: ""-1"",start time: ""1690978756.914"",pid: ""151467"",source: ""syscall"",type: ""Process"",net namespace: ""-1"",ipc namespace: ""-1"",ppid: ""151458"",pid namespace: ""-1"",cwd: ""/"",uid: ""999"",egid: ""0"",exe: ""/usr/bin/check-status"",mount namespace: ""-1"",command line: ""/usr/bin/check-status -r"",name: ""check-status"",hash: ""6cb8aa5faec1d84429ade1fccf93fdc9"",user namespace: ""-1""})"
"(:VERTEX {memory address: ""7f949619f000"",size: ""2000"",subtype: ""memory"",tgid: ""151467"",source: ""syscall"",type: ""Artifact"",version: ""0"",hash: ""9204df7be98b46e8301727148fb00e12""})"
"(:VERTEX {memory address: ""7f9495d54000"",size: ""21f4c0"",subtype: ""memory"",tgid: ""151467"",source: ""syscall"",type: ""Artifact"",version: ""0"",hash: ""7fea590384e7d3ca8bdab3f1933d69a0""})"
"(:VERTEX {memory address: ""7f9495d6f000"",size: ""1ff000"",subtype: ""memory"",tgid: ""151467"",source: ""syscall"",type: ""Artifact"",version: ""0"",hash: ""50e5ca15ef8762d6cdad1c0db8ac5316""})"
"(:VERTEX {memory address: ""7f9495f6e000"",size: ""2000"",subtype: ""memory"",tgid: ""151467"",source: ""syscall"",type: ""Artifact"",version: ""0"",hash: ""08e5e1389482cf1a6799b1c8e4b68a20""})"
"(:VERTEX {memory address: ""7f9495f70000"",size: ""34c0"",subtype: ""memory"",tgid: ""151467"",source: ""syscall"",type: ""Artifact"",version: ""0"",hash: ""fcfa12025b82e7a79e1b3b1ace99522e""})"
"(:VERTEX {memory address: ""7f949598e000"",size: ""3c58c0"",subtype: ""memory"",tgid: ""151467"",source: ""syscall"",type: ""Artifact"",version: ""0"",hash: ""68605fb922a79e17b04ee875105de59d""})"
"(:VERTEX {memory address: ""7f9495b4a000"",size: ""200000"",subtype: ""memory"",tgid: ""151467"",source: ""syscall"",type: ""Artifact"",version: ""0"",hash: ""c7852fc24485d178376ca5bb5334e5df""})"
"(:VERTEX {memory address: ""7f9495d4a000"",size: ""6000"",subtype: ""memory"",tgid: ""151467"",source: ""syscall"",type: ""Artifact"",version: ""0"",hash: ""d89a36e2e115e647d8e20dae1c4cb131""})"
"(:VERTEX {memory address: ""7f9495d50000"",size: ""38c0"",subtype: ""memory"",tgid: ""151467"",source: ""syscall"",type: ""Artifact"",version: ""0"",hash: ""95c10884c3c94df1f3e5144ad1abd1cb""})"
"(:VERTEX {memory address: ""7f949619c000"",size: ""3000"",subtype: ""memory"",tgid: ""151467"",source: ""syscall"",type: ""Artifact"",version: ""0"",hash: ""478cd731485453902d76f47e4aee9179""})"
"(:VERTEX {memory address: ""7f9495d4a000"",size: ""4000"",subtype: ""memory"",tgid: ""151467"",source: ""syscall"",type: ""Artifact"",version: ""0"",hash: ""dcb98d769f08c43372fad5245915a07f""})"
"(:VERTEX {memory address: ""7f9495f6e000"",size: ""1000"",subtype: ""memory"",tgid: ""151467"",source: ""syscall"",type: ""Artifact"",version: ""0"",hash: ""0ca127dcc8e37a0abee8a3b5af6ceeee""})"
"(:VERTEX {memory address: ""7f94961a1000"",size: ""1000"",subtype: ""memory"",tgid: ""151467"",source: ""syscall"",type: ""Artifact"",version: ""0"",hash: ""8884b370666ce3b2c81a2f8ce2b663a0""})"
"(:VERTEX {memory address: ""7f949615c000"",size: ""40000"",subtype: ""memory"",tgid: ""151467"",source: ""syscall"",type: ""Artifact"",version: ""0"",hash: ""40b09766a7b5e215292fdee2d2153024""})"
"(:VERTEX {memory address: ""7f949613c000"",size: ""20000"",subtype: ""memory"",tgid: ""151467"",source: ""syscall"",type: ""Artifact"",version: ""0"",hash: ""d51cadcb39fc3a983ae592157f2d0a59""})"
"(:VERTEX {memory address: ""7f949603c000"",size: ""100000"",subtype: ""memory"",tgid: ""151467"",source: ""syscall"",type: ""Artifact"",version: ""0"",hash: ""ed561ffe4d237992a4fbd2ef48963733""})"
"(:VERTEX {memory address: ""7f949518e000"",size: ""800000"",subtype: ""memory"",tgid: ""151467"",source: ""syscall"",type: ""Artifact"",version: ""0"",hash: ""243eacf62eb7d1f33594a370b42ece5a""})"
"(:VERTEX {memory address: ""7f949118e000"",size: ""4000000"",subtype: ""memory"",tgid: ""151467"",source: ""syscall"",type: ""Artifact"",version: ""0"",hash: ""0f61dcccac27a7e5ab4e8f07c7bf3fe7""})"
"(:VERTEX {memory address: ""7f947118e000"",size: ""20000000"",subtype: ""memory"",tgid: ""151467"",source: ""syscall"",type: ""Artifact"",version: ""0"",hash: ""008abc41a261170171e5143279f3ba7a""})"
"(:VERTEX {memory address: ""c000000000"",size: ""4000000"",subtype: ""memory"",tgid: ""151467"",source: ""syscall"",type: ""Artifact"",version: ""0"",hash: ""2c2c81233f8651a506a24be4a21be433""})"
"(:VERTEX {memory address: ""7f946f18e000"",size: ""2000000"",subtype: ""memory"",tgid: ""151467"",source: ""syscall"",type: ""Artifact"",version: ""0"",hash: ""76146e305b5f9c2a7101d6ec5ff80c85""})"
"(:VERTEX {memory address: ""7f946ef7d000"",size: ""210c10"",subtype: ""memory"",tgid: ""151467"",source: ""syscall"",type: ""Artifact"",version: ""0"",hash: ""d6cd553504e9a1eeee718b1a7a8d5a2d""})"
"(:VERTEX {memory address: ""c000000000"",size: ""400000"",subtype: ""memory"",tgid: ""151467"",source: ""syscall"",type: ""Artifact"",version: ""0"",hash: ""fc19e74f66043a9ab01fd419a59c6df5""})"
"(:VERTEX {memory address: ""7f949613c000"",size: ""20000"",subtype: ""memory"",tgid: ""151467"",source: ""syscall"",type: ""Artifact"",version: ""1"",hash: ""0ce357e57868379e8c484426da0083c6""})"
"(:VERTEX {memory address: ""7f94960bc000"",size: ""1000"",subtype: ""memory"",tgid: ""151467"",source: ""syscall"",type: ""Artifact"",version: ""0"",hash: ""37a386c1cd424fddc6bee48bd97c2e2f""})"
"(:VERTEX {memory address: ""7f9495594000"",size: ""1000"",subtype: ""memory"",tgid: ""151467"",source: ""syscall"",type: ""Artifact"",version: ""0"",hash: ""d1cedad3e609c1d968760c81e4e23df3""})"
"(:VERTEX {memory address: ""7f94931be000"",size: ""1000"",subtype: ""memory"",tgid: ""151467"",source: ""syscall"",type: ""Artifact"",version: ""0"",hash: ""b7f5cde2d008cc40f7b4d3ae6d665d79""})"
"(:VERTEX {memory address: ""7f948130e000"",size: ""1000"",subtype: ""memory"",tgid: ""151467"",source: ""syscall"",type: ""Artifact"",version: ""0"",hash: ""1e103922c456afc1adf992df0c855986""})"
"(:VERTEX {memory address: ""7f946ee7d000"",size: ""100000"",subtype: ""memory"",tgid: ""151467"",source: ""syscall"",type: ""Artifact"",version: ""0"",hash: ""bab85f3c7506507a7c8df73faf29d899""})"
"(:VERTEX {memory address: ""7f949602c000"",size: ""10000"",subtype: ""memory"",tgid: ""151467"",source: ""syscall"",type: ""Artifact"",version: ""0"",hash: ""92ce2cbefe160cd165d32364589c7ca2""})"
"(:VERTEX {memory address: ""7f949601c000"",size: ""10000"",subtype: ""memory"",tgid: ""151467"",source: ""syscall"",type: ""Artifact"",version: ""0"",hash: ""9ed487c965ae1e6ebbf1a726319b4fb0""})"
"(:VERTEX {memory address: ""7f946e67c000"",size: ""801000"",subtype: ""memory"",tgid: ""151467"",source: ""syscall"",type: ""Artifact"",version: ""0"",hash: ""aada5092dd09b4081eeebf9403901dfb""})"
"(:VERTEX {memory address: ""7f946e67d000"",size: ""800000"",subtype: ""memory"",tgid: ""151467"",source: ""syscall"",type: ""Artifact"",version: ""0"",hash: ""25a4b395ca8497ab0c3c317f60420dac""})"
"(:VERTEX {gid: ""0"",euid: ""999"",children pid namespace: ""4026532779"",start time: ""1690978756.917"",ns pid: ""11730"",pid: ""151474"",source: ""syscall"",type: ""Process"",net namespace: ""4026532705"",ipc namespace: ""4026532772"",ppid: ""151467"",pid namespace: ""4026532779"",cwd: ""/"",uid: ""999"",egid: ""0"",exe: ""/usr/bin/check-status"",mount namespace: ""4026532778"",command line: ""/usr/bin/check-status -r"",name: ""check-status"",hash: ""130ea6186e09a52a88b1b2dc023aa85f"",user namespace: ""4026531837""})"
"(:VERTEX {memory address: ""7f946de7b000"",size: ""801000"",subtype: ""memory"",tgid: ""151467"",source: ""syscall"",type: ""Artifact"",version: ""0"",hash: ""e26ff8517065a68e53d1a28c8ef6635f""})"
"(:VERTEX {memory address: ""7f9465e7b000"",size: ""8000000"",subtype: ""memory"",tgid: ""151467"",source: ""syscall"",type: ""Artifact"",version: ""0"",hash: ""3ba2f52e8bb268dd99c69279e0c16e9e""})"
"(:VERTEX {memory address: ""7f9468000000"",size: ""21000"",subtype: ""memory"",tgid: ""151467"",source: ""syscall"",type: ""Artifact"",version: ""0"",hash: ""67293771d44a3f57f696023351c4113d""})"
"(:VERTEX {memory address: ""7f946de7c000"",size: ""800000"",subtype: ""memory"",tgid: ""151467"",source: ""syscall"",type: ""Artifact"",version: ""0"",hash: ""12b95eb05a25fdb3a33b0c378d478732""})"
"(:VERTEX {gid: ""0"",euid: ""999"",children pid namespace: ""4026532779"",start time: ""1690978756.917"",ns pid: ""11731"",pid: ""151475"",source: ""syscall"",type: ""Process"",net namespace: ""4026532705"",ipc namespace: ""4026532772"",ppid: ""151467"",pid namespace: ""4026532779"",cwd: ""/"",uid: ""999"",egid: ""0"",exe: ""/usr/bin/check-status"",mount namespace: ""4026532778"",command line: ""/usr/bin/check-status -r"",name: ""check-status"",hash: ""9dcfe4754d32014e5d244848c8731279"",user namespace: ""4026531837""})"
"(:VERTEX {memory address: ""7f946d67a000"",size: ""801000"",subtype: ""memory"",tgid: ""151467"",source: ""syscall"",type: ""Artifact"",version: ""0"",hash: ""628db2f8963e41fbd952d49475ca65ce""})"
"(:VERTEX {memory address: ""7f946d67b000"",size: ""800000"",subtype: ""memory"",tgid: ""151467"",source: ""syscall"",type: ""Artifact"",version: ""0"",hash: ""03255af7fdcabb50529a6b8fa17e40ce""})"
"(:VERTEX {gid: ""0"",euid: ""999"",children pid namespace: ""4026532779"",start time: ""1690978756.917"",ns pid: ""11732"",pid: ""151476"",source: ""syscall"",type: ""Process"",net namespace: ""4026532705"",ipc namespace: ""4026532772"",ppid: ""151467"",pid namespace: ""4026532779"",cwd: ""/"",uid: ""999"",egid: ""0"",exe: ""/usr/bin/check-status"",mount namespace: ""4026532778"",command line: ""/usr/bin/check-status -r"",name: ""check-status"",hash: ""e1deb4f67fde26ee2d05f2ae67c4205b"",user namespace: ""4026531837""})"
"(:VERTEX {memory address: ""7f9460000000"",size: ""8000000"",subtype: ""memory"",tgid: ""151467"",source: ""syscall"",type: ""Artifact"",version: ""0"",hash: ""02a295e667e99a4948dbc400169e63cc""})"
"(:VERTEX {memory address: ""7f9460000000"",size: ""21000"",subtype: ""memory"",tgid: ""151467"",source: ""syscall"",type: ""Artifact"",version: ""0"",hash: ""61f147763afc17d8ca55a5edeba8f326""})"
"(:VERTEX {memory address: ""7f946ce79000"",size: ""801000"",subtype: ""memory"",tgid: ""151467"",source: ""syscall"",type: ""Artifact"",version: ""0"",hash: ""6f7f403b46ebe9d621052abd7e5abe69""})"
"(:VERTEX {memory address: ""7f946ce7a000"",size: ""800000"",subtype: ""memory"",tgid: ""151467"",source: ""syscall"",type: ""Artifact"",version: ""0"",hash: ""3eab6371ba841b169757db9a7d1652b2""})"
"(:VERTEX {gid: ""0"",euid: ""999"",children pid namespace: ""4026532779"",start time: ""1690978756.917"",ns pid: ""11733"",pid: ""151477"",source: ""syscall"",type: ""Process"",net namespace: ""4026532705"",ipc namespace: ""4026532772"",ppid: ""151467"",pid namespace: ""4026532779"",cwd: ""/"",uid: ""999"",egid: ""0"",exe: ""/usr/bin/check-status"",mount namespace: ""4026532778"",command line: ""/usr/bin/check-status -r"",name: ""check-status"",hash: ""33987b75b3a99dbbd92d75a255b710ed"",user namespace: ""4026531837""})"
"(:VERTEX {memory address: ""7f9464000000"",size: ""4000000"",subtype: ""memory"",tgid: ""151467"",source: ""syscall"",type: ""Artifact"",version: ""0"",hash: ""21eeea6bab3a82146f4d61c8b2afde17""})"
"(:VERTEX {memory address: ""7f9464000000"",size: ""21000"",subtype: ""memory"",tgid: ""151467"",source: ""syscall"",type: ""Artifact"",version: ""0"",hash: ""6100259805bca3d07f05bc321097f857""})"
"(:VERTEX {memory address: ""7f9495fdc000"",size: ""40000"",subtype: ""memory"",tgid: ""151467"",source: ""syscall"",type: ""Artifact"",version: ""0"",hash: ""0c7aabec8e17f0a5aaa56dfb2259d8d4""})"
"(:VERTEX {memory address: ""7f946c678000"",size: ""801000"",subtype: ""memory"",tgid: ""151467"",source: ""syscall"",type: ""Artifact"",version: ""0"",hash: ""5d703d29f8f7a06fd8aaa404f76c81cf""})"
"(:VERTEX {memory address: ""7f946c679000"",size: ""800000"",subtype: ""memory"",tgid: ""151467"",source: ""syscall"",type: ""Artifact"",version: ""0"",hash: ""3f4ea57e995cc60ca0fef73b9552ab42""})"
"(:VERTEX {gid: ""0"",euid: ""999"",children pid namespace: ""4026532779"",start time: ""1690978756.917"",ns pid: ""11734"",pid: ""151478"",source: ""syscall"",type: ""Process"",net namespace: ""4026532705"",ipc namespace: ""4026532772"",ppid: ""151467"",pid namespace: ""4026532779"",cwd: ""/"",uid: ""999"",egid: ""0"",exe: ""/usr/bin/check-status"",mount namespace: ""4026532778"",command line: ""/usr/bin/check-status -r"",name: ""check-status"",hash: ""99250dc966c7156cc77fe4200d093f81"",user namespace: ""4026531837""})"
"(:VERTEX {memory address: ""7f945f7ff000"",size: ""801000"",subtype: ""memory"",tgid: ""151467"",source: ""syscall"",type: ""Artifact"",version: ""0"",hash: ""164b550ed6f8e22e8a7cde9ead75529f""})"
"(:VERTEX {memory address: ""7f945f800000"",size: ""800000"",subtype: ""memory"",tgid: ""151467"",source: ""syscall"",type: ""Artifact"",version: ""0"",hash: ""6f409bc0ecf6fd34b8957c8b26d02254""})"
"(:VERTEX {gid: ""0"",euid: ""999"",children pid namespace: ""4026532779"",start time: ""1690978756.917"",ns pid: ""11735"",pid: ""151479"",source: ""syscall"",type: ""Process"",net namespace: ""4026532705"",ipc namespace: ""4026532772"",ppid: ""151467"",pid namespace: ""4026532779"",cwd: ""/"",uid: ""999"",egid: ""0"",exe: ""/usr/bin/check-status"",mount namespace: ""4026532778"",command line: ""/usr/bin/check-status -r"",name: ""check-status"",hash: ""a52334b0ec3b00261bdd9ccd20b7b8b3"",user namespace: ""4026531837""})"
"(:VERTEX {remote port: ""55368"",epoch: ""0"",source: ""syscall"",type: ""Artifact"",version: ""0"",local port: ""8080"",net namespace: ""-1"",local address: ""0000:0000:0000:0000:0000:0000:0000:0000"",protocol: ""tcp"",subtype: ""network socket"",remote address: ""0000:0000:0000:0000:0000:FFFF:C0A8:2F80"",hash: ""60ee12ab5e3fc8fd2c0b837c6da1976d""})"
"(:VERTEX {remote port: ""55380"",epoch: ""0"",source: ""syscall"",type: ""Artifact"",version: ""0"",local port: ""8080"",net namespace: ""-1"",local address: ""0000:0000:0000:0000:0000:0000:0000:0000"",protocol: ""tcp"",subtype: ""network socket"",remote address: ""0000:0000:0000:0000:0000:FFFF:C0A8:2F80"",hash: ""5c45d8035c8acf49b7c87e39d38d08a6""})"
"(:VERTEX {remote port: ""58488"",epoch: ""0"",source: ""syscall"",type: ""Artifact"",version: ""0"",local port: ""50051"",net namespace: ""-1"",local address: ""0000:0000:0000:0000:0000:0000:0000:0000"",protocol: ""tcp"",subtype: ""network socket"",remote address: ""0000:0000:0000:0000:0000:FFFF:C0A8:2F80"",hash: ""850238c6d3121d6af2a59085aa022b98""})"
"(:VERTEX {gid: ""1000"",euid: ""1000"",children pid namespace: ""-1"",pid: ""189122"",seen time: ""1690980742.282"",source: ""syscall"",type: ""Process"",net namespace: ""-1"",ipc namespace: ""-1"",ppid: ""58483"",pid namespace: ""-1"",cwd: ""/app"",uid: ""1000"",egid: ""1000"",exe: ""/opt/java/openjdk/bin/java"",mount namespace: ""-1"",name: ""C1 CompilerThre"",hash: ""06c4bdec701130e924ff490e8d237f6a"",user namespace: ""-1""})"
"(:VERTEX {path: ""/sys/fs/cgroup/memory/memory.limit_in_bytes"",subtype: ""file"",permissions: ""0644"",epoch: ""0"",source: ""syscall"",type: ""Artifact"",version: ""0"",hash: ""bd9ffe33e619b4f7c26f81ba297c1f31""})"
"(:VERTEX {memory address: ""7eff8ff69000"",size: ""2000"",subtype: ""memory"",tgid: ""189122"",source: ""syscall"",type: ""Artifact"",version: ""1"",hash: ""59d8fda88395e1e7a7d9cecc26848543""})"
"(:VERTEX {memory address: ""7eff8ff69000"",size: ""2000"",subtype: ""memory"",tgid: ""189122"",source: ""syscall"",type: ""Artifact"",version: ""2"",hash: ""9c73f7a5e46268f190a24f96e277edbf""})"
"(:VERTEX {gid: ""1000"",euid: ""1000"",children pid namespace: ""-1"",pid: ""61931"",seen time: ""1690980741.976"",source: ""syscall"",type: ""Process"",net namespace: ""-1"",ipc namespace: ""-1"",ppid: ""61896"",pid namespace: ""-1"",uid: ""1000"",egid: ""1000"",mount namespace: ""-1"",name: ""locust"",hash: ""cf79718454956d582d0c1574504d0e93"",user namespace: ""-1""})"
"(:VERTEX {remote port: """",epoch: ""0"",source: ""syscall"",type: ""Artifact"",version: ""0"",local port: ""50934"",net namespace: ""-1"",local address: ""10.1.251.203"",protocol: ""tcp"",subtype: ""network socket"",remote address: """",hash: ""88d17ee3c481a2f5710dbcd291f37e73""})"
"(:VERTEX {gid: ""1000"",euid: ""1000"",children pid namespace: ""-1"",pid: ""191448"",seen time: ""1690980742.469"",source: ""syscall"",type: ""Process"",net namespace: ""-1"",ipc namespace: ""-1"",ppid: ""59024"",pid namespace: ""-1"",uid: ""1000"",egid: ""1000"",mount namespace: ""-1"",name: "".NET ThreadPool"",hash: ""35f399f40e6ee5358d639f9222e0f66f"",user namespace: ""-1""})"
"(:VERTEX {remote port: """",epoch: ""0"",source: ""syscall"",type: ""Artifact"",version: ""0"",local port: ""7070"",net namespace: ""-1"",local address: ""0000:0000:0000:0000:0000:FFFF:0A01:FBCE"",protocol: ""tcp"",subtype: ""network socket"",remote address: """",hash: ""2065a000812c755203b526f0cded840e""})"
"(:VERTEX {gid: ""1000"",euid: ""1000"",children pid namespace: ""-1"",pid: ""189427"",seen time: ""1690980743.588"",source: ""syscall"",type: ""Process"",net namespace: ""-1"",ipc namespace: ""-1"",ppid: ""59024"",pid namespace: ""-1"",uid: ""1000"",egid: ""1000"",mount namespace: ""-1"",name: ""DefaultSocketMa"",hash: ""a7e0179280faefea5c37e07e0ac7c875"",user namespace: ""-1""})"
"(:VERTEX {remote port: """",epoch: ""0"",source: ""syscall"",type: ""Artifact"",version: ""0"",local port: ""44352"",net namespace: ""-1"",local address: ""0000:0000:0000:0000:0000:FFFF:0A01:FBCE"",protocol: ""tcp"",subtype: ""network socket"",remote address: """",hash: ""f35752e04592bf56a9a693d614c8adf6""})"
"(:VERTEX {gid: ""1000"",euid: ""1000"",children pid namespace: ""-1"",pid: ""189416"",seen time: ""1690980743.592"",source: ""syscall"",type: ""Process"",net namespace: ""-1"",ipc namespace: ""-1"",ppid: ""59024"",pid namespace: ""-1"",uid: ""1000"",egid: ""1000"",mount namespace: ""-1"",name: ""DefaultSocketMa"",hash: ""9df63879078c08a117ea84ae28c61fb8"",user namespace: ""-1""})"
"(:VERTEX {gid: ""1000"",euid: ""1000"",children pid namespace: ""-1"",pid: ""182051"",seen time: ""1690980741.979"",source: ""syscall"",type: ""Process"",net namespace: ""-1"",ipc namespace: ""-1"",ppid: ""58457"",pid namespace: ""-1"",cwd: ""/data"",uid: ""1000"",egid: ""1000"",exe: ""/usr/local/bin/redis-server"",mount namespace: ""-1"",name: ""redis-server"",hash: ""18bf1b510bdd808cbaa6aa1b364f9ba6"",user namespace: ""-1""})"
"(:VERTEX {path: ""/proc/182051/stat"",subtype: ""file"",permissions: ""0444"",epoch: ""0"",source: ""syscall"",type: ""Artifact"",version: ""0"",hash: ""e8342e1610d8c19de12f53417e766c76""})"
"(:VERTEX {memory address: ""7f08556f2000"",size: ""11000"",subtype: ""memory"",tgid: ""189893"",source: ""syscall"",type: ""Artifact"",version: ""21"",hash: ""a060b0ff5a0b6c90310dc471c7bb0a7c""})"
"(:VERTEX {gid: ""1000"",euid: ""1000"",children pid namespace: ""-1"",pid: ""189893"",seen time: ""1690980741.968"",source: ""syscall"",type: ""Process"",net namespace: ""-1"",ipc namespace: ""-1"",ppid: ""58571"",pid namespace: ""-1"",uid: ""1000"",egid: ""1000"",exe: ""/usr/local/bin/node"",mount namespace: ""-1"",name: ""node"",hash: ""3547026e8f791f7357af768de5c23ad3"",user namespace: ""-1""})"
"(:VERTEX {memory address: ""7f08556f2000"",size: ""11000"",subtype: ""memory"",tgid: ""189893"",source: ""syscall"",type: ""Artifact"",version: ""22"",hash: ""504d54ec41383ac9616d4c07564778d0""})"
"(:VERTEX {gid: ""1000"",euid: ""1000"",children pid namespace: ""-1"",pid: ""189418"",seen time: ""1690980743.668"",source: ""syscall"",type: ""Process"",net namespace: ""-1"",ipc namespace: ""-1"",ppid: ""59024"",pid namespace: ""-1"",uid: ""1000"",egid: ""1000"",mount namespace: ""-1"",name: ""DefaultSocketMa"",hash: ""1ff71e97810187a961e960856655e289"",user namespace: ""-1""})"
"(:VERTEX {gid: ""1000"",euid: ""1000"",children pid namespace: ""-1"",pid: ""189377"",seen time: ""1690980742.242"",source: ""syscall"",type: ""Process"",net namespace: ""-1"",ipc namespace: ""-1"",ppid: ""59070"",pid namespace: ""-1"",uid: ""1000"",egid: ""1000"",mount namespace: ""-1"",name: ""python"",hash: ""7bdd5a3951e9d171cdadac215d4b0856"",user namespace: ""-1""})"
"(:VERTEX {remote port: """",epoch: ""0"",source: ""syscall"",type: ""Artifact"",version: ""0"",local port: ""8080"",net namespace: ""-1"",local address: ""0000:0000:0000:0000:0000:FFFF:0A01:FBCF"",protocol: ""tcp"",subtype: ""network socket"",remote address: """",hash: ""59f65c04d28d8910bf6db2737b02b87d""})"
"(:VERTEX {remote port: """",epoch: ""0"",source: ""syscall"",type: ""Artifact"",version: ""0"",local port: ""40134"",net namespace: ""-1"",local address: ""0000:0000:0000:0000:0000:FFFF:0A01:FBCF"",protocol: ""tcp"",subtype: ""network socket"",remote address: """",hash: ""a893cbc2d0691ada12b3695ef68e8aee""})"
"(:VERTEX {gid: ""1000"",euid: ""1000"",children pid namespace: ""-1"",pid: ""190233"",seen time: ""1690980742.242"",source: ""syscall"",type: ""Process"",net namespace: ""-1"",ipc namespace: ""-1"",ppid: ""59070"",pid namespace: ""-1"",uid: ""1000"",egid: ""1000"",mount namespace: ""-1"",name: ""python"",hash: ""caef9f8bd271ca34da183342933fc11f"",user namespace: ""-1""})"
"(:VERTEX {remote port: """",epoch: ""0"",source: ""syscall"",type: ""Artifact"",version: ""0"",local port: ""50964"",net namespace: ""-1"",local address: ""10.1.251.203"",protocol: ""tcp"",subtype: ""network socket"",remote address: """",hash: ""07228afe1ba9a91341cfca9bb38dde3e""})"
"(:VERTEX {memory address: ""7f08556f2000"",size: ""11000"",subtype: ""memory"",tgid: ""189893"",source: ""syscall"",type: ""Artifact"",version: ""23"",hash: ""e5b5d1e6e6946549e9c980b0a0e4c7f3""})"
"(:VERTEX {memory address: ""7f0857908000"",size: ""2000"",subtype: ""memory"",tgid: ""189893"",source: ""syscall"",type: ""Artifact"",version: ""1"",hash: ""697baf8e8aefe8a2777ff56ff4cac53e""})"
"(:VERTEX {memory address: ""7f08578b0000"",size: ""9000"",subtype: ""memory"",tgid: ""189893"",source: ""syscall"",type: ""Artifact"",version: ""1"",hash: ""e35800b18c831d8d9dbdff51d2507c7c""})"
"(:VERTEX {memory address: ""7f08556f2000"",size: ""11000"",subtype: ""memory"",tgid: ""189893"",source: ""syscall"",type: ""Artifact"",version: ""24"",hash: ""b1ce8616207752aa0a15dc68c37dd2cd""})"
"(:VERTEX {memory address: ""7f0857896000"",size: ""7000"",subtype: ""memory"",tgid: ""189893"",source: ""syscall"",type: ""Artifact"",version: ""1"",hash: ""69c895d96d9ce782ee85b7435c2ebff0""})"
"(:VERTEX {gid: ""1000"",euid: ""1000"",children pid namespace: ""-1"",pid: ""189415"",seen time: ""1690980742.238"",source: ""syscall"",type: ""Process"",net namespace: ""-1"",ipc namespace: ""-1"",ppid: ""59024"",pid namespace: ""-1"",uid: ""1000"",egid: ""1000"",mount namespace: ""-1"",name: ""DefaultSocketMa"",hash: ""cf3e32e9f224aca64af7e47e2ad6f8b5"",user namespace: ""-1""})"
"(:VERTEX {memory address: ""7f085772b000"",size: ""9000"",subtype: ""memory"",tgid: ""189893"",source: ""syscall"",type: ""Artifact"",version: ""4"",hash: ""bb640e9a780778a82549409d51c7d9dc""})"
"(:VERTEX {memory address: ""7f0857890000"",size: ""6000"",subtype: ""memory"",tgid: ""189893"",source: ""syscall"",type: ""Artifact"",version: ""2"",hash: ""0a28963fe26fa6e79f4547514b1f4420""})"
"(:VERTEX {memory address: ""7f08556f3000"",size: ""10000"",subtype: ""memory"",tgid: ""189893"",source: ""syscall"",type: ""Artifact"",version: ""0"",hash: ""6ccc165492bbc2e22d03c6afb7bb7c97""})"
"(:VERTEX {memory address: ""7f08556f3000"",size: ""10000"",subtype: ""memory"",tgid: ""189893"",source: ""syscall"",type: ""Artifact"",version: ""1"",hash: ""643bd955b574a97678a62f851cbd674d""})"
"(:VERTEX {memory address: ""7f085772b000"",size: ""9000"",subtype: ""memory"",tgid: ""189893"",source: ""syscall"",type: ""Artifact"",version: ""5"",hash: ""d71c8892a2a06b3e011cce7c1c641941""})"
"(:VERTEX {memory address: ""7f08556f3000"",size: ""10000"",subtype: ""memory"",tgid: ""189893"",source: ""syscall"",type: ""Artifact"",version: ""2"",hash: ""27bac544e813d42979782990fcaf2dd7""})"
"(:VERTEX {memory address: ""7f08556f3000"",size: ""10000"",subtype: ""memory"",tgid: ""189893"",source: ""syscall"",type: ""Artifact"",version: ""3"",hash: ""068444502d4871f1b8c79d76a490828e""})"
"(:VERTEX {memory address: ""7f08556f2000"",size: ""11000"",subtype: ""memory"",tgid: ""189893"",source: ""syscall"",type: ""Artifact"",version: ""25"",hash: ""b0d2cc1f81eba2a4be3a88ce44b6c8b9""})"
"(:VERTEX {memory address: ""7f08556f2000"",size: ""11000"",subtype: ""memory"",tgid: ""189893"",source: ""syscall"",type: ""Artifact"",version: ""26"",hash: ""96462ff2b9547696d692b0d31135c122""})"
"(:VERTEX {gid: ""1000"",euid: ""1000"",children pid namespace: ""-1"",pid: ""190232"",seen time: ""1690980742.404"",source: ""syscall"",type: ""Process"",net namespace: ""-1"",ipc namespace: ""-1"",ppid: ""59070"",pid namespace: ""-1"",uid: ""1000"",egid: ""1000"",mount namespace: ""-1"",name: ""python"",hash: ""e32e9acf196dcd0c9592d5e4dd0b18dd"",user namespace: ""-1""})"
"(:VERTEX {memory address: ""7f08556f2000"",size: ""11000"",subtype: ""memory"",tgid: ""189893"",source: ""syscall"",type: ""Artifact"",version: ""27"",hash: ""9bb67d97190a6a1c980aa90c7fd6dfa3""})"
"(:VERTEX {memory address: ""7eff90118000"",size: ""7000"",subtype: ""memory"",tgid: ""189122"",source: ""syscall"",type: ""Artifact"",version: ""0"",hash: ""316b179570353ae9e8e9caf0a88b5d33""})"
"(:VERTEX {memory address: ""7eff900e0000"",size: ""7000"",subtype: ""memory"",tgid: ""189122"",source: ""syscall"",type: ""Artifact"",version: ""0"",hash: ""da6e8d43e48b87565675a1d2d59f6bc3""})"
"(:VERTEX {memory address: ""7eff8fef8000"",size: ""7000"",subtype: ""memory"",tgid: ""189122"",source: ""syscall"",type: ""Artifact"",version: ""0"",hash: ""73c245f0774dd7b0055d2070d5604473""})"
"(:VERTEX {memory address: ""7eff900f0000"",size: ""7000"",subtype: ""memory"",tgid: ""189122"",source: ""syscall"",type: ""Artifact"",version: ""0"",hash: ""a915c7e673a8356cabecbbc986fcb1c9""})"
"(:VERTEX {memory address: ""7eff8f883000"",size: ""7000"",subtype: ""memory"",tgid: ""189122"",source: ""syscall"",type: ""Artifact"",version: ""0"",hash: ""3db93d032abe2f20efdc2caa292f0113""})"
"(:VERTEX {memory address: ""7eff9581d000"",size: ""7000"",subtype: ""memory"",tgid: ""189122"",source: ""syscall"",type: ""Artifact"",version: ""0"",hash: ""91234b8f865520d970a4b697369e9b2f""})"
"(:VERTEX {memory address: ""7eff8ff08000"",size: ""7000"",subtype: ""memory"",tgid: ""189122"",source: ""syscall"",type: ""Artifact"",version: ""0"",hash: ""c9400461d48866a855dbdbcf522c9eb0""})"
"(:VERTEX {memory address: ""7eff90098000"",size: ""7000"",subtype: ""memory"",tgid: ""189122"",source: ""syscall"",type: ""Artifact"",version: ""0"",hash: ""fe8679d277a52f20d0d1d445a16e83e4""})"
"(:VERTEX {memory address: ""7eff900d0000"",size: ""7000"",subtype: ""memory"",tgid: ""189122"",source: ""syscall"",type: ""Artifact"",version: ""0"",hash: ""d25f4bbdf802a08b6f352abc7d263fce""})"
"(:VERTEX {memory address: ""7eff8f843000"",size: ""7000"",subtype: ""memory"",tgid: ""189122"",source: ""syscall"",type: ""Artifact"",version: ""0"",hash: ""837f3f7565fe22e9e8deace54a78c356""})"
"(:VERTEX {memory address: ""7eff900b8000"",size: ""7000"",subtype: ""memory"",tgid: ""189122"",source: ""syscall"",type: ""Artifact"",version: ""0"",hash: ""4487561e4c83a5f8b61b3cae86a350e3""})"
"(:VERTEX {memory address: ""7eff90100000"",size: ""7000"",subtype: ""memory"",tgid: ""189122"",source: ""syscall"",type: ""Artifact"",version: ""0"",hash: ""df6f4f4b0b0b1f194c288802a74dccd8""})"
"(:VERTEX {memory address: ""7eff900f8000"",size: ""7000"",subtype: ""memory"",tgid: ""189122"",source: ""syscall"",type: ""Artifact"",version: ""0"",hash: ""ea59b12208e809ce2d115b2b2418b792""})"
"(:VERTEX {memory address: ""7eff90108000"",size: ""7000"",subtype: ""memory"",tgid: ""189122"",source: ""syscall"",type: ""Artifact"",version: ""0"",hash: ""6827ed7b829ced27bf64db1d9fe62c12""})"
"(:VERTEX {memory address: ""7eff8ffc9000"",size: ""6000"",subtype: ""memory"",tgid: ""189122"",source: ""syscall"",type: ""Artifact"",version: ""0"",hash: ""1ce587d6163638af08bbf5ab22acd6a4""})"
"(:VERTEX {memory address: ""7eff900c9000"",size: ""6000"",subtype: ""memory"",tgid: ""189122"",source: ""syscall"",type: ""Artifact"",version: ""0"",hash: ""912607df16643dd90832537375237b2f""})"
"(:VERTEX {memory address: ""7eff900a0000"",size: ""7000"",subtype: ""memory"",tgid: ""189122"",source: ""syscall"",type: ""Artifact"",version: ""0"",hash: ""ee33eb331ce91335caf14b0ee8438f20""})"
"(:VERTEX {memory address: ""7eff90128000"",size: ""7000"",subtype: ""memory"",tgid: ""189122"",source: ""syscall"",type: ""Artifact"",version: ""0"",hash: ""b618ed3816cf443ca94ca5b640379eee""})"
"(:VERTEX {memory address: ""7eff90130000"",size: ""7000"",subtype: ""memory"",tgid: ""189122"",source: ""syscall"",type: ""Artifact"",version: ""0"",hash: ""b4951586d6030f8a9eda140c7b751956""})"
"(:VERTEX {memory address: ""7eff90138000"",size: ""7000"",subtype: ""memory"",tgid: ""189122"",source: ""syscall"",type: ""Artifact"",version: ""0"",hash: ""6d51fc0a5c29d5fe2d15b8bff9cbf3a5""})"
"(:VERTEX {memory address: ""7eff90140000"",size: ""7000"",subtype: ""memory"",tgid: ""189122"",source: ""syscall"",type: ""Artifact"",version: ""0"",hash: ""13766dc796dff171bec544935c522473""})"
"(:VERTEX {memory address: ""7eff9580d000"",size: ""7000"",subtype: ""memory"",tgid: ""189122"",source: ""syscall"",type: ""Artifact"",version: ""0"",hash: ""02fea01d35697e2c493630e58dfba45b""})"
"(:VERTEX {memory address: ""7eff95815000"",size: ""7000"",subtype: ""memory"",tgid: ""189122"",source: ""syscall"",type: ""Artifact"",version: ""0"",hash: ""fc4f02a2f492fc2fa87812bb7fea397d""})"
"(:VERTEX {memory address: ""7eff90049000"",size: ""6000"",subtype: ""memory"",tgid: ""189122"",source: ""syscall"",type: ""Artifact"",version: ""0"",hash: ""689b24c6b2da029098cd1194b2b3dec6""})"
"(:VERTEX {memory address: ""7eff90058000"",size: ""7000"",subtype: ""memory"",tgid: ""189122"",source: ""syscall"",type: ""Artifact"",version: ""0"",hash: ""0ec07bd05c0878ec3debb696d89b3096""})"
"(:VERTEX {memory address: ""7eff90068000"",size: ""7000"",subtype: ""memory"",tgid: ""189122"",source: ""syscall"",type: ""Artifact"",version: ""0"",hash: ""07e1f879080ded71be232f9665ac9774""})"
"(:VERTEX {memory address: ""7eff90078000"",size: ""7000"",subtype: ""memory"",tgid: ""189122"",source: ""syscall"",type: ""Artifact"",version: ""0"",hash: ""7cc9ef1f58cdab302705ac503a303c7b""})"
"(:VERTEX {memory address: ""7eff90080000"",size: ""7000"",subtype: ""memory"",tgid: ""189122"",source: ""syscall"",type: ""Artifact"",version: ""0"",hash: ""ab17e05db20414b43ca34d44251faf9b""})"
"(:VERTEX {memory address: ""7eff900b0000"",size: ""7000"",subtype: ""memory"",tgid: ""189122"",source: ""syscall"",type: ""Artifact"",version: ""0"",hash: ""6b678441714972536cb8368b487c9166""})"
"(:VERTEX {memory address: ""7eff8ffe0000"",size: ""7000"",subtype: ""memory"",tgid: ""189122"",source: ""syscall"",type: ""Artifact"",version: ""0"",hash: ""d7f1bbe9d31fc130637036f51b9cb328""})"
"(:VERTEX {memory address: ""7eff8ffd0000"",size: ""7000"",subtype: ""memory"",tgid: ""189122"",source: ""syscall"",type: ""Artifact"",version: ""0"",hash: ""f2cd4e32ccb4e39a8a792d091551050f""})"
"(:VERTEX {memory address: ""7eff900c0000"",size: ""7000"",subtype: ""memory"",tgid: ""189122"",source: ""syscall"",type: ""Artifact"",version: ""0"",hash: ""4392944f13a31e6088b3ad70bbaf73b2""})"
"(:VERTEX {memory address: ""7eff8ffe8000"",size: ""7000"",subtype: ""memory"",tgid: ""189122"",source: ""syscall"",type: ""Artifact"",version: ""0"",hash: ""56fa1644ba0645026f0526db0adae2a2""})"
"(:VERTEX {remote port: """",epoch: ""0"",source: ""syscall"",type: ""Artifact"",version: ""0"",local port: ""50980"",net namespace: ""-1"",local address: ""10.1.251.203"",protocol: ""tcp"",subtype: ""network socket"",remote address: """",hash: ""5cb3e89c44dce4721b030c76dca28796""})"
"(:VERTEX {memory address: ""7f08556f2000"",size: ""11000"",subtype: ""memory"",tgid: ""189893"",source: ""syscall"",type: ""Artifact"",version: ""28"",hash: ""098d9e773d76a2c9626cde0db0dcddb8""})"
"(:VERTEX {memory address: ""7f0857908000"",size: ""2000"",subtype: ""memory"",tgid: ""189893"",source: ""syscall"",type: ""Artifact"",version: ""2"",hash: ""6cd58f731f17a697bd23ea2ca9d2697f""})"
"(:VERTEX {memory address: ""7f08578b0000"",size: ""9000"",subtype: ""memory"",tgid: ""189893"",source: ""syscall"",type: ""Artifact"",version: ""2"",hash: ""8367d6ac6cd77e8846a3d2635a1bc7d3""})"
"(:VERTEX {memory address: ""7f08556f2000"",size: ""11000"",subtype: ""memory"",tgid: ""189893"",source: ""syscall"",type: ""Artifact"",version: ""29"",hash: ""1efbdc5638ced823dd3333bb34a4147b""})"
"(:VERTEX {memory address: ""7f0857896000"",size: ""7000"",subtype: ""memory"",tgid: ""189893"",source: ""syscall"",type: ""Artifact"",version: ""2"",hash: ""109ee7f171fe653c19ef08aaff09df56""})"
"(:VERTEX {memory address: ""7f085772b000"",size: ""9000"",subtype: ""memory"",tgid: ""189893"",source: ""syscall"",type: ""Artifact"",version: ""6"",hash: ""7d3795ead3ed9d949ad4619c71c34b89""})"
"(:VERTEX {memory address: ""7f08556fa000"",size: ""9000"",subtype: ""memory"",tgid: ""189893"",source: ""syscall"",type: ""Artifact"",version: ""2"",hash: ""5afbfc7dca3d4d02c491d78d56209896""})"
"(:VERTEX {memory address: ""7f08556f1000"",size: ""9000"",subtype: ""memory"",tgid: ""189893"",source: ""syscall"",type: ""Artifact"",version: ""5"",hash: ""c694e1f9a18c0708a354231c992e36c2""})"
"(:VERTEX {memory address: ""7f085788f000"",size: ""7000"",subtype: ""memory"",tgid: ""189893"",source: ""syscall"",type: ""Artifact"",version: ""8"",hash: ""a421514702aff4543f06a8f2d45da4e3""})"
"(:VERTEX {memory address: ""7f08556e1000"",size: ""10000"",subtype: ""memory"",tgid: ""189893"",source: ""syscall"",type: ""Artifact"",version: ""5"",hash: ""83787af4f0efcb4f1019a2475ffa8bd9""})"
"(:VERTEX {memory address: ""7f08556ea000"",size: ""10000"",subtype: ""memory"",tgid: ""189893"",source: ""syscall"",type: ""Artifact"",version: ""3"",hash: ""79655d46c47cc45f0348abbff704f87a""})"
"(:VERTEX {memory address: ""7f08556ea000"",size: ""10000"",subtype: ""memory"",tgid: ""189893"",source: ""syscall"",type: ""Artifact"",version: ""4"",hash: ""882e933cdcb28f1d9f4c5eb11200c41f""})"
"(:VERTEX {memory address: ""7f085772b000"",size: ""9000"",subtype: ""memory"",tgid: ""189893"",source: ""syscall"",type: ""Artifact"",version: ""7"",hash: ""76cb9f4c23378cf6c1a34a567e7ffd81""})"
"(:VERTEX {memory address: ""7f08556ea000"",size: ""10000"",subtype: ""memory"",tgid: ""189893"",source: ""syscall"",type: ""Artifact"",version: ""5"",hash: ""ee359767b58aebacec679156c1deb0dd""})"
"(:VERTEX {memory address: ""7f08556e1000"",size: ""9000"",subtype: ""memory"",tgid: ""189893"",source: ""syscall"",type: ""Artifact"",version: ""2"",hash: ""4b7a71511af0e4c682fcfb2b3255d474""})"
"(:VERTEX {memory address: ""7f08556ea000"",size: ""10000"",subtype: ""memory"",tgid: ""189893"",source: ""syscall"",type: ""Artifact"",version: ""6"",hash: ""11d024797196e1fe604069129fbb014d""})"
"(:VERTEX {memory address: ""7f08556ea000"",size: ""10000"",subtype: ""memory"",tgid: ""189893"",source: ""syscall"",type: ""Artifact"",version: ""7"",hash: ""db2573c5b59bba8e85a1abfcb2b79862""})"
"(:VERTEX {gid: ""1000"",euid: ""1000"",children pid namespace: ""-1"",pid: ""189417"",seen time: ""1690980742.390"",source: ""syscall"",type: ""Process"",net namespace: ""-1"",ipc namespace: ""-1"",ppid: ""59024"",pid namespace: ""-1"",uid: ""1000"",egid: ""1000"",mount namespace: ""-1"",name: ""DefaultSocketMa"",hash: ""bc3d7d86e682d06fc12394cc02f3e93d"",user namespace: ""-1""})"
"(:VERTEX {memory address: ""7f08556e9000"",size: ""11000"",subtype: ""memory"",tgid: ""189893"",source: ""syscall"",type: ""Artifact"",version: ""2"",hash: ""8d5fa4041544f4fe475688b90b4aa9c9""})"
"(:VERTEX {memory address: ""7f08556f2000"",size: ""11000"",subtype: ""memory"",tgid: ""189893"",source: ""syscall"",type: ""Artifact"",version: ""30"",hash: ""cc18774f591d4e17d8e1da6f3a597892""})"
"(:VERTEX {memory address: ""7eff8ff69000"",size: ""2000"",subtype: ""memory"",tgid: ""189122"",source: ""syscall"",type: ""Artifact"",version: ""3"",hash: ""59756cfbac45b6b13d7293acfeefbb30""})"
"(:VERTEX {memory address: ""7eff8ff69000"",size: ""2000"",subtype: ""memory"",tgid: ""189122"",source: ""syscall"",type: ""Artifact"",version: ""4"",hash: ""cbf0ed0024c41d853731212e6af17911""})"
"(:VERTEX {memory address: ""7eff8ff69000"",size: ""2000"",subtype: ""memory"",tgid: ""189122"",source: ""syscall"",type: ""Artifact"",version: ""5"",hash: ""f5e39d5c8a13fee8a8759488fbe3eba0""})"
"(:VERTEX {memory address: ""7eff8ff69000"",size: ""2000"",subtype: ""memory"",tgid: ""189122"",source: ""syscall"",type: ""Artifact"",version: ""6"",hash: ""72643cf24f07535e2494d5f96f1c13da""})"
"(:VERTEX {memory address: ""7eff8ff69000"",size: ""2000"",subtype: ""memory"",tgid: ""189122"",source: ""syscall"",type: ""Artifact"",version: ""7"",hash: ""35f8d1fdb5050ebb98ed81377096a744""})"
"(:VERTEX {gid: ""1000"",euid: ""1000"",children pid namespace: ""-1"",pid: ""189078"",seen time: ""1690980745.489"",source: ""syscall"",type: ""Process"",net namespace: ""-1"",ipc namespace: ""-1"",ppid: ""59024"",pid namespace: ""-1"",uid: ""1000"",egid: ""1000"",exe: ""/app/cartservice"",mount namespace: ""-1"",name: "".NET Tiered Com"",hash: ""04dce8b065cba68464c59b27b1138df4"",user namespace: ""-1""})"
"(:VERTEX {remote port: """",epoch: ""0"",source: ""syscall"",type: ""Artifact"",version: ""0"",local port: ""50968"",net namespace: ""-1"",local address: ""10.1.251.203"",protocol: ""tcp"",subtype: ""network socket"",remote address: """",hash: ""d8866d56a1ba4034adacbfcf2a21a57f""})"
"(:VERTEX {memory address: ""7f08556f2000"",size: ""11000"",subtype: ""memory"",tgid: ""189893"",source: ""syscall"",type: ""Artifact"",version: ""31"",hash: ""ab14fdc90550add31088f738e8bd1ef0""})"
"(:VERTEX {memory address: ""7f08556f2000"",size: ""11000"",subtype: ""memory"",tgid: ""189893"",source: ""syscall"",type: ""Artifact"",version: ""32"",hash: ""8ea9a71b26625aee256bb13ff7776051""})"
"(:VERTEX {gid: ""1000"",euid: ""1000"",children pid namespace: ""-1"",pid: ""189419"",seen time: ""1690980742.397"",source: ""syscall"",type: ""Process"",net namespace: ""-1"",ipc namespace: ""-1"",ppid: ""59024"",pid namespace: ""-1"",uid: ""1000"",egid: ""1000"",mount namespace: ""-1"",name: ""DefaultSocketMa"",hash: ""8fc61194f088ca80e61313f44341d3c9"",user namespace: ""-1""})"
"(:VERTEX {memory address: ""7f08556f2000"",size: ""11000"",subtype: ""memory"",tgid: ""189893"",source: ""syscall"",type: ""Artifact"",version: ""33"",hash: ""20f8a623003a30c81ee7383e9841ffbd""})"
"(:VERTEX {memory address: ""7f08556f2000"",size: ""11000"",subtype: ""memory"",tgid: ""189893"",source: ""syscall"",type: ""Artifact"",version: ""34"",hash: ""9f80ea9ef78c62c4bbeed7e678dea7cc""})"
"(:VERTEX {gid: ""1000"",euid: ""1000"",children pid namespace: ""-1"",pid: ""189375"",seen time: ""1690980746.137"",source: ""syscall"",type: ""Process"",net namespace: ""-1"",ipc namespace: ""-1"",ppid: ""59070"",pid namespace: ""-1"",uid: ""1000"",egid: ""1000"",mount namespace: ""-1"",name: ""event_engine"",hash: ""feaf5da2a306c60c0b533ca09c1ea1f1"",user namespace: ""-1""})"
"(:VERTEX {remote port: """",epoch: ""0"",source: ""syscall"",type: ""Artifact"",version: ""0"",local port: ""50926"",net namespace: ""-1"",local address: ""10.1.251.203"",protocol: ""tcp"",subtype: ""network socket"",remote address: """",hash: ""2d64745a0ce0304e3a7730d9057761ae""})"
"(:VERTEX {memory address: ""7f08556f2000"",size: ""11000"",subtype: ""memory"",tgid: ""189893"",source: ""syscall"",type: ""Artifact"",version: ""35"",hash: ""a4c7b3ff742bed412a2559a46cb2a58f""})"
"(:VERTEX {memory address: ""7f08556f2000"",size: ""11000"",subtype: ""memory"",tgid: ""189893"",source: ""syscall"",type: ""Artifact"",version: ""36"",hash: ""99c0d385961f5ae11079f287e12f642f""})"
"(:VERTEX {gid: ""1000"",euid: ""1000"",children pid namespace: ""-1"",pid: ""189383"",seen time: ""1690980742.235"",source: ""syscall"",type: ""Process"",net namespace: ""-1"",ipc namespace: ""-1"",ppid: ""59024"",pid namespace: ""-1"",uid: ""1000"",egid: ""1000"",mount namespace: ""-1"",name: "".NET ThreadPool"",hash: ""4c6b53b13fb93ff9f228d24c6efd31b5"",user namespace: ""-1""})"
"(:VERTEX {gid: ""1000"",euid: ""1000"",children pid namespace: ""-1"",pid: ""189425"",seen time: ""1690980742.469"",source: ""syscall"",type: ""Process"",net namespace: ""-1"",ipc namespace: ""-1"",ppid: ""59024"",pid namespace: ""-1"",uid: ""1000"",egid: ""1000"",mount namespace: ""-1"",name: ""DefaultSocketMa"",hash: ""c65e7dcf1b7b8146d4fee650244af363"",user namespace: ""-1""})"
"(:VERTEX {memory address: ""7f08556f2000"",size: ""11000"",subtype: ""memory"",tgid: ""189893"",source: ""syscall"",type: ""Artifact"",version: ""37"",hash: ""ea22a11d3809affb0da012cb3dc95536""})"
"(:VERTEX {memory address: ""7f0857908000"",size: ""2000"",subtype: ""memory"",tgid: ""189893"",source: ""syscall"",type: ""Artifact"",version: ""3"",hash: ""0842bc5776f45c4f2f98d6a83eeab05d""})"
"(:VERTEX {memory address: ""7f08578b2000"",size: ""7000"",subtype: ""memory"",tgid: ""189893"",source: ""syscall"",type: ""Artifact"",version: ""0"",hash: ""44f3c3a7d65247e71a65219bb563396d""})"
"(:VERTEX {memory address: ""7f0857894000"",size: ""9000"",subtype: ""memory"",tgid: ""189893"",source: ""syscall"",type: ""Artifact"",version: ""0"",hash: ""fb9c87a340f8e9affa50744b070e0315""})"
"(:VERTEX {memory address: ""7f085772b000"",size: ""9000"",subtype: ""memory"",tgid: ""189893"",source: ""syscall"",type: ""Artifact"",version: ""8"",hash: ""38e91bda9f5db30ed3130c15c9f7f74c""})"
"(:VERTEX {memory address: ""7f08556fa000"",size: ""9000"",subtype: ""memory"",tgid: ""189893"",source: ""syscall"",type: ""Artifact"",version: ""3"",hash: ""9afeb9f22ece147aaeaa41180193086f""})"
"(:VERTEX {memory address: ""7f0857819000"",size: ""6000"",subtype: ""memory"",tgid: ""189893"",source: ""syscall"",type: ""Artifact"",version: ""0"",hash: ""76eb36bb1e73b2376314a1cad28c2547""})"
"(:VERTEX {memory address: ""7f08556f1000"",size: ""9000"",subtype: ""memory"",tgid: ""189893"",source: ""syscall"",type: ""Artifact"",version: ""6"",hash: ""20ae74684181f758c69bd41db193c4ab""})"
"(:VERTEX {memory address: ""7f08556ea000"",size: ""10000"",subtype: ""memory"",tgid: ""189893"",source: ""syscall"",type: ""Artifact"",version: ""8"",hash: ""85bd3a4d0b9fd89933e12ff26924c15a""})"
"(:VERTEX {memory address: ""7f08556ea000"",size: ""10000"",subtype: ""memory"",tgid: ""189893"",source: ""syscall"",type: ""Artifact"",version: ""9"",hash: ""12cbeec57a800a47d6ea0fcb055c7212""})"
"(:VERTEX {memory address: ""7f08556e1000"",size: ""9000"",subtype: ""memory"",tgid: ""189893"",source: ""syscall"",type: ""Artifact"",version: ""3"",hash: ""290707c6abbb268b2f61ddf83e5e8c05""})"
"(:VERTEX {memory address: ""7f08556d8000"",size: ""9000"",subtype: ""memory"",tgid: ""189893"",source: ""syscall"",type: ""Artifact"",version: ""2"",hash: ""3c02dfdc4f76e85e30e707f003e6de86""})"
"(:VERTEX {memory address: ""7f08556ea000"",size: ""10000"",subtype: ""memory"",tgid: ""189893"",source: ""syscall"",type: ""Artifact"",version: ""10"",hash: ""0bf383c968ef8493a16284b71a49e2d5""})"
"(:VERTEX {memory address: ""7f08556ea000"",size: ""10000"",subtype: ""memory"",tgid: ""189893"",source: ""syscall"",type: ""Artifact"",version: ""11"",hash: ""099c738ad6c87ae04a90d86473d3e238""})"
"(:VERTEX {memory address: ""7f08556ea000"",size: ""10000"",subtype: ""memory"",tgid: ""189893"",source: ""syscall"",type: ""Artifact"",version: ""12"",hash: ""1f54d3215e2c8efaba07cc3a24ca9bf8""})"
"(:VERTEX {memory address: ""7f0857818000"",size: ""7000"",subtype: ""memory"",tgid: ""189893"",source: ""syscall"",type: ""Artifact"",version: ""0"",hash: ""c403c941d85da4fc51ff2ced804ea4da""})"
"(:VERTEX {memory address: ""7f08556ea000"",size: ""10000"",subtype: ""memory"",tgid: ""189893"",source: ""syscall"",type: ""Artifact"",version: ""13"",hash: ""3a429192043d2f80d4b2a11a54551227""})"
"(:VERTEX {memory address: ""7f08556ea000"",size: ""10000"",subtype: ""memory"",tgid: ""189893"",source: ""syscall"",type: ""Artifact"",version: ""14"",hash: ""7450d572ba1205f27cf80e9e671ce766""})"
"(:VERTEX {memory address: ""7f08556ea000"",size: ""10000"",subtype: ""memory"",tgid: ""189893"",source: ""syscall"",type: ""Artifact"",version: ""15"",hash: ""ad84ae32cc247ba27166ceefd3d89fdb""})"
"(:VERTEX {memory address: ""7f08556ea000"",size: ""10000"",subtype: ""memory"",tgid: ""189893"",source: ""syscall"",type: ""Artifact"",version: ""16"",hash: ""c4061ee8fd2c7ecacbb83a9067d6b594""})"
"(:VERTEX {memory address: ""7f08556ea000"",size: ""10000"",subtype: ""memory"",tgid: ""189893"",source: ""syscall"",type: ""Artifact"",version: ""17"",hash: ""5b0a84e1f1686a71f4f75fb97ab94cd1""})"
"(:VERTEX {memory address: ""7f08556ea000"",size: ""10000"",subtype: ""memory"",tgid: ""189893"",source: ""syscall"",type: ""Artifact"",version: ""18"",hash: ""c92f8b1e359cf76372cb9672d7b76548""})"
"(:VERTEX {memory address: ""7f085772b000"",size: ""9000"",subtype: ""memory"",tgid: ""189893"",source: ""syscall"",type: ""Artifact"",version: ""9"",hash: ""f7fd70b8ab623d9bdf24f0e8e3321979""})"
"(:VERTEX {memory address: ""7f08556d9000"",size: ""11000"",subtype: ""memory"",tgid: ""189893"",source: ""syscall"",type: ""Artifact"",version: ""0"",hash: ""77e1edbb9368eef36f4c3fe9924f07f9""})"
"(:VERTEX {memory address: ""7f08556e1000"",size: ""9000"",subtype: ""memory"",tgid: ""189893"",source: ""syscall"",type: ""Artifact"",version: ""4"",hash: ""5858da8ddb6193f94a8cfacc87542b86""})"
"(:VERTEX {memory address: ""7f08556d0000"",size: ""11000"",subtype: ""memory"",tgid: ""189893"",source: ""syscall"",type: ""Artifact"",version: ""0"",hash: ""af3aeeb54b17fa4680c46a739c29d2d1""})"
"(:VERTEX {memory address: ""7f08556f2000"",size: ""11000"",subtype: ""memory"",tgid: ""189893"",source: ""syscall"",type: ""Artifact"",version: ""38"",hash: ""bb3b3afcf7f5f6a51651e133c02f6eb8""})"
"(:VERTEX {memory address: ""7f08556f2000"",size: ""11000"",subtype: ""memory"",tgid: ""189893"",source: ""syscall"",type: ""Artifact"",version: ""39"",hash: ""ac97cfa60bfddd48242fc0e20ec04b1e""})"
"(:VERTEX {memory address: ""7f08556f2000"",size: ""11000"",subtype: ""memory"",tgid: ""189893"",source: ""syscall"",type: ""Artifact"",version: ""40"",hash: ""8d9bd506ade270a8f87b9c41a2c5c259""})"
"(:VERTEX {memory address: ""7f0857908000"",size: ""2000"",subtype: ""memory"",tgid: ""189893"",source: ""syscall"",type: ""Artifact"",version: ""4"",hash: ""6fd7b336cb30a732af3a47746b9ef19f""})"
"(:VERTEX {memory address: ""7f08578b2000"",size: ""7000"",subtype: ""memory"",tgid: ""189893"",source: ""syscall"",type: ""Artifact"",version: ""1"",hash: ""ff65b2e58ddca66dfd345527001d1fb0""})"
"(:VERTEX {memory address: ""7f0857894000"",size: ""9000"",subtype: ""memory"",tgid: ""189893"",source: ""syscall"",type: ""Artifact"",version: ""1"",hash: ""b2576c3131fc7786d60e9c0652a87556""})"
"(:VERTEX {memory address: ""7f085772b000"",size: ""9000"",subtype: ""memory"",tgid: ""189893"",source: ""syscall"",type: ""Artifact"",version: ""10"",hash: ""b097cb4495db74029f797d7c6831306e""})"
"(:VERTEX {memory address: ""7f08556fa000"",size: ""9000"",subtype: ""memory"",tgid: ""189893"",source: ""syscall"",type: ""Artifact"",version: ""4"",hash: ""af5709a0db4d6d0467815f2f9f5bb3d1""})"
"(:VERTEX {memory address: ""7f08556f2000"",size: ""11000"",subtype: ""memory"",tgid: ""189893"",source: ""syscall"",type: ""Artifact"",version: ""41"",hash: ""0da01df3f25243f93fbfd808d99c72ba""})"
"(:VERTEX {memory address: ""7f08556f3000"",size: ""10000"",subtype: ""memory"",tgid: ""189893"",source: ""syscall"",type: ""Artifact"",version: ""4"",hash: ""ed6e81c2de5a4b02c6c3796bf579e976""})"
"(:VERTEX {memory address: ""7f08556f3000"",size: ""10000"",subtype: ""memory"",tgid: ""189893"",source: ""syscall"",type: ""Artifact"",version: ""5"",hash: ""39971643fdbc2daf8a20370082751b78""})"
"(:VERTEX {memory address: ""7f08556f3000"",size: ""10000"",subtype: ""memory"",tgid: ""189893"",source: ""syscall"",type: ""Artifact"",version: ""6"",hash: ""f3256eda85164290de3e99ace67293c7""})"
"(:VERTEX {memory address: ""7f08556f3000"",size: ""10000"",subtype: ""memory"",tgid: ""189893"",source: ""syscall"",type: ""Artifact"",version: ""7"",hash: ""f389d8d94d0454d9523d5a258122c312""})"
"(:VERTEX {memory address: ""7f08556f3000"",size: ""10000"",subtype: ""memory"",tgid: ""189893"",source: ""syscall"",type: ""Artifact"",version: ""8"",hash: ""83dfebe4889e95499cfaef026dccaed3""})"
"(:VERTEX {memory address: ""7f0857819000"",size: ""6000"",subtype: ""memory"",tgid: ""189893"",source: ""syscall"",type: ""Artifact"",version: ""1"",hash: ""498c4291e260e88aa8fd1c093d590270""})"
"(:VERTEX {memory address: ""7f08556f3000"",size: ""10000"",subtype: ""memory"",tgid: ""189893"",source: ""syscall"",type: ""Artifact"",version: ""9"",hash: ""fe9f7efd42b2a60aa1389c909cdd8a1f""})"
"(:VERTEX {memory address: ""7f08556f3000"",size: ""10000"",subtype: ""memory"",tgid: ""189893"",source: ""syscall"",type: ""Artifact"",version: ""10"",hash: ""423912bb9182bb643989261d529bba9a""})"
"(:VERTEX {memory address: ""7f08556f3000"",size: ""10000"",subtype: ""memory"",tgid: ""189893"",source: ""syscall"",type: ""Artifact"",version: ""11"",hash: ""e92dce237945210f92aa358e063e5a5f""})"
"(:VERTEX {memory address: ""7f08556f3000"",size: ""10000"",subtype: ""memory"",tgid: ""189893"",source: ""syscall"",type: ""Artifact"",version: ""12"",hash: ""aec8ef14f84db4b03d5ecc6f9248e32f""})"
"(:VERTEX {memory address: ""7f08556ea000"",size: ""9000"",subtype: ""memory"",tgid: ""189893"",source: ""syscall"",type: ""Artifact"",version: ""0"",hash: ""bdf1e09d16c97ff806178879d85b73ba""})"
"(:VERTEX {memory address: ""7f08556f3000"",size: ""10000"",subtype: ""memory"",tgid: ""189893"",source: ""syscall"",type: ""Artifact"",version: ""13"",hash: ""0869df3eedd02eb108b25bb384edc6a5""})"
"(:VERTEX {memory address: ""7f08556f3000"",size: ""10000"",subtype: ""memory"",tgid: ""189893"",source: ""syscall"",type: ""Artifact"",version: ""14"",hash: ""8c59383c66f5f1c9f082a6b6cc0474b1""})"
"(:VERTEX {memory address: ""7f085772b000"",size: ""9000"",subtype: ""memory"",tgid: ""189893"",source: ""syscall"",type: ""Artifact"",version: ""11"",hash: ""2601d767bf935b517e745b822967161d""})"
"(:VERTEX {memory address: ""7f08556f2000"",size: ""11000"",subtype: ""memory"",tgid: ""189893"",source: ""syscall"",type: ""Artifact"",version: ""42"",hash: ""077d754a5adc609e8689c2012aca1c14""})"
"(:VERTEX {memory address: ""7f08556f2000"",size: ""11000"",subtype: ""memory"",tgid: ""189893"",source: ""syscall"",type: ""Artifact"",version: ""43"",hash: ""caa6dcb09a72ce9d178deca0e904b088""})"
"(:VERTEX {memory address: ""7f08556f2000"",size: ""11000"",subtype: ""memory"",tgid: ""189893"",source: ""syscall"",type: ""Artifact"",version: ""44"",hash: ""aa84406856c0622aff71d5c9f99621f0""})"
"(:VERTEX {memory address: ""7f08556f2000"",size: ""11000"",subtype: ""memory"",tgid: ""189893"",source: ""syscall"",type: ""Artifact"",version: ""45"",hash: ""604688a7cc673fb0b070de7e85574103""})"
"(:VERTEX {memory address: ""7f08556f2000"",size: ""11000"",subtype: ""memory"",tgid: ""189893"",source: ""syscall"",type: ""Artifact"",version: ""46"",hash: ""12080127350b03fa1b1fae67687aa503""})"
"(:VERTEX {memory address: ""7f08556f2000"",size: ""11000"",subtype: ""memory"",tgid: ""189893"",source: ""syscall"",type: ""Artifact"",version: ""47"",hash: ""d7c7e0e85ff8b7e6929d0a6a49bd6ef1""})"
"(:VERTEX {memory address: ""7f08556f2000"",size: ""11000"",subtype: ""memory"",tgid: ""189893"",source: ""syscall"",type: ""Artifact"",version: ""48"",hash: ""a9850c05e8e116772d661e079ec74857""})"
"(:VERTEX {memory address: ""7f08556f2000"",size: ""11000"",subtype: ""memory"",tgid: ""189893"",source: ""syscall"",type: ""Artifact"",version: ""49"",hash: ""ad6d568c80ee5f8f3a789c4f857d8f28""})"
"(:VERTEX {gid: ""1000"",euid: ""1000"",children pid namespace: ""-1"",pid: ""188853"",seen time: ""1690980746.670"",source: ""syscall"",type: ""Process"",net namespace: ""-1"",ipc namespace: ""-1"",ppid: ""58880"",pid namespace: ""-1"",uid: ""1000"",egid: ""1000"",mount namespace: ""-1"",name: ""server"",hash: ""1275301edf6e631c0ce515418a0426eb"",user namespace: ""-1""})"
"(:VERTEX {remote port: ""53"",epoch: ""0"",source: ""syscall"",type: ""Artifact"",version: ""0"",local port: ""40233"",net namespace: ""-1"",local address: ""10.1.251.204"",protocol: ""udp"",subtype: ""network socket"",remote address: ""10.152.183.10"",hash: ""9337d4007af85e721429639b55f969e7""})"
"(:VERTEX {gid: ""1000"",euid: ""1000"",children pid namespace: ""-1"",pid: ""189030"",seen time: ""1690980746.670"",source: ""syscall"",type: ""Process"",net namespace: ""-1"",ipc namespace: ""-1"",ppid: ""58880"",pid namespace: ""-1"",uid: ""1000"",egid: ""1000"",mount namespace: ""-1"",name: ""server"",hash: ""33ef58562d90c49937f81906e8686276"",user namespace: ""-1""})"
"(:VERTEX {remote port: ""53"",epoch: ""0"",source: ""syscall"",type: ""Artifact"",version: ""0"",local port: ""55380"",net namespace: ""-1"",local address: ""10.1.251.204"",protocol: ""udp"",subtype: ""network socket"",remote address: ""10.152.183.10"",hash: ""b14bd6305dafb4b2f8eab66fe3321d93""})"
"(:VERTEX {remote port: ""53"",epoch: ""1"",source: ""syscall"",type: ""Artifact"",version: ""0"",local port: ""40233"",net namespace: ""-1"",local address: ""10.1.251.204"",protocol: ""udp"",subtype: ""network socket"",remote address: ""10.152.183.10"",hash: ""4516c3df5506956984b900dedad476a5""})"
"(:VERTEX {remote port: ""53"",epoch: ""2"",source: ""syscall"",type: ""Artifact"",version: ""0"",local port: ""40233"",net namespace: ""-1"",local address: ""10.1.251.204"",protocol: ""udp"",subtype: ""network socket"",remote address: ""10.152.183.10"",hash: ""164cb4f48bda8a98105f80de5fb41750""})"
"(:VERTEX {memory address: ""7eff8ff69000"",size: ""2000"",subtype: ""memory"",tgid: ""189122"",source: ""syscall"",type: ""Artifact"",version: ""8"",hash: ""8c5a9befb7a5548f00e247b61bd3b40c""})"
"(:VERTEX {memory address: ""7eff8ff69000"",size: ""2000"",subtype: ""memory"",tgid: ""189122"",source: ""syscall"",type: ""Artifact"",version: ""9"",hash: ""97bddfe13cefc776bd9bf696a0ae541c""})"
"(:VERTEX {memory address: ""7eff8ff69000"",size: ""2000"",subtype: ""memory"",tgid: ""189122"",source: ""syscall"",type: ""Artifact"",version: ""10"",hash: ""1a995a32dbd389c4fb29e103bc1d97be""})"
"(:VERTEX {memory address: ""7eff8ff69000"",size: ""2000"",subtype: ""memory"",tgid: ""189122"",source: ""syscall"",type: ""Artifact"",version: ""11"",hash: ""7de9aabf2aef22a54d08ea3bdb0044ac""})"
"(:VERTEX {remote port: """",epoch: ""0"",source: ""syscall"",type: ""Artifact"",version: ""0"",local port: ""50982"",net namespace: ""-1"",local address: ""10.1.251.203"",protocol: ""tcp"",subtype: ""network socket"",remote address: """",hash: ""4e2a3e03fed0b1247a0ae7cedad0f752""})"
"(:VERTEX {memory address: ""7f08556f2000"",size: ""11000"",subtype: ""memory"",tgid: ""189893"",source: ""syscall"",type: ""Artifact"",version: ""50"",hash: ""958e22eb45c7c245d341dbdde9c169e4""})"
"(:VERTEX {memory address: ""28056dec0000"",size: ""40000"",subtype: ""memory"",tgid: ""189893"",source: ""syscall"",type: ""Artifact"",version: ""0"",hash: ""060a1d92fd605395e49c3c0a6c0f69fe""})"
"(:VERTEX {memory address: ""32aebee80000"",size: ""40000"",subtype: ""memory"",tgid: ""189893"",source: ""syscall"",type: ""Artifact"",version: ""0"",hash: ""d3ac10678a9aa3b0c02b88986cdb444b""})"
"(:VERTEX {memory address: ""3baf57e40000"",size: ""40000"",subtype: ""memory"",tgid: ""189893"",source: ""syscall"",type: ""Artifact"",version: ""0"",hash: ""af2dbf4fce7b239c52866f0af8202c24""})"
"(:VERTEX {memory address: ""198378b80000"",size: ""40000"",subtype: ""memory"",tgid: ""189893"",source: ""syscall"",type: ""Artifact"",version: ""0"",hash: ""3595f0054f0a99363e4863a12d0dd2f6""})"
"(:VERTEX {memory address: ""7f0857907000"",size: ""3000"",subtype: ""memory"",tgid: ""189893"",source: ""syscall"",type: ""Artifact"",version: ""0"",hash: ""936c0a6466a3a3a547761d1929a11768""})"
"(:VERTEX {memory address: ""7f08578eb000"",size: ""1000"",subtype: ""memory"",tgid: ""189893"",source: ""syscall"",type: ""Artifact"",version: ""0"",hash: ""afaa2d92a74a3cbcc28c37772e201d73""})"
"(:VERTEX {memory address: ""7f08578b5000"",size: ""4000"",subtype: ""memory"",tgid: ""189893"",source: ""syscall"",type: ""Artifact"",version: ""0"",hash: ""576e6b925ad76040a77513b4ff0441f5""})"
"(:VERTEX {memory address: ""7f08578b1000"",size: ""4000"",subtype: ""memory"",tgid: ""189893"",source: ""syscall"",type: ""Artifact"",version: ""0"",hash: ""2a7a1ffce05760ce5ce8e8a361ee926a""})"
"(:VERTEX {memory address: ""7f08578b1000"",size: ""4000"",subtype: ""memory"",tgid: ""189893"",source: ""syscall"",type: ""Artifact"",version: ""1"",hash: ""f8cd660a349cb2634899b0793eb95383""})"
"(:VERTEX {memory address: ""3406f5a00000"",size: ""40000"",subtype: ""memory"",tgid: ""189893"",source: ""syscall"",type: ""Artifact"",version: ""0"",hash: ""59bfd2a5c2ceac09d215d14f58cb72c0""})"
"(:VERTEX {memory address: ""332ff05c0000"",size: ""40000"",subtype: ""memory"",tgid: ""189893"",source: ""syscall"",type: ""Artifact"",version: ""0"",hash: ""e5da7b11a712e1406ab3e97c20d778de""})"
"(:VERTEX {memory address: ""33a2d79c0000"",size: ""40000"",subtype: ""memory"",tgid: ""189893"",source: ""syscall"",type: ""Artifact"",version: ""0"",hash: ""1df856fcb3feb62fe6cf77368457fab3""})"
"(:VERTEX {memory address: ""f46fd9c0000"",size: ""40000"",subtype: ""memory"",tgid: ""189893"",source: ""syscall"",type: ""Artifact"",version: ""0"",hash: ""2c79f4f66d0bb9ca73a6546b5520103b""})"
"(:VERTEX {memory address: ""7f08556f2000"",size: ""11000"",subtype: ""memory"",tgid: ""189893"",source: ""syscall"",type: ""Artifact"",version: ""51"",hash: ""1aff6980b101ec9a988ca0f72938d0ca""})"
"(:VERTEX {gid: ""1000"",euid: ""1000"",children pid namespace: ""-1"",pid: ""189413"",seen time: ""1690980742.534"",source: ""syscall"",type: ""Process"",net namespace: ""-1"",ipc namespace: ""-1"",ppid: ""59024"",pid namespace: ""-1"",uid: ""1000"",egid: ""1000"",mount namespace: ""-1"",name: ""DefaultSocketMa"",hash: ""7df7c967bcaa49cd2effcdaa25d03738"",user namespace: ""-1""})"
"(:VERTEX {memory address: ""7f08556f2000"",size: ""11000"",subtype: ""memory"",tgid: ""189893"",source: ""syscall"",type: ""Artifact"",version: ""52"",hash: ""2bd8692f0a3ae32913e0bd015b1c8f27""})"
"(:VERTEX {memory address: ""7f08556f2000"",size: ""11000"",subtype: ""memory"",tgid: ""189893"",source: ""syscall"",type: ""Artifact"",version: ""53"",hash: ""2d5c8a48cd636ad8ff9ef4e4c09f8fb1""})"
"(:VERTEX {memory address: ""7f08556f2000"",size: ""11000"",subtype: ""memory"",tgid: ""189893"",source: ""syscall"",type: ""Artifact"",version: ""54"",hash: ""0c483d013268d677b09afac6fed53400""})"
"(:VERTEX {memory address: ""7f08556f2000"",size: ""11000"",subtype: ""memory"",tgid: ""189893"",source: ""syscall"",type: ""Artifact"",version: ""55"",hash: ""7acabf9572fab72eaa6435eb71b8ee15""})"
"(:VERTEX {gid: ""1000"",euid: ""1000"",children pid namespace: ""-1"",pid: ""189374"",seen time: ""1690980748.024"",source: ""syscall"",type: ""Process"",net namespace: ""-1"",ipc namespace: ""-1"",ppid: ""59070"",pid namespace: ""-1"",uid: ""1000"",egid: ""1000"",mount namespace: ""-1"",name: ""event_engine"",hash: ""401bf8263a9bff44aed29ca604be037b"",user namespace: ""-1""})"
"(:VERTEX {remote port: """",epoch: ""0"",source: ""syscall"",type: ""Artifact"",version: ""0"",local port: ""50996"",net namespace: ""-1"",local address: ""10.1.251.203"",protocol: ""tcp"",subtype: ""network socket"",remote address: """",hash: ""94b1cc8d029fb6e66739d39e570d4b56""})"
"(:VERTEX {memory address: ""7f08556f2000"",size: ""11000"",subtype: ""memory"",tgid: ""189893"",source: ""syscall"",type: ""Artifact"",version: ""56"",hash: ""7e2e04ad5996e5dc127e0a7316202bac""})"
"(:VERTEX {memory address: ""7f08556f2000"",size: ""11000"",subtype: ""memory"",tgid: ""189893"",source: ""syscall"",type: ""Artifact"",version: ""57"",hash: ""41b1c8552fe5dc44f44c1dd99e5370b9""})"
"(:VERTEX {gid: ""1000"",euid: ""1000"",children pid namespace: ""-1"",pid: ""189414"",seen time: ""1690980743.236"",source: ""syscall"",type: ""Process"",net namespace: ""-1"",ipc namespace: ""-1"",ppid: ""59024"",pid namespace: ""-1"",uid: ""1000"",egid: ""1000"",mount namespace: ""-1"",name: ""DefaultSocketMa"",hash: ""63765b6057cde3417c399bcdab55b0e9"",user namespace: ""-1""})"
"(:VERTEX {memory address: ""7f08556f2000"",size: ""11000"",subtype: ""memory"",tgid: ""189893"",source: ""syscall"",type: ""Artifact"",version: ""58"",hash: ""4b321183f92b1fc7a7ca30b513877c26""})"
"(:VERTEX {memory address: ""7f08556f2000"",size: ""11000"",subtype: ""memory"",tgid: ""189893"",source: ""syscall"",type: ""Artifact"",version: ""59"",hash: ""b7bb7c7a42b56dd317e14e5bfcc031b1""})"
"(:VERTEX {memory address: ""7eff8ff69000"",size: ""2000"",subtype: ""memory"",tgid: ""189122"",source: ""syscall"",type: ""Artifact"",version: ""12"",hash: ""afe7c8cf6455736266b3401d660596b7""})"
"(:VERTEX {memory address: ""7eff8ff69000"",size: ""2000"",subtype: ""memory"",tgid: ""189122"",source: ""syscall"",type: ""Artifact"",version: ""13"",hash: ""ca5fde34f9f991be9682bbc93647bd3d""})"
"(:VERTEX {memory address: ""7eff8ff69000"",size: ""2000"",subtype: ""memory"",tgid: ""189122"",source: ""syscall"",type: ""Artifact"",version: ""14"",hash: ""72c767514d3649675a297b73ce6eef1c""})"
"(:VERTEX {memory address: ""7f08556f2000"",size: ""11000"",subtype: ""memory"",tgid: ""189893"",source: ""syscall"",type: ""Artifact"",version: ""60"",hash: ""d50d81bbd19a02f9b553fda8164ee262""})"
"(:VERTEX {memory address: ""7f08556f2000"",size: ""11000"",subtype: ""memory"",tgid: ""189893"",source: ""syscall"",type: ""Artifact"",version: ""61"",hash: ""d6dfbbba0f3fa00a532925d2c3203630""})"
"(:VERTEX {gid: ""1000"",euid: ""1000"",children pid namespace: ""-1"",pid: ""189426"",seen time: ""1690980743.560"",source: ""syscall"",type: ""Process"",net namespace: ""-1"",ipc namespace: ""-1"",ppid: ""59024"",pid namespace: ""-1"",uid: ""1000"",egid: ""1000"",mount namespace: ""-1"",name: ""DefaultSocketMa"",hash: ""3aed487b1350f7432ad6288770a30ebe"",user namespace: ""-1""})"
"(:VERTEX {memory address: ""7f08556f2000"",size: ""11000"",subtype: ""memory"",tgid: ""189893"",source: ""syscall"",type: ""Artifact"",version: ""62"",hash: ""1fa86b3f21fa440fe7be59177cc7facf""})"
"(:VERTEX {memory address: ""7f08556f2000"",size: ""11000"",subtype: ""memory"",tgid: ""189893"",source: ""syscall"",type: ""Artifact"",version: ""63"",hash: ""2a151e7595df79cd9b59be415f75d037""})"
"(:VERTEX {memory address: ""7eff8fef0000"",size: ""40000"",subtype: ""memory"",tgid: ""189122"",source: ""syscall"",type: ""Artifact"",version: ""0"",hash: ""361b44b0ef049ad6dd9afb84e216686e""})"
"(:VERTEX {memory address: ""7eff8fef1000"",size: ""8000"",subtype: ""memory"",tgid: ""189122"",source: ""syscall"",type: ""Artifact"",version: ""0"",hash: ""b1dcb0c5c2b3f0445ef201aa3a0dd9ca""})"
"(:VERTEX {memory address: ""7eff8ff61000"",size: ""a000"",subtype: ""memory"",tgid: ""189122"",source: ""syscall"",type: ""Artifact"",version: ""0"",hash: ""d7eea7e930c5fd51e92f01ac2d743656""})"
"(:VERTEX {memory address: ""7eff8ff61000"",size: ""a000"",subtype: ""memory"",tgid: ""189122"",source: ""syscall"",type: ""Artifact"",version: ""1"",hash: ""5a2b3d94b0a1dd61ee82aa368a91b29f""})"
"(:VERTEX {memory address: ""7eff8ff61000"",size: ""a000"",subtype: ""memory"",tgid: ""189122"",source: ""syscall"",type: ""Artifact"",version: ""2"",hash: ""28e8e4d51f7d5708b3cd691e80622eb5""})"
"(:VERTEX {memory address: ""7eff8ff61000"",size: ""a000"",subtype: ""memory"",tgid: ""189122"",source: ""syscall"",type: ""Artifact"",version: ""3"",hash: ""24abd87e333bbbb201d7a7760f9755ff""})"
"(:VERTEX {memory address: ""7eff8ff60000"",size: ""b000"",subtype: ""memory"",tgid: ""189122"",source: ""syscall"",type: ""Artifact"",version: ""0"",hash: ""a1d14cc2c766e9b83241b5d390dccf73""})"
"(:VERTEX {memory address: ""7eff8ff4e000"",size: ""c000"",subtype: ""memory"",tgid: ""189122"",source: ""syscall"",type: ""Artifact"",version: ""0"",hash: ""eca083e1715fa5e427e5dc8efd6e622d""})"
"(:VERTEX {memory address: ""7eff8ff69000"",size: ""2000"",subtype: ""memory"",tgid: ""189122"",source: ""syscall"",type: ""Artifact"",version: ""15"",hash: ""e85580c1aa5464031584798c052706ec""})"
"(:VERTEX {memory address: ""7eff8ff69000"",size: ""2000"",subtype: ""memory"",tgid: ""189122"",source: ""syscall"",type: ""Artifact"",version: ""16"",hash: ""b6b98e1283d262ddb94798caddedf5be""})"
"(:VERTEX {memory address: ""7eff90028000"",size: ""7000"",subtype: ""memory"",tgid: ""189122"",source: ""syscall"",type: ""Artifact"",version: ""0"",hash: ""a76e5add532b7693441991b3d1c02a56""})"
"(:VERTEX {memory address: ""7eff90020000"",size: ""7000"",subtype: ""memory"",tgid: ""189122"",source: ""syscall"",type: ""Artifact"",version: ""0"",hash: ""ed7ecb6ddd1b019f48de4a55d493d71a""})"
"(:VERTEX {memory address: ""7eff90070000"",size: ""7000"",subtype: ""memory"",tgid: ""189122"",source: ""syscall"",type: ""Artifact"",version: ""0"",hash: ""373424192cf83191fbc2aef59764a12f""})"
"(:VERTEX {memory address: ""7eff8fff8000"",size: ""7000"",subtype: ""memory"",tgid: ""189122"",source: ""syscall"",type: ""Artifact"",version: ""0"",hash: ""b3dc2d1fa638a2d607b1c13450ff5b64""})"
"(:VERTEX {memory address: ""7eff900d8000"",size: ""7000"",subtype: ""memory"",tgid: ""189122"",source: ""syscall"",type: ""Artifact"",version: ""0"",hash: ""f237e3f685db7bfe55b574feda31212b""})"
"(:VERTEX {memory address: ""7eff90018000"",size: ""7000"",subtype: ""memory"",tgid: ""189122"",source: ""syscall"",type: ""Artifact"",version: ""0"",hash: ""24c2b935b0e7a4cd84c8aa53c10fc976""})"
"(:VERTEX {memory address: ""7eff90088000"",size: ""7000"",subtype: ""memory"",tgid: ""189122"",source: ""syscall"",type: ""Artifact"",version: ""0"",hash: ""c41ef2a967351687bc1e400c64567c33""})"
"(:VERTEX {memory address: ""7eff90010000"",size: ""7000"",subtype: ""memory"",tgid: ""189122"",source: ""syscall"",type: ""Artifact"",version: ""0"",hash: ""48bdc3bf164d4b5df4689b8c9dc8a5f4""})"
"(:VERTEX {memory address: ""7eff90040000"",size: ""7000"",subtype: ""memory"",tgid: ""189122"",source: ""syscall"",type: ""Artifact"",version: ""0"",hash: ""b0e989d9433dbc0c9d1ff75587bd4ceb""})"
"(:VERTEX {memory address: ""7eff90038000"",size: ""7000"",subtype: ""memory"",tgid: ""189122"",source: ""syscall"",type: ""Artifact"",version: ""0"",hash: ""1d2128c1a9bb15a321f4704248d6b59d""})"
"(:VERTEX {memory address: ""7eff90008000"",size: ""7000"",subtype: ""memory"",tgid: ""189122"",source: ""syscall"",type: ""Artifact"",version: ""0"",hash: ""f30e33a37bcdab292265efd10f04baa5""})"
"(:VERTEX {memory address: ""7eff8f83b000"",size: ""7000"",subtype: ""memory"",tgid: ""189122"",source: ""syscall"",type: ""Artifact"",version: ""0"",hash: ""2c84af97b227b15c60508b931343ab48""})"
"(:VERTEX {memory address: ""7eff8f85b000"",size: ""7000"",subtype: ""memory"",tgid: ""189122"",source: ""syscall"",type: ""Artifact"",version: ""0"",hash: ""9851c8028a206334f7aaf3d279ebd32d""})"
"(:VERTEX {memory address: ""7eff8f853000"",size: ""7000"",subtype: ""memory"",tgid: ""189122"",source: ""syscall"",type: ""Artifact"",version: ""0"",hash: ""932f239ac07c1b9fe8cda47fbba41b41""})"
"(:VERTEX {memory address: ""7eff8f834000"",size: ""6000"",subtype: ""memory"",tgid: ""189122"",source: ""syscall"",type: ""Artifact"",version: ""0"",hash: ""e306fd2cfc10f9d5484a67883bbddcd2""})"
"(:VERTEX {memory address: ""7f08556f2000"",size: ""11000"",subtype: ""memory"",tgid: ""189893"",source: ""syscall"",type: ""Artifact"",version: ""64"",hash: ""29509f9a8ce22df46cd6a48b712cb96d""})"
"(:VERTEX {memory address: ""7f08556f2000"",size: ""11000"",subtype: ""memory"",tgid: ""189893"",source: ""syscall"",type: ""Artifact"",version: ""65"",hash: ""92676a05b24eaecc5e302fe925280d14""})"
"(:VERTEX {memory address: ""7f08556f2000"",size: ""11000"",subtype: ""memory"",tgid: ""189893"",source: ""syscall"",type: ""Artifact"",version: ""66"",hash: ""e7cc3d9a1269fdd4eae62bb685f586f5""})"
"(:VERTEX {memory address: ""7f0857908000"",size: ""2000"",subtype: ""memory"",tgid: ""189893"",source: ""syscall"",type: ""Artifact"",version: ""5"",hash: ""643cedad4a348d9afb5ae01998bcf48c""})"
"(:VERTEX {memory address: ""7f08578b0000"",size: ""9000"",subtype: ""memory"",tgid: ""189893"",source: ""syscall"",type: ""Artifact"",version: ""3"",hash: ""40ad3f79a7c4cf130b41febbaef78a63""})"
"(:VERTEX {memory address: ""7f08556f2000"",size: ""11000"",subtype: ""memory"",tgid: ""189893"",source: ""syscall"",type: ""Artifact"",version: ""67"",hash: ""9ab0dd641b47d9097685b3a9cac18409""})"
"(:VERTEX {memory address: ""7f0857896000"",size: ""7000"",subtype: ""memory"",tgid: ""189893"",source: ""syscall"",type: ""Artifact"",version: ""3"",hash: ""fa5291eb21e08cc90bb491d5f30bc1e4""})"
"(:VERTEX {memory address: ""7eff8ff69000"",size: ""2000"",subtype: ""memory"",tgid: ""189122"",source: ""syscall"",type: ""Artifact"",version: ""17"",hash: ""88a5537c0043e28ad359a0482f692e2d""})"
"(:VERTEX {memory address: ""7f085772b000"",size: ""9000"",subtype: ""memory"",tgid: ""189893"",source: ""syscall"",type: ""Artifact"",version: ""12"",hash: ""73f0d9401ba0d026d392816dbd66760e""})"
"(:VERTEX {memory address: ""7f08556fa000"",size: ""9000"",subtype: ""memory"",tgid: ""189893"",source: ""syscall"",type: ""Artifact"",version: ""5"",hash: ""5493555b1cdc65b8258e38c143a0b769""})"
"(:VERTEX {memory address: ""7f0857890000"",size: ""6000"",subtype: ""memory"",tgid: ""189893"",source: ""syscall"",type: ""Artifact"",version: ""3"",hash: ""c0ece4dd869651600abf5cf348becbec""})"
"(:VERTEX {memory address: ""7f08556f1000"",size: ""9000"",subtype: ""memory"",tgid: ""189893"",source: ""syscall"",type: ""Artifact"",version: ""7"",hash: ""e5fe5e4f5aba8311b484e4a368c09a1e""})"
"(:VERTEX {memory address: ""7f08556f1000"",size: ""9000"",subtype: ""memory"",tgid: ""189893"",source: ""syscall"",type: ""Artifact"",version: ""8"",hash: ""0635169e7e7ef1ba09783bea077ebedb""})"
"(:VERTEX {memory address: ""7f085788f000"",size: ""7000"",subtype: ""memory"",tgid: ""189893"",source: ""syscall"",type: ""Artifact"",version: ""9"",hash: ""b51e1c20e3fd6ea2dd6fb67d8c027638""})"
"(:VERTEX {memory address: ""7f08556e1000"",size: ""10000"",subtype: ""memory"",tgid: ""189893"",source: ""syscall"",type: ""Artifact"",version: ""6"",hash: ""44b043b0dcef7c53f2b47a907d03dbd6""})"
"(:VERTEX {memory address: ""7f08556ea000"",size: ""10000"",subtype: ""memory"",tgid: ""189893"",source: ""syscall"",type: ""Artifact"",version: ""19"",hash: ""21bbf922b518867aa829f2009efd0c99""})"
"(:VERTEX {memory address: ""7f08556ea000"",size: ""10000"",subtype: ""memory"",tgid: ""189893"",source: ""syscall"",type: ""Artifact"",version: ""20"",hash: ""d09ff249181d0b51e36116fd5b592c0a""})"
"(:VERTEX {memory address: ""7f08556ea000"",size: ""10000"",subtype: ""memory"",tgid: ""189893"",source: ""syscall"",type: ""Artifact"",version: ""21"",hash: ""23a4e5e2a0a37b474972c911d5ada41e""})"
"(:VERTEX {memory address: ""7f08556ea000"",size: ""10000"",subtype: ""memory"",tgid: ""189893"",source: ""syscall"",type: ""Artifact"",version: ""22"",hash: ""eaad32916b8e7570c790c83495ef6ded""})"
"(:VERTEX {remote port: """",epoch: ""0"",source: ""syscall"",type: ""Artifact"",version: ""0"",local port: ""50938"",net namespace: ""-1"",local address: ""10.1.251.203"",protocol: ""tcp"",subtype: ""network socket"",remote address: """",hash: ""4d699f1c66fd0675a196b173f762db43""})"
"(:VERTEX {memory address: ""7f08556f2000"",size: ""11000"",subtype: ""memory"",tgid: ""189893"",source: ""syscall"",type: ""Artifact"",version: ""68"",hash: ""b1b69c654ac3970ac1e64bb73ef89fa2""})"
"(:VERTEX {memory address: ""7f08556f2000"",size: ""11000"",subtype: ""memory"",tgid: ""189893"",source: ""syscall"",type: ""Artifact"",version: ""69"",hash: ""829ceadae8d3fab2ffa1e7960ce6ddd8""})"
"(:VERTEX {memory address: ""7f08556f2000"",size: ""11000"",subtype: ""memory"",tgid: ""189893"",source: ""syscall"",type: ""Artifact"",version: ""70"",hash: ""86f97dfb84e0261434719676cd474e63""})"
"(:VERTEX {memory address: ""7f08556f2000"",size: ""11000"",subtype: ""memory"",tgid: ""189893"",source: ""syscall"",type: ""Artifact"",version: ""71"",hash: ""09c94a24012a7dcec27820caf8bca40d""})"
"(:VERTEX {memory address: ""7f08556f2000"",size: ""11000"",subtype: ""memory"",tgid: ""189893"",source: ""syscall"",type: ""Artifact"",version: ""72"",hash: ""6bd98636e90099ad962ffc4cdbdb6e0f""})"
"(:VERTEX {memory address: ""7f08556f2000"",size: ""11000"",subtype: ""memory"",tgid: ""189893"",source: ""syscall"",type: ""Artifact"",version: ""73"",hash: ""6dfbfe8af18e4caeaa6fe4ed99726c48""})"
"(:VERTEX {memory address: ""7f08556f2000"",size: ""11000"",subtype: ""memory"",tgid: ""189893"",source: ""syscall"",type: ""Artifact"",version: ""74"",hash: ""4123ec9aa97d92f16f9124d29e2cf928""})"
"(:VERTEX {memory address: ""7f08556f2000"",size: ""11000"",subtype: ""memory"",tgid: ""189893"",source: ""syscall"",type: ""Artifact"",version: ""75"",hash: ""1dd5d37b294716c0528d5a6190701765""})"
"(:VERTEX {memory address: ""7f08556f2000"",size: ""11000"",subtype: ""memory"",tgid: ""189893"",source: ""syscall"",type: ""Artifact"",version: ""76"",hash: ""76d75a1ceec300ecebae338fa5f78a21""})"
"(:VERTEX {memory address: ""7f08556f2000"",size: ""11000"",subtype: ""memory"",tgid: ""189893"",source: ""syscall"",type: ""Artifact"",version: ""77"",hash: ""b5f6f05db921f6866d1a8b4fc0ee3703""})"
"(:VERTEX {memory address: ""7f08556f2000"",size: ""11000"",subtype: ""memory"",tgid: ""189893"",source: ""syscall"",type: ""Artifact"",version: ""78"",hash: ""aaae4eec109a77cdc4c809ea6f22fcde""})"
"(:VERTEX {memory address: ""7f08556f2000"",size: ""11000"",subtype: ""memory"",tgid: ""189893"",source: ""syscall"",type: ""Artifact"",version: ""79"",hash: ""e5174b64a2c37d4294b6dffabd4784a2""})"
"(:VERTEX {memory address: ""7f08556f2000"",size: ""11000"",subtype: ""memory"",tgid: ""189893"",source: ""syscall"",type: ""Artifact"",version: ""80"",hash: ""39fd9f9c340998fd4f05f0283bfcb4b8""})"
"(:VERTEX {memory address: ""7f08556f2000"",size: ""11000"",subtype: ""memory"",tgid: ""189893"",source: ""syscall"",type: ""Artifact"",version: ""81"",hash: ""37d1b807280914cfd1207fc20548f21f""})"
"(:VERTEX {memory address: ""7f08556f2000"",size: ""11000"",subtype: ""memory"",tgid: ""189893"",source: ""syscall"",type: ""Artifact"",version: ""82"",hash: ""60890cd2f19649ccc1af5a5c45f577d5""})"
"(:VERTEX {memory address: ""7f08556f2000"",size: ""11000"",subtype: ""memory"",tgid: ""189893"",source: ""syscall"",type: ""Artifact"",version: ""83"",hash: ""88733bd64c20af2e30cd183c15a6e9ad""})"
"(:VERTEX {memory address: ""7f08556f2000"",size: ""11000"",subtype: ""memory"",tgid: ""189893"",source: ""syscall"",type: ""Artifact"",version: ""84"",hash: ""3b96a123406626bc88d4a8de0b41e495""})"
"(:VERTEX {memory address: ""7f08556f2000"",size: ""11000"",subtype: ""memory"",tgid: ""189893"",source: ""syscall"",type: ""Artifact"",version: ""85"",hash: ""b46499bbd319632cdded5d7290b4bf20""})"
"(:VERTEX {memory address: ""7f08556f2000"",size: ""11000"",subtype: ""memory"",tgid: ""189893"",source: ""syscall"",type: ""Artifact"",version: ""86"",hash: ""0295151cccda7710c17b8bde73fda4e8""})"
"(:VERTEX {memory address: ""7f08556f2000"",size: ""11000"",subtype: ""memory"",tgid: ""189893"",source: ""syscall"",type: ""Artifact"",version: ""87"",hash: ""ed712bf59013031c72b67c49e920f4e0""})"
"(:VERTEX {remote port: ""53"",epoch: ""0"",source: ""syscall"",type: ""Artifact"",version: ""0"",local port: ""49695"",net namespace: ""-1"",local address: ""10.1.251.204"",protocol: ""udp"",subtype: ""network socket"",remote address: ""10.152.183.10"",hash: ""b5a836e0a7c505e23d57633ae04a6586""})"
"(:VERTEX {gid: ""1000"",euid: ""1000"",children pid namespace: ""-1"",pid: ""189031"",seen time: ""1690980750.169"",source: ""syscall"",type: ""Process"",net namespace: ""-1"",ipc namespace: ""-1"",ppid: ""58880"",pid namespace: ""-1"",uid: ""1000"",egid: ""1000"",mount namespace: ""-1"",name: ""server"",hash: ""37e8e794bbad6c695ce16a59987bca73"",user namespace: ""-1""})"
"(:VERTEX {remote port: ""53"",epoch: ""0"",source: ""syscall"",type: ""Artifact"",version: ""0"",local port: ""49689"",net namespace: ""-1"",local address: ""10.1.251.204"",protocol: ""udp"",subtype: ""network socket"",remote address: ""10.152.183.10"",hash: ""6e1ed1f5d13f258ddf8296db51e71bd0""})"
"(:VERTEX {remote port: ""53"",epoch: ""1"",source: ""syscall"",type: ""Artifact"",version: ""0"",local port: ""49695"",net namespace: ""-1"",local address: ""10.1.251.204"",protocol: ""udp"",subtype: ""network socket"",remote address: ""10.152.183.10"",hash: ""01c0d7193bd99261fbad62df36edd070""})"
"(:VERTEX {remote port: ""53"",epoch: ""2"",source: ""syscall"",type: ""Artifact"",version: ""0"",local port: ""49695"",net namespace: ""-1"",local address: ""10.1.251.204"",protocol: ""udp"",subtype: ""network socket"",remote address: ""10.152.183.10"",hash: ""8ecbd7c86078c005f9f42ca0b39a93c3""})"
"(:VERTEX {memory address: ""7eff8ff69000"",size: ""2000"",subtype: ""memory"",tgid: ""189122"",source: ""syscall"",type: ""Artifact"",version: ""18"",hash: ""c62ad67d7fb969453b524b82a4f9b518""})"
"(:VERTEX {memory address: ""7eff8ff69000"",size: ""2000"",subtype: ""memory"",tgid: ""189122"",source: ""syscall"",type: ""Artifact"",version: ""19"",hash: ""8e4ff6c416fdf3b0d29dc2cdc829e4da""})"
"(:VERTEX {memory address: ""7eff8ff69000"",size: ""2000"",subtype: ""memory"",tgid: ""189122"",source: ""syscall"",type: ""Artifact"",version: ""20"",hash: ""33405fdcec1eeab20c3fd51f89c1c347""})"
"(:VERTEX {memory address: ""7eff8ff69000"",size: ""2000"",subtype: ""memory"",tgid: ""189122"",source: ""syscall"",type: ""Artifact"",version: ""21"",hash: ""2e6370d73d8297c624035e17e6d6ff08""})"
"(:VERTEX {memory address: ""7eff8ff69000"",size: ""2000"",subtype: ""memory"",tgid: ""189122"",source: ""syscall"",type: ""Artifact"",version: ""22"",hash: ""c3caa50117032b2df4640257e2ca8080""})"
"(:VERTEX {memory address: ""7eff8ff69000"",size: ""2000"",subtype: ""memory"",tgid: ""189122"",source: ""syscall"",type: ""Artifact"",version: ""23"",hash: ""a45a59910cbe2d7bf6d99f5b4593269a""})"
"(:VERTEX {memory address: ""7f08556f2000"",size: ""11000"",subtype: ""memory"",tgid: ""189893"",source: ""syscall"",type: ""Artifact"",version: ""88"",hash: ""85ac3ce96f18af9c4a3edcdf88fc6bbf""})"
"(:VERTEX {memory address: ""7f08556f2000"",size: ""11000"",subtype: ""memory"",tgid: ""189893"",source: ""syscall"",type: ""Artifact"",version: ""89"",hash: ""3483fc8546d1bb02a0f66fe78fdc2ac1""})"
"(:VERTEX {memory address: ""7f08556f2000"",size: ""11000"",subtype: ""memory"",tgid: ""189893"",source: ""syscall"",type: ""Artifact"",version: ""90"",hash: ""4086a2912600d166b93246cf79f87b0d""})"
"(:VERTEX {memory address: ""7f08556f2000"",size: ""11000"",subtype: ""memory"",tgid: ""189893"",source: ""syscall"",type: ""Artifact"",version: ""91"",hash: ""70b73ad980043d85bced44fc1b024a35""})"
"(:VERTEX {memory address: ""7eff8ff69000"",size: ""2000"",subtype: ""memory"",tgid: ""189122"",source: ""syscall"",type: ""Artifact"",version: ""24"",hash: ""1eed7ab26e42e77e47ec212126ddf877""})"
"(:VERTEX {memory address: ""7eff8ff69000"",size: ""2000"",subtype: ""memory"",tgid: ""189122"",source: ""syscall"",type: ""Artifact"",version: ""25"",hash: ""28e8fa22be9758ffb39afa7a2a33f9c2""})"
"(:VERTEX {memory address: ""7eff8ff69000"",size: ""2000"",subtype: ""memory"",tgid: ""189122"",source: ""syscall"",type: ""Artifact"",version: ""26"",hash: ""7747d3133925bca979d795dc8cef30a1""})"
"(:VERTEX {remote port: """",epoch: ""0"",source: ""syscall"",type: ""Artifact"",version: ""0"",local port: ""51004"",net namespace: ""-1"",local address: ""10.1.251.203"",protocol: ""tcp"",subtype: ""network socket"",remote address: """",hash: ""2c488e50b37194034048f264224d156b""})"
"(:VERTEX {memory address: ""7f08556f2000"",size: ""11000"",subtype: ""memory"",tgid: ""189893"",source: ""syscall"",type: ""Artifact"",version: ""92"",hash: ""ec8a2da1dc1f4f7a53fa5f0c35281eb3""})"
"(:VERTEX {memory address: ""7f08556f2000"",size: ""11000"",subtype: ""memory"",tgid: ""189893"",source: ""syscall"",type: ""Artifact"",version: ""93"",hash: ""028409202f7c2fea7eb889983d3d9b84""})"
"(:VERTEX {memory address: ""7f08556f2000"",size: ""11000"",subtype: ""memory"",tgid: ""189893"",source: ""syscall"",type: ""Artifact"",version: ""94"",hash: ""73b260d13443f2fa48fa831743fd3ba3""})"
"(:VERTEX {memory address: ""7f08556f2000"",size: ""11000"",subtype: ""memory"",tgid: ""189893"",source: ""syscall"",type: ""Artifact"",version: ""95"",hash: ""92e0d06e6cc0f1b15d1ac7e5a92a4385""})"
"(:VERTEX {memory address: ""7eff8ff69000"",size: ""2000"",subtype: ""memory"",tgid: ""189122"",source: ""syscall"",type: ""Artifact"",version: ""27"",hash: ""86ec5fccea12ca4ae44dd6d264c3ab33""})"
"(:VERTEX {memory address: ""7eff8ff69000"",size: ""2000"",subtype: ""memory"",tgid: ""189122"",source: ""syscall"",type: ""Artifact"",version: ""28"",hash: ""a25c821682fdc852489f0057d008d18e""})"
"(:VERTEX {memory address: ""7eff8ff69000"",size: ""2000"",subtype: ""memory"",tgid: ""189122"",source: ""syscall"",type: ""Artifact"",version: ""29"",hash: ""469448ad161bc7c1bd25a3e1ba4d1ed8""})"
"(:VERTEX {memory address: ""7eff8ff69000"",size: ""2000"",subtype: ""memory"",tgid: ""189122"",source: ""syscall"",type: ""Artifact"",version: ""30"",hash: ""97d9dc69d89d625997fd5fecebde3d52""})"
"(:VERTEX {memory address: ""7f08578b0000"",size: ""9000"",subtype: ""memory"",tgid: ""189893"",source: ""syscall"",type: ""Artifact"",version: ""4"",hash: ""fd1d01a89a54e8a6a64a172ee19a8c1c""})"
"(:VERTEX {memory address: ""7f0857896000"",size: ""7000"",subtype: ""memory"",tgid: ""189893"",source: ""syscall"",type: ""Artifact"",version: ""4"",hash: ""a0a46c3d0f11ac0eabfb3f23ec0061b2""})"
"(:VERTEX {memory address: ""7f085772b000"",size: ""9000"",subtype: ""memory"",tgid: ""189893"",source: ""syscall"",type: ""Artifact"",version: ""13"",hash: ""101c15ec236bf5f833809560467297fa""})"
"(:VERTEX {memory address: ""7f08556fa000"",size: ""9000"",subtype: ""memory"",tgid: ""189893"",source: ""syscall"",type: ""Artifact"",version: ""6"",hash: ""968d8f7110b7c84916737f859c82f2bd""})"
"(:VERTEX {memory address: ""7f08556f1000"",size: ""9000"",subtype: ""memory"",tgid: ""189893"",source: ""syscall"",type: ""Artifact"",version: ""9"",hash: ""b487b7b02e5880f9cb22a7a1b61d6eff""})"
"(:VERTEX {memory address: ""7f085788f000"",size: ""7000"",subtype: ""memory"",tgid: ""189893"",source: ""syscall"",type: ""Artifact"",version: ""10"",hash: ""c3c743f372a4765f76c1ffd026fdbacd""})"
"(:VERTEX {memory address: ""7f08556e8000"",size: ""9000"",subtype: ""memory"",tgid: ""189893"",source: ""syscall"",type: ""Artifact"",version: ""6"",hash: ""f94e35d7a103f5f7974256029ad461d7""})"
"(:VERTEX {memory address: ""7f08556e8000"",size: ""9000"",subtype: ""memory"",tgid: ""189893"",source: ""syscall"",type: ""Artifact"",version: ""7"",hash: ""d28607956701ea32b0f2f9636aa06b84""})"
"(:VERTEX {memory address: ""7f08556df000"",size: ""9000"",subtype: ""memory"",tgid: ""189893"",source: ""syscall"",type: ""Artifact"",version: ""2"",hash: ""803bbf2368b6fc8885ec264ec87dc20f""})"
"(:VERTEX {memory address: ""7f0857890000"",size: ""6000"",subtype: ""memory"",tgid: ""189893"",source: ""syscall"",type: ""Artifact"",version: ""4"",hash: ""1327599eff2d8285fe1d45cfad23c6e7""})"
"(:VERTEX {memory address: ""7f08556e8000"",size: ""9000"",subtype: ""memory"",tgid: ""189893"",source: ""syscall"",type: ""Artifact"",version: ""8"",hash: ""6f7f0ea72986e1f4f6f273045335a7bc""})"
"(:VERTEX {memory address: ""7f0857890000"",size: ""6000"",subtype: ""memory"",tgid: ""189893"",source: ""syscall"",type: ""Artifact"",version: ""5"",hash: ""06522319a65e7d345e501f66649fd4fb""})"
"(:VERTEX {memory address: ""7f08556e8000"",size: ""9000"",subtype: ""memory"",tgid: ""189893"",source: ""syscall"",type: ""Artifact"",version: ""9"",hash: ""6e14f937c45e16ef8b46467df88b279d""})"
"(:VERTEX {memory address: ""7f08556d6000"",size: ""9000"",subtype: ""memory"",tgid: ""189893"",source: ""syscall"",type: ""Artifact"",version: ""2"",hash: ""1c267c0afc1cd3b920b6cb73831617cd""})"
"(:VERTEX {memory address: ""7f08556c6000"",size: ""10000"",subtype: ""memory"",tgid: ""189893"",source: ""syscall"",type: ""Artifact"",version: ""0"",hash: ""dccf45114c04974274c788b65f1da592""})"
"(:VERTEX {memory address: ""7f08556e8000"",size: ""9000"",subtype: ""memory"",tgid: ""189893"",source: ""syscall"",type: ""Artifact"",version: ""10"",hash: ""035bd883b5da7006a04ff3b337398741""})"
"(:VERTEX {memory address: ""7f08556f3000"",size: ""10000"",subtype: ""memory"",tgid: ""189893"",source: ""syscall"",type: ""Artifact"",version: ""15"",hash: ""381bc706bad32c8f6aa7026c84001f55""})"
"(:VERTEX {memory address: ""7f08556df000"",size: ""9000"",subtype: ""memory"",tgid: ""189893"",source: ""syscall"",type: ""Artifact"",version: ""3"",hash: ""839d8c6d8c531b900e853003b8339466""})"
"(:VERTEX {memory address: ""7f08556f3000"",size: ""10000"",subtype: ""memory"",tgid: ""189893"",source: ""syscall"",type: ""Artifact"",version: ""16"",hash: ""3c4c4c7a7c4c11780316c01b5b2c9b9c""})"
"(:VERTEX {memory address: ""7f08556d6000"",size: ""9000"",subtype: ""memory"",tgid: ""189893"",source: ""syscall"",type: ""Artifact"",version: ""3"",hash: ""70725efa44b6da3ad0e6a12e1d2c74fb""})"
"(:VERTEX {memory address: ""7f08556f3000"",size: ""10000"",subtype: ""memory"",tgid: ""189893"",source: ""syscall"",type: ""Artifact"",version: ""17"",hash: ""2239f1a9cbd0cab24d0adf7abc538535""})"
"(:VERTEX {memory address: ""7f08556cd000"",size: ""9000"",subtype: ""memory"",tgid: ""189893"",source: ""syscall"",type: ""Artifact"",version: ""3"",hash: ""b3b0d3be9383768d400526ef3cc5a8e7""})"
"(:VERTEX {memory address: ""7f08556f3000"",size: ""10000"",subtype: ""memory"",tgid: ""189893"",source: ""syscall"",type: ""Artifact"",version: ""18"",hash: ""94d412878fb39266475261743dac0806""})"
"(:VERTEX {memory address: ""7f08556f3000"",size: ""10000"",subtype: ""memory"",tgid: ""189893"",source: ""syscall"",type: ""Artifact"",version: ""19"",hash: ""fbfa2a1e58fb4c4e0fd555ee64ac3805""})"
"(:VERTEX {memory address: ""7f0857908000"",size: ""2000"",subtype: ""memory"",tgid: ""189893"",source: ""syscall"",type: ""Artifact"",version: ""6"",hash: ""0ae8ab0cf2ad6d4b2466dcfe7aa305ec""})"
"(:VERTEX {memory address: ""7f08578b0000"",size: ""9000"",subtype: ""memory"",tgid: ""189893"",source: ""syscall"",type: ""Artifact"",version: ""5"",hash: ""e988ea74d405fe5509e8591bde3c93b1""})"
"(:VERTEX {memory address: ""7f0857896000"",size: ""7000"",subtype: ""memory"",tgid: ""189893"",source: ""syscall"",type: ""Artifact"",version: ""5"",hash: ""e574ad27d0855d8a987a26bdcd16130b""})"
"(:VERTEX {memory address: ""7f085772b000"",size: ""9000"",subtype: ""memory"",tgid: ""189893"",source: ""syscall"",type: ""Artifact"",version: ""14"",hash: ""34bd4d1dea8db623184a3aba4c0290ce""})"
"(:VERTEX {memory address: ""7f08556fa000"",size: ""9000"",subtype: ""memory"",tgid: ""189893"",source: ""syscall"",type: ""Artifact"",version: ""7"",hash: ""81c0b1ebec3caaced9cd1b2848153087""})"
"(:VERTEX {memory address: ""7f0857890000"",size: ""6000"",subtype: ""memory"",tgid: ""189893"",source: ""syscall"",type: ""Artifact"",version: ""6"",hash: ""d9e07f62e9098b44e09717219c7ad3f3""})"
"(:VERTEX {memory address: ""7f08556f1000"",size: ""9000"",subtype: ""memory"",tgid: ""189893"",source: ""syscall"",type: ""Artifact"",version: ""10"",hash: ""6074f77c8180597dd1e19c663cbe2220""})"
"(:VERTEX {memory address: ""7f08556e8000"",size: ""9000"",subtype: ""memory"",tgid: ""189893"",source: ""syscall"",type: ""Artifact"",version: ""11"",hash: ""566ca309d76d2d8abe5a32aa8bf210c1""})"
"(:VERTEX {memory address: ""7f085788f000"",size: ""7000"",subtype: ""memory"",tgid: ""189893"",source: ""syscall"",type: ""Artifact"",version: ""11"",hash: ""5b11e5f47b161bb85b81cf5a4eecf57e""})"
"(:VERTEX {memory address: ""7f08556e1000"",size: ""10000"",subtype: ""memory"",tgid: ""189893"",source: ""syscall"",type: ""Artifact"",version: ""7"",hash: ""b78719520e62022455169f6d43e174f9""})"
"(:VERTEX {memory address: ""7f08556ea000"",size: ""10000"",subtype: ""memory"",tgid: ""189893"",source: ""syscall"",type: ""Artifact"",version: ""23"",hash: ""95e6b8194da340d6449dfcbd018efe67""})"
"(:VERTEX {memory address: ""7f08556ea000"",size: ""10000"",subtype: ""memory"",tgid: ""189893"",source: ""syscall"",type: ""Artifact"",version: ""24"",hash: ""6f0848c027ed5c478fd590de63e8fe08""})"
"(:VERTEX {memory address: ""7f085772b000"",size: ""9000"",subtype: ""memory"",tgid: ""189893"",source: ""syscall"",type: ""Artifact"",version: ""15"",hash: ""9358a31b2d7ded5d04444bf01f015192""})"
"(:VERTEX {memory address: ""7f08556ea000"",size: ""10000"",subtype: ""memory"",tgid: ""189893"",source: ""syscall"",type: ""Artifact"",version: ""25"",hash: ""fe3386ff52ff1fa13a8c053218fa0836""})"
"(:VERTEX {memory address: ""7f08556ea000"",size: ""10000"",subtype: ""memory"",tgid: ""189893"",source: ""syscall"",type: ""Artifact"",version: ""26"",hash: ""730d15b9434e9ef63cb4e9b4fc04bb57""})"
"(:VERTEX {memory address: ""7f08556f2000"",size: ""11000"",subtype: ""memory"",tgid: ""189893"",source: ""syscall"",type: ""Artifact"",version: ""96"",hash: ""1f39a531ae7cc4308a8a632f4668eb42""})"
"(:VERTEX {gid: ""1000"",euid: ""1000"",children pid namespace: ""-1"",pid: ""189373"",seen time: ""1690980743.174"",source: ""syscall"",type: ""Process"",net namespace: ""-1"",ipc namespace: ""-1"",ppid: ""59070"",pid namespace: ""-1"",uid: ""1000"",egid: ""1000"",mount namespace: ""-1"",name: ""event_engine"",hash: ""46d415673c655fa00243e174e63419fe"",user namespace: ""-1""})"
"(:VERTEX {memory address: ""7f08556f2000"",size: ""11000"",subtype: ""memory"",tgid: ""189893"",source: ""syscall"",type: ""Artifact"",version: ""97"",hash: ""8ea7170ef45a172bfcd5d32a27df2fa3""})"
"(:VERTEX {memory address: ""7f08556f2000"",size: ""11000"",subtype: ""memory"",tgid: ""189893"",source: ""syscall"",type: ""Artifact"",version: ""98"",hash: ""c677b913be663f7d68224d3058482542""})"
"(:VERTEX {memory address: ""7f08556f2000"",size: ""11000"",subtype: ""memory"",tgid: ""189893"",source: ""syscall"",type: ""Artifact"",version: ""99"",hash: ""5f8ac64745acabac0c2991ce82382c5c""})"
"(:VERTEX {memory address: ""7f08556f2000"",size: ""11000"",subtype: ""memory"",tgid: ""189893"",source: ""syscall"",type: ""Artifact"",version: ""100"",hash: ""6b5967dad0d87b89553ceb415b7596a0""})"
"(:VERTEX {memory address: ""7f08556f2000"",size: ""11000"",subtype: ""memory"",tgid: ""189893"",source: ""syscall"",type: ""Artifact"",version: ""101"",hash: ""c49e20e907bc544de6308e5ed2629df5""})"
"(:VERTEX {memory address: ""7f08556f2000"",size: ""11000"",subtype: ""memory"",tgid: ""189893"",source: ""syscall"",type: ""Artifact"",version: ""102"",hash: ""b6f5a451dd82bb419026fc51f91b9fa8""})"
"(:VERTEX {memory address: ""7f08556f2000"",size: ""11000"",subtype: ""memory"",tgid: ""189893"",source: ""syscall"",type: ""Artifact"",version: ""103"",hash: ""f9dc04d6a86230e32c3f9a8cb45454ac""})"
"(:VERTEX {memory address: ""7f08556f2000"",size: ""11000"",subtype: ""memory"",tgid: ""189893"",source: ""syscall"",type: ""Artifact"",version: ""104"",hash: ""9f2e606c61d1e91f2c730eca49383ba0""})"
"(:VERTEX {remote port: """",epoch: ""0"",source: ""syscall"",type: ""Artifact"",version: ""0"",local port: ""50954"",net namespace: ""-1"",local address: ""10.1.251.203"",protocol: ""tcp"",subtype: ""network socket"",remote address: """",hash: ""88dc01a28899e326f294e9b091558cb0""})"
"(:VERTEX {memory address: ""7f08556f2000"",size: ""11000"",subtype: ""memory"",tgid: ""189893"",source: ""syscall"",type: ""Artifact"",version: ""105"",hash: ""b6b43d1cdd93f8eb65ba46bb5a87dbcb""})"
"(:VERTEX {memory address: ""7f08556f2000"",size: ""11000"",subtype: ""memory"",tgid: ""189893"",source: ""syscall"",type: ""Artifact"",version: ""106"",hash: ""057704f2178711b03109d19e7446a7f9""})"
"(:VERTEX {memory address: ""7f08556f2000"",size: ""11000"",subtype: ""memory"",tgid: ""189893"",source: ""syscall"",type: ""Artifact"",version: ""107"",hash: ""764bdd3a5aa352c26be0dc7371820c62""})"
"(:VERTEX {memory address: ""7f08556f2000"",size: ""11000"",subtype: ""memory"",tgid: ""189893"",source: ""syscall"",type: ""Artifact"",version: ""108"",hash: ""430926829db4cb6520c338b16a89f1b5""})"
"(:VERTEX {memory address: ""7eff8ff69000"",size: ""2000"",subtype: ""memory"",tgid: ""189122"",source: ""syscall"",type: ""Artifact"",version: ""31"",hash: ""7334853aac00dbc60aed4742db7524a4""})"
"(:VERTEX {memory address: ""7eff8ff69000"",size: ""2000"",subtype: ""memory"",tgid: ""189122"",source: ""syscall"",type: ""Artifact"",version: ""32"",hash: ""d7a53a6ecc8cb308a7b340e5ad1482d0""})"
"(:VERTEX {memory address: ""7eff8ff69000"",size: ""2000"",subtype: ""memory"",tgid: ""189122"",source: ""syscall"",type: ""Artifact"",version: ""33"",hash: ""11e9d202992df9429b6d86c14aa65877""})"
"(:VERTEX {memory address: ""7eff8ff69000"",size: ""2000"",subtype: ""memory"",tgid: ""189122"",source: ""syscall"",type: ""Artifact"",version: ""34"",hash: ""dff1414ef27a6b6c9f72ed3d9ecb8e32""})"
"(:VERTEX {memory address: ""7eff8ff69000"",size: ""2000"",subtype: ""memory"",tgid: ""189122"",source: ""syscall"",type: ""Artifact"",version: ""35"",hash: ""2f03047c4f3c2a0da381572d254b6093""})"
"(:VERTEX {memory address: ""7f08556f2000"",size: ""11000"",subtype: ""memory"",tgid: ""189893"",source: ""syscall"",type: ""Artifact"",version: ""109"",hash: ""dc5090b7d9f0bba67c1ee22a955bba34""})"
"(:VERTEX {memory address: ""7f08556f2000"",size: ""11000"",subtype: ""memory"",tgid: ""189893"",source: ""syscall"",type: ""Artifact"",version: ""110"",hash: ""18a01ad06b4af1ab5778296d24a21a7f""})"
"(:VERTEX {memory address: ""7f08556f2000"",size: ""11000"",subtype: ""memory"",tgid: ""189893"",source: ""syscall"",type: ""Artifact"",version: ""111"",hash: ""048cfc234a5accd86e913f66ceab9f88""})"
"(:VERTEX {memory address: ""7f08556f2000"",size: ""11000"",subtype: ""memory"",tgid: ""189893"",source: ""syscall"",type: ""Artifact"",version: ""112"",hash: ""76cdbdd26965fcfcb850151eb46f6d08""})"
"(:VERTEX {memory address: ""7f08556f2000"",size: ""11000"",subtype: ""memory"",tgid: ""189893"",source: ""syscall"",type: ""Artifact"",version: ""113"",hash: ""80b9ca2d1e73fd6a233e9e3928e19f34""})"
"(:VERTEX {memory address: ""7f08556f2000"",size: ""11000"",subtype: ""memory"",tgid: ""189893"",source: ""syscall"",type: ""Artifact"",version: ""114"",hash: ""11c7eaefdee088c41395b33b9ad0588d""})"
"(:VERTEX {gid: ""1000"",euid: ""1000"",children pid namespace: ""-1"",pid: ""192231"",seen time: ""1690980752.794"",source: ""syscall"",type: ""Process"",net namespace: ""-1"",ipc namespace: ""-1"",ppid: ""59024"",pid namespace: ""-1"",uid: ""1000"",egid: ""1000"",mount namespace: ""-1"",name: "".NET ThreadPool"",hash: ""42bc7fe915a83455076561820571be87"",user namespace: ""-1""})"
"(:VERTEX {memory address: ""7f08556f2000"",size: ""11000"",subtype: ""memory"",tgid: ""189893"",source: ""syscall"",type: ""Artifact"",version: ""115"",hash: ""fe932abf31bdd9b2f2e51b613318d649""})"
"(:VERTEX {memory address: ""7f08556f2000"",size: ""11000"",subtype: ""memory"",tgid: ""189893"",source: ""syscall"",type: ""Artifact"",version: ""116"",hash: ""c8ffa88104ac62a930dec93b00416494""})"
"(:VERTEX {memory address: ""7f08556f2000"",size: ""11000"",subtype: ""memory"",tgid: ""189893"",source: ""syscall"",type: ""Artifact"",version: ""117"",hash: ""6b35c7fa45c87d0700ad1bf8dc8238de""})"
"(:VERTEX {memory address: ""f46fd9c0000"",size: ""40000"",subtype: ""memory"",tgid: ""189893"",source: ""syscall"",type: ""Artifact"",version: ""1"",hash: ""0b3baf0e8dfd674104a05b8a88c9cf29""})"
"(:VERTEX {memory address: ""33a2d79c0000"",size: ""40000"",subtype: ""memory"",tgid: ""189893"",source: ""syscall"",type: ""Artifact"",version: ""1"",hash: ""10db4d67ee573bedde3eb99671b23e5e""})"
"(:VERTEX {memory address: ""332ff05c0000"",size: ""40000"",subtype: ""memory"",tgid: ""189893"",source: ""syscall"",type: ""Artifact"",version: ""1"",hash: ""cce0e27f7ffdaf934a7d82075759b48a""})"
"(:VERTEX {memory address: ""3406f5a00000"",size: ""40000"",subtype: ""memory"",tgid: ""189893"",source: ""syscall"",type: ""Artifact"",version: ""1"",hash: ""e13e5689bf6fbaec70abba45682e3bca""})"
"(:VERTEX {memory address: ""7f0857907000"",size: ""3000"",subtype: ""memory"",tgid: ""189893"",source: ""syscall"",type: ""Artifact"",version: ""1"",hash: ""96af307413ee60e1d05447bea541b239""})"
"(:VERTEX {memory address: ""7f08578eb000"",size: ""1000"",subtype: ""memory"",tgid: ""189893"",source: ""syscall"",type: ""Artifact"",version: ""1"",hash: ""6d2a665e6561f8311471bd5055f2ca9d""})"
"(:VERTEX {memory address: ""7f08578b5000"",size: ""4000"",subtype: ""memory"",tgid: ""189893"",source: ""syscall"",type: ""Artifact"",version: ""1"",hash: ""1a33db39a71fe31b3e2345bc2991a155""})"
"(:VERTEX {memory address: ""7f08578b1000"",size: ""4000"",subtype: ""memory"",tgid: ""189893"",source: ""syscall"",type: ""Artifact"",version: ""2"",hash: ""fad05a276a20ac1253ec87dd1661292b""})"
"(:VERTEX {memory address: ""7f0857897000"",size: ""6000"",subtype: ""memory"",tgid: ""189893"",source: ""syscall"",type: ""Artifact"",version: ""0"",hash: ""6f53843ab67b071ab5ad79ce233d2d8b""})"
"(:VERTEX {memory address: ""198378b80000"",size: ""40000"",subtype: ""memory"",tgid: ""189893"",source: ""syscall"",type: ""Artifact"",version: ""1"",hash: ""7471b74818f1ac047dc533005d23a4ba""})"
"(:VERTEX {memory address: ""3baf57e40000"",size: ""40000"",subtype: ""memory"",tgid: ""189893"",source: ""syscall"",type: ""Artifact"",version: ""1"",hash: ""c0e1f7a4015b697ac47213a4fd7cee6a""})"
"(:VERTEX {memory address: ""32aebee80000"",size: ""40000"",subtype: ""memory"",tgid: ""189893"",source: ""syscall"",type: ""Artifact"",version: ""1"",hash: ""35aa30dd419ef7abdfe77d09b63020d2""})"
"(:VERTEX {memory address: ""28056dec0000"",size: ""40000"",subtype: ""memory"",tgid: ""189893"",source: ""syscall"",type: ""Artifact"",version: ""1"",hash: ""14ea338f51f3e72aa03060ec36773e8b""})"
"(:VERTEX {memory address: ""7f08556f2000"",size: ""11000"",subtype: ""memory"",tgid: ""189893"",source: ""syscall"",type: ""Artifact"",version: ""118"",hash: ""c04b17cdc5b5014948c1e674ed69d035""})"
"(:VERTEX {memory address: ""7f0857908000"",size: ""2000"",subtype: ""memory"",tgid: ""189893"",source: ""syscall"",type: ""Artifact"",version: ""7"",hash: ""181a4039a79ae5871b43e6d2eb615b96""})"
"(:VERTEX {memory address: ""7f08578b0000"",size: ""9000"",subtype: ""memory"",tgid: ""189893"",source: ""syscall"",type: ""Artifact"",version: ""6"",hash: ""4bdb9c35098eae7aac72b80414c21c17""})"
"(:VERTEX {memory address: ""7f08556f2000"",size: ""11000"",subtype: ""memory"",tgid: ""189893"",source: ""syscall"",type: ""Artifact"",version: ""119"",hash: ""42a47f473af927ada761f3bfa6611044""})"
"(:VERTEX {memory address: ""7f0857896000"",size: ""7000"",subtype: ""memory"",tgid: ""189893"",source: ""syscall"",type: ""Artifact"",version: ""6"",hash: ""6f1e0acb005ad7ad351970bfff4b43f2""})"
"(:VERTEX {memory address: ""7f085772b000"",size: ""9000"",subtype: ""memory"",tgid: ""189893"",source: ""syscall"",type: ""Artifact"",version: ""16"",hash: ""15ced1aa4a7732cda234f25c58cd694d""})"
"(:VERTEX {memory address: ""7f08556f2000"",size: ""11000"",subtype: ""memory"",tgid: ""189893"",source: ""syscall"",type: ""Artifact"",version: ""120"",hash: ""fa280dfea706aaa78e7df17eae0d32dd""})"
"(:VERTEX {memory address: ""7f08556f3000"",size: ""10000"",subtype: ""memory"",tgid: ""189893"",source: ""syscall"",type: ""Artifact"",version: ""20"",hash: ""6539002a2046e89f96a6e40055979135""})"
"(:VERTEX {memory address: ""7f08556f3000"",size: ""10000"",subtype: ""memory"",tgid: ""189893"",source: ""syscall"",type: ""Artifact"",version: ""21"",hash: ""41c45140a7a466c4df4b4b977a77837a""})"
"(:VERTEX {memory address: ""7f08556f3000"",size: ""10000"",subtype: ""memory"",tgid: ""189893"",source: ""syscall"",type: ""Artifact"",version: ""22"",hash: ""48c38ebd553a23e222a6f73a654c77cb""})"
"(:VERTEX {memory address: ""7f08556f3000"",size: ""10000"",subtype: ""memory"",tgid: ""189893"",source: ""syscall"",type: ""Artifact"",version: ""23"",hash: ""a0cf87191e6b0c2eeb0ee77462ea6417""})"
"(:VERTEX {memory address: ""7f08556f2000"",size: ""11000"",subtype: ""memory"",tgid: ""189893"",source: ""syscall"",type: ""Artifact"",version: ""121"",hash: ""37bfea36446cbf20619ec5370fbd0458""})"
"(:VERTEX {memory address: ""7f08556f2000"",size: ""11000"",subtype: ""memory"",tgid: ""189893"",source: ""syscall"",type: ""Artifact"",version: ""122"",hash: ""4497135254dd12a8a69a159ad398bbb4""})"
"(:VERTEX {memory address: ""7f08556f2000"",size: ""11000"",subtype: ""memory"",tgid: ""189893"",source: ""syscall"",type: ""Artifact"",version: ""123"",hash: ""2df9c4af36d7e72f60ce78cdde51b842""})"
"(:VERTEX {memory address: ""7f085772b000"",size: ""9000"",subtype: ""memory"",tgid: ""189893"",source: ""syscall"",type: ""Artifact"",version: ""17"",hash: ""386d28aa5f538d642cc1a82159c1638a""})"
"(:VERTEX {memory address: ""7f08556f2000"",size: ""11000"",subtype: ""memory"",tgid: ""189893"",source: ""syscall"",type: ""Artifact"",version: ""124"",hash: ""e41e4b9e6e3302b6f0ae8f6337b34f0a""})"
"(:VERTEX {memory address: ""7f08556f2000"",size: ""11000"",subtype: ""memory"",tgid: ""189893"",source: ""syscall"",type: ""Artifact"",version: ""125"",hash: ""36eaef89f32d066f365b7966521a9053""})"
"(:VERTEX {memory address: ""7f08556f2000"",size: ""11000"",subtype: ""memory"",tgid: ""189893"",source: ""syscall"",type: ""Artifact"",version: ""126"",hash: ""a9947183a766289041cc1bb43cfe99a5""})"
"(:VERTEX {remote port: ""53"",epoch: ""0"",source: ""syscall"",type: ""Artifact"",version: ""0"",local port: ""47031"",net namespace: ""-1"",local address: ""10.1.251.204"",protocol: ""udp"",subtype: ""network socket"",remote address: ""10.152.183.10"",hash: ""d994622f7f127d2579e44b709330a2cd""})"
"(:VERTEX {gid: ""1000"",euid: ""1000"",children pid namespace: ""-1"",pid: ""189004"",seen time: ""1690980752.999"",source: ""syscall"",type: ""Process"",net namespace: ""-1"",ipc namespace: ""-1"",ppid: ""58880"",pid namespace: ""-1"",uid: ""1000"",egid: ""1000"",mount namespace: ""-1"",name: ""server"",hash: ""16fe3953fd46377331c6277575bc8391"",user namespace: ""-1""})"
"(:VERTEX {remote port: ""53"",epoch: ""0"",source: ""syscall"",type: ""Artifact"",version: ""0"",local port: ""40108"",net namespace: ""-1"",local address: ""10.1.251.204"",protocol: ""udp"",subtype: ""network socket"",remote address: ""10.152.183.10"",hash: ""460132dccae2690d50744bda7454360d""})"
"(:VERTEX {remote port: ""53"",epoch: ""1"",source: ""syscall"",type: ""Artifact"",version: ""0"",local port: ""47031"",net namespace: ""-1"",local address: ""10.1.251.204"",protocol: ""udp"",subtype: ""network socket"",remote address: ""10.152.183.10"",hash: ""ac1294f381b499bcc328a84106412e42""})"
"(:VERTEX {remote port: ""53"",epoch: ""2"",source: ""syscall"",type: ""Artifact"",version: ""0"",local port: ""47031"",net namespace: ""-1"",local address: ""10.1.251.204"",protocol: ""udp"",subtype: ""network socket"",remote address: ""10.152.183.10"",hash: ""ee3afd46ba1b02a1e830c8da5dbca1dc""})"
"(:VERTEX {memory address: ""7f08556f2000"",size: ""11000"",subtype: ""memory"",tgid: ""189893"",source: ""syscall"",type: ""Artifact"",version: ""127"",hash: ""2a7b4243f87558251b56bcda831c1078""})"
"(:VERTEX {memory address: ""7f08556f2000"",size: ""11000"",subtype: ""memory"",tgid: ""189893"",source: ""syscall"",type: ""Artifact"",version: ""128"",hash: ""b8fdd65bc51286363c08db14aea62e4b""})"
"(:VERTEX {memory address: ""7eff8ff69000"",size: ""2000"",subtype: ""memory"",tgid: ""189122"",source: ""syscall"",type: ""Artifact"",version: ""36"",hash: ""e3f212796ba111b6d8abb60ccab0f633""})"
"(:VERTEX {memory address: ""7eff8ff69000"",size: ""2000"",subtype: ""memory"",tgid: ""189122"",source: ""syscall"",type: ""Artifact"",version: ""37"",hash: ""ba485b295869783705baed5c48754a2c""})"
"(:VERTEX {memory address: ""7eff8ff69000"",size: ""2000"",subtype: ""memory"",tgid: ""189122"",source: ""syscall"",type: ""Artifact"",version: ""38"",hash: ""aa00f616d8a5feaa8a7176480952ae1d""})"
"(:VERTEX {memory address: ""7eff8ff69000"",size: ""2000"",subtype: ""memory"",tgid: ""189122"",source: ""syscall"",type: ""Artifact"",version: ""39"",hash: ""05eeb07ad2e9241f71f0e0921109f688""})"
"(:VERTEX {memory address: ""7f08556f2000"",size: ""11000"",subtype: ""memory"",tgid: ""189893"",source: ""syscall"",type: ""Artifact"",version: ""129"",hash: ""84edd578763a8c188e8b7b26639b935b""})"
"(:VERTEX {memory address: ""7f08556f2000"",size: ""11000"",subtype: ""memory"",tgid: ""189893"",source: ""syscall"",type: ""Artifact"",version: ""130"",hash: ""355747771a5b90178a0403f88bd04db5""})"
"(:VERTEX {memory address: ""7f08556f2000"",size: ""11000"",subtype: ""memory"",tgid: ""189893"",source: ""syscall"",type: ""Artifact"",version: ""131"",hash: ""bb3f12400ce5bbcde41e6f7e0dbf5bb5""})"
"(:VERTEX {memory address: ""7f08556f2000"",size: ""11000"",subtype: ""memory"",tgid: ""189893"",source: ""syscall"",type: ""Artifact"",version: ""132"",hash: ""0722be100d03ae5f33ff90a10ad35b43""})"
"(:VERTEX {memory address: ""7f08556f2000"",size: ""11000"",subtype: ""memory"",tgid: ""189893"",source: ""syscall"",type: ""Artifact"",version: ""133"",hash: ""98d32d413e1a96a7d959d0863346d4d3""})"
"(:VERTEX {memory address: ""7f08556f2000"",size: ""11000"",subtype: ""memory"",tgid: ""189893"",source: ""syscall"",type: ""Artifact"",version: ""134"",hash: ""671b31e0c1b5d3d76c16767636cdca23""})"
"(:VERTEX {memory address: ""7f08556f2000"",size: ""11000"",subtype: ""memory"",tgid: ""189893"",source: ""syscall"",type: ""Artifact"",version: ""135"",hash: ""63b4f4b205d62718bb5c12dcbc6c30b8""})"
"(:VERTEX {memory address: ""7f08556f2000"",size: ""11000"",subtype: ""memory"",tgid: ""189893"",source: ""syscall"",type: ""Artifact"",version: ""136"",hash: ""12738e5e9c2325b7cd7be91c8e995842""})"
"(:VERTEX {memory address: ""7f08556f2000"",size: ""11000"",subtype: ""memory"",tgid: ""189893"",source: ""syscall"",type: ""Artifact"",version: ""137"",hash: ""92b9bbb2138c2bd48d23306bb5edd833""})"
"(:VERTEX {memory address: ""7f08556f2000"",size: ""11000"",subtype: ""memory"",tgid: ""189893"",source: ""syscall"",type: ""Artifact"",version: ""138"",hash: ""c3031679021a31c4cd8de06931f0d210""})"
"(:VERTEX {memory address: ""7f08556f2000"",size: ""11000"",subtype: ""memory"",tgid: ""189893"",source: ""syscall"",type: ""Artifact"",version: ""139"",hash: ""b3fc6c19dd28747ae6d115b021517d72""})"
"(:VERTEX {memory address: ""7f08556f2000"",size: ""11000"",subtype: ""memory"",tgid: ""189893"",source: ""syscall"",type: ""Artifact"",version: ""140"",hash: ""b980f602591730ec8847ebf669c57d6f""})"
"(:VERTEX {memory address: ""7f08556f2000"",size: ""11000"",subtype: ""memory"",tgid: ""189893"",source: ""syscall"",type: ""Artifact"",version: ""141"",hash: ""c57793c87744636f0db957cb9e9c58b9""})"
"(:VERTEX {memory address: ""7eff8f87b000"",size: ""7000"",subtype: ""memory"",tgid: ""189122"",source: ""syscall"",type: ""Artifact"",version: ""0"",hash: ""b789d694b428f4c3e32d5bf7cc78f64b""})"
"(:VERTEX {memory address: ""7eff8f84b000"",size: ""7000"",subtype: ""memory"",tgid: ""189122"",source: ""syscall"",type: ""Artifact"",version: ""0"",hash: ""9cb97b1325b3ab007d8c7cb7d91f4198""})"
"(:VERTEX {memory address: ""7eff8f86b000"",size: ""7000"",subtype: ""memory"",tgid: ""189122"",source: ""syscall"",type: ""Artifact"",version: ""0"",hash: ""a9df20d3c536760c85b73f1922e402bf""})"
"(:VERTEX {memory address: ""7f08556f2000"",size: ""11000"",subtype: ""memory"",tgid: ""189893"",source: ""syscall"",type: ""Artifact"",version: ""142"",hash: ""8687e5f14a05c8f319d6a0180a3bb5ee""})"
"(:VERTEX {memory address: ""7f08556f2000"",size: ""11000"",subtype: ""memory"",tgid: ""189893"",source: ""syscall"",type: ""Artifact"",version: ""143"",hash: ""536261ab1d898f1337be3af52bd414f4""})"
"(:VERTEX {memory address: ""7f08556f2000"",size: ""11000"",subtype: ""memory"",tgid: ""189893"",source: ""syscall"",type: ""Artifact"",version: ""144"",hash: ""9ad836ad3d24ecf8be7e98c9e57be7de""})"
"(:VERTEX {memory address: ""7f08556f2000"",size: ""11000"",subtype: ""memory"",tgid: ""189893"",source: ""syscall"",type: ""Artifact"",version: ""145"",hash: ""746b3738faa728ac66a54782d7bce58e""})"
"(:VERTEX {memory address: ""7f08556f2000"",size: ""11000"",subtype: ""memory"",tgid: ""189893"",source: ""syscall"",type: ""Artifact"",version: ""146"",hash: ""7a71543a770fc17b88684e6c46e6be5a""})"
"(:VERTEX {memory address: ""7f08556f2000"",size: ""11000"",subtype: ""memory"",tgid: ""189893"",source: ""syscall"",type: ""Artifact"",version: ""147"",hash: ""d166543134d180efdf9e2e7533a62b72""})"
"(:VERTEX {memory address: ""7f08556f2000"",size: ""11000"",subtype: ""memory"",tgid: ""189893"",source: ""syscall"",type: ""Artifact"",version: ""148"",hash: ""4ab011ab0e604ffde0548571bea1cc99""})"
"(:VERTEX {memory address: ""7f08556f2000"",size: ""11000"",subtype: ""memory"",tgid: ""189893"",source: ""syscall"",type: ""Artifact"",version: ""149"",hash: ""6dde439f8e5fa741a37f960810e6b1b8""})"
"(:VERTEX {memory address: ""7f08556f2000"",size: ""11000"",subtype: ""memory"",tgid: ""189893"",source: ""syscall"",type: ""Artifact"",version: ""150"",hash: ""d9b99b28aeb1f07487afa4cc08affd8b""})"
"(:VERTEX {memory address: ""7f08556f2000"",size: ""11000"",subtype: ""memory"",tgid: ""189893"",source: ""syscall"",type: ""Artifact"",version: ""151"",hash: ""b1aeeaae73f423d5312ab77a7f8a13b1""})"
"(:VERTEX {memory address: ""7f08556f2000"",size: ""11000"",subtype: ""memory"",tgid: ""189893"",source: ""syscall"",type: ""Artifact"",version: ""152"",hash: ""9de40b2cd7fb25eb328fdb2a0e0dbc1f""})"
"(:VERTEX {memory address: ""7f08556f2000"",size: ""11000"",subtype: ""memory"",tgid: ""189893"",source: ""syscall"",type: ""Artifact"",version: ""153"",hash: ""b748e77352ddaa493def50d0a1dd7875""})"
"(:VERTEX {memory address: ""7f08556f2000"",size: ""11000"",subtype: ""memory"",tgid: ""189893"",source: ""syscall"",type: ""Artifact"",version: ""154"",hash: ""12ef298707eca0a6875872213641cd4d""})"
"(:VERTEX {memory address: ""7f0857908000"",size: ""2000"",subtype: ""memory"",tgid: ""189893"",source: ""syscall"",type: ""Artifact"",version: ""8"",hash: ""19dbebf66eacc7587db629165b61f5b1""})"
"(:VERTEX {memory address: ""7f08578b2000"",size: ""7000"",subtype: ""memory"",tgid: ""189893"",source: ""syscall"",type: ""Artifact"",version: ""2"",hash: ""442fd3b4e34a373ab0e25f670c99c046""})"
"(:VERTEX {memory address: ""7f0857894000"",size: ""9000"",subtype: ""memory"",tgid: ""189893"",source: ""syscall"",type: ""Artifact"",version: ""2"",hash: ""28d0dda8680b68d038a71dac38efccf1""})"
"(:VERTEX {memory address: ""7f08556f2000"",size: ""11000"",subtype: ""memory"",tgid: ""189893"",source: ""syscall"",type: ""Artifact"",version: ""155"",hash: ""37d2f731565b707b69fd62a93127e467""})"
"(:VERTEX {memory address: ""7eff8ff69000"",size: ""2000"",subtype: ""memory"",tgid: ""189122"",source: ""syscall"",type: ""Artifact"",version: ""40"",hash: ""3ce93f34ee3acab2768b60376ab12a72""})"
"(:VERTEX {memory address: ""7eff8ff69000"",size: ""2000"",subtype: ""memory"",tgid: ""189122"",source: ""syscall"",type: ""Artifact"",version: ""41"",hash: ""407220a34daa4bc03f5c8ce1ba5bcfe0""})"
"(:VERTEX {memory address: ""7f085772b000"",size: ""9000"",subtype: ""memory"",tgid: ""189893"",source: ""syscall"",type: ""Artifact"",version: ""18"",hash: ""32c523ab2376c9874088b7ff88848cef""})"
"(:VERTEX {memory address: ""7f08556fa000"",size: ""9000"",subtype: ""memory"",tgid: ""189893"",source: ""syscall"",type: ""Artifact"",version: ""8"",hash: ""4d03660aac6342fd7a44b05c8d816e2e""})"
"(:VERTEX {memory address: ""7f08556f1000"",size: ""9000"",subtype: ""memory"",tgid: ""189893"",source: ""syscall"",type: ""Artifact"",version: ""11"",hash: ""ba9075a775c23af9fa1a237577df14c5""})"
"(:VERTEX {memory address: ""7f08556e8000"",size: ""9000"",subtype: ""memory"",tgid: ""189893"",source: ""syscall"",type: ""Artifact"",version: ""12"",hash: ""a2e3bd6ad704d8c6f437a52dafa91c70""})"
"(:VERTEX {memory address: ""7f08556df000"",size: ""9000"",subtype: ""memory"",tgid: ""189893"",source: ""syscall"",type: ""Artifact"",version: ""4"",hash: ""5dd17b41bce11f3e4a535a752cdea9ec""})"
"(:VERTEX {memory address: ""7f0857818000"",size: ""7000"",subtype: ""memory"",tgid: ""189893"",source: ""syscall"",type: ""Artifact"",version: ""1"",hash: ""fe965822270dbacd408a53d5af0b687c""})"
"(:VERTEX {memory address: ""7f08556f1000"",size: ""9000"",subtype: ""memory"",tgid: ""189893"",source: ""syscall"",type: ""Artifact"",version: ""12"",hash: ""fc0d2694001496dfc5424a6b12cb2d01""})"
"(:VERTEX {memory address: ""7f08556d6000"",size: ""9000"",subtype: ""memory"",tgid: ""189893"",source: ""syscall"",type: ""Artifact"",version: ""4"",hash: ""ef3a2a27c8b34e104ceafc487b09dc40""})"
"(:VERTEX {memory address: ""7f08556c6000"",size: ""10000"",subtype: ""memory"",tgid: ""189893"",source: ""syscall"",type: ""Artifact"",version: ""1"",hash: ""087f64b2ed45eb2a426524296a9c4ff8""})"
"(:VERTEX {memory address: ""7f08556cd000"",size: ""9000"",subtype: ""memory"",tgid: ""189893"",source: ""syscall"",type: ""Artifact"",version: ""4"",hash: ""2bc6a6b43e2b7a313acecef7876927f4""})"
"(:VERTEX {memory address: ""7f08556bd000"",size: ""10000"",subtype: ""memory"",tgid: ""189893"",source: ""syscall"",type: ""Artifact"",version: ""1"",hash: ""e1b4da726d6a125d371e91e3e46c6d9f""})"
"(:VERTEX {memory address: ""7f08556f1000"",size: ""9000"",subtype: ""memory"",tgid: ""189893"",source: ""syscall"",type: ""Artifact"",version: ""13"",hash: ""154e880cde4e7f52b222f2f538ca0cdd""})"
"(:VERTEX {memory address: ""7f08578af000"",size: ""3000"",subtype: ""memory"",tgid: ""189893"",source: ""syscall"",type: ""Artifact"",version: ""0"",hash: ""f949d4390b97e2df75ae732b0837d29d""})"
"(:VERTEX {memory address: ""7f0857819000"",size: ""6000"",subtype: ""memory"",tgid: ""189893"",source: ""syscall"",type: ""Artifact"",version: ""2"",hash: ""31c8a4716f5b444e967962089bb25bc3""})"
"(:VERTEX {memory address: ""7f08556f1000"",size: ""9000"",subtype: ""memory"",tgid: ""189893"",source: ""syscall"",type: ""Artifact"",version: ""14"",hash: ""d5a2449f7f439559328123984f77d083""})"
"(:VERTEX {memory address: ""7f08556cf000"",size: ""10000"",subtype: ""memory"",tgid: ""189893"",source: ""syscall"",type: ""Artifact"",version: ""0"",hash: ""5eb9f4b05b07907da5f568f6cbfe1fd4""})"
"(:VERTEX {memory address: ""7f08556cf000"",size: ""10000"",subtype: ""memory"",tgid: ""189893"",source: ""syscall"",type: ""Artifact"",version: ""1"",hash: ""8f76f8a60d9dce4353c0a09207665f3f""})"
"(:VERTEX {memory address: ""7f08556c6000"",size: ""9000"",subtype: ""memory"",tgid: ""189893"",source: ""syscall"",type: ""Artifact"",version: ""1"",hash: ""91a2acb4618bc138b7d2cb5a05053828""})"
"(:VERTEX {memory address: ""7eff8ff69000"",size: ""2000"",subtype: ""memory"",tgid: ""189122"",source: ""syscall"",type: ""Artifact"",version: ""42"",hash: ""693dbfa63214633cad3e2140435a70a8""})"
"(:VERTEX {memory address: ""7f08556bd000"",size: ""9000"",subtype: ""memory"",tgid: ""189893"",source: ""syscall"",type: ""Artifact"",version: ""1"",hash: ""c77bea49c048f76e46e42d7874a82898""})"
"(:VERTEX {memory address: ""7eff8ff69000"",size: ""2000"",subtype: ""memory"",tgid: ""189122"",source: ""syscall"",type: ""Artifact"",version: ""43"",hash: ""f5f1828585479429296e6668cc13e5f8""})"
"(:VERTEX {memory address: ""7f08556b4000"",size: ""9000"",subtype: ""memory"",tgid: ""189893"",source: ""syscall"",type: ""Artifact"",version: ""1"",hash: ""70e5fca5e68cddb36168e07c89933429""})"
"(:VERTEX {memory address: ""7f08556cf000"",size: ""10000"",subtype: ""memory"",tgid: ""189893"",source: ""syscall"",type: ""Artifact"",version: ""2"",hash: ""96c8bb2fa38cccaf6fcad683f52e6a5c""})"
"(:VERTEX {memory address: ""7f0857818000"",size: ""7000"",subtype: ""memory"",tgid: ""189893"",source: ""syscall"",type: ""Artifact"",version: ""2"",hash: ""7386df9b387e434b21e1af752ffa9bb5""})"
"(:VERTEX {memory address: ""7f08556cf000"",size: ""10000"",subtype: ""memory"",tgid: ""189893"",source: ""syscall"",type: ""Artifact"",version: ""3"",hash: ""08dcbe8b2503222bafad935894d02061""})"
"(:VERTEX {memory address: ""7f08556cf000"",size: ""10000"",subtype: ""memory"",tgid: ""189893"",source: ""syscall"",type: ""Artifact"",version: ""4"",hash: ""c817896373eec909b43cf5a01a44b4fa""})"
"(:VERTEX {memory address: ""7f08556c6000"",size: ""9000"",subtype: ""memory"",tgid: ""189893"",source: ""syscall"",type: ""Artifact"",version: ""2"",hash: ""001f77a821f8609631a03bf3b8189ab0""})"
"(:VERTEX {memory address: ""7f08556bd000"",size: ""9000"",subtype: ""memory"",tgid: ""189893"",source: ""syscall"",type: ""Artifact"",version: ""2"",hash: ""0fd6a5ac763a3e6e3cde0c323963dad6""})"
"(:VERTEX {memory address: ""7f08556cf000"",size: ""10000"",subtype: ""memory"",tgid: ""189893"",source: ""syscall"",type: ""Artifact"",version: ""5"",hash: ""05845ca6ff4935210ffc2ddaf84b4968""})"
"(:VERTEX {memory address: ""7f08556cf000"",size: ""10000"",subtype: ""memory"",tgid: ""189893"",source: ""syscall"",type: ""Artifact"",version: ""6"",hash: ""b7c84e58b9948e23d4b0e412984f3ecd""})"
"(:VERTEX {memory address: ""7f08556cf000"",size: ""10000"",subtype: ""memory"",tgid: ""189893"",source: ""syscall"",type: ""Artifact"",version: ""7"",hash: ""b4647fa4ce98e568cedc71d468797869""})"
"(:VERTEX {memory address: ""7f08556cf000"",size: ""10000"",subtype: ""memory"",tgid: ""189893"",source: ""syscall"",type: ""Artifact"",version: ""8"",hash: ""31b513a79fd64b44387287d106ce5f56""})"
"(:VERTEX {memory address: ""7f0857818000"",size: ""7000"",subtype: ""memory"",tgid: ""189893"",source: ""syscall"",type: ""Artifact"",version: ""3"",hash: ""f67365e1a63d1f0b2095097dd41704d9""})"
"(:VERTEX {memory address: ""7f08556c6000"",size: ""9000"",subtype: ""memory"",tgid: ""189893"",source: ""syscall"",type: ""Artifact"",version: ""3"",hash: ""65aec10d909fb60727d7ee7c7b5a9cc2""})"
"(:VERTEX {memory address: ""7f08556bd000"",size: ""9000"",subtype: ""memory"",tgid: ""189893"",source: ""syscall"",type: ""Artifact"",version: ""3"",hash: ""a076a53ba965ed06c99588edd7447404""})"
"(:VERTEX {memory address: ""7f08556cf000"",size: ""10000"",subtype: ""memory"",tgid: ""189893"",source: ""syscall"",type: ""Artifact"",version: ""9"",hash: ""b07c972455a76cfca3bddb6d11f368ae""})"
"(:VERTEX {memory address: ""7f08556cf000"",size: ""10000"",subtype: ""memory"",tgid: ""189893"",source: ""syscall"",type: ""Artifact"",version: ""10"",hash: ""0a90d8ebf9ce01a48d1a72de48e0aa8a""})"
"(:VERTEX {memory address: ""7f0857819000"",size: ""6000"",subtype: ""memory"",tgid: ""189893"",source: ""syscall"",type: ""Artifact"",version: ""3"",hash: ""5679aa74f95544a56a7dd7ed99ae93f3""})"
"(:VERTEX {memory address: ""7f08556bd000"",size: ""9000"",subtype: ""memory"",tgid: ""189893"",source: ""syscall"",type: ""Artifact"",version: ""4"",hash: ""65d45e0c3b06c8a782ae21caaaf41d7c""})"
"(:VERTEX {memory address: ""7f08556ab000"",size: ""9000"",subtype: ""memory"",tgid: ""189893"",source: ""syscall"",type: ""Artifact"",version: ""1"",hash: ""bf1a158ea26264c560eb64fd2edd476f""})"
"(:VERTEX {memory address: ""7f085772b000"",size: ""9000"",subtype: ""memory"",tgid: ""189893"",source: ""syscall"",type: ""Artifact"",version: ""19"",hash: ""980434aa2a1894dc00bbb41d5ca6b4f5""})"
"(:VERTEX {memory address: ""7f08556f1000"",size: ""9000"",subtype: ""memory"",tgid: ""189893"",source: ""syscall"",type: ""Artifact"",version: ""15"",hash: ""82898c1223c95029b4608ce7535c0628""})"
"(:VERTEX {memory address: ""7f08556e8000"",size: ""9000"",subtype: ""memory"",tgid: ""189893"",source: ""syscall"",type: ""Artifact"",version: ""13"",hash: ""2fcfd0bde356752e4f3668b4dd3392dd""})"
"(:VERTEX {memory address: ""7f08556e8000"",size: ""9000"",subtype: ""memory"",tgid: ""189893"",source: ""syscall"",type: ""Artifact"",version: ""14"",hash: ""b28807c289dd0a72980c23c7087be58a""})"
"(:VERTEX {gid: ""1000"",euid: ""1000"",children pid namespace: ""-1"",pid: ""189078"",seen time: ""1690980756.566"",source: ""syscall"",type: ""Process"",net namespace: ""-1"",ipc namespace: ""-1"",ppid: ""59024"",pid namespace: ""-1"",uid: ""1000"",egid: ""1000"",exe: ""/app/cartservice"",mount namespace: ""-1"",name: "".NET ThreadPool"",hash: ""a5ceb8d91c9ed1d9e299c3de6358f4e4"",user namespace: ""-1""})"
"(:VERTEX {gid: ""0"",euid: ""999"",children pid namespace: ""-1"",pid: ""189209"",seen time: ""1690980756.962"",source: ""syscall"",type: ""Process"",net namespace: ""-1"",ipc namespace: ""-1"",ppid: ""2140"",pid namespace: ""-1"",cwd: ""/"",uid: ""999"",egid: ""0"",exe: ""/usr/bin/kube-controllers"",mount namespace: ""-1"",name: ""kube-controller"",hash: ""426e86809f307652a21fec589aa687c6"",user namespace: ""-1""})"
"(:VERTEX {memory address: ""7f08556f2000"",size: ""11000"",subtype: ""memory"",tgid: ""189893"",source: ""syscall"",type: ""Artifact"",version: ""156"",hash: ""01c611501ab6eac5020083e3f7b6c86b""})"
"(:VERTEX {memory address: ""7f08556f2000"",size: ""11000"",subtype: ""memory"",tgid: ""189893"",source: ""syscall"",type: ""Artifact"",version: ""157"",hash: ""1fa37a4b96dce5cb4b736d5a8b73e7e6""})"
"(:VERTEX {memory address: ""7f08556f2000"",size: ""11000"",subtype: ""memory"",tgid: ""189893"",source: ""syscall"",type: ""Artifact"",version: ""158"",hash: ""9f409f2e3ab42e0a1908e65bb3804f4a""})"
"(:VERTEX {memory address: ""7f08556f2000"",size: ""11000"",subtype: ""memory"",tgid: ""189893"",source: ""syscall"",type: ""Artifact"",version: ""159"",hash: ""349ca39e733122bdc90b066ebd8c5593""})"
"(:VERTEX {memory address: ""7f08556f2000"",size: ""11000"",subtype: ""memory"",tgid: ""189893"",source: ""syscall"",type: ""Artifact"",version: ""160"",hash: ""25dc35bd9973c5118e9e86de9b5eedba""})"
"(:VERTEX {memory address: ""7f08556f2000"",size: ""11000"",subtype: ""memory"",tgid: ""189893"",source: ""syscall"",type: ""Artifact"",version: ""161"",hash: ""cf14b4df3d2fdafaae3e656b8e380bdd""})"
"(:VERTEX {memory address: ""7f08556f2000"",size: ""11000"",subtype: ""memory"",tgid: ""189893"",source: ""syscall"",type: ""Artifact"",version: ""162"",hash: ""e543258faf45999eaa6b09a0919e306e""})"
"(:VERTEX {memory address: ""7f08556f2000"",size: ""11000"",subtype: ""memory"",tgid: ""189893"",source: ""syscall"",type: ""Artifact"",version: ""163"",hash: ""35106f9224193c9d1a6203622cb46f27""})"
"(:VERTEX {memory address: ""7f08556f2000"",size: ""11000"",subtype: ""memory"",tgid: ""189893"",source: ""syscall"",type: ""Artifact"",version: ""164"",hash: ""360e33494c84de788c265a97b8eb06d3""})"
"(:VERTEX {memory address: ""7f08556f2000"",size: ""11000"",subtype: ""memory"",tgid: ""189893"",source: ""syscall"",type: ""Artifact"",version: ""165"",hash: ""3885cfb3de9fc91844b0b01a1203856b""})"
"(:VERTEX {memory address: ""7f08556f2000"",size: ""11000"",subtype: ""memory"",tgid: ""189893"",source: ""syscall"",type: ""Artifact"",version: ""166"",hash: ""1ddc69b0c084ee97afcea768cc090eb3""})"
"(:VERTEX {memory address: ""7f08556f2000"",size: ""11000"",subtype: ""memory"",tgid: ""189893"",source: ""syscall"",type: ""Artifact"",version: ""167"",hash: ""e9fa6a27e054f55310111e27cf7489dc""})"
"(:VERTEX {memory address: ""7f08556f2000"",size: ""11000"",subtype: ""memory"",tgid: ""189893"",source: ""syscall"",type: ""Artifact"",version: ""168"",hash: ""0df7687a3026960b5fc8e3f8c692c18e""})"
"(:VERTEX {memory address: ""7f08556f2000"",size: ""11000"",subtype: ""memory"",tgid: ""189893"",source: ""syscall"",type: ""Artifact"",version: ""169"",hash: ""47a3eb6b5472d9a55feac3b8c4ec2e25""})"
"(:VERTEX {memory address: ""7f08556f2000"",size: ""11000"",subtype: ""memory"",tgid: ""189893"",source: ""syscall"",type: ""Artifact"",version: ""170"",hash: ""b51c19a6e648fbcfda1afabd78086f73""})"
"(:VERTEX {remote port: ""53"",epoch: ""0"",source: ""syscall"",type: ""Artifact"",version: ""0"",local port: ""48473"",net namespace: ""-1"",local address: ""10.1.251.204"",protocol: ""udp"",subtype: ""network socket"",remote address: ""10.152.183.10"",hash: ""a128de493ea8e7a5e01a600d2ae17fdc""})"
"(:VERTEX {remote port: ""53"",epoch: ""0"",source: ""syscall"",type: ""Artifact"",version: ""0"",local port: ""38908"",net namespace: ""-1"",local address: ""10.1.251.204"",protocol: ""udp"",subtype: ""network socket"",remote address: ""10.152.183.10"",hash: ""dffb77ed298e3156ad64b944e1b139c3""})"
"(:VERTEX {memory address: ""7eff8ff69000"",size: ""2000"",subtype: ""memory"",tgid: ""189122"",source: ""syscall"",type: ""Artifact"",version: ""44"",hash: ""8dc84962edd5b7400f763d4027afa25a""})"
"(:VERTEX {memory address: ""7eff8ff69000"",size: ""2000"",subtype: ""memory"",tgid: ""189122"",source: ""syscall"",type: ""Artifact"",version: ""45"",hash: ""b1b754418fa6299c870c5c9220b07d45""})"
"(:VERTEX {memory address: ""7eff96487000"",size: ""10000"",subtype: ""memory"",tgid: ""189122"",source: ""syscall"",type: ""Artifact"",version: ""0"",hash: ""b49a6e7f3a534b4a70dc2b36a949f9ee""})"
"(:VERTEX {memory address: ""7eff8ff69000"",size: ""2000"",subtype: ""memory"",tgid: ""189122"",source: ""syscall"",type: ""Artifact"",version: ""46"",hash: ""0ce5f6e802a9dbb01890ed2788e63352""})"
"(:VERTEX {memory address: ""7f08556f2000"",size: ""11000"",subtype: ""memory"",tgid: ""189893"",source: ""syscall"",type: ""Artifact"",version: ""171"",hash: ""d093c3f48b75671ee8e8b5f521585f86""})"
"(:VERTEX {memory address: ""7f08556f2000"",size: ""11000"",subtype: ""memory"",tgid: ""189893"",source: ""syscall"",type: ""Artifact"",version: ""172"",hash: ""81b86a23ac9632e0e49fe4bc73a667c2""})"
"(:VERTEX {memory address: ""7f08556f2000"",size: ""11000"",subtype: ""memory"",tgid: ""189893"",source: ""syscall"",type: ""Artifact"",version: ""173"",hash: ""881dcc2733556d921193b5f9301d7c26""})"
"(:VERTEX {memory address: ""7f08556f2000"",size: ""11000"",subtype: ""memory"",tgid: ""189893"",source: ""syscall"",type: ""Artifact"",version: ""174"",hash: ""2f1504a203cfded6fb71c6db5e09681c""})"
"(:VERTEX {memory address: ""7f08556f2000"",size: ""11000"",subtype: ""memory"",tgid: ""189893"",source: ""syscall"",type: ""Artifact"",version: ""175"",hash: ""7035ea7b278a3e7873ca8b9f98dcca7c""})"
"(:VERTEX {memory address: ""7f08556f2000"",size: ""11000"",subtype: ""memory"",tgid: ""189893"",source: ""syscall"",type: ""Artifact"",version: ""176"",hash: ""e0bf9b297925e148b12588d679358c89""})"
"(:VERTEX {gid: ""1000"",euid: ""1000"",children pid namespace: ""-1"",pid: ""189078"",seen time: ""1690980758.384"",source: ""syscall"",type: ""Process"",net namespace: ""-1"",ipc namespace: ""-1"",ppid: ""59024"",pid namespace: ""-1"",uid: ""1000"",egid: ""1000"",exe: ""/app/cartservice"",mount namespace: ""-1"",name: "".NET ThreadPool"",hash: ""c4f44f48293f155e87180cb23b98068d"",user namespace: ""-1""})"
"(:VERTEX {memory address: ""7fa6cef9a000"",size: ""183000"",subtype: ""memory"",tgid: ""189078"",source: ""syscall"",type: ""Artifact"",version: ""0"",hash: ""5910954fb5bc0fa69b588698d389b3fe""})"
"(:VERTEX {memory address: ""7fa6cef9c000"",size: ""181000"",subtype: ""memory"",tgid: ""189078"",source: ""syscall"",type: ""Artifact"",version: ""0"",hash: ""724f4e49441cb91c8abcaecb201cb00d""})"
"(:VERTEX {gid: ""1000"",euid: ""1000"",children pid namespace: ""4026533552"",start time: ""1690980758.384"",ns pid: ""49"",pid: ""192992"",source: ""syscall"",type: ""Process"",net namespace: ""4026533266"",ipc namespace: ""4026533539"",ppid: ""189078"",pid namespace: ""4026533552"",uid: ""1000"",egid: ""1000"",exe: ""/app/cartservice"",mount namespace: ""4026533551"",name: "".NET ThreadPool"",hash: ""7b4f7e558fcead469260d5914bcccd26"",user namespace: ""4026531837""})"
"(:VERTEX {memory address: ""28056dec0000"",size: ""40000"",subtype: ""memory"",tgid: ""189893"",source: ""syscall"",type: ""Artifact"",version: ""2"",hash: ""ef4ae28bf3dd8ebe765bb6fbd517d12c""})"
"(:VERTEX {memory address: ""32aebee80000"",size: ""40000"",subtype: ""memory"",tgid: ""189893"",source: ""syscall"",type: ""Artifact"",version: ""2"",hash: ""71d3c998099e3bf56afb32935395e72d""})"
"(:VERTEX {memory address: ""3baf57e40000"",size: ""40000"",subtype: ""memory"",tgid: ""189893"",source: ""syscall"",type: ""Artifact"",version: ""2"",hash: ""68766fa6a6b914cd9b230144ef86f52b""})"
"(:VERTEX {memory address: ""198378b80000"",size: ""40000"",subtype: ""memory"",tgid: ""189893"",source: ""syscall"",type: ""Artifact"",version: ""2"",hash: ""26034150051a38e73144ceddb7621cc6""})"
"(:VERTEX {memory address: ""7fa6cfb52000"",size: ""4000"",subtype: ""memory"",tgid: ""189078"",source: ""syscall"",type: ""Artifact"",version: ""0"",hash: ""38b2817f4290970301148c32d2a77722""})"
"(:VERTEX {memory address: ""7fa6cfb52000"",size: ""1000"",subtype: ""memory"",tgid: ""189078"",source: ""syscall"",type: ""Artifact"",version: ""0"",hash: ""c324d34056d10b1b7996afdc44e2568a""})"
"(:VERTEX {path: ""/proc/189078/task/49/comm"",subtype: ""file"",permissions: ""0644"",epoch: ""0"",source: ""syscall"",type: ""Artifact"",version: ""0"",hash: ""d3e07138b8cd19ef5645249d322c23f0""})"
"(:VERTEX {memory address: ""7f0857907000"",size: ""3000"",subtype: ""memory"",tgid: ""189893"",source: ""syscall"",type: ""Artifact"",version: ""2"",hash: ""07a6e815ac64d2f46829eaa080601f19""})"
"(:VERTEX {memory address: ""7f08578eb000"",size: ""1000"",subtype: ""memory"",tgid: ""189893"",source: ""syscall"",type: ""Artifact"",version: ""2"",hash: ""31a71ae760989c6048a1d602f2ae7c9f""})"
"(:VERTEX {subtype: ""unnamed pipe"",tgid: ""189078"",epoch: ""0"",source: ""syscall"",read fd: ""196"",type: ""Artifact"",version: ""0"",hash: ""f0ab8eb73b99733dd1dcaafbef945f0a"",write fd: ""204""})"
"(:VERTEX {memory address: ""7f08578b5000"",size: ""4000"",subtype: ""memory"",tgid: ""189893"",source: ""syscall"",type: ""Artifact"",version: ""2"",hash: ""04d604f0e7804a102ad8b75b4b80b50b""})"
"(:VERTEX {memory address: ""7fa6cf8eb000"",size: ""11000"",subtype: ""memory"",tgid: ""189078"",source: ""syscall"",type: ""Artifact"",version: ""0"",hash: ""ccbf94f44e196de34b79867bf85fdee7""})"
"(:VERTEX {memory address: ""7f08578b1000"",size: ""4000"",subtype: ""memory"",tgid: ""189893"",source: ""syscall"",type: ""Artifact"",version: ""3"",hash: ""f02cf4b7e008eefad8d9b0a2ac569a06""})"
"(:VERTEX {memory address: ""3406f5a00000"",size: ""40000"",subtype: ""memory"",tgid: ""189893"",source: ""syscall"",type: ""Artifact"",version: ""2"",hash: ""f6d34b049b64043a4ced0e1f5537f368""})"
"(:VERTEX {memory address: ""332ff05c0000"",size: ""40000"",subtype: ""memory"",tgid: ""189893"",source: ""syscall"",type: ""Artifact"",version: ""2"",hash: ""807d522505b71bbfd4e111cf49976b5b""})"
"(:VERTEX {memory address: ""33a2d79c0000"",size: ""40000"",subtype: ""memory"",tgid: ""189893"",source: ""syscall"",type: ""Artifact"",version: ""2"",hash: ""11760a4d0fd1599494b5de1a6df344f5""})"
"(:VERTEX {memory address: ""f46fd9c0000"",size: ""40000"",subtype: ""memory"",tgid: ""189893"",source: ""syscall"",type: ""Artifact"",version: ""2"",hash: ""e7afcb2183bb3d1bb0eb564b5630e8d1""})"
"(:VERTEX {memory address: ""7f0857908000"",size: ""2000"",subtype: ""memory"",tgid: ""189893"",source: ""syscall"",type: ""Artifact"",version: ""9"",hash: ""74ea9c382ece51620b2566c21258598f""})"
"(:VERTEX {memory address: ""7fa6cf8da000"",size: ""11000"",subtype: ""memory"",tgid: ""189078"",source: ""syscall"",type: ""Artifact"",version: ""0"",hash: ""5cd77a17111a35e1611933d87cb3d4e9""})"
"(:VERTEX {memory address: ""7f08578b2000"",size: ""7000"",subtype: ""memory"",tgid: ""189893"",source: ""syscall"",type: ""Artifact"",version: ""3"",hash: ""ac9b74c507d5a25856efc7d330c4eead""})"
"(:VERTEX {memory address: ""7f0857894000"",size: ""9000"",subtype: ""memory"",tgid: ""189893"",source: ""syscall"",type: ""Artifact"",version: ""3"",hash: ""ffa2fda2e4e98ba7a6f6b97bf21880d2""})"
"(:VERTEX {memory address: ""7f08556f2000"",size: ""11000"",subtype: ""memory"",tgid: ""189893"",source: ""syscall"",type: ""Artifact"",version: ""177"",hash: ""3fe46b5902aa592de50806c5b57d321e""})"
"(:VERTEX {memory address: ""56123de3c000"",size: ""1000"",subtype: ""memory"",tgid: ""189078"",source: ""syscall"",type: ""Artifact"",version: ""0"",hash: ""6e72a4625029fb92e71b62018f07bc85""})"
"(:VERTEX {memory address: ""7fa6cfb4a000"",size: ""2000"",subtype: ""memory"",tgid: ""189078"",source: ""syscall"",type: ""Artifact"",version: ""0"",hash: ""51d70f964b0b5cf2e9c2879d3975ce72""})"
"(:VERTEX {subtype: ""unknown"",tgid: ""189078"",epoch: ""0"",source: ""syscall"",type: ""Artifact"",version: ""0"",hash: ""5b03b92981eeadfbe73821828a258780"",fd: ""8""})"
"(:VERTEX {memory address: ""7fa6cf7c8000"",size: ""11000"",subtype: ""memory"",tgid: ""189078"",source: ""syscall"",type: ""Artifact"",version: ""0"",hash: ""29be59ef1d0b80bf4c667aca932bbca3""})"
"(:VERTEX {memory address: ""7f08578ea000"",size: ""2000"",subtype: ""memory"",tgid: ""189893"",source: ""syscall"",type: ""Artifact"",version: ""1"",hash: ""095171bfa7640822997a1a82ca236fbf""})"
"(:VERTEX {memory address: ""7f08556f2000"",size: ""11000"",subtype: ""memory"",tgid: ""189893"",source: ""syscall"",type: ""Artifact"",version: ""178"",hash: ""d97a414b0101995a5c8a02635155192d""})"
"(:VERTEX {memory address: ""7f085772b000"",size: ""9000"",subtype: ""memory"",tgid: ""189893"",source: ""syscall"",type: ""Artifact"",version: ""20"",hash: ""6cb5e00dc41944ba67774111ece9add4""})"
"(:VERTEX {memory address: ""7f08556fa000"",size: ""9000"",subtype: ""memory"",tgid: ""189893"",source: ""syscall"",type: ""Artifact"",version: ""9"",hash: ""e20ff2a9a640f0c32e10a70ce40a603d""})"
"(:VERTEX {memory address: ""7f08556ea000"",size: ""10000"",subtype: ""memory"",tgid: ""189893"",source: ""syscall"",type: ""Artifact"",version: ""27"",hash: ""14b0373e693a5313e46e305852da4af0""})"
"(:VERTEX {memory address: ""7f08556ea000"",size: ""10000"",subtype: ""memory"",tgid: ""189893"",source: ""syscall"",type: ""Artifact"",version: ""28"",hash: ""21d4905a8942baf183abbe9129cbf03e""})"
"(:VERTEX {memory address: ""7f08556e1000"",size: ""9000"",subtype: ""memory"",tgid: ""189893"",source: ""syscall"",type: ""Artifact"",version: ""5"",hash: ""e9aae2a61cb1cb0bbe99076b0c84c193""})"
"(:VERTEX {memory address: ""7f08556ea000"",size: ""10000"",subtype: ""memory"",tgid: ""189893"",source: ""syscall"",type: ""Artifact"",version: ""29"",hash: ""8cccf965f09f14206e449983871b0704""})"
"(:VERTEX {memory address: ""7f0857819000"",size: ""6000"",subtype: ""memory"",tgid: ""189893"",source: ""syscall"",type: ""Artifact"",version: ""4"",hash: ""1fba69ea205efeb860592548dc591812""})"
"(:VERTEX {memory address: ""7f08556ea000"",size: ""10000"",subtype: ""memory"",tgid: ""189893"",source: ""syscall"",type: ""Artifact"",version: ""30"",hash: ""3825c2ab3df6e4b9bbf2bb41b3217141""})"
"(:VERTEX {memory address: ""7f08556ea000"",size: ""10000"",subtype: ""memory"",tgid: ""189893"",source: ""syscall"",type: ""Artifact"",version: ""31"",hash: ""767b8bda43aa4c52a2e5caac14c3a1ec""})"
"(:VERTEX {memory address: ""7f08556d8000"",size: ""9000"",subtype: ""memory"",tgid: ""189893"",source: ""syscall"",type: ""Artifact"",version: ""3"",hash: ""257a5730f59eb4e3d99d802ff7313710""})"
"(:VERTEX {memory address: ""7f08556ea000"",size: ""10000"",subtype: ""memory"",tgid: ""189893"",source: ""syscall"",type: ""Artifact"",version: ""32"",hash: ""4e60bea2e4f3d5d3e16f02cb30545fdb""})"
"(:VERTEX {memory address: ""7f08556ea000"",size: ""10000"",subtype: ""memory"",tgid: ""189893"",source: ""syscall"",type: ""Artifact"",version: ""33"",hash: ""d822b03cf7a0f52ef6ae1e96cdeb70ff""})"
"(:VERTEX {memory address: ""7f08556ea000"",size: ""10000"",subtype: ""memory"",tgid: ""189893"",source: ""syscall"",type: ""Artifact"",version: ""34"",hash: ""15261483e0a1a31fca689298569f7421""})"
"(:VERTEX {memory address: ""7f08556f1000"",size: ""9000"",subtype: ""memory"",tgid: ""189893"",source: ""syscall"",type: ""Artifact"",version: ""16"",hash: ""b1f8423efb2d782e0db5fe0febb1dc4f""})"
"(:VERTEX {memory address: ""7f08556d1000"",size: ""10000"",subtype: ""memory"",tgid: ""189893"",source: ""syscall"",type: ""Artifact"",version: ""0"",hash: ""8835030daebc6bd8405412ce11fce21d""})"
"(:VERTEX {memory address: ""7f08556d1000"",size: ""10000"",subtype: ""memory"",tgid: ""189893"",source: ""syscall"",type: ""Artifact"",version: ""1"",hash: ""d5d26dd7a835d440728fd9e0c865ed59""})"
"(:VERTEX {memory address: ""7f08556d1000"",size: ""10000"",subtype: ""memory"",tgid: ""189893"",source: ""syscall"",type: ""Artifact"",version: ""2"",hash: ""dcd0775d52007357ba6338cc3fc3f8e5""})"
"(:VERTEX {memory address: ""7f08556c0000"",size: ""11000"",subtype: ""memory"",tgid: ""189893"",source: ""syscall"",type: ""Artifact"",version: ""0"",hash: ""12487c71d66e5dd9f1cbbc76c85862a3""})"
"(:VERTEX {memory address: ""7f08556c0000"",size: ""11000"",subtype: ""memory"",tgid: ""189893"",source: ""syscall"",type: ""Artifact"",version: ""1"",hash: ""af33c08e6b750c01d2cdb364b822d203""})"
"(:VERTEX {memory address: ""7f08556c0000"",size: ""11000"",subtype: ""memory"",tgid: ""189893"",source: ""syscall"",type: ""Artifact"",version: ""2"",hash: ""400e5d737ea6f7c79c535e77ba9fcc30""})"
"(:VERTEX {memory address: ""7f08556c8000"",size: ""9000"",subtype: ""memory"",tgid: ""189893"",source: ""syscall"",type: ""Artifact"",version: ""0"",hash: ""08608b9c9c7a39d1203845efc7a3a586""})"
"(:VERTEX {memory address: ""7f085772b000"",size: ""9000"",subtype: ""memory"",tgid: ""189893"",source: ""syscall"",type: ""Artifact"",version: ""21"",hash: ""e457b9716627717d5813aba8c1ce4928""})"
"(:VERTEX {memory address: ""7f08556f1000"",size: ""9000"",subtype: ""memory"",tgid: ""189893"",source: ""syscall"",type: ""Artifact"",version: ""17"",hash: ""82ce3611eca74d42aa816ecfb6e15eee""})"
"(:VERTEX {memory address: ""7f08556e8000"",size: ""9000"",subtype: ""memory"",tgid: ""189893"",source: ""syscall"",type: ""Artifact"",version: ""15"",hash: ""055a30c8c9c6e2661a722962849ea096""})"
"(:VERTEX {memory address: ""7f08556e9000"",size: ""11000"",subtype: ""memory"",tgid: ""189893"",source: ""syscall"",type: ""Artifact"",version: ""3"",hash: ""27e54031fe0abc8185e8639a93463dd3""})"
"(:VERTEX {memory address: ""7f08556e9000"",size: ""11000"",subtype: ""memory"",tgid: ""189893"",source: ""syscall"",type: ""Artifact"",version: ""4"",hash: ""124598bb8ac502744a495abf67de3c5c""})"
"(:VERTEX {memory address: ""7f08578ea000"",size: ""2000"",subtype: ""memory"",tgid: ""189893"",source: ""syscall"",type: ""Artifact"",version: ""2"",hash: ""850cde1cb0f4ed024f8de744b77a0d00""})"
"(:VERTEX {memory address: ""7f08578b0000"",size: ""2000"",subtype: ""memory"",tgid: ""189893"",source: ""syscall"",type: ""Artifact"",version: ""0"",hash: ""68b5a3fcc2513548bf7e67ad6c8e809e""})"
"(:VERTEX {memory address: ""7f085772b000"",size: ""9000"",subtype: ""memory"",tgid: ""189893"",source: ""syscall"",type: ""Artifact"",version: ""22"",hash: ""1e89ce7b92c338eb608a400d00631226""})"
"(:VERTEX {memory address: ""7f08578ae000"",size: ""2000"",subtype: ""memory"",tgid: ""189893"",source: ""syscall"",type: ""Artifact"",version: ""0"",hash: ""9be879fcdf6845ff255a91cf64297680""})"
"(:VERTEX {memory address: ""7f08556f1000"",size: ""9000"",subtype: ""memory"",tgid: ""189893"",source: ""syscall"",type: ""Artifact"",version: ""18"",hash: ""80265fb949d960f8a6e09eb64634bab1""})"
"(:VERTEX {memory address: ""7f0857892000"",size: ""2000"",subtype: ""memory"",tgid: ""189893"",source: ""syscall"",type: ""Artifact"",version: ""0"",hash: ""efe7123a1865ce7e498cf78175a9fc88""})"
"(:VERTEX {memory address: ""7f08556e1000"",size: ""10000"",subtype: ""memory"",tgid: ""189893"",source: ""syscall"",type: ""Artifact"",version: ""8"",hash: ""00d23a7a2e0afeb20c4e4fba210460bb""})"
"(:VERTEX {memory address: ""7f08556bf000"",size: ""9000"",subtype: ""memory"",tgid: ""189893"",source: ""syscall"",type: ""Artifact"",version: ""0"",hash: ""21664145c6ecb5226a442bb5532b697b""})"
"(:VERTEX {memory address: ""7f08556b6000"",size: ""9000"",subtype: ""memory"",tgid: ""189893"",source: ""syscall"",type: ""Artifact"",version: ""0"",hash: ""4f66466d34e8e147fe682016d1121115""})"
"(:VERTEX {memory address: ""7f08556c8000"",size: ""9000"",subtype: ""memory"",tgid: ""189893"",source: ""syscall"",type: ""Artifact"",version: ""1"",hash: ""bdd197f941056cea335c70625030ff7d""})"
"(:VERTEX {memory address: ""7f08556ad000"",size: ""9000"",subtype: ""memory"",tgid: ""189893"",source: ""syscall"",type: ""Artifact"",version: ""0"",hash: ""98b5ca9593fefce568a5d62118dadbe4""})"
"(:VERTEX {memory address: ""7f08556a4000"",size: ""9000"",subtype: ""memory"",tgid: ""189893"",source: ""syscall"",type: ""Artifact"",version: ""0"",hash: ""1b771647ab95fd2c49697e343e710f78""})"
"(:VERTEX {memory address: ""7f085569b000"",size: ""9000"",subtype: ""memory"",tgid: ""189893"",source: ""syscall"",type: ""Artifact"",version: ""0"",hash: ""96e627fa45c8a5ad324859976d90e47f""})"
"(:VERTEX {memory address: ""7f0855692000"",size: ""9000"",subtype: ""memory"",tgid: ""189893"",source: ""syscall"",type: ""Artifact"",version: ""0"",hash: ""77a7e4cfe88b09065effd9c170ce0696""})"
"(:VERTEX {memory address: ""7f0855689000"",size: ""9000"",subtype: ""memory"",tgid: ""189893"",source: ""syscall"",type: ""Artifact"",version: ""0"",hash: ""060657ad01d35f688bde171c5a51aad3""})"
"(:VERTEX {memory address: ""7f0855680000"",size: ""9000"",subtype: ""memory"",tgid: ""189893"",source: ""syscall"",type: ""Artifact"",version: ""0"",hash: ""526ca2c667cf6056362bd84bf455d93f""})"
"(:VERTEX {memory address: ""7f085566f000"",size: ""11000"",subtype: ""memory"",tgid: ""189893"",source: ""syscall"",type: ""Artifact"",version: ""0"",hash: ""267b73d15eeac3bae79a727ed49ba272""})"
"(:VERTEX {memory address: ""7f0855677000"",size: ""9000"",subtype: ""memory"",tgid: ""189893"",source: ""syscall"",type: ""Artifact"",version: ""0"",hash: ""c8015087b9cc223f4d9274dd1e6bb9fc""})"
"(:VERTEX {memory address: ""7f0857894000"",size: ""9000"",subtype: ""memory"",tgid: ""189893"",source: ""syscall"",type: ""Artifact"",version: ""4"",hash: ""7bf4fc41aeebcae8305cf4eb4bf8d4a4""})"
"(:VERTEX {memory address: ""7f08556fa000"",size: ""9000"",subtype: ""memory"",tgid: ""189893"",source: ""syscall"",type: ""Artifact"",version: ""10"",hash: ""7371f4c546416a47b4bda2dd07aaa0b8""})"
"(:VERTEX {memory address: ""7f0857908000"",size: ""2000"",subtype: ""memory"",tgid: ""189893"",source: ""syscall"",type: ""Artifact"",version: ""10"",hash: ""9ee5614ee355c1efe39858152c366f6e""})"
"(:VERTEX {memory address: ""7f0855669000"",size: ""e000"",subtype: ""memory"",tgid: ""189893"",source: ""syscall"",type: ""Artifact"",version: ""0"",hash: ""93d879841ddd37e1b8b60b7e0ddf375e""})"
"(:VERTEX {memory address: ""7f0855660000"",size: ""9000"",subtype: ""memory"",tgid: ""189893"",source: ""syscall"",type: ""Artifact"",version: ""0"",hash: ""89195ca8901b2aa570b1965506907d5f""})"
"(:VERTEX {memory address: ""7f085781b000"",size: ""4000"",subtype: ""memory"",tgid: ""189893"",source: ""syscall"",type: ""Artifact"",version: ""0"",hash: ""27a4073a7805c64a15db14dd976b81c0""})"
"(:VERTEX {memory address: ""7f0855650000"",size: ""10000"",subtype: ""memory"",tgid: ""189893"",source: ""syscall"",type: ""Artifact"",version: ""0"",hash: ""4f720932176f8c91365226ab7cceeeae""})"
"(:VERTEX {memory address: ""7f0855647000"",size: ""9000"",subtype: ""memory"",tgid: ""189893"",source: ""syscall"",type: ""Artifact"",version: ""0"",hash: ""dcab0c5b940eadad47ad834ec776f878""})"
"(:VERTEX {memory address: ""7f085563e000"",size: ""9000"",subtype: ""memory"",tgid: ""189893"",source: ""syscall"",type: ""Artifact"",version: ""0"",hash: ""65d34b52cbf4e5da45513056c9953428""})"
"(:VERTEX {memory address: ""7f0855635000"",size: ""9000"",subtype: ""memory"",tgid: ""189893"",source: ""syscall"",type: ""Artifact"",version: ""0"",hash: ""f828529269a6f1c050c5d57ec5e35a7d""})"
"(:VERTEX {memory address: ""7f085562c000"",size: ""9000"",subtype: ""memory"",tgid: ""189893"",source: ""syscall"",type: ""Artifact"",version: ""0"",hash: ""91807abcac444a5c08ea54c31ffcf861""})"
"(:VERTEX {memory address: ""7f0855623000"",size: ""9000"",subtype: ""memory"",tgid: ""189893"",source: ""syscall"",type: ""Artifact"",version: ""0"",hash: ""e6c2cf880e160a731024da1be82aca40""})"
"(:VERTEX {memory address: ""7f085561a000"",size: ""9000"",subtype: ""memory"",tgid: ""189893"",source: ""syscall"",type: ""Artifact"",version: ""0"",hash: ""587770eea2b02d3dab03021cd2b9999a""})"
"(:VERTEX {memory address: ""7f0855611000"",size: ""9000"",subtype: ""memory"",tgid: ""189893"",source: ""syscall"",type: ""Artifact"",version: ""1"",hash: ""dfda13d8116417124f3654a32b03e899""})"
"(:VERTEX {memory address: ""7f0855608000"",size: ""9000"",subtype: ""memory"",tgid: ""189893"",source: ""syscall"",type: ""Artifact"",version: ""0"",hash: ""9796b3ec744f105f76fa099681b336dd""})"
"(:VERTEX {memory address: ""7f08556a6000"",size: ""7000"",subtype: ""memory"",tgid: ""189893"",source: ""syscall"",type: ""Artifact"",version: ""0"",hash: ""3bccc9fef8601cce0aa6fd4b7324a464""})"
"(:VERTEX {memory address: ""7f0855677000"",size: ""9000"",subtype: ""memory"",tgid: ""189893"",source: ""syscall"",type: ""Artifact"",version: ""1"",hash: ""549b75ae54e949c26aefd45543b946fe""})"
"(:VERTEX {memory address: ""7f08556a4000"",size: ""9000"",subtype: ""memory"",tgid: ""189893"",source: ""syscall"",type: ""Artifact"",version: ""1"",hash: ""3774ee58c780a8ad2309f9353f922473""})"
"(:VERTEX {memory address: ""7f0855635000"",size: ""9000"",subtype: ""memory"",tgid: ""189893"",source: ""syscall"",type: ""Artifact"",version: ""1"",hash: ""17f13a90b67c170a66794496d7813e86""})"
"(:VERTEX {memory address: ""7f0855611000"",size: ""9000"",subtype: ""memory"",tgid: ""189893"",source: ""syscall"",type: ""Artifact"",version: ""2"",hash: ""12ecdf55b14988efec026a2d633563cb""})"
"(:VERTEX {memory address: ""7f08555fa000"",size: ""e000"",subtype: ""memory"",tgid: ""189893"",source: ""syscall"",type: ""Artifact"",version: ""0"",hash: ""0456a078cbff7376dca55ecdc36ef65d""})"
"(:VERTEX {memory address: ""7f08556a4000"",size: ""9000"",subtype: ""memory"",tgid: ""189893"",source: ""syscall"",type: ""Artifact"",version: ""2"",hash: ""2736e03bb2a6c92164fb984bebc243b4""})"
"(:VERTEX {memory address: ""7f0855635000"",size: ""9000"",subtype: ""memory"",tgid: ""189893"",source: ""syscall"",type: ""Artifact"",version: ""2"",hash: ""375c5d7f9ed92dbec66049ab9da2e61b""})"
"(:VERTEX {memory address: ""7f08555f1000"",size: ""9000"",subtype: ""memory"",tgid: ""189893"",source: ""syscall"",type: ""Artifact"",version: ""0"",hash: ""6407c5607ca2ad522a88eedb18c6468b""})"
"(:VERTEX {memory address: ""7f08555e8000"",size: ""9000"",subtype: ""memory"",tgid: ""189893"",source: ""syscall"",type: ""Artifact"",version: ""0"",hash: ""9ba4cec13403858d5013256d3f745f12""})"
"(:VERTEX {memory address: ""7f08555df000"",size: ""9000"",subtype: ""memory"",tgid: ""189893"",source: ""syscall"",type: ""Artifact"",version: ""0"",hash: ""6a844ccde30d09f7e0fe0417b09d4810""})"
"(:VERTEX {memory address: ""7f08556a4000"",size: ""9000"",subtype: ""memory"",tgid: ""189893"",source: ""syscall"",type: ""Artifact"",version: ""3"",hash: ""e6a274776d348798ab0f5cea76269ad1""})"
"(:VERTEX {memory address: ""7f0855635000"",size: ""9000"",subtype: ""memory"",tgid: ""189893"",source: ""syscall"",type: ""Artifact"",version: ""3"",hash: ""93fca61c61f53ff21db5598beb185262""})"
"(:VERTEX {memory address: ""7f08556a5000"",size: ""8000"",subtype: ""memory"",tgid: ""189893"",source: ""syscall"",type: ""Artifact"",version: ""0"",hash: ""ba75a9fe1c0868d056bcd6c211f0123c""})"
"(:VERTEX {memory address: ""7f0855635000"",size: ""9000"",subtype: ""memory"",tgid: ""189893"",source: ""syscall"",type: ""Artifact"",version: ""4"",hash: ""de99bff93ee7da409b4e4ee5e45d3e55""})"
"(:VERTEX {memory address: ""7f0855635000"",size: ""9000"",subtype: ""memory"",tgid: ""189893"",source: ""syscall"",type: ""Artifact"",version: ""5"",hash: ""0e629d0c68de7ad9f4deb4637d1834db""})"
"(:VERTEX {memory address: ""7f08556a4000"",size: ""9000"",subtype: ""memory"",tgid: ""189893"",source: ""syscall"",type: ""Artifact"",version: ""4"",hash: ""44cb2299d48199ab9ec5a78450564653""})"
"(:VERTEX {memory address: ""7f0855601000"",size: ""7000"",subtype: ""memory"",tgid: ""189893"",source: ""syscall"",type: ""Artifact"",version: ""0"",hash: ""4fb9a3092430407867983fdb1fa58477""})"
"(:VERTEX {memory address: ""7f08555f8000"",size: ""9000"",subtype: ""memory"",tgid: ""189893"",source: ""syscall"",type: ""Artifact"",version: ""0"",hash: ""6a0c372f5ebd735c5b00e8c8420830d4""})"
"(:VERTEX {memory address: ""7f085788f000"",size: ""3000"",subtype: ""memory"",tgid: ""189893"",source: ""syscall"",type: ""Artifact"",version: ""0"",hash: ""7a5c13196ad97a98a79f5ff0f04577ba""})"
"(:VERTEX {memory address: ""7f0855602000"",size: ""6000"",subtype: ""memory"",tgid: ""189893"",source: ""syscall"",type: ""Artifact"",version: ""0"",hash: ""5d5be52af7deb9c8b146e64b0e834851""})"
"(:VERTEX {memory address: ""7f08555f9000"",size: ""9000"",subtype: ""memory"",tgid: ""189893"",source: ""syscall"",type: ""Artifact"",version: ""0"",hash: ""701cd452a8f50f720977b3a3770a89a8""})"
"(:VERTEX {memory address: ""7f08555f0000"",size: ""9000"",subtype: ""memory"",tgid: ""189893"",source: ""syscall"",type: ""Artifact"",version: ""0"",hash: ""fff73f131a5283a815d35ec95499fcd8""})"
"(:VERTEX {memory address: ""7f08555e7000"",size: ""9000"",subtype: ""memory"",tgid: ""189893"",source: ""syscall"",type: ""Artifact"",version: ""0"",hash: ""22ff01cf19e915100b84d357a99e1adb""})"
"(:VERTEX {memory address: ""7f08555de000"",size: ""9000"",subtype: ""memory"",tgid: ""189893"",source: ""syscall"",type: ""Artifact"",version: ""0"",hash: ""5995f2d90cebb813bd7138a5e0bc45a8""})"
"(:VERTEX {memory address: ""7f08555d5000"",size: ""9000"",subtype: ""memory"",tgid: ""189893"",source: ""syscall"",type: ""Artifact"",version: ""0"",hash: ""0f271751c8fda1870b834edda316d479""})"
"(:VERTEX {memory address: ""7f08555cc000"",size: ""9000"",subtype: ""memory"",tgid: ""189893"",source: ""syscall"",type: ""Artifact"",version: ""0"",hash: ""491e97f0d7a494248d2992e70f36f67e""})"
"(:VERTEX {memory address: ""7f08555f7000"",size: ""11000"",subtype: ""memory"",tgid: ""189893"",source: ""syscall"",type: ""Artifact"",version: ""0"",hash: ""91e7916a49fabd8b55c410cea0b7b0c3""})"
"(:VERTEX {memory address: ""7f08555ee000"",size: ""9000"",subtype: ""memory"",tgid: ""189893"",source: ""syscall"",type: ""Artifact"",version: ""0"",hash: ""42b4345e64c3f5e4ada6c2b27ad3c8e0""})"
"(:VERTEX {memory address: ""7f08555c3000"",size: ""9000"",subtype: ""memory"",tgid: ""189893"",source: ""syscall"",type: ""Artifact"",version: ""0"",hash: ""8de244e4010265c1d2a480baf5441212""})"
"(:VERTEX {memory address: ""7f08555ba000"",size: ""9000"",subtype: ""memory"",tgid: ""189893"",source: ""syscall"",type: ""Artifact"",version: ""0"",hash: ""b24b8949757c03e6c6834228ec0259a2""})"
"(:VERTEX {memory address: ""7f08555d5000"",size: ""9000"",subtype: ""memory"",tgid: ""189893"",source: ""syscall"",type: ""Artifact"",version: ""1"",hash: ""41a8368aff399016a4e433c9d07989be""})"
"(:VERTEX {memory address: ""7f08555b2000"",size: ""8000"",subtype: ""memory"",tgid: ""189893"",source: ""syscall"",type: ""Artifact"",version: ""0"",hash: ""cf805f976b4bb0e2b432a94ffb489545""})"
"(:VERTEX {memory address: ""7f08555b1000"",size: ""9000"",subtype: ""memory"",tgid: ""189893"",source: ""syscall"",type: ""Artifact"",version: ""0"",hash: ""dda4a0093edaad7aea5f3818344aa410""})"
"(:VERTEX {memory address: ""7f08555a8000"",size: ""9000"",subtype: ""memory"",tgid: ""189893"",source: ""syscall"",type: ""Artifact"",version: ""0"",hash: ""77039af59b0c86fdeb716a916160aaad""})"
"(:VERTEX {memory address: ""7f085559f000"",size: ""9000"",subtype: ""memory"",tgid: ""189893"",source: ""syscall"",type: ""Artifact"",version: ""0"",hash: ""aa742ee3293dfcbc72788de866df42c6""})"
"(:VERTEX {memory address: ""7f08555e8000"",size: ""6000"",subtype: ""memory"",tgid: ""189893"",source: ""syscall"",type: ""Artifact"",version: ""0"",hash: ""3ab9e7b3bb3ac318db32465882294647""})"
"(:VERTEX {memory address: ""7f08555b1000"",size: ""9000"",subtype: ""memory"",tgid: ""189893"",source: ""syscall"",type: ""Artifact"",version: ""1"",hash: ""74fe321f328f5779ce44fd49258cb196""})"
"(:VERTEX {memory address: ""7f08555a8000"",size: ""9000"",subtype: ""memory"",tgid: ""189893"",source: ""syscall"",type: ""Artifact"",version: ""1"",hash: ""e8a726f674ccd6e39757c868273c40e0""})"
"(:VERTEX {memory address: ""7f085780c000"",size: ""4000"",subtype: ""memory"",tgid: ""189893"",source: ""syscall"",type: ""Artifact"",version: ""0"",hash: ""5f138d959dc23a6ed7bd5cadd630d244""})"
"(:VERTEX {memory address: ""7f08555b3000"",size: ""7000"",subtype: ""memory"",tgid: ""189893"",source: ""syscall"",type: ""Artifact"",version: ""0"",hash: ""2db7cea463ad667f4fb13939bb7b47ec""})"
"(:VERTEX {memory address: ""7f08555b1000"",size: ""9000"",subtype: ""memory"",tgid: ""189893"",source: ""syscall"",type: ""Artifact"",version: ""2"",hash: ""625a4f0dfe6d4e57282dd89898c3d594""})"
"(:VERTEX {memory address: ""7f08555a8000"",size: ""9000"",subtype: ""memory"",tgid: ""189893"",source: ""syscall"",type: ""Artifact"",version: ""2"",hash: ""96af1e2a9edc30a55f44f61615c052d0""})"
"(:VERTEX {memory address: ""7f085559f000"",size: ""9000"",subtype: ""memory"",tgid: ""189893"",source: ""syscall"",type: ""Artifact"",version: ""1"",hash: ""d8c7fa64fcd0cd3e769f0997ed2f3372""})"
"(:VERTEX {memory address: ""7f08555b1000"",size: ""9000"",subtype: ""memory"",tgid: ""189893"",source: ""syscall"",type: ""Artifact"",version: ""3"",hash: ""ad7e674e2c714e2ab3d3d571f53983ca""})"
"(:VERTEX {memory address: ""7f08555b1000"",size: ""9000"",subtype: ""memory"",tgid: ""189893"",source: ""syscall"",type: ""Artifact"",version: ""4"",hash: ""32f637d99d3d23ec77d8223335bc1365""})"
"(:VERTEX {memory address: ""7f08555a8000"",size: ""9000"",subtype: ""memory"",tgid: ""189893"",source: ""syscall"",type: ""Artifact"",version: ""3"",hash: ""e4f59545731f8853535d5e6ab4e0d394""})"
"(:VERTEX {memory address: ""7f085558e000"",size: ""11000"",subtype: ""memory"",tgid: ""189893"",source: ""syscall"",type: ""Artifact"",version: ""0"",hash: ""acfb79df78fa0d5d40eb417e430a4883""})"
"(:VERTEX {memory address: ""7f0855585000"",size: ""9000"",subtype: ""memory"",tgid: ""189893"",source: ""syscall"",type: ""Artifact"",version: ""0"",hash: ""167330f904d897850a367d8bdc67dcef""})"
"(:VERTEX {memory address: ""7f08555b1000"",size: ""9000"",subtype: ""memory"",tgid: ""189893"",source: ""syscall"",type: ""Artifact"",version: ""5"",hash: ""85684bf68a1165f2e65e25babee7c946""})"
"(:VERTEX {memory address: ""7f08555a9000"",size: ""8000"",subtype: ""memory"",tgid: ""189893"",source: ""syscall"",type: ""Artifact"",version: ""0"",hash: ""551cd8a6ab94d31f71c47c4ba922dabe""})"
"(:VERTEX {memory address: ""7f0855596000"",size: ""9000"",subtype: ""memory"",tgid: ""189893"",source: ""syscall"",type: ""Artifact"",version: ""0"",hash: ""25035052fb164ab865b11a7bb392ad34""})"
"(:VERTEX {memory address: ""7f0855602000"",size: ""6000"",subtype: ""memory"",tgid: ""189893"",source: ""syscall"",type: ""Artifact"",version: ""1"",hash: ""47f2b713d7756f4b01f675e71864d81e""})"
"(:VERTEX {memory address: ""7f08555f9000"",size: ""9000"",subtype: ""memory"",tgid: ""189893"",source: ""syscall"",type: ""Artifact"",version: ""1"",hash: ""63669952e0b16dc7f4f91a612b3f90c1""})"
"(:VERTEX {memory address: ""7f08556fa000"",size: ""9000"",subtype: ""memory"",tgid: ""189893"",source: ""syscall"",type: ""Artifact"",version: ""11"",hash: ""41b5f321756f3fc821a1ef327f02a5bf""})"
"(:VERTEX {memory address: ""7f08555d5000"",size: ""9000"",subtype: ""memory"",tgid: ""189893"",source: ""syscall"",type: ""Artifact"",version: ""2"",hash: ""c315e4018a1ca46e41e157576a68ed31""})"
"(:VERTEX {memory address: ""7f08555cc000"",size: ""9000"",subtype: ""memory"",tgid: ""189893"",source: ""syscall"",type: ""Artifact"",version: ""1"",hash: ""3e0000bd90abecc0d8beb9d16142eeca""})"
"(:VERTEX {memory address: ""7f085780c000"",size: ""4000"",subtype: ""memory"",tgid: ""189893"",source: ""syscall"",type: ""Artifact"",version: ""1"",hash: ""cdb32f5285706a22e271a9b9674e9c59""})"
"(:VERTEX {memory address: ""7f08555e7000"",size: ""7000"",subtype: ""memory"",tgid: ""189893"",source: ""syscall"",type: ""Artifact"",version: ""0"",hash: ""2d84f7bdc243146f63cef4827aa7cd96""})"
"(:VERTEX {memory address: ""7f08555c3000"",size: ""9000"",subtype: ""memory"",tgid: ""189893"",source: ""syscall"",type: ""Artifact"",version: ""1"",hash: ""5b9b3be7a939baf897c120f4174ba8ef""})"
"(:VERTEX {memory address: ""7f08555cc000"",size: ""9000"",subtype: ""memory"",tgid: ""189893"",source: ""syscall"",type: ""Artifact"",version: ""2"",hash: ""cf32ac49fa9d4b7217f588eae43cd1ca""})"
"(:VERTEX {memory address: ""7f08555c5000"",size: ""7000"",subtype: ""memory"",tgid: ""189893"",source: ""syscall"",type: ""Artifact"",version: ""0"",hash: ""e0554a6e13d42f058faf56f637c808c1""})"
"(:VERTEX {memory address: ""7f08555d5000"",size: ""9000"",subtype: ""memory"",tgid: ""189893"",source: ""syscall"",type: ""Artifact"",version: ""3"",hash: ""897e3dbd3605691d736698454f17ad3a""})"
"(:VERTEX {memory address: ""7f08555b1000"",size: ""9000"",subtype: ""memory"",tgid: ""189893"",source: ""syscall"",type: ""Artifact"",version: ""6"",hash: ""aa9964eadee4c0ca40793ba94473aaa6""})"
"(:VERTEX {memory address: ""7f08555a5000"",size: ""15000"",subtype: ""memory"",tgid: ""189893"",source: ""syscall"",type: ""Artifact"",version: ""0"",hash: ""662a7aec6b640fb20a019407a79ebdab""})"
"(:VERTEX {memory address: ""7f08555d5000"",size: ""9000"",subtype: ""memory"",tgid: ""189893"",source: ""syscall"",type: ""Artifact"",version: ""4"",hash: ""729e6752658f14c60515caa30a126c5c""})"
"(:VERTEX {memory address: ""7f085780c000"",size: ""4000"",subtype: ""memory"",tgid: ""189893"",source: ""syscall"",type: ""Artifact"",version: ""2"",hash: ""323ecfb85abb540ff769aa2c1da10f23""})"
"(:VERTEX {memory address: ""7f08555e7000"",size: ""7000"",subtype: ""memory"",tgid: ""189893"",source: ""syscall"",type: ""Artifact"",version: ""1"",hash: ""c1e4e5b577605a99d68573eb6332cfaf""})"
"(:VERTEX {memory address: ""7f08555d5000"",size: ""9000"",subtype: ""memory"",tgid: ""189893"",source: ""syscall"",type: ""Artifact"",version: ""5"",hash: ""605fda6ea849b782ab90e8cbe79c1bf2""})"
"(:VERTEX {memory address: ""7f08555b1000"",size: ""9000"",subtype: ""memory"",tgid: ""189893"",source: ""syscall"",type: ""Artifact"",version: ""7"",hash: ""a30113a7502aec974d3217e509aa9475""})"
"(:VERTEX {memory address: ""7f08555e7000"",size: ""7000"",subtype: ""memory"",tgid: ""189893"",source: ""syscall"",type: ""Artifact"",version: ""2"",hash: ""d467939df0127e12d872c055b01fdad2""})"
"(:VERTEX {memory address: ""7f08555a8000"",size: ""9000"",subtype: ""memory"",tgid: ""189893"",source: ""syscall"",type: ""Artifact"",version: ""4"",hash: ""094fc17178111022754c60b5822e0624""})"
"(:VERTEX {memory address: ""7f08555a8000"",size: ""9000"",subtype: ""memory"",tgid: ""189893"",source: ""syscall"",type: ""Artifact"",version: ""5"",hash: ""22b8fd7609b8188e48cb033e212414d5""})"
"(:VERTEX {memory address: ""7f08555e7000"",size: ""7000"",subtype: ""memory"",tgid: ""189893"",source: ""syscall"",type: ""Artifact"",version: ""3"",hash: ""ccc032d6c343ecd89c218dca043a55e4""})"
"(:VERTEX {memory address: ""7f0855598000"",size: ""10000"",subtype: ""memory"",tgid: ""189893"",source: ""syscall"",type: ""Artifact"",version: ""0"",hash: ""d095de5c288f44adfc383d96aed9d873""})"
"(:VERTEX {memory address: ""7f08555a1000"",size: ""10000"",subtype: ""memory"",tgid: ""189893"",source: ""syscall"",type: ""Artifact"",version: ""0"",hash: ""5f0fa54c9e21f13d3689c0d9d36ea898""})"
"(:VERTEX {memory address: ""7f08555a1000"",size: ""10000"",subtype: ""memory"",tgid: ""189893"",source: ""syscall"",type: ""Artifact"",version: ""1"",hash: ""a764a55df5b3b8d7bc12e696641f6a3f""})"
"(:VERTEX {memory address: ""7f08555a1000"",size: ""10000"",subtype: ""memory"",tgid: ""189893"",source: ""syscall"",type: ""Artifact"",version: ""2"",hash: ""8062b448767f94cc06270c876c52494d""})"
"(:VERTEX {memory address: ""7f085780c000"",size: ""4000"",subtype: ""memory"",tgid: ""189893"",source: ""syscall"",type: ""Artifact"",version: ""3"",hash: ""2e9c8d6f7b55c238042218bcee1e8196""})"
"(:VERTEX {memory address: ""7f085561a000"",size: ""9000"",subtype: ""memory"",tgid: ""189893"",source: ""syscall"",type: ""Artifact"",version: ""1"",hash: ""bae10b4d4765cf3c13a85b03bca97b5c""})"
"(:VERTEX {memory address: ""7f08555a8000"",size: ""9000"",subtype: ""memory"",tgid: ""189893"",source: ""syscall"",type: ""Artifact"",version: ""6"",hash: ""0cc40173501e7d6d675fbe80f27b8f05""})"
"(:VERTEX {memory address: ""7f085559f000"",size: ""9000"",subtype: ""memory"",tgid: ""189893"",source: ""syscall"",type: ""Artifact"",version: ""2"",hash: ""e33a7295948cc4f6424a0c40530bfa08""})"
"(:VERTEX {memory address: ""7f0855596000"",size: ""9000"",subtype: ""memory"",tgid: ""189893"",source: ""syscall"",type: ""Artifact"",version: ""1"",hash: ""d785e6fc73da65341d86e4ebe9d45281""})"
"(:VERTEX {memory address: ""7f085558d000"",size: ""9000"",subtype: ""memory"",tgid: ""189893"",source: ""syscall"",type: ""Artifact"",version: ""0"",hash: ""f2f8710462a3ba5c1f47a21bcfac145f""})"
"(:VERTEX {memory address: ""7f0855584000"",size: ""9000"",subtype: ""memory"",tgid: ""189893"",source: ""syscall"",type: ""Artifact"",version: ""0"",hash: ""602b5dcafb0cb991acffe660deacd226""})"
"(:VERTEX {memory address: ""7f085557b000"",size: ""9000"",subtype: ""memory"",tgid: ""189893"",source: ""syscall"",type: ""Artifact"",version: ""0"",hash: ""1dd694847d3f149c14b233fc5f67cd3d""})"
"(:VERTEX {memory address: ""7f0855572000"",size: ""9000"",subtype: ""memory"",tgid: ""189893"",source: ""syscall"",type: ""Artifact"",version: ""0"",hash: ""38dd3039877cf7da40aed2870ca43f4b""})"
"(:VERTEX {memory address: ""7f0855569000"",size: ""9000"",subtype: ""memory"",tgid: ""189893"",source: ""syscall"",type: ""Artifact"",version: ""0"",hash: ""6c2b592590f3ae6a8785ab5a8a911077""})"
"(:VERTEX {memory address: ""7f0855560000"",size: ""9000"",subtype: ""memory"",tgid: ""189893"",source: ""syscall"",type: ""Artifact"",version: ""0"",hash: ""97b76d1168f6903376af8dde12b32014""})"
"(:VERTEX {memory address: ""7f0855602000"",size: ""6000"",subtype: ""memory"",tgid: ""189893"",source: ""syscall"",type: ""Artifact"",version: ""2"",hash: ""ebb50612569bcbb83c20351b70602c9a""})"
"(:VERTEX {memory address: ""7f085557b000"",size: ""9000"",subtype: ""memory"",tgid: ""189893"",source: ""syscall"",type: ""Artifact"",version: ""1"",hash: ""fcf3794af9bfbfad309b8540209f539a""})"
"(:VERTEX {memory address: ""7f0855572000"",size: ""9000"",subtype: ""memory"",tgid: ""189893"",source: ""syscall"",type: ""Artifact"",version: ""1"",hash: ""5b2a5fc986ca209cdc03f34e2beb9323""})"
"(:VERTEX {memory address: ""7f0855560000"",size: ""9000"",subtype: ""memory"",tgid: ""189893"",source: ""syscall"",type: ""Artifact"",version: ""1"",hash: ""6732199e5044634b5941337c92418d6e""})"
"(:VERTEX {memory address: ""7f0857894000"",size: ""9000"",subtype: ""memory"",tgid: ""189893"",source: ""syscall"",type: ""Artifact"",version: ""5"",hash: ""7ab124e85dc55b0a852ec98ddde5ea0e""})"
"(:VERTEX {memory address: ""7f08556b6000"",size: ""9000"",subtype: ""memory"",tgid: ""189893"",source: ""syscall"",type: ""Artifact"",version: ""1"",hash: ""b24edc11fad3d8b898f8b807570a168a""})"
"(:VERTEX {memory address: ""7f08556a4000"",size: ""9000"",subtype: ""memory"",tgid: ""189893"",source: ""syscall"",type: ""Artifact"",version: ""5"",hash: ""523e409f86738cbfa7ca30084f8584b7""})"
"(:VERTEX {memory address: ""7f085569b000"",size: ""9000"",subtype: ""memory"",tgid: ""189893"",source: ""syscall"",type: ""Artifact"",version: ""1"",hash: ""ef5b266a7ab7a6963a308c9cabe4e70a""})"
"(:VERTEX {memory address: ""7f0855692000"",size: ""9000"",subtype: ""memory"",tgid: ""189893"",source: ""syscall"",type: ""Artifact"",version: ""1"",hash: ""84feb541cf8c10d63cf08e095dee6cfc""})"
"(:VERTEX {memory address: ""7f0855689000"",size: ""9000"",subtype: ""memory"",tgid: ""189893"",source: ""syscall"",type: ""Artifact"",version: ""1"",hash: ""b9a034fede5641042deacf6cd73d6a01""})"
"(:VERTEX {memory address: ""7f085569b000"",size: ""9000"",subtype: ""memory"",tgid: ""189893"",source: ""syscall"",type: ""Artifact"",version: ""2"",hash: ""05e7908a479f28bb1a9b9e2e28f8bb52""})"
"(:VERTEX {memory address: ""7f0855677000"",size: ""9000"",subtype: ""memory"",tgid: ""189893"",source: ""syscall"",type: ""Artifact"",version: ""2"",hash: ""4d7f3bf1b8ba23c9a55115a939ae9731""})"
"(:VERTEX {memory address: ""7f085563e000"",size: ""9000"",subtype: ""memory"",tgid: ""189893"",source: ""syscall"",type: ""Artifact"",version: ""1"",hash: ""a04096d205fa262ef1e74cefab91af47""})"
"(:VERTEX {memory address: ""7eff8ff69000"",size: ""2000"",subtype: ""memory"",tgid: ""189122"",source: ""syscall"",type: ""Artifact"",version: ""47"",hash: ""6d9905f2521f6b7389dac84d3395805f""})"
"(:VERTEX {memory address: ""7eff8ff69000"",size: ""2000"",subtype: ""memory"",tgid: ""189122"",source: ""syscall"",type: ""Artifact"",version: ""48"",hash: ""957b09438cb151a9fb2642cd881ea1e5""})"
"(:VERTEX {memory address: ""7f0857894000"",size: ""9000"",subtype: ""memory"",tgid: ""189893"",source: ""syscall"",type: ""Artifact"",version: ""6"",hash: ""81735b48f6dfd049494357599fcd3c71""})"
"(:VERTEX {memory address: ""7f08556fa000"",size: ""9000"",subtype: ""memory"",tgid: ""189893"",source: ""syscall"",type: ""Artifact"",version: ""12"",hash: ""dafcd1ec0075def064d66d8e8051547e""})"
"(:VERTEX {memory address: ""7eff8ff69000"",size: ""2000"",subtype: ""memory"",tgid: ""189122"",source: ""syscall"",type: ""Artifact"",version: ""49"",hash: ""315c01a582e5d7ba81cbac3f2ad48350""})"
"(:VERTEX {memory address: ""7eff8ff69000"",size: ""2000"",subtype: ""memory"",tgid: ""189122"",source: ""syscall"",type: ""Artifact"",version: ""50"",hash: ""81471abc77053e067c5b85069df9e5fb""})"
"(:VERTEX {memory address: ""7eff8ff6a000"",size: ""1000"",subtype: ""memory"",tgid: ""189122"",source: ""syscall"",type: ""Artifact"",version: ""0"",hash: ""0000034926ea205017e88a6191f95406""})"
"(:VERTEX {memory address: ""7eff8ff68000"",size: ""2000"",subtype: ""memory"",tgid: ""189122"",source: ""syscall"",type: ""Artifact"",version: ""0"",hash: ""cc0d19327174c8323c4299be62d48e63""})"
"(:VERTEX {memory address: ""7f085772b000"",size: ""9000"",subtype: ""memory"",tgid: ""189893"",source: ""syscall"",type: ""Artifact"",version: ""23"",hash: ""d3c49bb73ccc5879b7b9dca4e75bfa85""})"
"(:VERTEX {memory address: ""7f08556c8000"",size: ""9000"",subtype: ""memory"",tgid: ""189893"",source: ""syscall"",type: ""Artifact"",version: ""2"",hash: ""959531754064c102ff031aa1876c4451""})"
"(:VERTEX {memory address: ""7f08556b6000"",size: ""9000"",subtype: ""memory"",tgid: ""189893"",source: ""syscall"",type: ""Artifact"",version: ""2"",hash: ""d96394e10d9bc7df4f13fe592edf4103""})"
"(:VERTEX {memory address: ""7eff8f89b000"",size: ""7000"",subtype: ""memory"",tgid: ""189122"",source: ""syscall"",type: ""Artifact"",version: ""0"",hash: ""32bb9761bd437eda1919e8f2f7b4b851""})"
"(:VERTEX {memory address: ""7eff8f88b000"",size: ""7000"",subtype: ""memory"",tgid: ""189122"",source: ""syscall"",type: ""Artifact"",version: ""0"",hash: ""cc88c790cd704dab4da772e7a9c8530e""})"
"(:VERTEX {memory address: ""7eff8f8a3000"",size: ""7000"",subtype: ""memory"",tgid: ""189122"",source: ""syscall"",type: ""Artifact"",version: ""0"",hash: ""334074339f2fad14bd3ab4919adb40e7""})"
"(:VERTEX {memory address: ""7eff90000000"",size: ""7000"",subtype: ""memory"",tgid: ""189122"",source: ""syscall"",type: ""Artifact"",version: ""0"",hash: ""83a1b07a7fe09abf113127b8124f76d6""})"
"(:VERTEX {memory address: ""7f08556f1000"",size: ""9000"",subtype: ""memory"",tgid: ""189893"",source: ""syscall"",type: ""Artifact"",version: ""19"",hash: ""d4a1d6d361227c2d8c3de193578a6377""})"
"(:VERTEX {memory address: ""7f08578b0000"",size: ""9000"",subtype: ""memory"",tgid: ""189893"",source: ""syscall"",type: ""Artifact"",version: ""7"",hash: ""ef3afb885f07fa9f1e69c3301b587fb6""})"
"(:VERTEX {memory address: ""7f08556fa000"",size: ""9000"",subtype: ""memory"",tgid: ""189893"",source: ""syscall"",type: ""Artifact"",version: ""13"",hash: ""76bec43599af2e96aae51210ec4d6626""})"
"(:VERTEX {memory address: ""7f08556d8000"",size: ""9000"",subtype: ""memory"",tgid: ""189893"",source: ""syscall"",type: ""Artifact"",version: ""4"",hash: ""42e789b5a52009fa80de726b7ced4a27""})"
"(:VERTEX {memory address: ""7f08556d7000"",size: ""a000"",subtype: ""memory"",tgid: ""189893"",source: ""syscall"",type: ""Artifact"",version: ""0"",hash: ""b1b3cbf4b1f4e6163a014f589c2cf3d9""})"
"(:VERTEX {memory address: ""7f08556fa000"",size: ""9000"",subtype: ""memory"",tgid: ""189893"",source: ""syscall"",type: ""Artifact"",version: ""14"",hash: ""8865666daf6f92d4e3edbcfa4b7d5565""})"
"(:VERTEX {memory address: ""7f08556ce000"",size: ""9000"",subtype: ""memory"",tgid: ""189893"",source: ""syscall"",type: ""Artifact"",version: ""0"",hash: ""59c23ae71884cba75551e3dfff833887""})"
"(:VERTEX {memory address: ""7f08556c5000"",size: ""9000"",subtype: ""memory"",tgid: ""189893"",source: ""syscall"",type: ""Artifact"",version: ""0"",hash: ""32f108315ebe391f9f3f6bed9e7521ed""})"
"(:VERTEX {memory address: ""7f08556a5000"",size: ""11000"",subtype: ""memory"",tgid: ""189893"",source: ""syscall"",type: ""Artifact"",version: ""0"",hash: ""c4e3eb2575a2e10eae145520a1c003de""})"
"(:VERTEX {memory address: ""7f08556ad000"",size: ""9000"",subtype: ""memory"",tgid: ""189893"",source: ""syscall"",type: ""Artifact"",version: ""1"",hash: ""b8a82901e6fc6c4fbd99980a68a83451""})"
"(:VERTEX {memory address: ""7f08556a4000"",size: ""9000"",subtype: ""memory"",tgid: ""189893"",source: ""syscall"",type: ""Artifact"",version: ""6"",hash: ""1fc38b5396e92ec989f5489b0a4304a7""})"
"(:VERTEX {memory address: ""7f08556d0000"",size: ""11000"",subtype: ""memory"",tgid: ""189893"",source: ""syscall"",type: ""Artifact"",version: ""1"",hash: ""31690fc62aee392aed9ea5a47a906482""})"
"(:VERTEX {memory address: ""7f08556fd000"",size: ""6000"",subtype: ""memory"",tgid: ""189893"",source: ""syscall"",type: ""Artifact"",version: ""0"",hash: ""a83bb04963a8cce9a9e178692e91275d""})"
"(:VERTEX {memory address: ""7f08556d8000"",size: ""9000"",subtype: ""memory"",tgid: ""189893"",source: ""syscall"",type: ""Artifact"",version: ""5"",hash: ""6945306e0e839af163eed6142729ef71""})"
"(:VERTEX {memory address: ""7f08556cf000"",size: ""9000"",subtype: ""memory"",tgid: ""189893"",source: ""syscall"",type: ""Artifact"",version: ""1"",hash: ""eff8b7eee188bd03838333209a9ab452""})"
"(:VERTEX {memory address: ""7f08556c6000"",size: ""9000"",subtype: ""memory"",tgid: ""189893"",source: ""syscall"",type: ""Artifact"",version: ""4"",hash: ""c4190dc7304b33a20db65001a5262095""})"
"(:VERTEX {memory address: ""7f08556fa000"",size: ""9000"",subtype: ""memory"",tgid: ""189893"",source: ""syscall"",type: ""Artifact"",version: ""15"",hash: ""d1adbd7de3b746ca27d9632680fac5fa""})"
"(:VERTEX {memory address: ""7f08556d8000"",size: ""9000"",subtype: ""memory"",tgid: ""189893"",source: ""syscall"",type: ""Artifact"",version: ""6"",hash: ""a4985c215bec52f6d61d3f22d639cb5f""})"
"(:VERTEX {memory address: ""7f08556ad000"",size: ""9000"",subtype: ""memory"",tgid: ""189893"",source: ""syscall"",type: ""Artifact"",version: ""2"",hash: ""b76bdf2d4c0f1b3b05df721a53093b75""})"
"(:VERTEX {memory address: ""7f08556a4000"",size: ""9000"",subtype: ""memory"",tgid: ""189893"",source: ""syscall"",type: ""Artifact"",version: ""7"",hash: ""48e468e091fae943918aebf75f5db0ed""})"
"(:VERTEX {memory address: ""7f085569b000"",size: ""9000"",subtype: ""memory"",tgid: ""189893"",source: ""syscall"",type: ""Artifact"",version: ""3"",hash: ""49766c3bfa3ee0cb73fc3cf550dea9db""})"
"(:VERTEX {memory address: ""7f0855692000"",size: ""9000"",subtype: ""memory"",tgid: ""189893"",source: ""syscall"",type: ""Artifact"",version: ""2"",hash: ""0f46f7f6a105f53272c5c09669a4b1ca""})"
"(:VERTEX {memory address: ""7f0855689000"",size: ""9000"",subtype: ""memory"",tgid: ""189893"",source: ""syscall"",type: ""Artifact"",version: ""2"",hash: ""2cb3d006384b6063beb9c617688d4097""})"
"(:VERTEX {memory address: ""7f0855680000"",size: ""9000"",subtype: ""memory"",tgid: ""189893"",source: ""syscall"",type: ""Artifact"",version: ""1"",hash: ""241e5aadc44a4b1a6e5e888406684d0a""})"
"(:VERTEX {memory address: ""7f0855677000"",size: ""9000"",subtype: ""memory"",tgid: ""189893"",source: ""syscall"",type: ""Artifact"",version: ""3"",hash: ""7020c490cca6628000027c428816ca72""})"
"(:VERTEX {memory address: ""7f08556ad000"",size: ""9000"",subtype: ""memory"",tgid: ""189893"",source: ""syscall"",type: ""Artifact"",version: ""3"",hash: ""87c96d8e6bcdf32e4df1e556b5f414c7""})"
"(:VERTEX {memory address: ""7f0855689000"",size: ""9000"",subtype: ""memory"",tgid: ""189893"",source: ""syscall"",type: ""Artifact"",version: ""3"",hash: ""83c3787a9444a367d5bf378ac1bfe83f""})"
"(:VERTEX {memory address: ""7f0855677000"",size: ""9000"",subtype: ""memory"",tgid: ""189893"",source: ""syscall"",type: ""Artifact"",version: ""4"",hash: ""e8e01e4cae40e7674ff9c871aaebc833""})"
"(:VERTEX {memory address: ""7f085563c000"",size: ""b000"",subtype: ""memory"",tgid: ""189893"",source: ""syscall"",type: ""Artifact"",version: ""0"",hash: ""e541748e67e73dc75064d5b646d8e0dd""})"
"(:VERTEX {memory address: ""7f0855689000"",size: ""9000"",subtype: ""memory"",tgid: ""189893"",source: ""syscall"",type: ""Artifact"",version: ""4"",hash: ""066c9d4d7c9794c4ded656320d0b1f67""})"
"(:VERTEX {memory address: ""7f0855677000"",size: ""9000"",subtype: ""memory"",tgid: ""189893"",source: ""syscall"",type: ""Artifact"",version: ""5"",hash: ""a9892f61c0533450ebb9075a90f84aa2""})"
"(:VERTEX {memory address: ""7f0855660000"",size: ""9000"",subtype: ""memory"",tgid: ""189893"",source: ""syscall"",type: ""Artifact"",version: ""1"",hash: ""dd3efeed2f28fcefd5007721db85c4fc""})"
"(:VERTEX {memory address: ""7f0855633000"",size: ""9000"",subtype: ""memory"",tgid: ""189893"",source: ""syscall"",type: ""Artifact"",version: ""0"",hash: ""4d7ca0736cdef92166e72222c9586f08""})"
"(:VERTEX {memory address: ""7f085562a000"",size: ""9000"",subtype: ""memory"",tgid: ""189893"",source: ""syscall"",type: ""Artifact"",version: ""0"",hash: ""6cc5e25341da5649bc9b0daa8b1334a4""})"
"(:VERTEX {memory address: ""7f0855689000"",size: ""9000"",subtype: ""memory"",tgid: ""189893"",source: ""syscall"",type: ""Artifact"",version: ""5"",hash: ""26aeb91f77a58027e098314f37c3b8f9""})"
"(:VERTEX {memory address: ""7f0855689000"",size: ""9000"",subtype: ""memory"",tgid: ""189893"",source: ""syscall"",type: ""Artifact"",version: ""6"",hash: ""cd962f8f3908568c60bfe2a7cb533fa1""})"
"(:VERTEX {memory address: ""7f0855677000"",size: ""9000"",subtype: ""memory"",tgid: ""189893"",source: ""syscall"",type: ""Artifact"",version: ""6"",hash: ""747ac995fde8370ca77537ae23fe9401""})"
"(:VERTEX {memory address: ""7f0855689000"",size: ""9000"",subtype: ""memory"",tgid: ""189893"",source: ""syscall"",type: ""Artifact"",version: ""7"",hash: ""11a76f547eddff148c33c8a0db2382ed""})"
"(:VERTEX {memory address: ""7f08556c0000"",size: ""6000"",subtype: ""memory"",tgid: ""189893"",source: ""syscall"",type: ""Artifact"",version: ""0"",hash: ""99a8a1e4ca18f1f903d54c07b3d431e3""})"
"(:VERTEX {memory address: ""7f0855660000"",size: ""9000"",subtype: ""memory"",tgid: ""189893"",source: ""syscall"",type: ""Artifact"",version: ""2"",hash: ""a2e2de6603999348d1d63fbc9c6549a7""})"
"(:VERTEX {memory address: ""7f0855636000"",size: ""11000"",subtype: ""memory"",tgid: ""189893"",source: ""syscall"",type: ""Artifact"",version: ""0"",hash: ""c4f3eff7a503680f187d1166587b3940""})"
"(:VERTEX {memory address: ""7f0855660000"",size: ""9000"",subtype: ""memory"",tgid: ""189893"",source: ""syscall"",type: ""Artifact"",version: ""3"",hash: ""92bf2115fe1a7511d591fd38726e391e""})"
"(:VERTEX {memory address: ""7f0855636000"",size: ""11000"",subtype: ""memory"",tgid: ""189893"",source: ""syscall"",type: ""Artifact"",version: ""1"",hash: ""4e623ada007a5941968d96595ed81ffb""})"
"(:VERTEX {memory address: ""7f085563e000"",size: ""9000"",subtype: ""memory"",tgid: ""189893"",source: ""syscall"",type: ""Artifact"",version: ""2"",hash: ""6d54fafd9374b519bba267d9242c016b""})"
"(:VERTEX {memory address: ""7f0855635000"",size: ""9000"",subtype: ""memory"",tgid: ""189893"",source: ""syscall"",type: ""Artifact"",version: ""6"",hash: ""d6b8b962f78cf86d9005fb0a26e90498""})"
"(:VERTEX {memory address: ""7f085562c000"",size: ""9000"",subtype: ""memory"",tgid: ""189893"",source: ""syscall"",type: ""Artifact"",version: ""1"",hash: ""e9e4c7bbda52a9995f173c4c57f26d33""})"
"(:VERTEX {memory address: ""7f0855623000"",size: ""9000"",subtype: ""memory"",tgid: ""189893"",source: ""syscall"",type: ""Artifact"",version: ""1"",hash: ""f1f7c7d24eee7dc44ec48c896ee580e8""})"
"(:VERTEX {memory address: ""7f0855611000"",size: ""9000"",subtype: ""memory"",tgid: ""189893"",source: ""syscall"",type: ""Artifact"",version: ""3"",hash: ""468299a6f6e9e59a68ca738f006d14c7""})"
"(:VERTEX {memory address: ""7f0857890000"",size: ""4000"",subtype: ""memory"",tgid: ""189893"",source: ""syscall"",type: ""Artifact"",version: ""0"",hash: ""4323ad8234eb28384d64e934167aca28""})"
"(:VERTEX {memory address: ""7f08556bf000"",size: ""7000"",subtype: ""memory"",tgid: ""189893"",source: ""syscall"",type: ""Artifact"",version: ""0"",hash: ""60c77c5b14ff3f4823367b5d98ae6dc0""})"
"(:VERTEX {memory address: ""7f0855660000"",size: ""9000"",subtype: ""memory"",tgid: ""189893"",source: ""syscall"",type: ""Artifact"",version: ""4"",hash: ""a09dc2b22cb91a91409c3afefb17d39b""})"
"(:VERTEX {memory address: ""7f085563e000"",size: ""9000"",subtype: ""memory"",tgid: ""189893"",source: ""syscall"",type: ""Artifact"",version: ""3"",hash: ""6ef181754088564107c1741a7cff0731""})"
"(:VERTEX {memory address: ""7f0855634000"",size: ""13000"",subtype: ""memory"",tgid: ""189893"",source: ""syscall"",type: ""Artifact"",version: ""0"",hash: ""153b26c1851560ddc9832f0ac35de5b2""})"
"(:VERTEX {memory address: ""7f0855660000"",size: ""9000"",subtype: ""memory"",tgid: ""189893"",source: ""syscall"",type: ""Artifact"",version: ""5"",hash: ""3bf54623be782f75664b7a03bde8b60e""})"
"(:VERTEX {memory address: ""7f0855608000"",size: ""9000"",subtype: ""memory"",tgid: ""189893"",source: ""syscall"",type: ""Artifact"",version: ""1"",hash: ""95eb9c79b0b527fd06bdcd1b3fc3a871""})"
"(:VERTEX {memory address: ""7f08555ff000"",size: ""9000"",subtype: ""memory"",tgid: ""189893"",source: ""syscall"",type: ""Artifact"",version: ""0"",hash: ""2c32a8e53a158131d4e188736ce143f2""})"
"(:VERTEX {memory address: ""7f0857890000"",size: ""4000"",subtype: ""memory"",tgid: ""189893"",source: ""syscall"",type: ""Artifact"",version: ""1"",hash: ""f9baf3de68e43d92086191555ba31447""})"
"(:VERTEX {memory address: ""7f08556bf000"",size: ""7000"",subtype: ""memory"",tgid: ""189893"",source: ""syscall"",type: ""Artifact"",version: ""1"",hash: ""e1d5145a5a8fbd0e65937e66fd99b7b1""})"
"(:VERTEX {memory address: ""7f0855660000"",size: ""9000"",subtype: ""memory"",tgid: ""189893"",source: ""syscall"",type: ""Artifact"",version: ""6"",hash: ""7910b0a4406edc5d32ffb0442e411ff9""})"
"(:VERTEX {memory address: ""7f085563e000"",size: ""9000"",subtype: ""memory"",tgid: ""189893"",source: ""syscall"",type: ""Artifact"",version: ""4"",hash: ""a366b51427256d83566de07297bad70b""})"
"(:VERTEX {memory address: ""7f0855635000"",size: ""9000"",subtype: ""memory"",tgid: ""189893"",source: ""syscall"",type: ""Artifact"",version: ""7"",hash: ""9e115cea176327d0855abb2af1da4f79""})"
"(:VERTEX {memory address: ""7f085562c000"",size: ""9000"",subtype: ""memory"",tgid: ""189893"",source: ""syscall"",type: ""Artifact"",version: ""2"",hash: ""fa13403dae860ebe6e5d4e207db3f010""})"
"(:VERTEX {memory address: ""7f0855608000"",size: ""9000"",subtype: ""memory"",tgid: ""189893"",source: ""syscall"",type: ""Artifact"",version: ""2"",hash: ""bc3d2b98be3afa80d6e4d189909bb62d""})"
"(:VERTEX {memory address: ""7f08555f6000"",size: ""9000"",subtype: ""memory"",tgid: ""189893"",source: ""syscall"",type: ""Artifact"",version: ""0"",hash: ""9d2e51896499600dafbee28020807cd5""})"
"(:VERTEX {memory address: ""7f08555ed000"",size: ""9000"",subtype: ""memory"",tgid: ""189893"",source: ""syscall"",type: ""Artifact"",version: ""0"",hash: ""9ef6a3794e6ee2578340d182ade6fe30""})"
"(:VERTEX {memory address: ""7f085563e000"",size: ""9000"",subtype: ""memory"",tgid: ""189893"",source: ""syscall"",type: ""Artifact"",version: ""5"",hash: ""d9896b47acc7b48ffce60513430ce991""})"
"(:VERTEX {memory address: ""7f08556c0000"",size: ""6000"",subtype: ""memory"",tgid: ""189893"",source: ""syscall"",type: ""Artifact"",version: ""1"",hash: ""43166fe9fa5e0de38ce3f1daf75b3b05""})"
"(:VERTEX {memory address: ""7f0855635000"",size: ""9000"",subtype: ""memory"",tgid: ""189893"",source: ""syscall"",type: ""Artifact"",version: ""8"",hash: ""f894524f79e2e006e61042cad4dda7ff""})"
"(:VERTEX {memory address: ""7f0855608000"",size: ""9000"",subtype: ""memory"",tgid: ""189893"",source: ""syscall"",type: ""Artifact"",version: ""3"",hash: ""544618d89dca9af3c475a42cc83d4228""})"
"(:VERTEX {memory address: ""7f08555ed000"",size: ""9000"",subtype: ""memory"",tgid: ""189893"",source: ""syscall"",type: ""Artifact"",version: ""1"",hash: ""a9582c7390d79f4f3b45c92c13fd54f5""})"
"(:VERTEX {memory address: ""7f08555e4000"",size: ""9000"",subtype: ""memory"",tgid: ""189893"",source: ""syscall"",type: ""Artifact"",version: ""0"",hash: ""44d3b7c5b3aaa89d32c0939eb5fb2043""})"
"(:VERTEX {memory address: ""7f08555db000"",size: ""9000"",subtype: ""memory"",tgid: ""189893"",source: ""syscall"",type: ""Artifact"",version: ""0"",hash: ""1494f28e62f9cd1c81d6cfeeb3b629b1""})"
"(:VERTEX {memory address: ""7f08555d2000"",size: ""9000"",subtype: ""memory"",tgid: ""189893"",source: ""syscall"",type: ""Artifact"",version: ""0"",hash: ""6fb1e873c6766879190ca3b28f9b6cf6""})"
"(:VERTEX {memory address: ""7f08555c9000"",size: ""9000"",subtype: ""memory"",tgid: ""189893"",source: ""syscall"",type: ""Artifact"",version: ""0"",hash: ""f20f284937b967f4d8faf7704c8e87c2""})"
"(:VERTEX {memory address: ""7f08555c0000"",size: ""9000"",subtype: ""memory"",tgid: ""189893"",source: ""syscall"",type: ""Artifact"",version: ""0"",hash: ""bab6d0292f30d69e6158d6cf31340698""})"
"(:VERTEX {memory address: ""7f08556d8000"",size: ""9000"",subtype: ""memory"",tgid: ""189893"",source: ""syscall"",type: ""Artifact"",version: ""7"",hash: ""696f784c32a1da1e9ee42f74318fb2df""})"
"(:VERTEX {memory address: ""7f08556c6000"",size: ""9000"",subtype: ""memory"",tgid: ""189893"",source: ""syscall"",type: ""Artifact"",version: ""5"",hash: ""20d0ce331827ed02887e613601da9e6b""})"
"(:VERTEX {memory address: ""7f08556ad000"",size: ""9000"",subtype: ""memory"",tgid: ""189893"",source: ""syscall"",type: ""Artifact"",version: ""4"",hash: ""a6557244ba01799e1aa119c56fa0920b""})"
"(:VERTEX {memory address: ""7f08556a4000"",size: ""9000"",subtype: ""memory"",tgid: ""189893"",source: ""syscall"",type: ""Artifact"",version: ""8"",hash: ""d7877348ff53e465245a7495c5a83a91""})"
"(:VERTEX {memory address: ""7f0855692000"",size: ""9000"",subtype: ""memory"",tgid: ""189893"",source: ""syscall"",type: ""Artifact"",version: ""3"",hash: ""df0f224d42bfe17cca411be1856de3a3""})"
"(:VERTEX {memory address: ""7f0855689000"",size: ""9000"",subtype: ""memory"",tgid: ""189893"",source: ""syscall"",type: ""Artifact"",version: ""8"",hash: ""138e3547bfa837562ca662d433b87c45""})"
"(:VERTEX {memory address: ""7f0855680000"",size: ""9000"",subtype: ""memory"",tgid: ""189893"",source: ""syscall"",type: ""Artifact"",version: ""2"",hash: ""3579bf31742f978af40bad73da292948""})"
"(:VERTEX {memory address: ""7f0855677000"",size: ""9000"",subtype: ""memory"",tgid: ""189893"",source: ""syscall"",type: ""Artifact"",version: ""7"",hash: ""1b4d746e19578643b53d5f1d725555eb""})"
"(:VERTEX {memory address: ""7f0855660000"",size: ""9000"",subtype: ""memory"",tgid: ""189893"",source: ""syscall"",type: ""Artifact"",version: ""7"",hash: ""8d978ef947aba1fe1bc225686d4d1124""})"
"(:VERTEX {memory address: ""7f0855635000"",size: ""9000"",subtype: ""memory"",tgid: ""189893"",source: ""syscall"",type: ""Artifact"",version: ""9"",hash: ""c8f1a903957ee049aab1e213acd04a89""})"
"(:VERTEX {memory address: ""7f085562c000"",size: ""9000"",subtype: ""memory"",tgid: ""189893"",source: ""syscall"",type: ""Artifact"",version: ""3"",hash: ""9b727911b585a30611c676372c1f46b4""})"
"(:VERTEX {memory address: ""7f0855623000"",size: ""9000"",subtype: ""memory"",tgid: ""189893"",source: ""syscall"",type: ""Artifact"",version: ""2"",hash: ""1da5d34542b97e08228d2d92cc869556""})"
"(:VERTEX {memory address: ""7f0855611000"",size: ""9000"",subtype: ""memory"",tgid: ""189893"",source: ""syscall"",type: ""Artifact"",version: ""4"",hash: ""c64a5c5139bea6515ca2a991a547d798""})"
"(:VERTEX {memory address: ""7f0855689000"",size: ""9000"",subtype: ""memory"",tgid: ""189893"",source: ""syscall"",type: ""Artifact"",version: ""9"",hash: ""c7363d97339d8355996698112c4d64a9""})"
"(:VERTEX {memory address: ""7f0855660000"",size: ""9000"",subtype: ""memory"",tgid: ""189893"",source: ""syscall"",type: ""Artifact"",version: ""8"",hash: ""a0b5d4fcda24c3a983b234df3eea9f8b""})"
"(:VERTEX {memory address: ""7f0855623000"",size: ""9000"",subtype: ""memory"",tgid: ""189893"",source: ""syscall"",type: ""Artifact"",version: ""3"",hash: ""02ae2b85441c089dfe5b073897697492""})"
"(:VERTEX {memory address: ""7f08555ff000"",size: ""9000"",subtype: ""memory"",tgid: ""189893"",source: ""syscall"",type: ""Artifact"",version: ""1"",hash: ""f05be1aa6ca9e7461efcb5ab3553d03a""})"
"(:VERTEX {memory address: ""7f08555f6000"",size: ""9000"",subtype: ""memory"",tgid: ""189893"",source: ""syscall"",type: ""Artifact"",version: ""1"",hash: ""e9595e12c6b968685c912ba4254e3afe""})"
"(:VERTEX {memory address: ""7f08555d2000"",size: ""9000"",subtype: ""memory"",tgid: ""189893"",source: ""syscall"",type: ""Artifact"",version: ""1"",hash: ""617005566285e73a920c63d5f6002e9b""})"
"(:VERTEX {memory address: ""7f08556c0000"",size: ""6000"",subtype: ""memory"",tgid: ""189893"",source: ""syscall"",type: ""Artifact"",version: ""2"",hash: ""25799485c0caa3b58f852eb81a07a514""})"
"(:VERTEX {memory address: ""7f08555e4000"",size: ""9000"",subtype: ""memory"",tgid: ""189893"",source: ""syscall"",type: ""Artifact"",version: ""1"",hash: ""6c07ab6aa9b9e2b328a80ea9ec82718d""})"
"(:VERTEX {memory address: ""7f08555e4000"",size: ""9000"",subtype: ""memory"",tgid: ""189893"",source: ""syscall"",type: ""Artifact"",version: ""2"",hash: ""c8bd76a50c3431d41f96d7a21880f25a""})"
"(:VERTEX {memory address: ""7f08555b7000"",size: ""9000"",subtype: ""memory"",tgid: ""189893"",source: ""syscall"",type: ""Artifact"",version: ""0"",hash: ""10c31a333652035624fde44a7025860d""})"
"(:VERTEX {memory address: ""7f0855596000"",size: ""9000"",subtype: ""memory"",tgid: ""189893"",source: ""syscall"",type: ""Artifact"",version: ""2"",hash: ""6bcd3ebb6979390aa6b4eaf96dd333a9""})"
"(:VERTEX {memory address: ""7f085557c000"",size: ""11000"",subtype: ""memory"",tgid: ""189893"",source: ""syscall"",type: ""Artifact"",version: ""0"",hash: ""3a49c5befa899176aad540d171d13baf""})"
"(:VERTEX {memory address: ""7f0855584000"",size: ""9000"",subtype: ""memory"",tgid: ""189893"",source: ""syscall"",type: ""Artifact"",version: ""1"",hash: ""91c74fd8639baf482eb69d2d3133d5ae""})"
"(:VERTEX {memory address: ""7f085557b000"",size: ""9000"",subtype: ""memory"",tgid: ""189893"",source: ""syscall"",type: ""Artifact"",version: ""2"",hash: ""023da353909360dadd59100655606489""})"
"(:VERTEX {memory address: ""7f0855623000"",size: ""9000"",subtype: ""memory"",tgid: ""189893"",source: ""syscall"",type: ""Artifact"",version: ""4"",hash: ""b1b50bde05f6fe5590c63999419008cd""})"
"(:VERTEX {memory address: ""7f0855572000"",size: ""9000"",subtype: ""memory"",tgid: ""189893"",source: ""syscall"",type: ""Artifact"",version: ""2"",hash: ""aeea73984668710c45bb8d7370d74b87""})"
"(:VERTEX {memory address: ""7f0855569000"",size: ""9000"",subtype: ""memory"",tgid: ""189893"",source: ""syscall"",type: ""Artifact"",version: ""1"",hash: ""3d26ef2cd0d0688bf47a691b2110fcb2""})"
"(:VERTEX {memory address: ""7f0855560000"",size: ""9000"",subtype: ""memory"",tgid: ""189893"",source: ""syscall"",type: ""Artifact"",version: ""2"",hash: ""26890756972b1d0a1713b69787a8fe34""})"
"(:VERTEX {remote port: ""53"",epoch: ""0"",source: ""syscall"",type: ""Artifact"",version: ""0"",local port: ""47190"",net namespace: ""-1"",local address: ""10.1.251.204"",protocol: ""udp"",subtype: ""network socket"",remote address: ""10.152.183.10"",hash: ""23eab4ba96edb134ca4ad4d46c744621""})"
"(:VERTEX {remote port: ""53"",epoch: ""0"",source: ""syscall"",type: ""Artifact"",version: ""0"",local port: ""42834"",net namespace: ""-1"",local address: ""10.1.251.204"",protocol: ""udp"",subtype: ""network socket"",remote address: ""10.152.183.10"",hash: ""d1d322f7700eb9ad233b33926bbb52db""})"
"(:VERTEX {remote port: ""53"",epoch: ""1"",source: ""syscall"",type: ""Artifact"",version: ""0"",local port: ""42834"",net namespace: ""-1"",local address: ""10.1.251.204"",protocol: ""udp"",subtype: ""network socket"",remote address: ""10.152.183.10"",hash: ""e2bcc3d2da180fcc8b21e67388fb0568""})"
"(:VERTEX {remote port: ""53"",epoch: ""2"",source: ""syscall"",type: ""Artifact"",version: ""0"",local port: ""42834"",net namespace: ""-1"",local address: ""10.1.251.204"",protocol: ""udp"",subtype: ""network socket"",remote address: ""10.152.183.10"",hash: ""c5fb5ddfc30eb5f2913e9507fae7bb68""})"
"(:VERTEX {memory address: ""7eff8ff68000"",size: ""2000"",subtype: ""memory"",tgid: ""189122"",source: ""syscall"",type: ""Artifact"",version: ""1"",hash: ""36291873a284b7652b5da10b912f1227""})"
"(:VERTEX {memory address: ""7eff8ff68000"",size: ""2000"",subtype: ""memory"",tgid: ""189122"",source: ""syscall"",type: ""Artifact"",version: ""2"",hash: ""461895fe0cd1d70c61b5eecd9b85d682""})"
"(:VERTEX {memory address: ""7eff8ff68000"",size: ""2000"",subtype: ""memory"",tgid: ""189122"",source: ""syscall"",type: ""Artifact"",version: ""3"",hash: ""ee4b200b7f48473a7a5f3f8015415148""})"
"(:VERTEX {memory address: ""7eff8ff68000"",size: ""2000"",subtype: ""memory"",tgid: ""189122"",source: ""syscall"",type: ""Artifact"",version: ""4"",hash: ""7f497ed899d448b92cab161f47b313ea""})"
"(:VERTEX {memory address: ""7f0857890000"",size: ""4000"",subtype: ""memory"",tgid: ""189893"",source: ""syscall"",type: ""Artifact"",version: ""2"",hash: ""e5f654f252b53bdcea082fd9d5b94500""})"
"(:VERTEX {memory address: ""7f08556da000"",size: ""7000"",subtype: ""memory"",tgid: ""189893"",source: ""syscall"",type: ""Artifact"",version: ""0"",hash: ""05e94cbbbb405de3da1df7382a964a97""})"
"(:VERTEX {memory address: ""7f08556c6000"",size: ""9000"",subtype: ""memory"",tgid: ""189893"",source: ""syscall"",type: ""Artifact"",version: ""6"",hash: ""84eb59c066cbea1b7aa309ff829de541""})"
"(:VERTEX {memory address: ""7f08556ad000"",size: ""9000"",subtype: ""memory"",tgid: ""189893"",source: ""syscall"",type: ""Artifact"",version: ""5"",hash: ""bb97adb23b4480a0b1767ffecc560cd6""})"
"(:VERTEX {memory address: ""7f0855686000"",size: ""15000"",subtype: ""memory"",tgid: ""189893"",source: ""syscall"",type: ""Artifact"",version: ""0"",hash: ""051e9d7035cfa87af8cb800bf2310077""})"
"(:VERTEX {memory address: ""7f08556d8000"",size: ""9000"",subtype: ""memory"",tgid: ""189893"",source: ""syscall"",type: ""Artifact"",version: ""8"",hash: ""3d7a86439ff563f94ada50028229d281""})"
"(:VERTEX {memory address: ""7f08556c6000"",size: ""9000"",subtype: ""memory"",tgid: ""189893"",source: ""syscall"",type: ""Artifact"",version: ""7"",hash: ""2106ae83af8ac9af042da84e9ef7f624""})"
"(:VERTEX {memory address: ""7f08556ad000"",size: ""9000"",subtype: ""memory"",tgid: ""189893"",source: ""syscall"",type: ""Artifact"",version: ""6"",hash: ""21d2ac344d1eb57fa7994917eef194c1""})"
"(:VERTEX {memory address: ""7f0857890000"",size: ""4000"",subtype: ""memory"",tgid: ""189893"",source: ""syscall"",type: ""Artifact"",version: ""3"",hash: ""fd52fcb9a893cef92834386a31f7f422""})"
"(:VERTEX {memory address: ""7f08556da000"",size: ""7000"",subtype: ""memory"",tgid: ""189893"",source: ""syscall"",type: ""Artifact"",version: ""1"",hash: ""a1f0a317622981867153261960dbcdf4""})"
"(:VERTEX {memory address: ""7f08556c6000"",size: ""9000"",subtype: ""memory"",tgid: ""189893"",source: ""syscall"",type: ""Artifact"",version: ""8"",hash: ""fd6eb152f9a82665b28efb7bdad017be""})"
"(:VERTEX {memory address: ""7f08556a4000"",size: ""9000"",subtype: ""memory"",tgid: ""189893"",source: ""syscall"",type: ""Artifact"",version: ""9"",hash: ""5df0356beaa7a8ecc2ef5024d6010209""})"
"(:VERTEX {memory address: ""7f08556d8000"",size: ""9000"",subtype: ""memory"",tgid: ""189893"",source: ""syscall"",type: ""Artifact"",version: ""9"",hash: ""1952f5cfd00afc14d0ae57779d49dd3e""})"
"(:VERTEX {memory address: ""7f0855692000"",size: ""9000"",subtype: ""memory"",tgid: ""189893"",source: ""syscall"",type: ""Artifact"",version: ""4"",hash: ""8ed7e09b176d69fbfa74be375dc3b307""})"
"(:VERTEX {memory address: ""7f0855689000"",size: ""9000"",subtype: ""memory"",tgid: ""189893"",source: ""syscall"",type: ""Artifact"",version: ""10"",hash: ""7c0672fa73d4ccddf3a1d51f07a8f09a""})"
"(:VERTEX {memory address: ""7f0855680000"",size: ""9000"",subtype: ""memory"",tgid: ""189893"",source: ""syscall"",type: ""Artifact"",version: ""3"",hash: ""801e917d240e8055cbe94ef08ef5ad5a""})"
"(:VERTEX {memory address: ""7f0855677000"",size: ""9000"",subtype: ""memory"",tgid: ""189893"",source: ""syscall"",type: ""Artifact"",version: ""8"",hash: ""a74ccf9e8eb74c2afcefc908475c375e""})"
"(:VERTEX {memory address: ""7f0855660000"",size: ""9000"",subtype: ""memory"",tgid: ""189893"",source: ""syscall"",type: ""Artifact"",version: ""9"",hash: ""a06f59c3e4cc40af280eb5f99b4eba72""})"
"(:VERTEX {memory address: ""7f085563e000"",size: ""9000"",subtype: ""memory"",tgid: ""189893"",source: ""syscall"",type: ""Artifact"",version: ""6"",hash: ""33183931b2a4979d7ab82b62ec8e5878""})"
"(:VERTEX {memory address: ""7f08556d8000"",size: ""9000"",subtype: ""memory"",tgid: ""189893"",source: ""syscall"",type: ""Artifact"",version: ""10"",hash: ""8ca8196fb18b017760514f0a15ccc2ec""})"
"(:VERTEX {memory address: ""7f08556c0000"",size: ""6000"",subtype: ""memory"",tgid: ""189893"",source: ""syscall"",type: ""Artifact"",version: ""3"",hash: ""b544efcc9d77e099c7487f3ee31a1161""})"
"(:VERTEX {memory address: ""7f0855692000"",size: ""9000"",subtype: ""memory"",tgid: ""189893"",source: ""syscall"",type: ""Artifact"",version: ""5"",hash: ""db8592c9a6d2ba19572061b5a3f6e53c""})"
"(:VERTEX {memory address: ""7f0855677000"",size: ""9000"",subtype: ""memory"",tgid: ""189893"",source: ""syscall"",type: ""Artifact"",version: ""9"",hash: ""7c3e39b9812fdf6646b1957915f6c696""})"
"(:VERTEX {memory address: ""7f0855660000"",size: ""9000"",subtype: ""memory"",tgid: ""189893"",source: ""syscall"",type: ""Artifact"",version: ""10"",hash: ""ea9fded8a1b3d631b4d14687820780da""})"
"(:VERTEX {memory address: ""7f0855635000"",size: ""9000"",subtype: ""memory"",tgid: ""189893"",source: ""syscall"",type: ""Artifact"",version: ""10"",hash: ""d300e5ecafe17f81e09205d916100f7a""})"
"(:VERTEX {memory address: ""7f085562c000"",size: ""9000"",subtype: ""memory"",tgid: ""189893"",source: ""syscall"",type: ""Artifact"",version: ""4"",hash: ""34439867790d3461abc57021f3b5114d""})"
"(:VERTEX {memory address: ""7f08578b0000"",size: ""9000"",subtype: ""memory"",tgid: ""189893"",source: ""syscall"",type: ""Artifact"",version: ""8"",hash: ""b0bab5631915033a5922f55a197a270f""})"
"(:VERTEX {memory address: ""7f085772b000"",size: ""9000"",subtype: ""memory"",tgid: ""189893"",source: ""syscall"",type: ""Artifact"",version: ""24"",hash: ""c261514f927d25ba71e4f81cc38fff4c""})"
"(:VERTEX {memory address: ""7f08556c6000"",size: ""9000"",subtype: ""memory"",tgid: ""189893"",source: ""syscall"",type: ""Artifact"",version: ""9"",hash: ""980b60c848cfdf42fabf5170b1a9ab59""})"
"(:VERTEX {memory address: ""7f08556bd000"",size: ""9000"",subtype: ""memory"",tgid: ""189893"",source: ""syscall"",type: ""Artifact"",version: ""5"",hash: ""1b1c3f4205ba1d736ee68bac0917ef9c""})"
"(:VERTEX {memory address: ""7f08556a4000"",size: ""9000"",subtype: ""memory"",tgid: ""189893"",source: ""syscall"",type: ""Artifact"",version: ""10"",hash: ""caac9eb6894ea5874b90af14672dcd26""})"
"(:VERTEX {memory address: ""7f0855692000"",size: ""9000"",subtype: ""memory"",tgid: ""189893"",source: ""syscall"",type: ""Artifact"",version: ""6"",hash: ""a515e3c416149726d088e5a7ebea043d""})"
"(:VERTEX {memory address: ""7f0855689000"",size: ""9000"",subtype: ""memory"",tgid: ""189893"",source: ""syscall"",type: ""Artifact"",version: ""11"",hash: ""4475e1a7eca4a9fc0f838f5f6a776422""})"
"(:VERTEX {memory address: ""7f0855680000"",size: ""9000"",subtype: ""memory"",tgid: ""189893"",source: ""syscall"",type: ""Artifact"",version: ""4"",hash: ""b021b2221aa2f2bf39b6a2a50550be14""})"
"(:VERTEX {memory address: ""7f085566e000"",size: ""9000"",subtype: ""memory"",tgid: ""189893"",source: ""syscall"",type: ""Artifact"",version: ""0"",hash: ""712678c25cf9cea202eb7d605b042041""})"
"(:VERTEX {memory address: ""7f085563e000"",size: ""9000"",subtype: ""memory"",tgid: ""189893"",source: ""syscall"",type: ""Artifact"",version: ""7"",hash: ""f76fd4087d66e252488e80a62f8e1781""})"
"(:VERTEX {memory address: ""7f0855623000"",size: ""9000"",subtype: ""memory"",tgid: ""189893"",source: ""syscall"",type: ""Artifact"",version: ""5"",hash: ""4b310b0dec0fb3e03730d815c1965697""})"
"(:VERTEX {memory address: ""7f085561a000"",size: ""9000"",subtype: ""memory"",tgid: ""189893"",source: ""syscall"",type: ""Artifact"",version: ""2"",hash: ""1feb563a88345c8d95623bdfbadd1a92""})"
"(:VERTEX {memory address: ""7f0855611000"",size: ""9000"",subtype: ""memory"",tgid: ""189893"",source: ""syscall"",type: ""Artifact"",version: ""5"",hash: ""13808e3ce05fc8b1746888c902930f8d""})"
"(:VERTEX {memory address: ""7f0855608000"",size: ""9000"",subtype: ""memory"",tgid: ""189893"",source: ""syscall"",type: ""Artifact"",version: ""4"",hash: ""efa66f1904fcd1213d76a0cd166a22b7""})"
"(:VERTEX {memory address: ""7f08555ff000"",size: ""9000"",subtype: ""memory"",tgid: ""189893"",source: ""syscall"",type: ""Artifact"",version: ""2"",hash: ""cc9d4af5f074ebaedd2929f96cb65676""})"
"(:VERTEX {memory address: ""7f0855692000"",size: ""9000"",subtype: ""memory"",tgid: ""189893"",source: ""syscall"",type: ""Artifact"",version: ""7"",hash: ""d0d9bfe30e35326c7a9d84d479a78dd2""})"
"(:VERTEX {memory address: ""7f0855623000"",size: ""9000"",subtype: ""memory"",tgid: ""189893"",source: ""syscall"",type: ""Artifact"",version: ""6"",hash: ""200676b7a4ae872c74e15d645822fd0f""})"
"(:VERTEX {memory address: ""7f08555ff000"",size: ""9000"",subtype: ""memory"",tgid: ""189893"",source: ""syscall"",type: ""Artifact"",version: ""3"",hash: ""0b208a2d82e029189eec099a3cad2267""})"
"(:VERTEX {memory address: ""7f08555f6000"",size: ""9000"",subtype: ""memory"",tgid: ""189893"",source: ""syscall"",type: ""Artifact"",version: ""2"",hash: ""0f9bb83820ab6849ce900d5355923afe""})"
"(:VERTEX {memory address: ""7f08555ed000"",size: ""9000"",subtype: ""memory"",tgid: ""189893"",source: ""syscall"",type: ""Artifact"",version: ""2"",hash: ""414610f7d79910790a41b4e5a6ca59e7""})"
"(:VERTEX {memory address: ""7f0855623000"",size: ""9000"",subtype: ""memory"",tgid: ""189893"",source: ""syscall"",type: ""Artifact"",version: ""7"",hash: ""e09d5659aa85aad133f09274e0e39c63""})"
"(:VERTEX {memory address: ""7f08555e4000"",size: ""9000"",subtype: ""memory"",tgid: ""189893"",source: ""syscall"",type: ""Artifact"",version: ""3"",hash: ""2566c01a3d95031590a836997e88f6c3""})"
"(:VERTEX {memory address: ""7eff8ff68000"",size: ""2000"",subtype: ""memory"",tgid: ""189122"",source: ""syscall"",type: ""Artifact"",version: ""5"",hash: ""18350c507e9ddb7dace81acd544dd18e""})"
"(:VERTEX {memory address: ""7eff8ff68000"",size: ""2000"",subtype: ""memory"",tgid: ""189122"",source: ""syscall"",type: ""Artifact"",version: ""6"",hash: ""737bbbd30b71a655596232befef835f5""})"
"(:VERTEX {memory address: ""7eff8ff68000"",size: ""2000"",subtype: ""memory"",tgid: ""189122"",source: ""syscall"",type: ""Artifact"",version: ""7"",hash: ""44a340088199f2fb8d0f8c31db47a977""})"
"(:VERTEX {memory address: ""7f08556be000"",size: ""11000"",subtype: ""memory"",tgid: ""189893"",source: ""syscall"",type: ""Artifact"",version: ""0"",hash: ""7cf2b0b680a2206119813c61f87edd62""})"
"(:VERTEX {memory address: ""7f08556f2000"",size: ""11000"",subtype: ""memory"",tgid: ""189893"",source: ""syscall"",type: ""Artifact"",version: ""179"",hash: ""be456b594d1caa1891853c91d05a662f""})"
"(:VERTEX {memory address: ""7f08556f2000"",size: ""11000"",subtype: ""memory"",tgid: ""189893"",source: ""syscall"",type: ""Artifact"",version: ""180"",hash: ""f56a233f70afcdb6b9483391931e8f1c""})"
"(:VERTEX {memory address: ""7f08556f2000"",size: ""11000"",subtype: ""memory"",tgid: ""189893"",source: ""syscall"",type: ""Artifact"",version: ""181"",hash: ""54297a83122be8b6819885942375eb34""})"
"(:VERTEX {memory address: ""7f08556f2000"",size: ""11000"",subtype: ""memory"",tgid: ""189893"",source: ""syscall"",type: ""Artifact"",version: ""182"",hash: ""7ff8638d9f5b46213263f379605310c9""})"
"(:VERTEX {memory address: ""7f0857908000"",size: ""2000"",subtype: ""memory"",tgid: ""189893"",source: ""syscall"",type: ""Artifact"",version: ""11"",hash: ""5191ab9c94b80e0462ca6a799c6017e7""})"
"(:VERTEX {memory address: ""7f08578b2000"",size: ""7000"",subtype: ""memory"",tgid: ""189893"",source: ""syscall"",type: ""Artifact"",version: ""4"",hash: ""4f22999629bac30f1e28274c97040317""})"
"(:VERTEX {memory address: ""7f0857894000"",size: ""9000"",subtype: ""memory"",tgid: ""189893"",source: ""syscall"",type: ""Artifact"",version: ""7"",hash: ""0b2b4b234ef7994f4638b4aeabfbc4c1""})"
"(:VERTEX {memory address: ""7f085772b000"",size: ""9000"",subtype: ""memory"",tgid: ""189893"",source: ""syscall"",type: ""Artifact"",version: ""25"",hash: ""4feb463de570d641b0bb1f0d1b2f1dcd""})"
"(:VERTEX {memory address: ""7f08556fa000"",size: ""9000"",subtype: ""memory"",tgid: ""189893"",source: ""syscall"",type: ""Artifact"",version: ""16"",hash: ""95aaf1b8b13064aa1c2371b263e6d685""})"
"(:VERTEX {memory address: ""7f08556ea000"",size: ""10000"",subtype: ""memory"",tgid: ""189893"",source: ""syscall"",type: ""Artifact"",version: ""35"",hash: ""5ebf6499f60f95111e7e226ceda3cd1c""})"
"(:VERTEX {memory address: ""7f08556ea000"",size: ""10000"",subtype: ""memory"",tgid: ""189893"",source: ""syscall"",type: ""Artifact"",version: ""36"",hash: ""bc3eb19f838a0b17563f077f409808e4""})"
"(:VERTEX {memory address: ""7f08556ea000"",size: ""10000"",subtype: ""memory"",tgid: ""189893"",source: ""syscall"",type: ""Artifact"",version: ""37"",hash: ""d61fe4b7e38fae43d8f9a99be20a2b36""})"
"(:VERTEX {memory address: ""7f08556ea000"",size: ""10000"",subtype: ""memory"",tgid: ""189893"",source: ""syscall"",type: ""Artifact"",version: ""38"",hash: ""025f3ac7f2296609ad1dd95ed05553f4""})"
"(:VERTEX {memory address: ""7f08556ea000"",size: ""10000"",subtype: ""memory"",tgid: ""189893"",source: ""syscall"",type: ""Artifact"",version: ""39"",hash: ""c99822f0fe486d099d1b4744ec60bec3""})"
"(:VERTEX {memory address: ""7f08556ea000"",size: ""10000"",subtype: ""memory"",tgid: ""189893"",source: ""syscall"",type: ""Artifact"",version: ""40"",hash: ""aee21c03ff47431c4dfc8df96237cf27""})"
"(:VERTEX {memory address: ""7f08556ea000"",size: ""10000"",subtype: ""memory"",tgid: ""189893"",source: ""syscall"",type: ""Artifact"",version: ""41"",hash: ""e8f8a29f68398b7d23eafa7dbbd22f17""})"
"(:VERTEX {memory address: ""7f08556ea000"",size: ""10000"",subtype: ""memory"",tgid: ""189893"",source: ""syscall"",type: ""Artifact"",version: ""42"",hash: ""91535e9da918afe0d0462d147c7951c3""})"
"(:VERTEX {memory address: ""7f08556ea000"",size: ""10000"",subtype: ""memory"",tgid: ""189893"",source: ""syscall"",type: ""Artifact"",version: ""43"",hash: ""3cf1a7a4b9b756e07d961783680fd4ca""})"
"(:VERTEX {memory address: ""7f08556ea000"",size: ""10000"",subtype: ""memory"",tgid: ""189893"",source: ""syscall"",type: ""Artifact"",version: ""44"",hash: ""f7399f6e9d8ab78d8f701d94e79bcdb5""})"
"(:VERTEX {memory address: ""7f08556ea000"",size: ""10000"",subtype: ""memory"",tgid: ""189893"",source: ""syscall"",type: ""Artifact"",version: ""45"",hash: ""23d04e173ce7b2d427f9d2cecd849dd2""})"
"(:VERTEX {memory address: ""7f08556f2000"",size: ""11000"",subtype: ""memory"",tgid: ""189893"",source: ""syscall"",type: ""Artifact"",version: ""183"",hash: ""58d88feecc9b84b4da057563e1539676""})"
"(:VERTEX {memory address: ""7f08556f2000"",size: ""11000"",subtype: ""memory"",tgid: ""189893"",source: ""syscall"",type: ""Artifact"",version: ""184"",hash: ""f9930cbe4d8118cbfc9a099dff6f73fa""})"
"(:VERTEX {memory address: ""7f08556f2000"",size: ""11000"",subtype: ""memory"",tgid: ""189893"",source: ""syscall"",type: ""Artifact"",version: ""185"",hash: ""c5bef8afa2660a50b9f16ffb948f8d44""})"
"(:VERTEX {memory address: ""7f08556f2000"",size: ""11000"",subtype: ""memory"",tgid: ""189893"",source: ""syscall"",type: ""Artifact"",version: ""186"",hash: ""f21a36288bbae5627ace4875b0422113""})"
"(:VERTEX {memory address: ""7f08556f2000"",size: ""11000"",subtype: ""memory"",tgid: ""189893"",source: ""syscall"",type: ""Artifact"",version: ""187"",hash: ""52141bcce720a11661fd07dbf50c59ba""})"
"(:VERTEX {memory address: ""7f08556f2000"",size: ""11000"",subtype: ""memory"",tgid: ""189893"",source: ""syscall"",type: ""Artifact"",version: ""188"",hash: ""d93d876172430e47de7599f10e9ebe22""})"
"(:VERTEX {memory address: ""7f08556f2000"",size: ""11000"",subtype: ""memory"",tgid: ""189893"",source: ""syscall"",type: ""Artifact"",version: ""189"",hash: ""e18a5a9dec90e63bb61e6e5808f522c6""})"
"(:VERTEX {memory address: ""7f08556f2000"",size: ""11000"",subtype: ""memory"",tgid: ""189893"",source: ""syscall"",type: ""Artifact"",version: ""190"",hash: ""671346dff0213f59a097cbc5bd5face2""})"
"(:VERTEX {memory address: ""7f08556f2000"",size: ""11000"",subtype: ""memory"",tgid: ""189893"",source: ""syscall"",type: ""Artifact"",version: ""191"",hash: ""8a92ede1839ac70c3498239398b7d37c""})"
"(:VERTEX {memory address: ""7f08556f2000"",size: ""11000"",subtype: ""memory"",tgid: ""189893"",source: ""syscall"",type: ""Artifact"",version: ""192"",hash: ""fd9395986859bb5a608e573d64bfc4f3""})"
"(:VERTEX {memory address: ""7f0857908000"",size: ""2000"",subtype: ""memory"",tgid: ""189893"",source: ""syscall"",type: ""Artifact"",version: ""12"",hash: ""54333a88354167e3063cd4f496202e04""})"
"(:VERTEX {memory address: ""7f08578b2000"",size: ""7000"",subtype: ""memory"",tgid: ""189893"",source: ""syscall"",type: ""Artifact"",version: ""5"",hash: ""3731d38df89b71d876edf45a0d2b7c6a""})"
"(:VERTEX {memory address: ""7f0857894000"",size: ""9000"",subtype: ""memory"",tgid: ""189893"",source: ""syscall"",type: ""Artifact"",version: ""8"",hash: ""c2bc299a2412a916dd6b75a5d091c335""})"
"(:VERTEX {memory address: ""7f08556f2000"",size: ""11000"",subtype: ""memory"",tgid: ""189893"",source: ""syscall"",type: ""Artifact"",version: ""193"",hash: ""76391d23e87c0d77ad0caf3b9c7f22a4""})"
"(:VERTEX {memory address: ""7f08556f2000"",size: ""11000"",subtype: ""memory"",tgid: ""189893"",source: ""syscall"",type: ""Artifact"",version: ""194"",hash: ""d3f136f9d0adbf4491bac675dc0eda91""})"
"(:VERTEX {memory address: ""7f085772b000"",size: ""9000"",subtype: ""memory"",tgid: ""189893"",source: ""syscall"",type: ""Artifact"",version: ""26"",hash: ""08005d335ae300ec6695e6f70ac25c71""})"
"(:VERTEX {memory address: ""7f08556f3000"",size: ""10000"",subtype: ""memory"",tgid: ""189893"",source: ""syscall"",type: ""Artifact"",version: ""24"",hash: ""b3cb025ee1b8a3dacba4e59775fb68c3""})"
"(:VERTEX {memory address: ""7f08556f3000"",size: ""10000"",subtype: ""memory"",tgid: ""189893"",source: ""syscall"",type: ""Artifact"",version: ""25"",hash: ""f0ba9b19ef107e78a3f6838cefff044f""})"
"(:VERTEX {memory address: ""7f08556f3000"",size: ""10000"",subtype: ""memory"",tgid: ""189893"",source: ""syscall"",type: ""Artifact"",version: ""26"",hash: ""c9e829003f0aa92823d8078a5f647182""})"
"(:VERTEX {memory address: ""7f08556f3000"",size: ""10000"",subtype: ""memory"",tgid: ""189893"",source: ""syscall"",type: ""Artifact"",version: ""27"",hash: ""0fc63879b5b0a6feae1b2b7a31295f8d""})"
"(:VERTEX {memory address: ""7f08556f3000"",size: ""10000"",subtype: ""memory"",tgid: ""189893"",source: ""syscall"",type: ""Artifact"",version: ""28"",hash: ""237baa31aa253f0a8fe0ada8e8b74ff8""})"
"(:VERTEX {memory address: ""7f0857818000"",size: ""7000"",subtype: ""memory"",tgid: ""189893"",source: ""syscall"",type: ""Artifact"",version: ""4"",hash: ""7abd7ed4b05f713de42642dce5eb7625""})"
"(:VERTEX {memory address: ""7f08556ea000"",size: ""9000"",subtype: ""memory"",tgid: ""189893"",source: ""syscall"",type: ""Artifact"",version: ""1"",hash: ""0f4b5a453839360175812c8c9157b8b6""})"
"(:VERTEX {memory address: ""7f08556f3000"",size: ""10000"",subtype: ""memory"",tgid: ""189893"",source: ""syscall"",type: ""Artifact"",version: ""29"",hash: ""3cdbd718071f23d22ba0eb76d0bc2689""})"
"(:VERTEX {memory address: ""7f08556f3000"",size: ""10000"",subtype: ""memory"",tgid: ""189893"",source: ""syscall"",type: ""Artifact"",version: ""30"",hash: ""49df8d2b743f069630758a103f1a9499""})"
"(:VERTEX {memory address: ""7f08556f3000"",size: ""10000"",subtype: ""memory"",tgid: ""189893"",source: ""syscall"",type: ""Artifact"",version: ""31"",hash: ""75b6cf47f86671d1b7e25e53785f877a""})"
"(:VERTEX {memory address: ""7f08556f3000"",size: ""10000"",subtype: ""memory"",tgid: ""189893"",source: ""syscall"",type: ""Artifact"",version: ""32"",hash: ""891552acada78cd578ea8da4b56ca70d""})"
"(:VERTEX {memory address: ""7f08556f3000"",size: ""10000"",subtype: ""memory"",tgid: ""189893"",source: ""syscall"",type: ""Artifact"",version: ""33"",hash: ""f9640f9450ea021c2c2afb05936b6fc1""})"
"(:VERTEX {memory address: ""7f08556f3000"",size: ""10000"",subtype: ""memory"",tgid: ""189893"",source: ""syscall"",type: ""Artifact"",version: ""34"",hash: ""19919a18f46d272be1f3b82359a9c7ba""})"
"(:VERTEX {memory address: ""7f085772b000"",size: ""9000"",subtype: ""memory"",tgid: ""189893"",source: ""syscall"",type: ""Artifact"",version: ""27"",hash: ""e587b9ab57aa7f0c98c146ed099bd1e9""})"
"(:VERTEX {memory address: ""7f08556f2000"",size: ""11000"",subtype: ""memory"",tgid: ""189893"",source: ""syscall"",type: ""Artifact"",version: ""195"",hash: ""c369ed553695ba0380eaca6ed332e6f4""})"
"(:VERTEX {memory address: ""7f08556f2000"",size: ""11000"",subtype: ""memory"",tgid: ""189893"",source: ""syscall"",type: ""Artifact"",version: ""196"",hash: ""4cc81fdcec82443d9912a2959b751387""})"
"(:VERTEX {memory address: ""7f0857908000"",size: ""2000"",subtype: ""memory"",tgid: ""189893"",source: ""syscall"",type: ""Artifact"",version: ""13"",hash: ""fccae559b7d6f60d2489bcbc3c76aabd""})"
"(:VERTEX {memory address: ""7f08578b2000"",size: ""7000"",subtype: ""memory"",tgid: ""189893"",source: ""syscall"",type: ""Artifact"",version: ""6"",hash: ""d0bb297797d86daa21f1cefa213a11ab""})"
"(:VERTEX {memory address: ""7f0857894000"",size: ""9000"",subtype: ""memory"",tgid: ""189893"",source: ""syscall"",type: ""Artifact"",version: ""9"",hash: ""9d7e197a5cc33ea9966908e991695322""})"
"(:VERTEX {memory address: ""7f085772b000"",size: ""9000"",subtype: ""memory"",tgid: ""189893"",source: ""syscall"",type: ""Artifact"",version: ""28"",hash: ""f960945e8dcf4f35da6ee0b18490d7a0""})"
"(:VERTEX {memory address: ""7f08556fa000"",size: ""9000"",subtype: ""memory"",tgid: ""189893"",source: ""syscall"",type: ""Artifact"",version: ""17"",hash: ""0ba6a32215cf29942a2a84091b1a8809""})"
"(:VERTEX {memory address: ""7f08556f1000"",size: ""9000"",subtype: ""memory"",tgid: ""189893"",source: ""syscall"",type: ""Artifact"",version: ""20"",hash: ""45c36339e3fdb2e61cbb80835b7fd5d5""})"
"(:VERTEX {memory address: ""7f08556f1000"",size: ""9000"",subtype: ""memory"",tgid: ""189893"",source: ""syscall"",type: ""Artifact"",version: ""21"",hash: ""14fa98b1aa2c8211ff55ba868b2aae5b""})"
"(:VERTEX {memory address: ""7f0857818000"",size: ""7000"",subtype: ""memory"",tgid: ""189893"",source: ""syscall"",type: ""Artifact"",version: ""5"",hash: ""287416ccfc400bd154b0d854d39787e8""})"
"(:VERTEX {memory address: ""7f08556e8000"",size: ""9000"",subtype: ""memory"",tgid: ""189893"",source: ""syscall"",type: ""Artifact"",version: ""16"",hash: ""060c79ee12585456b0363fe33fe03eb8""})"
"(:VERTEX {memory address: ""7f08556e1000"",size: ""10000"",subtype: ""memory"",tgid: ""189893"",source: ""syscall"",type: ""Artifact"",version: ""9"",hash: ""e8aa02bf0041a119a4856706f5e95767""})"
"(:VERTEX {memory address: ""7f08556e1000"",size: ""10000"",subtype: ""memory"",tgid: ""189893"",source: ""syscall"",type: ""Artifact"",version: ""10"",hash: ""a0680d18b61b29d00aaaf96377216bd8""})"
"(:VERTEX {memory address: ""7f08556d8000"",size: ""9000"",subtype: ""memory"",tgid: ""189893"",source: ""syscall"",type: ""Artifact"",version: ""11"",hash: ""6809b24269530d44df2b79d0cfdf01c2""})"
"(:VERTEX {memory address: ""7f08556cf000"",size: ""9000"",subtype: ""memory"",tgid: ""189893"",source: ""syscall"",type: ""Artifact"",version: ""2"",hash: ""77e7b3c070d6598d9db6e58220702395""})"
"(:VERTEX {memory address: ""7f08556be000"",size: ""11000"",subtype: ""memory"",tgid: ""189893"",source: ""syscall"",type: ""Artifact"",version: ""1"",hash: ""e8114c9e574e71fd383d741fb590ac3a""})"
"(:VERTEX {remote port: ""53"",epoch: ""0"",source: ""syscall"",type: ""Artifact"",version: ""0"",local port: ""59124"",net namespace: ""-1"",local address: ""10.1.251.204"",protocol: ""udp"",subtype: ""network socket"",remote address: ""10.152.183.10"",hash: ""32c55ec10b9bdbb28b7f830c8bca3aaa""})"
"(:VERTEX {remote port: ""53"",epoch: ""1"",source: ""syscall"",type: ""Artifact"",version: ""0"",local port: ""59124"",net namespace: ""-1"",local address: ""10.1.251.204"",protocol: ""udp"",subtype: ""network socket"",remote address: ""10.152.183.10"",hash: ""ef36300af2ea5c851349870d3efc5f82""})"
"(:VERTEX {remote port: ""53"",epoch: ""0"",source: ""syscall"",type: ""Artifact"",version: ""0"",local port: ""35205"",net namespace: ""-1"",local address: ""10.1.251.204"",protocol: ""udp"",subtype: ""network socket"",remote address: ""10.152.183.10"",hash: ""6c89fa22d3cf8ec0d863f4bfe1ae8881""})"
"(:VERTEX {remote port: ""53"",epoch: ""1"",source: ""syscall"",type: ""Artifact"",version: ""0"",local port: ""35205"",net namespace: ""-1"",local address: ""10.1.251.204"",protocol: ""udp"",subtype: ""network socket"",remote address: ""10.152.183.10"",hash: ""c63cfce26007b5a239beb5dd55f1b126""})"
"(:VERTEX {remote port: ""53"",epoch: ""2"",source: ""syscall"",type: ""Artifact"",version: ""0"",local port: ""59124"",net namespace: ""-1"",local address: ""10.1.251.204"",protocol: ""udp"",subtype: ""network socket"",remote address: ""10.152.183.10"",hash: ""da328f9101534ed690134ff85e84ec0b""})"
"(:VERTEX {memory address: ""7f08556e1000"",size: ""10000"",subtype: ""memory"",tgid: ""189893"",source: ""syscall"",type: ""Artifact"",version: ""11"",hash: ""c5d7a469289d8a2cca0b4ad3b1e00373""})"
"(:VERTEX {memory address: ""7f0857819000"",size: ""6000"",subtype: ""memory"",tgid: ""189893"",source: ""syscall"",type: ""Artifact"",version: ""5"",hash: ""bc42377c2c3fbc45f8f00b81582b4ceb""})"
"(:VERTEX {memory address: ""7f08556e1000"",size: ""10000"",subtype: ""memory"",tgid: ""189893"",source: ""syscall"",type: ""Artifact"",version: ""12"",hash: ""701157bcd05060b845372d5ba5ff2b22""})"
"(:VERTEX {memory address: ""7f08556e1000"",size: ""10000"",subtype: ""memory"",tgid: ""189893"",source: ""syscall"",type: ""Artifact"",version: ""13"",hash: ""a40a3594f775dbb5e2a5a1e908afbbb8""})"
"(:VERTEX {memory address: ""7f08556d8000"",size: ""9000"",subtype: ""memory"",tgid: ""189893"",source: ""syscall"",type: ""Artifact"",version: ""12"",hash: ""ebdeb552125bd655bc2dcde4cfe08d7e""})"
"(:VERTEX {memory address: ""7f08556c6000"",size: ""9000"",subtype: ""memory"",tgid: ""189893"",source: ""syscall"",type: ""Artifact"",version: ""10"",hash: ""d6537b9dae9724de22642f1a40093ead""})"
"(:VERTEX {memory address: ""7f08556e1000"",size: ""10000"",subtype: ""memory"",tgid: ""189893"",source: ""syscall"",type: ""Artifact"",version: ""14"",hash: ""ead783d52df42264027cb78b999c89f4""})"
"(:VERTEX {memory address: ""7f08556e1000"",size: ""10000"",subtype: ""memory"",tgid: ""189893"",source: ""syscall"",type: ""Artifact"",version: ""15"",hash: ""b4e43766285e293821f1e2493a83f78c""})"
"(:VERTEX {memory address: ""7f08556e1000"",size: ""10000"",subtype: ""memory"",tgid: ""189893"",source: ""syscall"",type: ""Artifact"",version: ""16"",hash: ""e02dac48e783918884c0a5cec9439ce5""})"
"(:VERTEX {memory address: ""7f08556e1000"",size: ""10000"",subtype: ""memory"",tgid: ""189893"",source: ""syscall"",type: ""Artifact"",version: ""17"",hash: ""1b0fa6dc0b2856fe8e464f899a457866""})"
"(:VERTEX {memory address: ""7f0857819000"",size: ""6000"",subtype: ""memory"",tgid: ""189893"",source: ""syscall"",type: ""Artifact"",version: ""6"",hash: ""f2cce1c9618a6d65d34701d047b38045""})"
"(:VERTEX {memory address: ""7f08556d8000"",size: ""9000"",subtype: ""memory"",tgid: ""189893"",source: ""syscall"",type: ""Artifact"",version: ""13"",hash: ""a0fb99dd9700f3363494399de9b8fd01""})"
"(:VERTEX {remote port: ""53"",epoch: ""2"",source: ""syscall"",type: ""Artifact"",version: ""0"",local port: ""35205"",net namespace: ""-1"",local address: ""10.1.251.204"",protocol: ""udp"",subtype: ""network socket"",remote address: ""10.152.183.10"",hash: ""dab92edfe773215b9b02786c398feaea""})"
"(:VERTEX {memory address: ""7f08556c6000"",size: ""9000"",subtype: ""memory"",tgid: ""189893"",source: ""syscall"",type: ""Artifact"",version: ""11"",hash: ""67d193888e878c9845ee8391640fc59c""})"
"(:VERTEX {memory address: ""7f08556e1000"",size: ""10000"",subtype: ""memory"",tgid: ""189893"",source: ""syscall"",type: ""Artifact"",version: ""18"",hash: ""317593ea424102c1425b1c65b74c7163""})"
"(:VERTEX {memory address: ""7f08556e1000"",size: ""10000"",subtype: ""memory"",tgid: ""189893"",source: ""syscall"",type: ""Artifact"",version: ""19"",hash: ""2636d2019feab75ff2f181f803f934fa""})"
"(:VERTEX {memory address: ""7f08556c6000"",size: ""9000"",subtype: ""memory"",tgid: ""189893"",source: ""syscall"",type: ""Artifact"",version: ""12"",hash: ""e0318c11f20872298e3b822273eb81e5""})"
"(:VERTEX {memory address: ""7f08556fa000"",size: ""9000"",subtype: ""memory"",tgid: ""189893"",source: ""syscall"",type: ""Artifact"",version: ""18"",hash: ""5d43fbf25c573e0f93837d8e10384fab""})"
"(:VERTEX {memory address: ""7f08556f1000"",size: ""9000"",subtype: ""memory"",tgid: ""189893"",source: ""syscall"",type: ""Artifact"",version: ""22"",hash: ""8c327410ad416b172cae4adc957379c1""})"
"(:VERTEX {memory address: ""7f08556d8000"",size: ""9000"",subtype: ""memory"",tgid: ""189893"",source: ""syscall"",type: ""Artifact"",version: ""14"",hash: ""37acca3b7831e78b60a91eeb288f2354""})"
"(:VERTEX {memory address: ""7f08556f2000"",size: ""11000"",subtype: ""memory"",tgid: ""189893"",source: ""syscall"",type: ""Artifact"",version: ""197"",hash: ""15d5da9f33c37050b76d7e91bb04881a""})"
"(:VERTEX {memory address: ""7f08556f2000"",size: ""11000"",subtype: ""memory"",tgid: ""189893"",source: ""syscall"",type: ""Artifact"",version: ""198"",hash: ""08ba03d6dddf7c15eadd7969c6633a2f""})"
"(:VERTEX {memory address: ""7eff8ff68000"",size: ""2000"",subtype: ""memory"",tgid: ""189122"",source: ""syscall"",type: ""Artifact"",version: ""8"",hash: ""70323f08baffd505a0828b5fd9a6b108""})"
"(:VERTEX {memory address: ""7eff8ff68000"",size: ""2000"",subtype: ""memory"",tgid: ""189122"",source: ""syscall"",type: ""Artifact"",version: ""9"",hash: ""832f35ead940d46759af819be55a1667""})"
"(:VERTEX {memory address: ""7eff8ff68000"",size: ""2000"",subtype: ""memory"",tgid: ""189122"",source: ""syscall"",type: ""Artifact"",version: ""10"",hash: ""f045d824d198cf8f9df987cb01a0444d""})"
"(:VERTEX {memory address: ""7eff8ff68000"",size: ""2000"",subtype: ""memory"",tgid: ""189122"",source: ""syscall"",type: ""Artifact"",version: ""11"",hash: ""3c83348093d297e3b08c331ea3df3ac0""})"
"(:VERTEX {memory address: ""7f08556f2000"",size: ""11000"",subtype: ""memory"",tgid: ""189893"",source: ""syscall"",type: ""Artifact"",version: ""199"",hash: ""a130965191c732fdf664237f7e3865df""})"
"(:VERTEX {memory address: ""7eff8ff68000"",size: ""2000"",subtype: ""memory"",tgid: ""189122"",source: ""syscall"",type: ""Artifact"",version: ""12"",hash: ""11a93db0c273fd603a63a64180920147""})"
"(:VERTEX {memory address: ""7f08556f2000"",size: ""11000"",subtype: ""memory"",tgid: ""189893"",source: ""syscall"",type: ""Artifact"",version: ""200"",hash: ""35c3340aaa44652a500298e6a0dd8591""})"
"(:VERTEX {memory address: ""7eff8ff68000"",size: ""2000"",subtype: ""memory"",tgid: ""189122"",source: ""syscall"",type: ""Artifact"",version: ""13"",hash: ""2ab25ec77b35e810eabd80229ef21d0a""})"
"(:VERTEX {memory address: ""7eff8ff68000"",size: ""2000"",subtype: ""memory"",tgid: ""189122"",source: ""syscall"",type: ""Artifact"",version: ""14"",hash: ""a7fae1b236baa25a9800735b92ade401""})"
"(:VERTEX {memory address: ""7eff8ff68000"",size: ""2000"",subtype: ""memory"",tgid: ""189122"",source: ""syscall"",type: ""Artifact"",version: ""15"",hash: ""ece49e2f133a2dd03a66e8bf01666bb1""})"
"(:VERTEX {memory address: ""7eff8ff68000"",size: ""2000"",subtype: ""memory"",tgid: ""189122"",source: ""syscall"",type: ""Artifact"",version: ""16"",hash: ""1e5cded8df443f3779c83a638637a068""})"
"(:VERTEX {memory address: ""7eff8ff68000"",size: ""2000"",subtype: ""memory"",tgid: ""189122"",source: ""syscall"",type: ""Artifact"",version: ""17"",hash: ""77fb0fdc1e1e5e9d9c1b61232342d6ba""})"
"(:VERTEX {memory address: ""7eff8ff68000"",size: ""2000"",subtype: ""memory"",tgid: ""189122"",source: ""syscall"",type: ""Artifact"",version: ""18"",hash: ""c40aee468fe23a486c3ab32ec320376c""})"
"(:VERTEX {memory address: ""7eff8ff68000"",size: ""2000"",subtype: ""memory"",tgid: ""189122"",source: ""syscall"",type: ""Artifact"",version: ""19"",hash: ""4d353f2affd334dc43b675f63a382b0e""})"
"(:VERTEX {path: ""/sys/fs/cgroup/cpu,cpuacct/cpu.cfs_quota_us"",subtype: ""file"",permissions: ""0644"",epoch: ""0"",source: ""syscall"",type: ""Artifact"",version: ""0"",hash: ""57358a6045f89e1af3557f91ca6b0945""})"
"(:VERTEX {memory address: ""7eff8ff66000"",size: ""2000"",subtype: ""memory"",tgid: ""189122"",source: ""syscall"",type: ""Artifact"",version: ""0"",hash: ""1af812193ea2e34807439dd330b944c6""})"
"(:VERTEX {path: ""/sys/fs/cgroup/cpu,cpuacct/cpu.cfs_period_us"",subtype: ""file"",permissions: ""0644"",epoch: ""0"",source: ""syscall"",type: ""Artifact"",version: ""0"",hash: ""de3bd71837cac961dfb92c8a1150859b""})"
"(:VERTEX {memory address: ""7eff8ff66000"",size: ""2000"",subtype: ""memory"",tgid: ""189122"",source: ""syscall"",type: ""Artifact"",version: ""1"",hash: ""a0d72959b8405127d565224af4d86a24""})"
"(:VERTEX {memory address: ""7eff8ff66000"",size: ""2000"",subtype: ""memory"",tgid: ""189122"",source: ""syscall"",type: ""Artifact"",version: ""2"",hash: ""d707b563306fe2cbbe511532e4c3031f""})"
"(:VERTEX {memory address: ""7eff8ff66000"",size: ""2000"",subtype: ""memory"",tgid: ""189122"",source: ""syscall"",type: ""Artifact"",version: ""3"",hash: ""fbc114861c73aabfe3672275b8ab5a53""})"
"(:VERTEX {memory address: ""7eff8ff66000"",size: ""2000"",subtype: ""memory"",tgid: ""189122"",source: ""syscall"",type: ""Artifact"",version: ""4"",hash: ""bb2fe6343c09d1d8f6981663afbf5184""})"
"(:VERTEX {memory address: ""7eff8ff66000"",size: ""2000"",subtype: ""memory"",tgid: ""189122"",source: ""syscall"",type: ""Artifact"",version: ""5"",hash: ""07987b0d9788444af1d231f46023895d""})"
"(:VERTEX {memory address: ""7eff8ff66000"",size: ""2000"",subtype: ""memory"",tgid: ""189122"",source: ""syscall"",type: ""Artifact"",version: ""6"",hash: ""3a6a0272eeae8d44c18ac7d67f9d9ebe""})"
"(:VERTEX {memory address: ""7eff8ff66000"",size: ""2000"",subtype: ""memory"",tgid: ""189122"",source: ""syscall"",type: ""Artifact"",version: ""7"",hash: ""876aab5f1dd8f98babe67b19a1fa9d99""})"
"(:VERTEX {memory address: ""7eff8ff66000"",size: ""2000"",subtype: ""memory"",tgid: ""189122"",source: ""syscall"",type: ""Artifact"",version: ""8"",hash: ""211e78fe558b56de46037b8b9e5c2f35""})"
"(:VERTEX {memory address: ""7eff8ff66000"",size: ""2000"",subtype: ""memory"",tgid: ""189122"",source: ""syscall"",type: ""Artifact"",version: ""9"",hash: ""dc2e651e1d9755090e1e83c46b0d1c47""})"
"(:VERTEX {memory address: ""7eff8ff66000"",size: ""2000"",subtype: ""memory"",tgid: ""189122"",source: ""syscall"",type: ""Artifact"",version: ""10"",hash: ""2913a38bd52bee0dee31abc95545cb33""})"
"(:VERTEX {memory address: ""7eff8ff66000"",size: ""2000"",subtype: ""memory"",tgid: ""189122"",source: ""syscall"",type: ""Artifact"",version: ""11"",hash: ""574cc8dbf09e2d12f0a2916f99f1d6fc""})"
"(:VERTEX {memory address: ""7f08556f2000"",size: ""11000"",subtype: ""memory"",tgid: ""189893"",source: ""syscall"",type: ""Artifact"",version: ""201"",hash: ""5fcdd0f498af9b9af2374bafe99b08b5""})"
"(:VERTEX {memory address: ""7f08556f2000"",size: ""11000"",subtype: ""memory"",tgid: ""189893"",source: ""syscall"",type: ""Artifact"",version: ""202"",hash: ""6a396a03b097d273431065b0b46b56fc""})"
"(:VERTEX {memory address: ""7f08556f2000"",size: ""11000"",subtype: ""memory"",tgid: ""189893"",source: ""syscall"",type: ""Artifact"",version: ""203"",hash: ""eca0ed0ec57adaed5d7ba240a845c4c4""})"
"(:VERTEX {memory address: ""7f08556f2000"",size: ""11000"",subtype: ""memory"",tgid: ""189893"",source: ""syscall"",type: ""Artifact"",version: ""204"",hash: ""25744bd934c78fb0a5b9416f54fc268f""})"
"(:VERTEX {memory address: ""7eff8ff66000"",size: ""2000"",subtype: ""memory"",tgid: ""189122"",source: ""syscall"",type: ""Artifact"",version: ""12"",hash: ""d28eb1d5469eb3b8388d8d7dae3c742d""})"
"(:VERTEX {memory address: ""7eff8ff66000"",size: ""2000"",subtype: ""memory"",tgid: ""189122"",source: ""syscall"",type: ""Artifact"",version: ""13"",hash: ""4d488776487333ceab0d1bbe748776aa""})"
"(:VERTEX {memory address: ""7eff96497000"",size: ""10000"",subtype: ""memory"",tgid: ""189122"",source: ""syscall"",type: ""Artifact"",version: ""0"",hash: ""04d332105a2aacb33f0ff80ceb849c00""})"
"(:VERTEX {memory address: ""7eff8ff66000"",size: ""2000"",subtype: ""memory"",tgid: ""189122"",source: ""syscall"",type: ""Artifact"",version: ""14"",hash: ""a313b5b7282c5f897725460a059a5fbb""})"
"(:VERTEX {memory address: ""7eff8ff66000"",size: ""2000"",subtype: ""memory"",tgid: ""189122"",source: ""syscall"",type: ""Artifact"",version: ""15"",hash: ""1697e1f0a5afc832228661c1a2ea8633""})"
"(:VERTEX {memory address: ""7eff8ff66000"",size: ""2000"",subtype: ""memory"",tgid: ""189122"",source: ""syscall"",type: ""Artifact"",version: ""16"",hash: ""80e6258f2c16b3ee086d901b1973d61f""})"
"(:VERTEX {memory address: ""7eff8ff66000"",size: ""2000"",subtype: ""memory"",tgid: ""189122"",source: ""syscall"",type: ""Artifact"",version: ""17"",hash: ""664ab6c2d83254ae6995eae76343dab2""})"
"(:VERTEX {memory address: ""7eff8ff66000"",size: ""2000"",subtype: ""memory"",tgid: ""189122"",source: ""syscall"",type: ""Artifact"",version: ""18"",hash: ""f00d4ef92e420c816f6403f0e7497aac""})"
"(:VERTEX {memory address: ""7eff8ff66000"",size: ""2000"",subtype: ""memory"",tgid: ""189122"",source: ""syscall"",type: ""Artifact"",version: ""19"",hash: ""625f7200cfb34043437557e430c0d88a""})"
"(:VERTEX {memory address: ""7eff8ff66000"",size: ""2000"",subtype: ""memory"",tgid: ""189122"",source: ""syscall"",type: ""Artifact"",version: ""20"",hash: ""8c55018f421095304344b15eaed9d8e7""})"
"(:VERTEX {memory address: ""7eff8ff66000"",size: ""2000"",subtype: ""memory"",tgid: ""189122"",source: ""syscall"",type: ""Artifact"",version: ""21"",hash: ""c4cf8ea2a062e73a6e51dc30956e48ce""})"
"(:VERTEX {memory address: ""7eff8ff66000"",size: ""2000"",subtype: ""memory"",tgid: ""189122"",source: ""syscall"",type: ""Artifact"",version: ""22"",hash: ""2debe331f8db6f80cd3014f873bb0005""})"
"(:VERTEX {memory address: ""7eff8ff66000"",size: ""2000"",subtype: ""memory"",tgid: ""189122"",source: ""syscall"",type: ""Artifact"",version: ""23"",hash: ""8240981bc80c343e63564fe0fdae7cf2""})"
"(:VERTEX {memory address: ""7eff8ff66000"",size: ""2000"",subtype: ""memory"",tgid: ""189122"",source: ""syscall"",type: ""Artifact"",version: ""24"",hash: ""7762c00eef0099208ebc21cc40ea4e3d""})"
"(:VERTEX {memory address: ""7eff8ff66000"",size: ""2000"",subtype: ""memory"",tgid: ""189122"",source: ""syscall"",type: ""Artifact"",version: ""25"",hash: ""d22b67eef3a2d2784bea6983075d3a41""})"
"(:VERTEX {memory address: ""7f08556f2000"",size: ""11000"",subtype: ""memory"",tgid: ""189893"",source: ""syscall"",type: ""Artifact"",version: ""205"",hash: ""c0be4c6fde775a13b5701a2f6a9781bb""})"
"(:VERTEX {memory address: ""7f08556f2000"",size: ""11000"",subtype: ""memory"",tgid: ""189893"",source: ""syscall"",type: ""Artifact"",version: ""206"",hash: ""2afb59f73e6d36e47d5715601cdd01e0""})"
"(:VERTEX {memory address: ""7f08556f2000"",size: ""11000"",subtype: ""memory"",tgid: ""189893"",source: ""syscall"",type: ""Artifact"",version: ""207"",hash: ""5b0c708400570f2f497efaa4a1700f98""})"
"(:VERTEX {memory address: ""7f08556f2000"",size: ""11000"",subtype: ""memory"",tgid: ""189893"",source: ""syscall"",type: ""Artifact"",version: ""208"",hash: ""6045335fe28a551614249abcafa2f289""})"
"(:VERTEX {memory address: ""7f08556f2000"",size: ""11000"",subtype: ""memory"",tgid: ""189893"",source: ""syscall"",type: ""Artifact"",version: ""209"",hash: ""4d9c6341299159f46111b7b55d41373b""})"
"(:VERTEX {memory address: ""7f08556f2000"",size: ""11000"",subtype: ""memory"",tgid: ""189893"",source: ""syscall"",type: ""Artifact"",version: ""210"",hash: ""ed27c2e4ee7d6e558394b16f9d232fc0""})"
"(:VERTEX {memory address: ""7f08556f2000"",size: ""11000"",subtype: ""memory"",tgid: ""189893"",source: ""syscall"",type: ""Artifact"",version: ""211"",hash: ""6f6ca5895f89715a37bba8f335dcb143""})"
"(:VERTEX {memory address: ""7f08556f2000"",size: ""11000"",subtype: ""memory"",tgid: ""189893"",source: ""syscall"",type: ""Artifact"",version: ""212"",hash: ""b68aea08c3753e243fc3a5b7243ae111""})"
"(:VERTEX {memory address: ""7f08556f2000"",size: ""11000"",subtype: ""memory"",tgid: ""189893"",source: ""syscall"",type: ""Artifact"",version: ""213"",hash: ""9b8898d3eb722ee9c590c11af5d65b56""})"
"(:VERTEX {memory address: ""7f08556f2000"",size: ""11000"",subtype: ""memory"",tgid: ""189893"",source: ""syscall"",type: ""Artifact"",version: ""214"",hash: ""f676d501fa4f289d5a13a19803501aec""})"
"(:VERTEX {memory address: ""7f08556f2000"",size: ""11000"",subtype: ""memory"",tgid: ""189893"",source: ""syscall"",type: ""Artifact"",version: ""215"",hash: ""6d11a403534c29f6dc07417b5a1e975f""})"
"(:VERTEX {memory address: ""7f08556f2000"",size: ""11000"",subtype: ""memory"",tgid: ""189893"",source: ""syscall"",type: ""Artifact"",version: ""216"",hash: ""784411397f7dea621f1d24fa54cc98d1""})"
"(:VERTEX {memory address: ""7f08556f2000"",size: ""11000"",subtype: ""memory"",tgid: ""189893"",source: ""syscall"",type: ""Artifact"",version: ""217"",hash: ""1942a8996646e28a024da1d551aa6315""})"
"(:VERTEX {memory address: ""f46fd9c0000"",size: ""40000"",subtype: ""memory"",tgid: ""189893"",source: ""syscall"",type: ""Artifact"",version: ""3"",hash: ""fdbb0c23f2a0912289245fdf0a118533""})"
"(:VERTEX {memory address: ""33a2d79c0000"",size: ""40000"",subtype: ""memory"",tgid: ""189893"",source: ""syscall"",type: ""Artifact"",version: ""3"",hash: ""1fa8e14efdd4dc8b79f73399a546b97e""})"
"(:VERTEX {memory address: ""332ff05c0000"",size: ""40000"",subtype: ""memory"",tgid: ""189893"",source: ""syscall"",type: ""Artifact"",version: ""3"",hash: ""285459a54d4f58423489d1468009857f""})"
"(:VERTEX {memory address: ""3406f5a00000"",size: ""40000"",subtype: ""memory"",tgid: ""189893"",source: ""syscall"",type: ""Artifact"",version: ""3"",hash: ""72f300a142000c2c2b3539cf99c3fde1""})"
"(:VERTEX {memory address: ""7f0857907000"",size: ""3000"",subtype: ""memory"",tgid: ""189893"",source: ""syscall"",type: ""Artifact"",version: ""3"",hash: ""8622c74fd41059cc383d92cb30265b81""})"
"(:VERTEX {memory address: ""7f08578eb000"",size: ""1000"",subtype: ""memory"",tgid: ""189893"",source: ""syscall"",type: ""Artifact"",version: ""3"",hash: ""70482b9621e2025a825a1d9969e099fa""})"
"(:VERTEX {memory address: ""7f08578b5000"",size: ""4000"",subtype: ""memory"",tgid: ""189893"",source: ""syscall"",type: ""Artifact"",version: ""3"",hash: ""e564fb30b1aadc2defc9ff9e7838cdd1""})"
"(:VERTEX {memory address: ""198378b80000"",size: ""40000"",subtype: ""memory"",tgid: ""189893"",source: ""syscall"",type: ""Artifact"",version: ""3"",hash: ""16e779ad8f6f478e1a66ad16f6258c4d""})"
"(:VERTEX {memory address: ""3baf57e40000"",size: ""40000"",subtype: ""memory"",tgid: ""189893"",source: ""syscall"",type: ""Artifact"",version: ""3"",hash: ""89ff242daff5243a6bbf19c97b7f3d10""})"
"(:VERTEX {memory address: ""32aebee80000"",size: ""40000"",subtype: ""memory"",tgid: ""189893"",source: ""syscall"",type: ""Artifact"",version: ""3"",hash: ""71ed1335addfe86880d1395c12114560""})"
"(:VERTEX {memory address: ""28056dec0000"",size: ""40000"",subtype: ""memory"",tgid: ""189893"",source: ""syscall"",type: ""Artifact"",version: ""3"",hash: ""30c5c1b8d907b297944eacab8074eb9a""})"
"(:VERTEX {memory address: ""7f08556f2000"",size: ""11000"",subtype: ""memory"",tgid: ""189893"",source: ""syscall"",type: ""Artifact"",version: ""218"",hash: ""e5deef234a96ce7be8a1c760b2c0df06""})"
"(:VERTEX {memory address: ""7f08556f2000"",size: ""11000"",subtype: ""memory"",tgid: ""189893"",source: ""syscall"",type: ""Artifact"",version: ""219"",hash: ""76d02d9a4a27703f2b1e071ab2954d99""})"
"(:VERTEX {memory address: ""7f08556f2000"",size: ""11000"",subtype: ""memory"",tgid: ""189893"",source: ""syscall"",type: ""Artifact"",version: ""220"",hash: ""a97de38ecc6b43bee59ec332d8c7db33""})"
"(:VERTEX {memory address: ""7f08556f2000"",size: ""11000"",subtype: ""memory"",tgid: ""189893"",source: ""syscall"",type: ""Artifact"",version: ""221"",hash: ""5626b4a8579a324ea322be195d4b8110""})"
"(:VERTEX {remote port: ""53"",epoch: ""0"",source: ""syscall"",type: ""Artifact"",version: ""0"",local port: ""35876"",net namespace: ""-1"",local address: ""10.1.251.204"",protocol: ""udp"",subtype: ""network socket"",remote address: ""10.152.183.10"",hash: ""4d596725bc59d117f432c8f3a675518a""})"
"(:VERTEX {remote port: ""53"",epoch: ""0"",source: ""syscall"",type: ""Artifact"",version: ""0"",local port: ""36474"",net namespace: ""-1"",local address: ""10.1.251.204"",protocol: ""udp"",subtype: ""network socket"",remote address: ""10.152.183.10"",hash: ""3d3072759fbc2fc4dcef821b6343601f""})"
"(:VERTEX {remote port: ""53"",epoch: ""1"",source: ""syscall"",type: ""Artifact"",version: ""0"",local port: ""36474"",net namespace: ""-1"",local address: ""10.1.251.204"",protocol: ""udp"",subtype: ""network socket"",remote address: ""10.152.183.10"",hash: ""c29a6d8f588ebce848ba07c3c5ca1e30""})"
"(:VERTEX {remote port: ""53"",epoch: ""2"",source: ""syscall"",type: ""Artifact"",version: ""0"",local port: ""36474"",net namespace: ""-1"",local address: ""10.1.251.204"",protocol: ""udp"",subtype: ""network socket"",remote address: ""10.152.183.10"",hash: ""d3adfc0e6aaa898f122cd4dc5efe47eb""})"
"(:VERTEX {memory address: ""7eff8ff62000"",size: ""4000"",subtype: ""memory"",tgid: ""189122"",source: ""syscall"",type: ""Artifact"",version: ""0"",hash: ""3000a77d189022aa94fae85dd0dfcb41""})"
"(:VERTEX {memory address: ""7f08556f2000"",size: ""11000"",subtype: ""memory"",tgid: ""189893"",source: ""syscall"",type: ""Artifact"",version: ""222"",hash: ""118b88c44f20d5b50979c6f4bb69a23c""})"
"(:VERTEX {memory address: ""7f08556f2000"",size: ""11000"",subtype: ""memory"",tgid: ""189893"",source: ""syscall"",type: ""Artifact"",version: ""223"",hash: ""77d49b2c01a931f47eb14a1c295abd18""})"
"(:VERTEX {memory address: ""7f08556f2000"",size: ""11000"",subtype: ""memory"",tgid: ""189893"",source: ""syscall"",type: ""Artifact"",version: ""224"",hash: ""fe21bbabebf5307e0f0a1c8b593571ba""})"
"(:VERTEX {memory address: ""7f08556f2000"",size: ""11000"",subtype: ""memory"",tgid: ""189893"",source: ""syscall"",type: ""Artifact"",version: ""225"",hash: ""1597ed45bd84915ce400d0a8296f122f""})"
"(:VERTEX {memory address: ""7eff8ff64000"",size: ""2000"",subtype: ""memory"",tgid: ""189122"",source: ""syscall"",type: ""Artifact"",version: ""0"",hash: ""a70e3be8258ec3b06c95438ca480a69f""})"
"(:VERTEX {memory address: ""7eff8ff62000"",size: ""2000"",subtype: ""memory"",tgid: ""189122"",source: ""syscall"",type: ""Artifact"",version: ""0"",hash: ""0c928d9b6e49ecb21c7e6a8f7e858322""})"
"(:VERTEX {memory address: ""7eff92cb0000"",size: ""10000"",subtype: ""memory"",tgid: ""189122"",source: ""syscall"",type: ""Artifact"",version: ""0"",hash: ""e423c1baa7002694730c932882dd57c3""})"
"(:VERTEX {memory address: ""7eff8ff4d000"",size: ""d000"",subtype: ""memory"",tgid: ""189122"",source: ""syscall"",type: ""Artifact"",version: ""0"",hash: ""9b42ef83af8b9cd0b28490b2efc53103""})"
"(:VERTEX {memory address: ""7eff8ff48000"",size: ""12000"",subtype: ""memory"",tgid: ""189122"",source: ""syscall"",type: ""Artifact"",version: ""0"",hash: ""ec79d7477755efa5f30b39b1e155ac20""})"
"(:VERTEX {memory address: ""7eff8ff1d000"",size: ""13000"",subtype: ""memory"",tgid: ""189122"",source: ""syscall"",type: ""Artifact"",version: ""0"",hash: ""62da8a4f67285cb473f409e6554eed65""})"
"(:VERTEX {memory address: ""7eff8ff4f000"",size: ""b000"",subtype: ""memory"",tgid: ""189122"",source: ""syscall"",type: ""Artifact"",version: ""0"",hash: ""208b3e616022e24e62d8210b7cc8d606""})"
"(:VERTEX {memory address: ""7eff8ff44000"",size: ""b000"",subtype: ""memory"",tgid: ""189122"",source: ""syscall"",type: ""Artifact"",version: ""0"",hash: ""ce4b60556a8f73b9a71bda6c43aecb6e""})"
"(:VERTEX {memory address: ""7eff8ff4e000"",size: ""c000"",subtype: ""memory"",tgid: ""189122"",source: ""syscall"",type: ""Artifact"",version: ""1"",hash: ""11590abece3de360821c5338cadcafac""})"
"(:VERTEX {memory address: ""7eff8ff42000"",size: ""c000"",subtype: ""memory"",tgid: ""189122"",source: ""syscall"",type: ""Artifact"",version: ""0"",hash: ""8d00e7d07eace84828a145265727b47a""})"
"(:VERTEX {memory address: ""7f08556f2000"",size: ""11000"",subtype: ""memory"",tgid: ""189893"",source: ""syscall"",type: ""Artifact"",version: ""226"",hash: ""d541cc0d6119cf17514b1bd1721d45aa""})"
"(:VERTEX {memory address: ""7f08556f2000"",size: ""11000"",subtype: ""memory"",tgid: ""189893"",source: ""syscall"",type: ""Artifact"",version: ""227"",hash: ""a2ecbc0cc99a3c3085113160a95ad036""})"
"(:VERTEX {memory address: ""7f08556f2000"",size: ""11000"",subtype: ""memory"",tgid: ""189893"",source: ""syscall"",type: ""Artifact"",version: ""228"",hash: ""57c4f80826753303f9df13c7a15746cd""})"
"(:VERTEX {memory address: ""7f08556f2000"",size: ""11000"",subtype: ""memory"",tgid: ""189893"",source: ""syscall"",type: ""Artifact"",version: ""229"",hash: ""f6c4497b2e8f581ef3ffd6849f334cf1""})"
"(:VERTEX {memory address: ""7eff8f873000"",size: ""7000"",subtype: ""memory"",tgid: ""189122"",source: ""syscall"",type: ""Artifact"",version: ""0"",hash: ""30994c30ae6335f7b31302eb4acd8b84""})"
"(:VERTEX {memory address: ""7eff90110000"",size: ""7000"",subtype: ""memory"",tgid: ""189122"",source: ""syscall"",type: ""Artifact"",version: ""0"",hash: ""da08bf7c778b096f9ad05e7f9a8c542f""})"
"(:VERTEX {memory address: ""7eff8f8ab000"",size: ""7000"",subtype: ""memory"",tgid: ""189122"",source: ""syscall"",type: ""Artifact"",version: ""0"",hash: ""26fb137591dd90de307df66e5f4431d8""})"
"(:VERTEX {memory address: ""7eff8f893000"",size: ""7000"",subtype: ""memory"",tgid: ""189122"",source: ""syscall"",type: ""Artifact"",version: ""0"",hash: ""9e26b077db2b946c7ec6f8d974185491""})"
"(:VERTEX {memory address: ""7eff8f863000"",size: ""7000"",subtype: ""memory"",tgid: ""189122"",source: ""syscall"",type: ""Artifact"",version: ""0"",hash: ""bc14b60de5c1388693782fc7a648d634""})"
"(:VERTEX {memory address: ""7f08556f2000"",size: ""11000"",subtype: ""memory"",tgid: ""189893"",source: ""syscall"",type: ""Artifact"",version: ""230"",hash: ""4fa8f54896831d9b67ca693eb8d3bcc3""})"
"(:VERTEX {memory address: ""7f08556f2000"",size: ""11000"",subtype: ""memory"",tgid: ""189893"",source: ""syscall"",type: ""Artifact"",version: ""231"",hash: ""d7581d98d949111070e3684a397e6b72""})"
"(:VERTEX {memory address: ""7eff964b7000"",size: ""10000"",subtype: ""memory"",tgid: ""189122"",source: ""syscall"",type: ""Artifact"",version: ""0"",hash: ""8bac2a49e3bc8806d68e268261c499d9""})"
"(:VERTEX {memory address: ""7f08556f2000"",size: ""11000"",subtype: ""memory"",tgid: ""189893"",source: ""syscall"",type: ""Artifact"",version: ""232"",hash: ""009f8b820f28e742a57e333f9709b1df""})"
"(:VERTEX {memory address: ""7f08556f2000"",size: ""11000"",subtype: ""memory"",tgid: ""189893"",source: ""syscall"",type: ""Artifact"",version: ""233"",hash: ""0d315ee67f0e63a0931b1b0ff826e4b8""})"
"(:VERTEX {memory address: ""7f08556f2000"",size: ""11000"",subtype: ""memory"",tgid: ""189893"",source: ""syscall"",type: ""Artifact"",version: ""234"",hash: ""d71f67adcf362240d2a130d3b4a0a041""})"
"(:VERTEX {memory address: ""7f08556f2000"",size: ""11000"",subtype: ""memory"",tgid: ""189893"",source: ""syscall"",type: ""Artifact"",version: ""235"",hash: ""7cc286cd85aeb14bc790abeab0da5ae2""})"
"(:VERTEX {memory address: ""7f08556f2000"",size: ""11000"",subtype: ""memory"",tgid: ""189893"",source: ""syscall"",type: ""Artifact"",version: ""236"",hash: ""eea7007e43b33f340e8316bc2b794147""})"
"(:VERTEX {memory address: ""7f08556f2000"",size: ""11000"",subtype: ""memory"",tgid: ""189893"",source: ""syscall"",type: ""Artifact"",version: ""237"",hash: ""b0ba32724b4e87ba30ac352a0d614813""})"
"(:VERTEX {memory address: ""7f08556f2000"",size: ""11000"",subtype: ""memory"",tgid: ""189893"",source: ""syscall"",type: ""Artifact"",version: ""238"",hash: ""44dd97f52b4f57cc64ad2dd7ae334a5d""})"
"(:VERTEX {memory address: ""7f08556f2000"",size: ""11000"",subtype: ""memory"",tgid: ""189893"",source: ""syscall"",type: ""Artifact"",version: ""239"",hash: ""f188e8326beef080bd6f34e751c40e20""})"
"(:VERTEX {memory address: ""7f08556f2000"",size: ""11000"",subtype: ""memory"",tgid: ""189893"",source: ""syscall"",type: ""Artifact"",version: ""240"",hash: ""a433cfde2a4f5d9f2161b098eb7e361b""})"
"(:VERTEX {memory address: ""7f08556f2000"",size: ""11000"",subtype: ""memory"",tgid: ""189893"",source: ""syscall"",type: ""Artifact"",version: ""241"",hash: ""ac2cbe459bd4abd75140aff725b86943""})"
"(:VERTEX {memory address: ""7f08556f2000"",size: ""11000"",subtype: ""memory"",tgid: ""189893"",source: ""syscall"",type: ""Artifact"",version: ""242"",hash: ""b7d44ca081a3416c40b17875b622bcc2""})"
"(:VERTEX {memory address: ""7f08556f2000"",size: ""11000"",subtype: ""memory"",tgid: ""189893"",source: ""syscall"",type: ""Artifact"",version: ""243"",hash: ""d95f314d86feafd240168b1a93cbc5ce""})"
"(:VERTEX {memory address: ""7f08556f2000"",size: ""11000"",subtype: ""memory"",tgid: ""189893"",source: ""syscall"",type: ""Artifact"",version: ""244"",hash: ""f9c3e093e14d64942cae614dadc554f4""})"
"(:VERTEX {memory address: ""7f08556f2000"",size: ""11000"",subtype: ""memory"",tgid: ""189893"",source: ""syscall"",type: ""Artifact"",version: ""245"",hash: ""490195c9949147e511db35cb0a5b23d9""})"
"(:VERTEX {remote port: ""53"",epoch: ""0"",source: ""syscall"",type: ""Artifact"",version: ""0"",local port: ""55579"",net namespace: ""-1"",local address: ""10.1.251.204"",protocol: ""udp"",subtype: ""network socket"",remote address: ""10.152.183.10"",hash: ""d070c74d47d8442f8be44381d6a0e1de""})"
"(:VERTEX {gid: ""1000"",euid: ""1000"",children pid namespace: ""-1"",pid: ""189003"",seen time: ""1690980765.678"",source: ""syscall"",type: ""Process"",net namespace: ""-1"",ipc namespace: ""-1"",ppid: ""58880"",pid namespace: ""-1"",uid: ""1000"",egid: ""1000"",mount namespace: ""-1"",name: ""server"",hash: ""0a4bf72304586c0f8f16abb9ecdd8111"",user namespace: ""-1""})"
"(:VERTEX {remote port: ""53"",epoch: ""0"",source: ""syscall"",type: ""Artifact"",version: ""0"",local port: ""56995"",net namespace: ""-1"",local address: ""10.1.251.204"",protocol: ""udp"",subtype: ""network socket"",remote address: ""10.152.183.10"",hash: ""11674a03331dfd43cb8fa0478a9cf53c""})"
"(:VERTEX {memory address: ""7f08556f2000"",size: ""11000"",subtype: ""memory"",tgid: ""189893"",source: ""syscall"",type: ""Artifact"",version: ""246"",hash: ""6bec805fd34f91d79c6694f8e0237ea6""})"
"(:VERTEX {memory address: ""7f08556f2000"",size: ""11000"",subtype: ""memory"",tgid: ""189893"",source: ""syscall"",type: ""Artifact"",version: ""247"",hash: ""23faf0c59ef7c0114c16c33fc7c195ab""})"
"(:VERTEX {memory address: ""7f08556f2000"",size: ""11000"",subtype: ""memory"",tgid: ""189893"",source: ""syscall"",type: ""Artifact"",version: ""248"",hash: ""565df588764dcddc278e20bc76781b19""})"
"(:VERTEX {memory address: ""7f08556f2000"",size: ""11000"",subtype: ""memory"",tgid: ""189893"",source: ""syscall"",type: ""Artifact"",version: ""249"",hash: ""72aad5f9fc2813b71d702870c505ac0b""})"
"(:VERTEX {memory address: ""7f08556f2000"",size: ""11000"",subtype: ""memory"",tgid: ""189893"",source: ""syscall"",type: ""Artifact"",version: ""250"",hash: ""11ad1c0d50faa77edfb38ee90b3573e9""})"
"(:VERTEX {memory address: ""7f08556f2000"",size: ""11000"",subtype: ""memory"",tgid: ""189893"",source: ""syscall"",type: ""Artifact"",version: ""251"",hash: ""996c35f905287736a40f63403c613d2e""})"
"(:VERTEX {memory address: ""7f08556f2000"",size: ""11000"",subtype: ""memory"",tgid: ""189893"",source: ""syscall"",type: ""Artifact"",version: ""252"",hash: ""690d28e33a809c1a06cc2f198a90588f""})"
"(:VERTEX {memory address: ""7f08556f2000"",size: ""11000"",subtype: ""memory"",tgid: ""189893"",source: ""syscall"",type: ""Artifact"",version: ""253"",hash: ""62901d743fe0e892b1ca29d4942ac64b""})"
"(:VERTEX {memory address: ""7f08556f2000"",size: ""11000"",subtype: ""memory"",tgid: ""189893"",source: ""syscall"",type: ""Artifact"",version: ""254"",hash: ""c5227fab51f0c4f45e4734263bba299a""})"
"(:VERTEX {memory address: ""28056dec0000"",size: ""40000"",subtype: ""memory"",tgid: ""189893"",source: ""syscall"",type: ""Artifact"",version: ""4"",hash: ""e1f053eb201147be083c27ff0cf9897e""})"
"(:VERTEX {memory address: ""32aebee80000"",size: ""40000"",subtype: ""memory"",tgid: ""189893"",source: ""syscall"",type: ""Artifact"",version: ""4"",hash: ""f85b45c4577bbaa5ab45b561d3c2436c""})"
"(:VERTEX {memory address: ""3baf57e40000"",size: ""40000"",subtype: ""memory"",tgid: ""189893"",source: ""syscall"",type: ""Artifact"",version: ""4"",hash: ""493c5ac02c27138caf94590dfd0f4781""})"
"(:VERTEX {memory address: ""198378b80000"",size: ""40000"",subtype: ""memory"",tgid: ""189893"",source: ""syscall"",type: ""Artifact"",version: ""4"",hash: ""4ea69bb885d8c73c6be0a7ce8bd4262d""})"
"(:VERTEX {memory address: ""7f0857907000"",size: ""3000"",subtype: ""memory"",tgid: ""189893"",source: ""syscall"",type: ""Artifact"",version: ""4"",hash: ""3266dccc37710783c0b1df5673043915""})"
"(:VERTEX {memory address: ""7f08578eb000"",size: ""1000"",subtype: ""memory"",tgid: ""189893"",source: ""syscall"",type: ""Artifact"",version: ""4"",hash: ""f7ea10e570a6687d387e48e9638e0ebc""})"
"(:VERTEX {memory address: ""7f08578b5000"",size: ""4000"",subtype: ""memory"",tgid: ""189893"",source: ""syscall"",type: ""Artifact"",version: ""4"",hash: ""6f4d81eb49e7ea62b7c63195946b5893""})"
"(:VERTEX {memory address: ""7f08578b1000"",size: ""4000"",subtype: ""memory"",tgid: ""189893"",source: ""syscall"",type: ""Artifact"",version: ""4"",hash: ""3d5661d2c7010a027756987f8456648f""})"
"(:VERTEX {memory address: ""3406f5a00000"",size: ""40000"",subtype: ""memory"",tgid: ""189893"",source: ""syscall"",type: ""Artifact"",version: ""4"",hash: ""191ec6ec328f081cda90847046f77cdc""})"
"(:VERTEX {memory address: ""332ff05c0000"",size: ""40000"",subtype: ""memory"",tgid: ""189893"",source: ""syscall"",type: ""Artifact"",version: ""4"",hash: ""4c04bdab7279c21c4682b0674b4a7847""})"
"(:VERTEX {memory address: ""33a2d79c0000"",size: ""40000"",subtype: ""memory"",tgid: ""189893"",source: ""syscall"",type: ""Artifact"",version: ""4"",hash: ""6fbf9af1905915c770f6a7a5a10713d0""})"
"(:VERTEX {memory address: ""f46fd9c0000"",size: ""40000"",subtype: ""memory"",tgid: ""189893"",source: ""syscall"",type: ""Artifact"",version: ""4"",hash: ""5d648ecfa9a0d03e2484be223fea7e2a""})"
"(:VERTEX {memory address: ""7f08556f2000"",size: ""11000"",subtype: ""memory"",tgid: ""189893"",source: ""syscall"",type: ""Artifact"",version: ""255"",hash: ""e55264c8fc17fae6c6449059630113db""})"
"(:VERTEX {memory address: ""7f0857908000"",size: ""2000"",subtype: ""memory"",tgid: ""189893"",source: ""syscall"",type: ""Artifact"",version: ""14"",hash: ""584dd577777cfc807b483c4c9d849e71""})"
"(:VERTEX {memory address: ""7f08578b2000"",size: ""7000"",subtype: ""memory"",tgid: ""189893"",source: ""syscall"",type: ""Artifact"",version: ""7"",hash: ""8c8d08801bd29d41eb4b8934440bbb52""})"
"(:VERTEX {memory address: ""7f0857894000"",size: ""9000"",subtype: ""memory"",tgid: ""189893"",source: ""syscall"",type: ""Artifact"",version: ""10"",hash: ""d471c82db847540787b2131961452297""})"
"(:VERTEX {memory address: ""7f08556f2000"",size: ""11000"",subtype: ""memory"",tgid: ""189893"",source: ""syscall"",type: ""Artifact"",version: ""256"",hash: ""288d68fdc566fcdff79685c455fcc308""})"
"(:VERTEX {memory address: ""7f08556f3000"",size: ""10000"",subtype: ""memory"",tgid: ""189893"",source: ""syscall"",type: ""Artifact"",version: ""35"",hash: ""ebb5665d23e6ccb2791a807cde628628""})"
"(:VERTEX {memory address: ""7f085772b000"",size: ""9000"",subtype: ""memory"",tgid: ""189893"",source: ""syscall"",type: ""Artifact"",version: ""29"",hash: ""bd7452502d918ba407688da2ad0fdb62""})"
"(:VERTEX {memory address: ""7f08556f2000"",size: ""11000"",subtype: ""memory"",tgid: ""189893"",source: ""syscall"",type: ""Artifact"",version: ""257"",hash: ""9c7d2dc1d6cfdc58abccf039db1d985a""})"
"(:VERTEX {memory address: ""7f08556f2000"",size: ""11000"",subtype: ""memory"",tgid: ""189893"",source: ""syscall"",type: ""Artifact"",version: ""258"",hash: ""9c1d8e6fdf6ca6516f049781b56f3dc3""})"
"(:VERTEX {memory address: ""7f08556f2000"",size: ""11000"",subtype: ""memory"",tgid: ""189893"",source: ""syscall"",type: ""Artifact"",version: ""259"",hash: ""c115708a0389dcc01563b3c709ef3a18""})"
"(:VERTEX {memory address: ""7f08556f2000"",size: ""11000"",subtype: ""memory"",tgid: ""189893"",source: ""syscall"",type: ""Artifact"",version: ""260"",hash: ""9fed9fe2d479c4636ad96fb77dbc642b""})"
"(:VERTEX {memory address: ""7f08556f2000"",size: ""11000"",subtype: ""memory"",tgid: ""189893"",source: ""syscall"",type: ""Artifact"",version: ""261"",hash: ""a3c74929cf7c78cd025d679256455537""})"
"(:VERTEX {memory address: ""7f08556f2000"",size: ""11000"",subtype: ""memory"",tgid: ""189893"",source: ""syscall"",type: ""Artifact"",version: ""262"",hash: ""49bec2bb37c3661ecfc417681bdb3513""})"
"(:VERTEX {memory address: ""7f08556f2000"",size: ""11000"",subtype: ""memory"",tgid: ""189893"",source: ""syscall"",type: ""Artifact"",version: ""263"",hash: ""b937424006d2587bc16f06465bf93754""})"
"(:VERTEX {memory address: ""7f08556f2000"",size: ""11000"",subtype: ""memory"",tgid: ""189893"",source: ""syscall"",type: ""Artifact"",version: ""264"",hash: ""c4218eac35d920aa00a24780fe09575a""})"
"(:VERTEX {memory address: ""7f08556f2000"",size: ""11000"",subtype: ""memory"",tgid: ""189893"",source: ""syscall"",type: ""Artifact"",version: ""265"",hash: ""f911809f8bb228abf0091f5ccd7224d5""})"
"(:VERTEX {memory address: ""7f08556f2000"",size: ""11000"",subtype: ""memory"",tgid: ""189893"",source: ""syscall"",type: ""Artifact"",version: ""266"",hash: ""ee351d0f8fd9e256f4b2aec535b16658""})"
"(:VERTEX {memory address: ""7f08556f2000"",size: ""11000"",subtype: ""memory"",tgid: ""189893"",source: ""syscall"",type: ""Artifact"",version: ""267"",hash: ""5c56033ed85d454c02fba0192674cae6""})"
"(:VERTEX {memory address: ""7f08556f2000"",size: ""11000"",subtype: ""memory"",tgid: ""189893"",source: ""syscall"",type: ""Artifact"",version: ""268"",hash: ""76ff0e7ddc0a14856c455211fe60d87a""})"
"(:VERTEX {memory address: ""7fa4e9249000"",size: ""3000"",subtype: ""memory"",tgid: ""182051"",source: ""syscall"",type: ""Artifact"",version: ""0"",hash: ""74ce94705ca5d0bbdecf996e0b2faae2""})"
"(:VERTEX {memory address: ""7f08556f2000"",size: ""11000"",subtype: ""memory"",tgid: ""189893"",source: ""syscall"",type: ""Artifact"",version: ""269"",hash: ""5f7224398f05efadcbf7e2e3e53a08b7""})"
"(:VERTEX {memory address: ""7f08556f2000"",size: ""11000"",subtype: ""memory"",tgid: ""189893"",source: ""syscall"",type: ""Artifact"",version: ""270"",hash: ""415d1fd3a43071dd1ff415d0b1881ffb""})"
"(:VERTEX {memory address: ""7f08556f2000"",size: ""11000"",subtype: ""memory"",tgid: ""189893"",source: ""syscall"",type: ""Artifact"",version: ""271"",hash: ""38812d88983c08611111f8aa9e7464c4""})"
"(:VERTEX {memory address: ""7f08556f2000"",size: ""11000"",subtype: ""memory"",tgid: ""189893"",source: ""syscall"",type: ""Artifact"",version: ""272"",hash: ""800e17cd29afbd74535cc19a0d1a323a""})"
"(:VERTEX {memory address: ""7f08556f2000"",size: ""11000"",subtype: ""memory"",tgid: ""189893"",source: ""syscall"",type: ""Artifact"",version: ""273"",hash: ""5d49a0ab847b7ff143c5e3a3cd18773d""})"
"(:VERTEX {memory address: ""7f0857908000"",size: ""2000"",subtype: ""memory"",tgid: ""189893"",source: ""syscall"",type: ""Artifact"",version: ""15"",hash: ""378e9c58e0ead211dccb7a7125582828""})"
"(:VERTEX {memory address: ""7f08578b2000"",size: ""7000"",subtype: ""memory"",tgid: ""189893"",source: ""syscall"",type: ""Artifact"",version: ""8"",hash: ""7af0471b533a6eaa28360c437e06ee1e""})"
"(:VERTEX {memory address: ""7f0857894000"",size: ""9000"",subtype: ""memory"",tgid: ""189893"",source: ""syscall"",type: ""Artifact"",version: ""11"",hash: ""e5ee7ce83a8f8432e1b5bd52f436c627""})"
"(:VERTEX {memory address: ""7f08556f3000"",size: ""10000"",subtype: ""memory"",tgid: ""189893"",source: ""syscall"",type: ""Artifact"",version: ""36"",hash: ""a3c90f5fa1288ca85b586c9a0965f0cc""})"
"(:VERTEX {memory address: ""7f085772b000"",size: ""9000"",subtype: ""memory"",tgid: ""189893"",source: ""syscall"",type: ""Artifact"",version: ""30"",hash: ""009e9cf3a64794c727867779e0b214b8""})"
"(:VERTEX {memory address: ""7f0857818000"",size: ""7000"",subtype: ""memory"",tgid: ""189893"",source: ""syscall"",type: ""Artifact"",version: ""6"",hash: ""0d17a581568057939d2999c045e299d4""})"
"(:VERTEX {memory address: ""7f08556ea000"",size: ""9000"",subtype: ""memory"",tgid: ""189893"",source: ""syscall"",type: ""Artifact"",version: ""2"",hash: ""eeb6aca9bb5379f3f83b76ee76e93b14""})"
"(:VERTEX {memory address: ""7f085772b000"",size: ""9000"",subtype: ""memory"",tgid: ""189893"",source: ""syscall"",type: ""Artifact"",version: ""31"",hash: ""64948271f09f8fbf25e3619c974630f2""})"
"(:VERTEX {memory address: ""7f08556f2000"",size: ""11000"",subtype: ""memory"",tgid: ""189893"",source: ""syscall"",type: ""Artifact"",version: ""274"",hash: ""b033f25e6be547664cb6661e6dc9405e""})"
"(:VERTEX {gid: ""1000"",euid: ""1000"",children pid namespace: ""-1"",pid: ""189905"",seen time: ""1690980768.677"",source: ""syscall"",type: ""Process"",net namespace: ""-1"",ipc namespace: ""-1"",ppid: ""58924"",pid namespace: ""-1"",uid: ""1000"",egid: ""1000"",exe: ""/usr/local/bin/node"",mount namespace: ""-1"",name: ""node"",hash: ""9584484fc25c10ec2433abb805314be2"",user namespace: ""-1""})"
"(:VERTEX {memory address: ""7fbfc83bf000"",size: ""11000"",subtype: ""memory"",tgid: ""189905"",source: ""syscall"",type: ""Artifact"",version: ""0"",hash: ""7fa8a56e990972bd9d1b9b2d4d7983f1""})"
"(:VERTEX {memory address: ""7f08556f2000"",size: ""11000"",subtype: ""memory"",tgid: ""189893"",source: ""syscall"",type: ""Artifact"",version: ""275"",hash: ""97b85a6fb9705d4cbed761bf2a523809""})"
"(:VERTEX {memory address: ""7f08556f2000"",size: ""11000"",subtype: ""memory"",tgid: ""189893"",source: ""syscall"",type: ""Artifact"",version: ""276"",hash: ""8f1b38b33922197f4125a97e72b22f73""})"
"(:VERTEX {memory address: ""7f08556f2000"",size: ""11000"",subtype: ""memory"",tgid: ""189893"",source: ""syscall"",type: ""Artifact"",version: ""277"",hash: ""5f2e18b6df17372f15ec45f498386837""})"
"(:VERTEX {memory address: ""7f08556f2000"",size: ""11000"",subtype: ""memory"",tgid: ""189893"",source: ""syscall"",type: ""Artifact"",version: ""278"",hash: ""fdc04fd087ad47275f94fc78e6d7ca52""})"
"(:VERTEX {memory address: ""7fbfc8518000"",size: ""1000"",subtype: ""memory"",tgid: ""189905"",source: ""syscall"",type: ""Artifact"",version: ""0"",hash: ""49c50d889a102b3e7ca587a66a4d7fb2""})"
"(:VERTEX {memory address: ""7fbfc83bf000"",size: ""11000"",subtype: ""memory"",tgid: ""189905"",source: ""syscall"",type: ""Artifact"",version: ""1"",hash: ""ba35cd0bf4445a051ea4c7b480eaf9a2""})"
"(:VERTEX {gid: ""1000"",euid: ""1000"",children pid namespace: ""-1"",pid: ""189363"",seen time: ""1690980768.781"",source: ""syscall"",type: ""Process"",net namespace: ""-1"",ipc namespace: ""-1"",ppid: ""58330"",pid namespace: ""-1"",uid: ""1000"",egid: ""1000"",mount namespace: ""-1"",name: ""python"",hash: ""c4c6a134538c922d4e621441a911e667"",user namespace: ""-1""})"
"(:VERTEX {remote port: """",epoch: ""0"",source: ""syscall"",type: ""Artifact"",version: ""0"",local port: ""8080"",net namespace: ""-1"",local address: ""0000:0000:0000:0000:0000:FFFF:0A01:FBC5"",protocol: ""tcp"",subtype: ""network socket"",remote address: """",hash: ""0d5b7cf48d3014017dd4b6eeaf6348a4""})"
"(:VERTEX {gid: ""1000"",euid: ""1000"",children pid namespace: ""-1"",pid: ""190661"",seen time: ""1690980768.868"",source: ""syscall"",type: ""Process"",net namespace: ""-1"",ipc namespace: ""-1"",ppid: ""58330"",pid namespace: ""-1"",uid: ""1000"",egid: ""1000"",mount namespace: ""-1"",name: ""python"",hash: ""37aebefe7bafe7b47abdee1628dac046"",user namespace: ""-1""})"
"(:VERTEX {memory address: ""7f08556f2000"",size: ""11000"",subtype: ""memory"",tgid: ""189893"",source: ""syscall"",type: ""Artifact"",version: ""279"",hash: ""1265cd92094dd00d542898b8017c09e4""})"
"(:VERTEX {memory address: ""7f08556f2000"",size: ""11000"",subtype: ""memory"",tgid: ""189893"",source: ""syscall"",type: ""Artifact"",version: ""280"",hash: ""2e9091d8f1018d898ac5728409098d48""})"
"(:VERTEX {memory address: ""7f08556f2000"",size: ""11000"",subtype: ""memory"",tgid: ""189893"",source: ""syscall"",type: ""Artifact"",version: ""281"",hash: ""a81fa30f6171e7b757a196193ea7bb15""})"
"(:VERTEX {memory address: ""7f08556f2000"",size: ""11000"",subtype: ""memory"",tgid: ""189893"",source: ""syscall"",type: ""Artifact"",version: ""282"",hash: ""f16a0314ddd1481bb454ea555d24d28d""})"
"(:VERTEX {memory address: ""7f08556f2000"",size: ""11000"",subtype: ""memory"",tgid: ""189893"",source: ""syscall"",type: ""Artifact"",version: ""283"",hash: ""2ace4bdd31e611fff4d5e44b171e09a0""})"
"(:VERTEX {memory address: ""7f08556f2000"",size: ""11000"",subtype: ""memory"",tgid: ""189893"",source: ""syscall"",type: ""Artifact"",version: ""284"",hash: ""f7a67e750d8c757efd676fe2d13de01c""})"
"(:VERTEX {memory address: ""7f08556f2000"",size: ""11000"",subtype: ""memory"",tgid: ""189893"",source: ""syscall"",type: ""Artifact"",version: ""285"",hash: ""6aa707d928b414f1afda0735503240c3""})"
"(:VERTEX {memory address: ""7f08556f2000"",size: ""11000"",subtype: ""memory"",tgid: ""189893"",source: ""syscall"",type: ""Artifact"",version: ""286"",hash: ""877a5ba90b6de539f5b98b829714c8e5""})"
"(:VERTEX {memory address: ""7f08556f2000"",size: ""11000"",subtype: ""memory"",tgid: ""189893"",source: ""syscall"",type: ""Artifact"",version: ""287"",hash: ""f7f201a2481e8730e33dc69f4a66127a""})"
"(:VERTEX {memory address: ""7f08556f2000"",size: ""11000"",subtype: ""memory"",tgid: ""189893"",source: ""syscall"",type: ""Artifact"",version: ""288"",hash: ""1a257d31ce270450dfcf48fa60896f7c""})"
"(:VERTEX {memory address: ""7f08556f2000"",size: ""11000"",subtype: ""memory"",tgid: ""189893"",source: ""syscall"",type: ""Artifact"",version: ""289"",hash: ""5e53f683acc550a6a026d9cb79e0a608""})"
"(:VERTEX {memory address: ""7f08556f2000"",size: ""11000"",subtype: ""memory"",tgid: ""189893"",source: ""syscall"",type: ""Artifact"",version: ""290"",hash: ""aa0a892e8d361c62beb02e4bc96c7bed""})"
"(:VERTEX {memory address: ""7f08556f2000"",size: ""11000"",subtype: ""memory"",tgid: ""189893"",source: ""syscall"",type: ""Artifact"",version: ""291"",hash: ""6d6dcfcd5b87328c97036d5ae6324f8c""})"
"(:VERTEX {memory address: ""7f08556f2000"",size: ""11000"",subtype: ""memory"",tgid: ""189893"",source: ""syscall"",type: ""Artifact"",version: ""292"",hash: ""49dc9e426c3b5dd27f37bc3d2df10782""})"
"(:VERTEX {memory address: ""7f08556f2000"",size: ""11000"",subtype: ""memory"",tgid: ""189893"",source: ""syscall"",type: ""Artifact"",version: ""293"",hash: ""f920cb98e5549742ff9bbfd52db01d5c""})"
"(:VERTEX {memory address: ""7f08556f2000"",size: ""11000"",subtype: ""memory"",tgid: ""189893"",source: ""syscall"",type: ""Artifact"",version: ""294"",hash: ""b3a4536ff63abb5779e6ce1f9f925260""})"
"(:VERTEX {memory address: ""7f08556f2000"",size: ""11000"",subtype: ""memory"",tgid: ""189893"",source: ""syscall"",type: ""Artifact"",version: ""295"",hash: ""5e2fbe6019d67ea3d384977364c60fb8""})"
"(:VERTEX {memory address: ""7f08556f2000"",size: ""11000"",subtype: ""memory"",tgid: ""189893"",source: ""syscall"",type: ""Artifact"",version: ""296"",hash: ""77805d4514b2bda6c057f7af1e76d297""})"
"(:VERTEX {memory address: ""7f08556f2000"",size: ""11000"",subtype: ""memory"",tgid: ""189893"",source: ""syscall"",type: ""Artifact"",version: ""297"",hash: ""7fc7c446017cc85775e8293492ac63f7""})"
"(:VERTEX {memory address: ""7f08556f2000"",size: ""11000"",subtype: ""memory"",tgid: ""189893"",source: ""syscall"",type: ""Artifact"",version: ""298"",hash: ""afd6a8337cd899917d95831cf311905f""})"
"(:VERTEX {memory address: ""7f08556f2000"",size: ""11000"",subtype: ""memory"",tgid: ""189893"",source: ""syscall"",type: ""Artifact"",version: ""299"",hash: ""e6fc9f4249d105303ebb589c6bbabb38""})"
"(:VERTEX {memory address: ""7f08556f2000"",size: ""11000"",subtype: ""memory"",tgid: ""189893"",source: ""syscall"",type: ""Artifact"",version: ""300"",hash: ""3f584e3442d477a92e43109ec55f82c9""})"
"(:VERTEX {memory address: ""7f08556f2000"",size: ""11000"",subtype: ""memory"",tgid: ""189893"",source: ""syscall"",type: ""Artifact"",version: ""301"",hash: ""972820d27f237add6f12e05f2e710bbe""})"
"(:VERTEX {memory address: ""7f08556f2000"",size: ""11000"",subtype: ""memory"",tgid: ""189893"",source: ""syscall"",type: ""Artifact"",version: ""302"",hash: ""49efdf3e9caf5725dac4a05eb4cee257""})"
"(:VERTEX {memory address: ""7f08556f2000"",size: ""11000"",subtype: ""memory"",tgid: ""189893"",source: ""syscall"",type: ""Artifact"",version: ""303"",hash: ""2e5b9aa0699d36c46d75d78068038a04""})"
"(:VERTEX {memory address: ""7f08556f2000"",size: ""11000"",subtype: ""memory"",tgid: ""189893"",source: ""syscall"",type: ""Artifact"",version: ""304"",hash: ""82b2bf866b65bf1599b07959e028a6d3""})"
"(:VERTEX {remote port: ""53"",epoch: ""0"",source: ""syscall"",type: ""Artifact"",version: ""0"",local port: ""34112"",net namespace: ""-1"",local address: ""10.1.251.204"",protocol: ""udp"",subtype: ""network socket"",remote address: ""10.152.183.10"",hash: ""dfab887a80fe4932e6ef64a30e04624f""})"
"(:VERTEX {remote port: ""53"",epoch: ""0"",source: ""syscall"",type: ""Artifact"",version: ""0"",local port: ""41673"",net namespace: ""-1"",local address: ""10.1.251.204"",protocol: ""udp"",subtype: ""network socket"",remote address: ""10.152.183.10"",hash: ""69b8ce280c3ea050d9c3a5d742ff08b1""})"
"(:VERTEX {memory address: ""7f08556f2000"",size: ""11000"",subtype: ""memory"",tgid: ""189893"",source: ""syscall"",type: ""Artifact"",version: ""305"",hash: ""ca0ece067f869eef68c69c12b31afc57""})"
"(:VERTEX {memory address: ""7f08556f2000"",size: ""11000"",subtype: ""memory"",tgid: ""189893"",source: ""syscall"",type: ""Artifact"",version: ""306"",hash: ""4bb41302f6099789c121b943c7d59ba5""})"
"(:VERTEX {memory address: ""7f08556f2000"",size: ""11000"",subtype: ""memory"",tgid: ""189893"",source: ""syscall"",type: ""Artifact"",version: ""307"",hash: ""1cc4c1050ed5d24bc8d7f1bc7690cc63""})"
"(:VERTEX {memory address: ""7f08556f2000"",size: ""11000"",subtype: ""memory"",tgid: ""189893"",source: ""syscall"",type: ""Artifact"",version: ""308"",hash: ""06aea9a203b1e92b4a10503fbe17c093""})"
"(:VERTEX {memory address: ""7f08556f2000"",size: ""11000"",subtype: ""memory"",tgid: ""189893"",source: ""syscall"",type: ""Artifact"",version: ""309"",hash: ""2a8b691094068f73d2530cd8ca86a8fb""})"
"(:VERTEX {memory address: ""f46fd9c0000"",size: ""40000"",subtype: ""memory"",tgid: ""189893"",source: ""syscall"",type: ""Artifact"",version: ""5"",hash: ""6d5d5ee82a69abad454f69d2e95c3ab4""})"
"(:VERTEX {memory address: ""33a2d79c0000"",size: ""40000"",subtype: ""memory"",tgid: ""189893"",source: ""syscall"",type: ""Artifact"",version: ""5"",hash: ""74402082052f12cae49579a64b51eb48""})"
"(:VERTEX {memory address: ""332ff05c0000"",size: ""40000"",subtype: ""memory"",tgid: ""189893"",source: ""syscall"",type: ""Artifact"",version: ""5"",hash: ""f306cb56e84dfd80e09efe6ba44cd6f9""})"
"(:VERTEX {memory address: ""3406f5a00000"",size: ""40000"",subtype: ""memory"",tgid: ""189893"",source: ""syscall"",type: ""Artifact"",version: ""5"",hash: ""f2e90c1f02aedc103fcdda3cfb5ebfd8""})"
"(:VERTEX {memory address: ""7eff964c7000"",size: ""10000"",subtype: ""memory"",tgid: ""189122"",source: ""syscall"",type: ""Artifact"",version: ""0"",hash: ""f0424346ed46f719b8f9d3f62cfc7d06""})"
"(:VERTEX {memory address: ""7f0857907000"",size: ""3000"",subtype: ""memory"",tgid: ""189893"",source: ""syscall"",type: ""Artifact"",version: ""5"",hash: ""f4c9c17fcf47fc2c3fe91da8008a182e""})"
"(:VERTEX {memory address: ""7f08578eb000"",size: ""1000"",subtype: ""memory"",tgid: ""189893"",source: ""syscall"",type: ""Artifact"",version: ""5"",hash: ""4f5047bfe3f25dca378759dfee3d56d3""})"
"(:VERTEX {memory address: ""7f08578b5000"",size: ""4000"",subtype: ""memory"",tgid: ""189893"",source: ""syscall"",type: ""Artifact"",version: ""5"",hash: ""51e94d80addf104bc42441f346648f3e""})"
"(:VERTEX {memory address: ""7f08578b1000"",size: ""4000"",subtype: ""memory"",tgid: ""189893"",source: ""syscall"",type: ""Artifact"",version: ""5"",hash: ""6a143635a38c2f1d4bdf137782dd4eea""})"
"(:VERTEX {memory address: ""198378b80000"",size: ""40000"",subtype: ""memory"",tgid: ""189893"",source: ""syscall"",type: ""Artifact"",version: ""5"",hash: ""c7a6315dc8e11f3b5d8bb9bf9b3f568f""})"
"(:VERTEX {memory address: ""3baf57e40000"",size: ""40000"",subtype: ""memory"",tgid: ""189893"",source: ""syscall"",type: ""Artifact"",version: ""5"",hash: ""2b735543a9acac6b2249223a8b9a169a""})"
"(:VERTEX {memory address: ""32aebee80000"",size: ""40000"",subtype: ""memory"",tgid: ""189893"",source: ""syscall"",type: ""Artifact"",version: ""5"",hash: ""a40d6dc31dd97b20a999219940364656""})"
"(:VERTEX {memory address: ""28056dec0000"",size: ""40000"",subtype: ""memory"",tgid: ""189893"",source: ""syscall"",type: ""Artifact"",version: ""5"",hash: ""f35788f7260981e8e2e40b831f2dc872""})"
"(:VERTEX {memory address: ""7f08556f2000"",size: ""11000"",subtype: ""memory"",tgid: ""189893"",source: ""syscall"",type: ""Artifact"",version: ""310"",hash: ""5dd9f7e0220243bcccc698156735ee65""})"
"(:VERTEX {memory address: ""7f08556f2000"",size: ""11000"",subtype: ""memory"",tgid: ""189893"",source: ""syscall"",type: ""Artifact"",version: ""311"",hash: ""57b2e00620eda6a74b9d98ad511fbeb1""})"
"(:VERTEX {memory address: ""7f08556f2000"",size: ""11000"",subtype: ""memory"",tgid: ""189893"",source: ""syscall"",type: ""Artifact"",version: ""312"",hash: ""8de6c473c50819efe6c9e7fc0320c1d8""})"
"(:VERTEX {memory address: ""7f08556f2000"",size: ""11000"",subtype: ""memory"",tgid: ""189893"",source: ""syscall"",type: ""Artifact"",version: ""313"",hash: ""e403984924ecaae2452a0a9f6787ebc8""})"
"(:VERTEX {memory address: ""7f08578b2000"",size: ""7000"",subtype: ""memory"",tgid: ""189893"",source: ""syscall"",type: ""Artifact"",version: ""9"",hash: ""2b017a69434f84755512380302d7c1fe""})"
"(:VERTEX {memory address: ""7f0857894000"",size: ""9000"",subtype: ""memory"",tgid: ""189893"",source: ""syscall"",type: ""Artifact"",version: ""12"",hash: ""b1e30d362f06b9ba0e4f57ac0c86a3a4""})"
"(:VERTEX {memory address: ""7f08556f3000"",size: ""10000"",subtype: ""memory"",tgid: ""189893"",source: ""syscall"",type: ""Artifact"",version: ""37"",hash: ""326d873e209828f1da71e7babbba1aa0""})"
"(:VERTEX {memory address: ""7f085772b000"",size: ""9000"",subtype: ""memory"",tgid: ""189893"",source: ""syscall"",type: ""Artifact"",version: ""32"",hash: ""2c5cee899f7ded1b48b8ca11f2a55867""})"
"(:VERTEX {memory address: ""7f08578b2000"",size: ""7000"",subtype: ""memory"",tgid: ""189893"",source: ""syscall"",type: ""Artifact"",version: ""10"",hash: ""d9ff4e33dbfca1c4739b4cbdf8f16ddd""})"
"(:VERTEX {memory address: ""7f0857894000"",size: ""9000"",subtype: ""memory"",tgid: ""189893"",source: ""syscall"",type: ""Artifact"",version: ""13"",hash: ""bf1884396c9704438e5af8899c858ed0""})"
"(:VERTEX {memory address: ""7f08556f3000"",size: ""10000"",subtype: ""memory"",tgid: ""189893"",source: ""syscall"",type: ""Artifact"",version: ""38"",hash: ""95d676f2681c4a564f530cbb4677558c""})"
"(:VERTEX {memory address: ""7f08556f2000"",size: ""11000"",subtype: ""memory"",tgid: ""189893"",source: ""syscall"",type: ""Artifact"",version: ""314"",hash: ""1202e6dd14279431e50c094b46776109""})"
"(:VERTEX {memory address: ""7f08556f2000"",size: ""11000"",subtype: ""memory"",tgid: ""189893"",source: ""syscall"",type: ""Artifact"",version: ""315"",hash: ""ceb7f6b80f13fbac70e7ed5df4d6c195""})"
"(:VERTEX {memory address: ""7f08556f2000"",size: ""11000"",subtype: ""memory"",tgid: ""189893"",source: ""syscall"",type: ""Artifact"",version: ""316"",hash: ""eda8e0e3648abc565633e292a9f7db60""})"
"(:VERTEX {memory address: ""7f0857908000"",size: ""2000"",subtype: ""memory"",tgid: ""189893"",source: ""syscall"",type: ""Artifact"",version: ""16"",hash: ""83fdb7ba81d08430b6a2f179ddaa9330""})"
"(:VERTEX {memory address: ""7f08578b2000"",size: ""7000"",subtype: ""memory"",tgid: ""189893"",source: ""syscall"",type: ""Artifact"",version: ""11"",hash: ""0d280ef0042dad5039cc595370ca109d""})"
"(:VERTEX {memory address: ""7f0857894000"",size: ""9000"",subtype: ""memory"",tgid: ""189893"",source: ""syscall"",type: ""Artifact"",version: ""14"",hash: ""85e70912c0eeac3854030a6594e1a1a1""})"
"(:VERTEX {memory address: ""7f08556f2000"",size: ""11000"",subtype: ""memory"",tgid: ""189893"",source: ""syscall"",type: ""Artifact"",version: ""317"",hash: ""65c96d434aa42f0cc40388314455ce39""})"
"(:VERTEX {memory address: ""7f08556f3000"",size: ""10000"",subtype: ""memory"",tgid: ""189893"",source: ""syscall"",type: ""Artifact"",version: ""39"",hash: ""f051ecc3ad60802ae2f73ab281ac5e32""})"
"(:VERTEX {memory address: ""7f085772b000"",size: ""9000"",subtype: ""memory"",tgid: ""189893"",source: ""syscall"",type: ""Artifact"",version: ""33"",hash: ""b6f61792864c182c8f4d91bfb7cda398""})"
"(:VERTEX {memory address: ""7f08556ea000"",size: ""9000"",subtype: ""memory"",tgid: ""189893"",source: ""syscall"",type: ""Artifact"",version: ""3"",hash: ""f1f170f2e1990a57f45d7595d6d15da9""})"
"(:VERTEX {memory address: ""7f08556e1000"",size: ""9000"",subtype: ""memory"",tgid: ""189893"",source: ""syscall"",type: ""Artifact"",version: ""6"",hash: ""f2d695f931ed9949ad5b67370d1b7e07""})"
"(:VERTEX {memory address: ""7f08556d8000"",size: ""9000"",subtype: ""memory"",tgid: ""189893"",source: ""syscall"",type: ""Artifact"",version: ""15"",hash: ""9deaee95d084207082e7cccff49b6e3b""})"
"(:VERTEX {memory address: ""7f08556c7000"",size: ""11000"",subtype: ""memory"",tgid: ""189893"",source: ""syscall"",type: ""Artifact"",version: ""0"",hash: ""386db2c491e211baea1e45f211cfee9a""})"
"(:VERTEX {memory address: ""7f08556cf000"",size: ""9000"",subtype: ""memory"",tgid: ""189893"",source: ""syscall"",type: ""Artifact"",version: ""3"",hash: ""7c20e85b1aef3ca8de160171228230e3""})"
"(:VERTEX {memory address: ""7f08556c6000"",size: ""9000"",subtype: ""memory"",tgid: ""189893"",source: ""syscall"",type: ""Artifact"",version: ""13"",hash: ""13eea1dec93a390b3c2a8e16c6f52f44""})"
"(:VERTEX {memory address: ""7f08556bd000"",size: ""9000"",subtype: ""memory"",tgid: ""189893"",source: ""syscall"",type: ""Artifact"",version: ""6"",hash: ""c553ddcb89ea6af17d916055b93e55ec""})"
"(:VERTEX {memory address: ""7f08556e1000"",size: ""9000"",subtype: ""memory"",tgid: ""189893"",source: ""syscall"",type: ""Artifact"",version: ""7"",hash: ""d4bda7aa2cbfd015cb3d0cb2f8ec0a4f""})"
"(:VERTEX {memory address: ""7f08556be000"",size: ""8000"",subtype: ""memory"",tgid: ""189893"",source: ""syscall"",type: ""Artifact"",version: ""0"",hash: ""c7067e1eac489b18d7f6c2b51205b62a""})"
"(:VERTEX {memory address: ""7f08556bd000"",size: ""9000"",subtype: ""memory"",tgid: ""189893"",source: ""syscall"",type: ""Artifact"",version: ""7"",hash: ""9d1cf3bee525995c59a137323151e6f1""})"
"(:VERTEX {memory address: ""7f08556b4000"",size: ""9000"",subtype: ""memory"",tgid: ""189893"",source: ""syscall"",type: ""Artifact"",version: ""2"",hash: ""d774d82d2ae3588bfa4d854421fd7643""})"
"(:VERTEX {memory address: ""7f08556ab000"",size: ""9000"",subtype: ""memory"",tgid: ""189893"",source: ""syscall"",type: ""Artifact"",version: ""2"",hash: ""8db60d52263ae1da80c26569af3c8a9a""})"
"(:VERTEX {memory address: ""7f08556a2000"",size: ""9000"",subtype: ""memory"",tgid: ""189893"",source: ""syscall"",type: ""Artifact"",version: ""1"",hash: ""5e56900d9d6df23e7a07ba93862fa952""})"
"(:VERTEX {memory address: ""7f0855699000"",size: ""9000"",subtype: ""memory"",tgid: ""189893"",source: ""syscall"",type: ""Artifact"",version: ""0"",hash: ""e63079cd48c199eba49ef2ec176aa233""})"
"(:VERTEX {memory address: ""7f08556bd000"",size: ""9000"",subtype: ""memory"",tgid: ""189893"",source: ""syscall"",type: ""Artifact"",version: ""8"",hash: ""43a60005ac011963aef6021064370f15""})"
"(:VERTEX {memory address: ""7f08578ae000"",size: ""4000"",subtype: ""memory"",tgid: ""189893"",source: ""syscall"",type: ""Artifact"",version: ""0"",hash: ""6babfa0f1bf41604edf531ba897eafe1""})"
"(:VERTEX {memory address: ""7f0857818000"",size: ""7000"",subtype: ""memory"",tgid: ""189893"",source: ""syscall"",type: ""Artifact"",version: ""7"",hash: ""d633a29b4c15826060023b85468f7701""})"
"(:VERTEX {memory address: ""7f08556bd000"",size: ""9000"",subtype: ""memory"",tgid: ""189893"",source: ""syscall"",type: ""Artifact"",version: ""9"",hash: ""f899e5c82a30c38979328e6c594883a5""})"
"(:VERTEX {memory address: ""7f08556b4000"",size: ""9000"",subtype: ""memory"",tgid: ""189893"",source: ""syscall"",type: ""Artifact"",version: ""3"",hash: ""012b70d0237b6e2e94cd08742e1af216""})"
"(:VERTEX {memory address: ""7f0857818000"",size: ""7000"",subtype: ""memory"",tgid: ""189893"",source: ""syscall"",type: ""Artifact"",version: ""8"",hash: ""24ac681e1db07243c24ae1064a8f6418""})"
"(:VERTEX {memory address: ""7f08556b4000"",size: ""9000"",subtype: ""memory"",tgid: ""189893"",source: ""syscall"",type: ""Artifact"",version: ""4"",hash: ""49b251ec89b77587752ce72e9f809f45""})"
"(:VERTEX {memory address: ""7f08556ab000"",size: ""9000"",subtype: ""memory"",tgid: ""189893"",source: ""syscall"",type: ""Artifact"",version: ""3"",hash: ""c8fc88ea8574371cacfb6957eef9372d""})"
"(:VERTEX {memory address: ""7f08556b4000"",size: ""9000"",subtype: ""memory"",tgid: ""189893"",source: ""syscall"",type: ""Artifact"",version: ""5"",hash: ""dfa61911c4b4062f6aefb5f4b1ee1936""})"
"(:VERTEX {memory address: ""7f0857818000"",size: ""7000"",subtype: ""memory"",tgid: ""189893"",source: ""syscall"",type: ""Artifact"",version: ""9"",hash: ""f0e69e2a35399ee6c66661e7e9dae246""})"
"(:VERTEX {memory address: ""7f0857819000"",size: ""6000"",subtype: ""memory"",tgid: ""189893"",source: ""syscall"",type: ""Artifact"",version: ""7"",hash: ""1db2c80335ff2edf956685b5338f2662""})"
"(:VERTEX {memory address: ""7f08556ab000"",size: ""9000"",subtype: ""memory"",tgid: ""189893"",source: ""syscall"",type: ""Artifact"",version: ""4"",hash: ""a1ac763e469c5c630e2a0fd83c456972""})"
"(:VERTEX {memory address: ""7f085772b000"",size: ""9000"",subtype: ""memory"",tgid: ""189893"",source: ""syscall"",type: ""Artifact"",version: ""34"",hash: ""56b2a7888ded49d885a495753693502c""})"
"(:VERTEX {memory address: ""7f08556f2000"",size: ""11000"",subtype: ""memory"",tgid: ""189893"",source: ""syscall"",type: ""Artifact"",version: ""318"",hash: ""e11142e57f388417b44ba015ee62e043""})"
"(:VERTEX {memory address: ""7f08556f2000"",size: ""11000"",subtype: ""memory"",tgid: ""189893"",source: ""syscall"",type: ""Artifact"",version: ""319"",hash: ""db9301a6c039a59ab4846b0f40bf9bb0""})"
"(:VERTEX {memory address: ""7f08556f2000"",size: ""11000"",subtype: ""memory"",tgid: ""189893"",source: ""syscall"",type: ""Artifact"",version: ""320"",hash: ""2d25313e430abcac06b9b292a48767ca""})"
"(:VERTEX {remote port: ""53"",epoch: ""0"",source: ""syscall"",type: ""Artifact"",version: ""0"",local port: ""59518"",net namespace: ""-1"",local address: ""10.1.251.204"",protocol: ""udp"",subtype: ""network socket"",remote address: ""10.152.183.10"",hash: ""446dabb9a40b6302965ed52b0dfb44c8""})"
"(:VERTEX {remote port: ""53"",epoch: ""0"",source: ""syscall"",type: ""Artifact"",version: ""0"",local port: ""37951"",net namespace: ""-1"",local address: ""10.1.251.204"",protocol: ""udp"",subtype: ""network socket"",remote address: ""10.152.183.10"",hash: ""376037897b04453da1f8fe37f2e17721""})"
"(:VERTEX {memory address: ""7f08556f2000"",size: ""11000"",subtype: ""memory"",tgid: ""189893"",source: ""syscall"",type: ""Artifact"",version: ""321"",hash: ""f7263ec50c8e75c5941422a22ecb510d""})"
"(:VERTEX {memory address: ""7f08556f2000"",size: ""11000"",subtype: ""memory"",tgid: ""189893"",source: ""syscall"",type: ""Artifact"",version: ""322"",hash: ""8985ea5877a14766e083bc20fea625c1""})"
"(:VERTEX {memory address: ""7f08556f2000"",size: ""11000"",subtype: ""memory"",tgid: ""189893"",source: ""syscall"",type: ""Artifact"",version: ""323"",hash: ""0c741853e2442948012eb8429de97ae4""})"
"(:VERTEX {memory address: ""7f08556f2000"",size: ""11000"",subtype: ""memory"",tgid: ""189893"",source: ""syscall"",type: ""Artifact"",version: ""324"",hash: ""d6734ba0ac3a7533eaefd887f7febaeb""})"
"(:VERTEX {memory address: ""7eff8ff61000"",size: ""3000"",subtype: ""memory"",tgid: ""189122"",source: ""syscall"",type: ""Artifact"",version: ""0"",hash: ""09f7a943f2b973db2fa1123d53523257""})"
"(:VERTEX {memory address: ""7f08556f2000"",size: ""11000"",subtype: ""memory"",tgid: ""189893"",source: ""syscall"",type: ""Artifact"",version: ""325"",hash: ""924fb4ca7980ad4f9a74661e72be56a9""})"
"(:VERTEX {memory address: ""7f08556f2000"",size: ""11000"",subtype: ""memory"",tgid: ""189893"",source: ""syscall"",type: ""Artifact"",version: ""326"",hash: ""efea770faf8bd0c5ecde27a83e85ad38""})"
"(:VERTEX {memory address: ""7f08556f2000"",size: ""11000"",subtype: ""memory"",tgid: ""189893"",source: ""syscall"",type: ""Artifact"",version: ""327"",hash: ""63e855255b88e273d9d38c493206ffeb""})"
"(:VERTEX {memory address: ""7eff8ff48000"",size: ""12000"",subtype: ""memory"",tgid: ""189122"",source: ""syscall"",type: ""Artifact"",version: ""1"",hash: ""3eca8a39cd848dfba09a4fa96293f665""})"
"(:VERTEX {memory address: ""7eff8ff47000"",size: ""13000"",subtype: ""memory"",tgid: ""189122"",source: ""syscall"",type: ""Artifact"",version: ""0"",hash: ""3261c41db1082284a563cdd487322a4e""})"
"(:VERTEX {memory address: ""7eff8ff46000"",size: ""14000"",subtype: ""memory"",tgid: ""189122"",source: ""syscall"",type: ""Artifact"",version: ""0"",hash: ""787ebfda3c3bbc13a1e4152432b7f2f4""})"
"(:VERTEX {memory address: ""7eff8ff44000"",size: ""16000"",subtype: ""memory"",tgid: ""189122"",source: ""syscall"",type: ""Artifact"",version: ""0"",hash: ""a68664a64c56695968a7292cd0f33ef3""})"
"(:VERTEX {memory address: ""7eff8ff13000"",size: ""1d000"",subtype: ""memory"",tgid: ""189122"",source: ""syscall"",type: ""Artifact"",version: ""0"",hash: ""201bb3a60475f98c39de3a51aa5e4d91""})"
"(:VERTEX {memory address: ""7eff8ff12000"",size: ""1e000"",subtype: ""memory"",tgid: ""189122"",source: ""syscall"",type: ""Artifact"",version: ""0"",hash: ""6c3e2795c376e9720d733323f24f7d36""})"
"(:VERTEX {memory address: ""7eff8ff51000"",size: ""9000"",subtype: ""memory"",tgid: ""189122"",source: ""syscall"",type: ""Artifact"",version: ""1"",hash: ""cf9fbff2393601ece84c5821038d3e15""})"
"(:VERTEX {memory address: ""7eff8ff12000"",size: ""1e000"",subtype: ""memory"",tgid: ""189122"",source: ""syscall"",type: ""Artifact"",version: ""1"",hash: ""43517f4cf8f8dc6c02908a74040314b8""})"
"(:VERTEX {memory address: ""7eff8ff47000"",size: ""a000"",subtype: ""memory"",tgid: ""189122"",source: ""syscall"",type: ""Artifact"",version: ""0"",hash: ""6658b2c287f232b36b8369ceae85dbde""})"
"(:VERTEX {memory address: ""7eff8ff14000"",size: ""1c000"",subtype: ""memory"",tgid: ""189122"",source: ""syscall"",type: ""Artifact"",version: ""0"",hash: ""2c444a392302e3549c7af738757b69f5""})"
"(:VERTEX {memory address: ""7eff8fef6000"",size: ""1e000"",subtype: ""memory"",tgid: ""189122"",source: ""syscall"",type: ""Artifact"",version: ""0"",hash: ""1c6adb668993972707396943bbb49690""})"
"(:VERTEX {memory address: ""7eff8ff25000"",size: ""b000"",subtype: ""memory"",tgid: ""189122"",source: ""syscall"",type: ""Artifact"",version: ""0"",hash: ""9555e62c52c9c4dfb0d65f5bab443f74""})"
"(:VERTEX {memory address: ""7eff8ff1a000"",size: ""b000"",subtype: ""memory"",tgid: ""189122"",source: ""syscall"",type: ""Artifact"",version: ""0"",hash: ""1ff4c832897b161874250358db8cbd68""})"
"(:VERTEX {memory address: ""7eff8ff25000"",size: ""b000"",subtype: ""memory"",tgid: ""189122"",source: ""syscall"",type: ""Artifact"",version: ""1"",hash: ""26d1e1aa234702b5aa5695f3b0de0f5e""})"
"(:VERTEX {memory address: ""7eff8ff1a000"",size: ""b000"",subtype: ""memory"",tgid: ""189122"",source: ""syscall"",type: ""Artifact"",version: ""1"",hash: ""e93730dd4a7959bbd95823631e467818""})"
"(:VERTEX {memory address: ""7eff8ff1e000"",size: ""12000"",subtype: ""memory"",tgid: ""189122"",source: ""syscall"",type: ""Artifact"",version: ""0"",hash: ""bfe057fa132d0959e58daedb46c4eb66""})"
"(:VERTEX {memory address: ""7eff8ff0b000"",size: ""13000"",subtype: ""memory"",tgid: ""189122"",source: ""syscall"",type: ""Artifact"",version: ""0"",hash: ""de1bb2ff488daa70730758a793c2958c""})"
"(:VERTEX {memory address: ""7eff8ff1e000"",size: ""12000"",subtype: ""memory"",tgid: ""189122"",source: ""syscall"",type: ""Artifact"",version: ""1"",hash: ""78eb4438cbbf0fb809386eac943ae4f9""})"
"(:VERTEX {memory address: ""7eff8ff0b000"",size: ""13000"",subtype: ""memory"",tgid: ""189122"",source: ""syscall"",type: ""Artifact"",version: ""1"",hash: ""6c0d25f21ba7c9d021666f4665f2d43d""})"
"(:VERTEX {memory address: ""7eff8ff1e000"",size: ""12000"",subtype: ""memory"",tgid: ""189122"",source: ""syscall"",type: ""Artifact"",version: ""2"",hash: ""4e07a28426e7a7adfee32accd6bad2bf""})"
"(:VERTEX {memory address: ""7eff8ff0b000"",size: ""13000"",subtype: ""memory"",tgid: ""189122"",source: ""syscall"",type: ""Artifact"",version: ""2"",hash: ""65706e5ea7e230e996b23d5440831707""})"
"(:VERTEX {path: ""/status/status.json"",subtype: ""file"",permissions: ""0644"",epoch: ""1"",source: ""syscall"",type: ""Artifact"",version: ""0"",hash: ""240d997d806b6398fdde6bb94b1e88ca""})"
"(:VERTEX {memory address: ""7f08556f2000"",size: ""11000"",subtype: ""memory"",tgid: ""189893"",source: ""syscall"",type: ""Artifact"",version: ""328"",hash: ""4524a39a83a95a577ddb07786874e14b""})"
"(:VERTEX {memory address: ""7f08556f2000"",size: ""11000"",subtype: ""memory"",tgid: ""189893"",source: ""syscall"",type: ""Artifact"",version: ""329"",hash: ""551530811cc09bd7fc29ccd10ecfb915""})"
"(:VERTEX {memory address: ""7f08556f2000"",size: ""11000"",subtype: ""memory"",tgid: ""189893"",source: ""syscall"",type: ""Artifact"",version: ""330"",hash: ""2f1ff02655e785a0630993a94f5d3aac""})"
"(:VERTEX {memory address: ""7f08556f2000"",size: ""11000"",subtype: ""memory"",tgid: ""189893"",source: ""syscall"",type: ""Artifact"",version: ""331"",hash: ""0b4aa5d5014e333a4a7a6baa0dea8411""})"
"(:VERTEX {memory address: ""7eff92cc0000"",size: ""10000"",subtype: ""memory"",tgid: ""189122"",source: ""syscall"",type: ""Artifact"",version: ""0"",hash: ""572d1ec7d298a91455398cce2664099c""})"
"(:VERTEX {memory address: ""7eff8fef0000"",size: ""40000"",subtype: ""memory"",tgid: ""189122"",source: ""syscall"",type: ""Artifact"",version: ""1"",hash: ""3096a34ed7654fc07741f9f78a27fd2c""})"
"(:VERTEX {memory address: ""7eff964d7000"",size: ""10000"",subtype: ""memory"",tgid: ""189122"",source: ""syscall"",type: ""Artifact"",version: ""0"",hash: ""7d787b94c18e672f49edb05abbd41b3d""})"
"(:VERTEX {memory address: ""7eff8ff60000"",size: ""4000"",subtype: ""memory"",tgid: ""189122"",source: ""syscall"",type: ""Artifact"",version: ""0"",hash: ""805f9022312e994579af23fb35575ae5""})"
"(:VERTEX {memory address: ""7eff8ff5e000"",size: ""2000"",subtype: ""memory"",tgid: ""189122"",source: ""syscall"",type: ""Artifact"",version: ""0"",hash: ""dfc1bc1f3eaa0ea2042058d8667497b8""})"
"(:VERTEX {memory address: ""7f08556f2000"",size: ""11000"",subtype: ""memory"",tgid: ""189893"",source: ""syscall"",type: ""Artifact"",version: ""332"",hash: ""07f1aff1df0fd73564a87e40d64781b3""})"
"(:VERTEX {memory address: ""7f08556f2000"",size: ""11000"",subtype: ""memory"",tgid: ""189893"",source: ""syscall"",type: ""Artifact"",version: ""333"",hash: ""802555a8701e1cc351b3272bd9261362""})"
"(:VERTEX {memory address: ""7f08556f2000"",size: ""11000"",subtype: ""memory"",tgid: ""189893"",source: ""syscall"",type: ""Artifact"",version: ""334"",hash: ""e87fe090d573c66d7ce7f3fae10e4011""})"
"(:VERTEX {memory address: ""7f08556f2000"",size: ""11000"",subtype: ""memory"",tgid: ""189893"",source: ""syscall"",type: ""Artifact"",version: ""335"",hash: ""eba28e6f5091168549f11f7292e10154""})"
"(:VERTEX {memory address: ""7f08556f2000"",size: ""11000"",subtype: ""memory"",tgid: ""189893"",source: ""syscall"",type: ""Artifact"",version: ""336"",hash: ""30f9bf8ab49aad5704aff36777fa5ccc""})"
"(:VERTEX {memory address: ""7eff8ff5e000"",size: ""2000"",subtype: ""memory"",tgid: ""189122"",source: ""syscall"",type: ""Artifact"",version: ""1"",hash: ""d577f35e38b3d67ec4969b805c483139""})"
"(:VERTEX {memory address: ""7eff8ff5e000"",size: ""2000"",subtype: ""memory"",tgid: ""189122"",source: ""syscall"",type: ""Artifact"",version: ""2"",hash: ""d6f9cc0922198c6a94a1d82cc3671a58""})"
"(:VERTEX {memory address: ""7f08556f2000"",size: ""11000"",subtype: ""memory"",tgid: ""189893"",source: ""syscall"",type: ""Artifact"",version: ""337"",hash: ""8b2d617ffbe3743c03b170d4db01d58f""})"
"(:VERTEX {memory address: ""7f08556f2000"",size: ""11000"",subtype: ""memory"",tgid: ""189893"",source: ""syscall"",type: ""Artifact"",version: ""338"",hash: ""a789ec2222cfb26381203b3140d804e0""})"
"(:VERTEX {memory address: ""7f08556f2000"",size: ""11000"",subtype: ""memory"",tgid: ""189893"",source: ""syscall"",type: ""Artifact"",version: ""339"",hash: ""503a5fc10e0d0de0f74ac01c839dd48c""})"
"(:VERTEX {memory address: ""7f08556f2000"",size: ""11000"",subtype: ""memory"",tgid: ""189893"",source: ""syscall"",type: ""Artifact"",version: ""340"",hash: ""3ee22c32aae16ec0771e15710d37b39c""})"
"(:VERTEX {memory address: ""7f08556f2000"",size: ""11000"",subtype: ""memory"",tgid: ""189893"",source: ""syscall"",type: ""Artifact"",version: ""341"",hash: ""c7c5a039a94cf70b61b88d6b0bc3ddce""})"
"(:VERTEX {memory address: ""7f08556f2000"",size: ""11000"",subtype: ""memory"",tgid: ""189893"",source: ""syscall"",type: ""Artifact"",version: ""342"",hash: ""98499e7db7379f80d73e9356041b6513""})"
"(:VERTEX {memory address: ""7f08556f2000"",size: ""11000"",subtype: ""memory"",tgid: ""189893"",source: ""syscall"",type: ""Artifact"",version: ""343"",hash: ""f3039cf7e437df758dbaef04337c2f4b""})"
"(:VERTEX {memory address: ""7f08556f2000"",size: ""11000"",subtype: ""memory"",tgid: ""189893"",source: ""syscall"",type: ""Artifact"",version: ""344"",hash: ""0ee6d39f3e6676d5ae97d0bfda7b4e24""})"
"(:VERTEX {memory address: ""7f08556f2000"",size: ""11000"",subtype: ""memory"",tgid: ""189893"",source: ""syscall"",type: ""Artifact"",version: ""345"",hash: ""7ee486819193d89d3d35b7afdf9df53a""})"
"(:VERTEX {memory address: ""7f08556f2000"",size: ""11000"",subtype: ""memory"",tgid: ""189893"",source: ""syscall"",type: ""Artifact"",version: ""346"",hash: ""1a38fe048093cdf81f18c4bcbc37b039""})"
"(:VERTEX {memory address: ""7f08556f2000"",size: ""11000"",subtype: ""memory"",tgid: ""189893"",source: ""syscall"",type: ""Artifact"",version: ""347"",hash: ""adad73175bf02cc40a2a1939328d51a0""})"
"(:VERTEX {memory address: ""7f08556f2000"",size: ""11000"",subtype: ""memory"",tgid: ""189893"",source: ""syscall"",type: ""Artifact"",version: ""348"",hash: ""d4402095385048ef918ce3691a3d1236""})"
"(:VERTEX {memory address: ""7f08556f2000"",size: ""11000"",subtype: ""memory"",tgid: ""189893"",source: ""syscall"",type: ""Artifact"",version: ""349"",hash: ""d2651c437611f485d213a30e85bd6b5c""})"
"(:VERTEX {memory address: ""7f08556f2000"",size: ""11000"",subtype: ""memory"",tgid: ""189893"",source: ""syscall"",type: ""Artifact"",version: ""350"",hash: ""8e4f7be196158762221a6c7015cd764f""})"
"(:VERTEX {memory address: ""7f08556f2000"",size: ""11000"",subtype: ""memory"",tgid: ""189893"",source: ""syscall"",type: ""Artifact"",version: ""351"",hash: ""f50e4566485f733614e5d2d5d7042550""})"
"(:VERTEX {memory address: ""7f08556f2000"",size: ""11000"",subtype: ""memory"",tgid: ""189893"",source: ""syscall"",type: ""Artifact"",version: ""352"",hash: ""75e91a254c0c9bdffd028c6affbcc269""})"
"(:VERTEX {memory address: ""7f08556f2000"",size: ""11000"",subtype: ""memory"",tgid: ""189893"",source: ""syscall"",type: ""Artifact"",version: ""353"",hash: ""5e00aa3c13bb4710e7564414a24f6b94""})"
"(:VERTEX {memory address: ""7f08556f2000"",size: ""11000"",subtype: ""memory"",tgid: ""189893"",source: ""syscall"",type: ""Artifact"",version: ""354"",hash: ""8a61fdfba3a8d02a1241a97138f13a18""})"
"(:VERTEX {memory address: ""7f08556f2000"",size: ""11000"",subtype: ""memory"",tgid: ""189893"",source: ""syscall"",type: ""Artifact"",version: ""355"",hash: ""991f653d3e68f46942ff22a36c51f81a""})"
"(:VERTEX {memory address: ""7f08556f2000"",size: ""11000"",subtype: ""memory"",tgid: ""189893"",source: ""syscall"",type: ""Artifact"",version: ""356"",hash: ""eae751052dd7eab595c8c2e54cba8e2f""})"
"(:VERTEX {memory address: ""7f08556f2000"",size: ""11000"",subtype: ""memory"",tgid: ""189893"",source: ""syscall"",type: ""Artifact"",version: ""357"",hash: ""9c185764e193608ba7091ac97ceb6b73""})"
"(:VERTEX {memory address: ""7f08556f2000"",size: ""11000"",subtype: ""memory"",tgid: ""189893"",source: ""syscall"",type: ""Artifact"",version: ""358"",hash: ""c2b789ccb182afbfa505e90b29319e32""})"
"(:VERTEX {memory address: ""7f08556f2000"",size: ""11000"",subtype: ""memory"",tgid: ""189893"",source: ""syscall"",type: ""Artifact"",version: ""359"",hash: ""4bdb4a134ce4b7e3781429ba84e8f7b0""})"
"(:VERTEX {remote port: ""53"",epoch: ""0"",source: ""syscall"",type: ""Artifact"",version: ""0"",local port: ""56795"",net namespace: ""-1"",local address: ""10.1.251.204"",protocol: ""udp"",subtype: ""network socket"",remote address: ""10.152.183.10"",hash: ""94b4bb543ca929607d26e9ed492d3600""})"
"(:VERTEX {remote port: ""53"",epoch: ""0"",source: ""syscall"",type: ""Artifact"",version: ""0"",local port: ""48510"",net namespace: ""-1"",local address: ""10.1.251.204"",protocol: ""udp"",subtype: ""network socket"",remote address: ""10.152.183.10"",hash: ""d008c1d92802a2d9c9219327011124a4""})"
"(:VERTEX {remote port: ""53"",epoch: ""1"",source: ""syscall"",type: ""Artifact"",version: ""0"",local port: ""48510"",net namespace: ""-1"",local address: ""10.1.251.204"",protocol: ""udp"",subtype: ""network socket"",remote address: ""10.152.183.10"",hash: ""5559600ed5735daeffdd7fae72d1b667""})"
"(:VERTEX {remote port: ""53"",epoch: ""2"",source: ""syscall"",type: ""Artifact"",version: ""0"",local port: ""48510"",net namespace: ""-1"",local address: ""10.1.251.204"",protocol: ""udp"",subtype: ""network socket"",remote address: ""10.152.183.10"",hash: ""9cc7a2e8c49a10a95a97a1a4f99a8182""})"
"(:VERTEX {memory address: ""7f08556f2000"",size: ""11000"",subtype: ""memory"",tgid: ""189893"",source: ""syscall"",type: ""Artifact"",version: ""360"",hash: ""e32f9b41ecb877dc5aece8281f1efde3""})"
"(:VERTEX {memory address: ""7f08556f2000"",size: ""11000"",subtype: ""memory"",tgid: ""189893"",source: ""syscall"",type: ""Artifact"",version: ""361"",hash: ""78fa8321ba5572afdaa6346aa47e4208""})"
"(:VERTEX {memory address: ""7f08556f2000"",size: ""11000"",subtype: ""memory"",tgid: ""189893"",source: ""syscall"",type: ""Artifact"",version: ""362"",hash: ""9d974be3bf38496af62326dd30319ec5""})"
"(:VERTEX {memory address: ""7f08556f2000"",size: ""11000"",subtype: ""memory"",tgid: ""189893"",source: ""syscall"",type: ""Artifact"",version: ""363"",hash: ""57faed5ca907cd2c8516250276ec70a7""})"
"(:VERTEX {memory address: ""28056dec0000"",size: ""40000"",subtype: ""memory"",tgid: ""189893"",source: ""syscall"",type: ""Artifact"",version: ""6"",hash: ""477e5923ac4a3f8e5e06d2116d58c48d""})"
"(:VERTEX {memory address: ""32aebee80000"",size: ""40000"",subtype: ""memory"",tgid: ""189893"",source: ""syscall"",type: ""Artifact"",version: ""6"",hash: ""5ae76a74ef308dcb83b1d5dba98fd8eb""})"
"(:VERTEX {memory address: ""3baf57e40000"",size: ""40000"",subtype: ""memory"",tgid: ""189893"",source: ""syscall"",type: ""Artifact"",version: ""6"",hash: ""8cbffe045377d338224c896d37293f1b""})"
"(:VERTEX {memory address: ""198378b80000"",size: ""40000"",subtype: ""memory"",tgid: ""189893"",source: ""syscall"",type: ""Artifact"",version: ""6"",hash: ""e67b72b42a06300b0ae9443a0df69918""})"
"(:VERTEX {memory address: ""7f0857907000"",size: ""3000"",subtype: ""memory"",tgid: ""189893"",source: ""syscall"",type: ""Artifact"",version: ""6"",hash: ""505634c5595220bdf5f24ba5a1310da9""})"
"(:VERTEX {memory address: ""7f08578eb000"",size: ""1000"",subtype: ""memory"",tgid: ""189893"",source: ""syscall"",type: ""Artifact"",version: ""6"",hash: ""c475a696694dd0b3440f1596a550ee9f""})"
"(:VERTEX {memory address: ""7f08578b5000"",size: ""4000"",subtype: ""memory"",tgid: ""189893"",source: ""syscall"",type: ""Artifact"",version: ""6"",hash: ""07c8ec6b5f7e4c364acc31219b314f9e""})"
"(:VERTEX {memory address: ""7f08578b1000"",size: ""4000"",subtype: ""memory"",tgid: ""189893"",source: ""syscall"",type: ""Artifact"",version: ""6"",hash: ""3c3cc37a72c8911de258ad0c6317654d""})"
"(:VERTEX {memory address: ""332ff05c0000"",size: ""40000"",subtype: ""memory"",tgid: ""189893"",source: ""syscall"",type: ""Artifact"",version: ""6"",hash: ""eb55bb787f00f6349306135b27110e72""})"
"(:VERTEX {memory address: ""33a2d79c0000"",size: ""40000"",subtype: ""memory"",tgid: ""189893"",source: ""syscall"",type: ""Artifact"",version: ""6"",hash: ""e6782fe3cadaeb1a0aab564f2b95bdda""})"
"(:VERTEX {memory address: ""f46fd9c0000"",size: ""40000"",subtype: ""memory"",tgid: ""189893"",source: ""syscall"",type: ""Artifact"",version: ""6"",hash: ""95f9f968845fd0724965792601617014""})"
"(:VERTEX {memory address: ""7f08556f2000"",size: ""11000"",subtype: ""memory"",tgid: ""189893"",source: ""syscall"",type: ""Artifact"",version: ""364"",hash: ""b4fd7973a2ae826a1070aa40a2bebf2d""})"
"(:VERTEX {memory address: ""7f08556f2000"",size: ""11000"",subtype: ""memory"",tgid: ""189893"",source: ""syscall"",type: ""Artifact"",version: ""365"",hash: ""b934f1009074a2737c5fcff3fa0fd327""})"
"(:VERTEX {memory address: ""7f08556f2000"",size: ""11000"",subtype: ""memory"",tgid: ""189893"",source: ""syscall"",type: ""Artifact"",version: ""366"",hash: ""1a3836ee83616d9cc2ce1ddb78f4d888""})"
"(:VERTEX {memory address: ""7f0857908000"",size: ""2000"",subtype: ""memory"",tgid: ""189893"",source: ""syscall"",type: ""Artifact"",version: ""17"",hash: ""b2eea8c1213102934f58ad7879243d41""})"
"(:VERTEX {memory address: ""7f08578b2000"",size: ""7000"",subtype: ""memory"",tgid: ""189893"",source: ""syscall"",type: ""Artifact"",version: ""12"",hash: ""0ebc47f4dc741e7a5212f56471055239""})"
"(:VERTEX {memory address: ""7f0857894000"",size: ""9000"",subtype: ""memory"",tgid: ""189893"",source: ""syscall"",type: ""Artifact"",version: ""15"",hash: ""fb38b29ad90de7bb9ee7fc06f79ee3bd""})"
"(:VERTEX {memory address: ""7f08556f2000"",size: ""11000"",subtype: ""memory"",tgid: ""189893"",source: ""syscall"",type: ""Artifact"",version: ""367"",hash: ""65171f88f48c34ebaa690b91960b252d""})"
"(:VERTEX {memory address: ""7f08556f3000"",size: ""10000"",subtype: ""memory"",tgid: ""189893"",source: ""syscall"",type: ""Artifact"",version: ""40"",hash: ""ad0b186003310e82f44a2010ddc928ba""})"
"(:VERTEX {memory address: ""7eff8ff5f000"",size: ""1000"",subtype: ""memory"",tgid: ""189122"",source: ""syscall"",type: ""Artifact"",version: ""0"",hash: ""1c65c8675e91ec9d93e0c388f63dd9e2""})"
"(:VERTEX {memory address: ""7f085772b000"",size: ""9000"",subtype: ""memory"",tgid: ""189893"",source: ""syscall"",type: ""Artifact"",version: ""35"",hash: ""1fe292a51939cb8ff173fe7b560abc87""})"
"(:VERTEX {memory address: ""7eff8ff5e000"",size: ""2000"",subtype: ""memory"",tgid: ""189122"",source: ""syscall"",type: ""Artifact"",version: ""3"",hash: ""3ae7c2036bc8603b93ade19bef75455e""})"
"(:VERTEX {memory address: ""7f0857818000"",size: ""7000"",subtype: ""memory"",tgid: ""189893"",source: ""syscall"",type: ""Artifact"",version: ""10"",hash: ""48a583abfbc006027ed09a91fe1b8575""})"
"(:VERTEX {memory address: ""7f08556ea000"",size: ""9000"",subtype: ""memory"",tgid: ""189893"",source: ""syscall"",type: ""Artifact"",version: ""4"",hash: ""0e591526b61b9d57f899a9cc130247cf""})"
"(:VERTEX {memory address: ""7f08556e1000"",size: ""9000"",subtype: ""memory"",tgid: ""189893"",source: ""syscall"",type: ""Artifact"",version: ""8"",hash: ""b7ce232e57b711bc00a4b551f1af0ec0""})"
"(:VERTEX {memory address: ""7f0857819000"",size: ""6000"",subtype: ""memory"",tgid: ""189893"",source: ""syscall"",type: ""Artifact"",version: ""8"",hash: ""7dbc82589a88fc511b464b4a27dfe76c""})"
"(:VERTEX {memory address: ""7f08556e1000"",size: ""9000"",subtype: ""memory"",tgid: ""189893"",source: ""syscall"",type: ""Artifact"",version: ""9"",hash: ""b19c3f5c8586effa59eeec33147daa77""})"
"(:VERTEX {memory address: ""7f08556e1000"",size: ""9000"",subtype: ""memory"",tgid: ""189893"",source: ""syscall"",type: ""Artifact"",version: ""10"",hash: ""bd9f590aef49cdcd998fea633217eeec""})"
"(:VERTEX {memory address: ""7f08556d8000"",size: ""9000"",subtype: ""memory"",tgid: ""189893"",source: ""syscall"",type: ""Artifact"",version: ""16"",hash: ""3ac3b61a518cfaa4acedddb795633c61""})"
"(:VERTEX {memory address: ""7f08556d8000"",size: ""9000"",subtype: ""memory"",tgid: ""189893"",source: ""syscall"",type: ""Artifact"",version: ""17"",hash: ""1504a79d08f57bed408cb2a691322566""})"
"(:VERTEX {memory address: ""7f085772b000"",size: ""9000"",subtype: ""memory"",tgid: ""189893"",source: ""syscall"",type: ""Artifact"",version: ""36"",hash: ""3845973c3a2111f243eb1f80811ecf05""})"
"(:VERTEX {memory address: ""7f08556ea000"",size: ""9000"",subtype: ""memory"",tgid: ""189893"",source: ""syscall"",type: ""Artifact"",version: ""5"",hash: ""881a6ea700a6b7b6a0dad206e7c4c35a""})"
"(:VERTEX {memory address: ""7f08556e1000"",size: ""9000"",subtype: ""memory"",tgid: ""189893"",source: ""syscall"",type: ""Artifact"",version: ""11"",hash: ""45ac0e63e0e1bd247cb2b3bbb0b397f6""})"
"(:VERTEX {memory address: ""7f08556e2000"",size: ""11000"",subtype: ""memory"",tgid: ""189893"",source: ""syscall"",type: ""Artifact"",version: ""0"",hash: ""b660459201c0e36b72e4bb23584bdf29""})"
"(:VERTEX {memory address: ""7f08556f2000"",size: ""11000"",subtype: ""memory"",tgid: ""189893"",source: ""syscall"",type: ""Artifact"",version: ""368"",hash: ""231ac5a8eb16fe768d0fd9d4ab1dcd7e""})"
"(:VERTEX {memory address: ""7f08556f2000"",size: ""11000"",subtype: ""memory"",tgid: ""189893"",source: ""syscall"",type: ""Artifact"",version: ""369"",hash: ""6f74d810c7f0210b93c3b8926d37eaa8""})"
"(:VERTEX {memory address: ""7f08556f2000"",size: ""11000"",subtype: ""memory"",tgid: ""189893"",source: ""syscall"",type: ""Artifact"",version: ""370"",hash: ""46ffa4235e025bca1abd707001fa5118""})"
"(:VERTEX {memory address: ""7f08556f2000"",size: ""11000"",subtype: ""memory"",tgid: ""189893"",source: ""syscall"",type: ""Artifact"",version: ""371"",hash: ""f430d581926125f2551a0c0fba95dfe2""})"
"(:VERTEX {memory address: ""7f08556f2000"",size: ""11000"",subtype: ""memory"",tgid: ""189893"",source: ""syscall"",type: ""Artifact"",version: ""372"",hash: ""77cccd8c001755fbe21a183f2010c437""})"
"(:VERTEX {memory address: ""7f08556f2000"",size: ""11000"",subtype: ""memory"",tgid: ""189893"",source: ""syscall"",type: ""Artifact"",version: ""373"",hash: ""136935b82223f37ab382503cbb852a10""})"
"(:VERTEX {memory address: ""7f0857908000"",size: ""2000"",subtype: ""memory"",tgid: ""189893"",source: ""syscall"",type: ""Artifact"",version: ""18"",hash: ""1e0c88e52ab5bee37fd08255a222b118""})"
"(:VERTEX {memory address: ""7f08578b2000"",size: ""7000"",subtype: ""memory"",tgid: ""189893"",source: ""syscall"",type: ""Artifact"",version: ""13"",hash: ""85dab12d5a905aed53bd6f0cf811699c""})"
"(:VERTEX {memory address: ""7f0857894000"",size: ""9000"",subtype: ""memory"",tgid: ""189893"",source: ""syscall"",type: ""Artifact"",version: ""16"",hash: ""4b31b387b63e5e66ff4fa9e65b35d797""})"
"(:VERTEX {memory address: ""7f08556f2000"",size: ""11000"",subtype: ""memory"",tgid: ""189893"",source: ""syscall"",type: ""Artifact"",version: ""374"",hash: ""7e37b554e9790dffcc91501ba6775a83""})"
"(:VERTEX {memory address: ""7f08556f3000"",size: ""10000"",subtype: ""memory"",tgid: ""189893"",source: ""syscall"",type: ""Artifact"",version: ""41"",hash: ""1ec004402a37170030b1129ee088b357""})"
"(:VERTEX {memory address: ""7f085772b000"",size: ""9000"",subtype: ""memory"",tgid: ""189893"",source: ""syscall"",type: ""Artifact"",version: ""37"",hash: ""9d4798b10164be9d132667195ccac61a""})"
"(:VERTEX {memory address: ""7f08556ea000"",size: ""9000"",subtype: ""memory"",tgid: ""189893"",source: ""syscall"",type: ""Artifact"",version: ""6"",hash: ""6181a4b8d458f7e9a28faa49b6a6aa75""})"
"(:VERTEX {memory address: ""7f08556e1000"",size: ""9000"",subtype: ""memory"",tgid: ""189893"",source: ""syscall"",type: ""Artifact"",version: ""12"",hash: ""c26f7283f982264cce640fc2feb91ba3""})"
"(:VERTEX {memory address: ""7f08556d8000"",size: ""9000"",subtype: ""memory"",tgid: ""189893"",source: ""syscall"",type: ""Artifact"",version: ""18"",hash: ""f4d776e70388cb8d9d5bc40057f5426f""})"
"(:VERTEX {memory address: ""7f0857818000"",size: ""7000"",subtype: ""memory"",tgid: ""189893"",source: ""syscall"",type: ""Artifact"",version: ""11"",hash: ""6e936afefc6437dd121daadec95c25a6""})"
"(:VERTEX {memory address: ""7f08556cf000"",size: ""9000"",subtype: ""memory"",tgid: ""189893"",source: ""syscall"",type: ""Artifact"",version: ""4"",hash: ""5ebc9c77043faf29b648d2da6208b297""})"
"(:VERTEX {memory address: ""7f08556c6000"",size: ""9000"",subtype: ""memory"",tgid: ""189893"",source: ""syscall"",type: ""Artifact"",version: ""14"",hash: ""bcfb72b6fc0bef4eed4be6447f48cf4b""})"
"(:VERTEX {memory address: ""7f08556d0000"",size: ""8000"",subtype: ""memory"",tgid: ""189893"",source: ""syscall"",type: ""Artifact"",version: ""0"",hash: ""52ca5348d6523316b6bd5bc2a3be3d7b""})"
"(:VERTEX {memory address: ""7f0857819000"",size: ""6000"",subtype: ""memory"",tgid: ""189893"",source: ""syscall"",type: ""Artifact"",version: ""9"",hash: ""042bc7c16d191c6314db5fae6d0af5a6""})"
"(:VERTEX {memory address: ""7f08556cf000"",size: ""9000"",subtype: ""memory"",tgid: ""189893"",source: ""syscall"",type: ""Artifact"",version: ""5"",hash: ""43646e79b9ffba013f3c251a925d94d7""})"
"(:VERTEX {memory address: ""7f08556c6000"",size: ""9000"",subtype: ""memory"",tgid: ""189893"",source: ""syscall"",type: ""Artifact"",version: ""15"",hash: ""5302d04ff942075389e6c27e59af5e5a""})"
"(:VERTEX {memory address: ""7f0857818000"",size: ""7000"",subtype: ""memory"",tgid: ""189893"",source: ""syscall"",type: ""Artifact"",version: ""12"",hash: ""efae67f432d2f862474f43e458518675""})"
"(:VERTEX {memory address: ""7f08556cf000"",size: ""9000"",subtype: ""memory"",tgid: ""189893"",source: ""syscall"",type: ""Artifact"",version: ""6"",hash: ""b92ab9b09960d06ec712d02fa7c7aad6""})"
"(:VERTEX {memory address: ""7f0857818000"",size: ""7000"",subtype: ""memory"",tgid: ""189893"",source: ""syscall"",type: ""Artifact"",version: ""13"",hash: ""1c3a97ffe086d23cfdc9690add12e142""})"
"(:VERTEX {memory address: ""7f08556cf000"",size: ""9000"",subtype: ""memory"",tgid: ""189893"",source: ""syscall"",type: ""Artifact"",version: ""7"",hash: ""b21dfbc74f5129df8fa229c63623acdb""})"
"(:VERTEX {memory address: ""7f085772b000"",size: ""9000"",subtype: ""memory"",tgid: ""189893"",source: ""syscall"",type: ""Artifact"",version: ""38"",hash: ""e87ef436dd767764a895bb235a39f26c""})"
"(:VERTEX {memory address: ""7f08556e1000"",size: ""9000"",subtype: ""memory"",tgid: ""189893"",source: ""syscall"",type: ""Artifact"",version: ""13"",hash: ""480ff30c9b64b966253e8fa4ffbeadaf""})"
"(:VERTEX {memory address: ""7f08556d8000"",size: ""9000"",subtype: ""memory"",tgid: ""189893"",source: ""syscall"",type: ""Artifact"",version: ""19"",hash: ""8d065c1583f75c31e35055ea02a3d0c8""})"
"(:VERTEX {memory address: ""7eff8fef1000"",size: ""6000"",subtype: ""memory"",tgid: ""189122"",source: ""syscall"",type: ""Artifact"",version: ""0"",hash: ""212602d6d04068cddb8ae6207176df61""})"
"(:VERTEX {memory address: ""7eff8ff00000"",size: ""7000"",subtype: ""memory"",tgid: ""189122"",source: ""syscall"",type: ""Artifact"",version: ""0"",hash: ""9929076e0f877ef6950cb51b1cbda1c1""})"
"(:VERTEX {memory address: ""7eff8ff10000"",size: ""7000"",subtype: ""memory"",tgid: ""189122"",source: ""syscall"",type: ""Artifact"",version: ""0"",hash: ""f08e766f80eab972d94977041f37846b""})"
"(:VERTEX {memory address: ""7f08556f2000"",size: ""11000"",subtype: ""memory"",tgid: ""189893"",source: ""syscall"",type: ""Artifact"",version: ""375"",hash: ""a833e9705281fa7d973b0dad82ebb4dd""})"
"(:VERTEX {memory address: ""7f08556f2000"",size: ""11000"",subtype: ""memory"",tgid: ""189893"",source: ""syscall"",type: ""Artifact"",version: ""376"",hash: ""eeb0b6cb75e6ac1281f0ed5ef6a59753""})"
"(:VERTEX {memory address: ""7f08556f2000"",size: ""11000"",subtype: ""memory"",tgid: ""189893"",source: ""syscall"",type: ""Artifact"",version: ""377"",hash: ""fdd069c53e2bbcdf2b9de8adf4aac82a""})"
"(:VERTEX {memory address: ""7f08556f2000"",size: ""11000"",subtype: ""memory"",tgid: ""189893"",source: ""syscall"",type: ""Artifact"",version: ""378"",hash: ""83d54e68bae3a144f4b61e84fac54f38""})"
"(:VERTEX {memory address: ""7f08556f2000"",size: ""11000"",subtype: ""memory"",tgid: ""189893"",source: ""syscall"",type: ""Artifact"",version: ""379"",hash: ""87b5cf3c42f0c7f2c2117357fe02e078""})"
"(:VERTEX {memory address: ""7f08556f2000"",size: ""11000"",subtype: ""memory"",tgid: ""189893"",source: ""syscall"",type: ""Artifact"",version: ""380"",hash: ""c0813d56bf25bd3a08d066527b5c088f""})"
"(:VERTEX {memory address: ""7f08556f2000"",size: ""11000"",subtype: ""memory"",tgid: ""189893"",source: ""syscall"",type: ""Artifact"",version: ""381"",hash: ""95e614bda2258c6b769d7b23cc87b7d4""})"
"(:VERTEX {memory address: ""7f08556f2000"",size: ""11000"",subtype: ""memory"",tgid: ""189893"",source: ""syscall"",type: ""Artifact"",version: ""382"",hash: ""9efdedb38df54f8bcdb25db1ccfff28d""})"
"(:VERTEX {memory address: ""7f08556f2000"",size: ""11000"",subtype: ""memory"",tgid: ""189893"",source: ""syscall"",type: ""Artifact"",version: ""383"",hash: ""33aa9c5b7774dea29cfafeadcf27084b""})"
"(:VERTEX {memory address: ""7f08556f2000"",size: ""11000"",subtype: ""memory"",tgid: ""189893"",source: ""syscall"",type: ""Artifact"",version: ""384"",hash: ""e7992f085af3534ae4bb0722cf846d3a""})"
"(:VERTEX {memory address: ""7f08556f2000"",size: ""11000"",subtype: ""memory"",tgid: ""189893"",source: ""syscall"",type: ""Artifact"",version: ""385"",hash: ""8d4b249efddc48b85e6fd315ef52984c""})"
"(:VERTEX {memory address: ""7f08556f2000"",size: ""11000"",subtype: ""memory"",tgid: ""189893"",source: ""syscall"",type: ""Artifact"",version: ""386"",hash: ""8d6e296c6411ea006e9490b7a31df2a3""})"
"(:VERTEX {memory address: ""7f08556f2000"",size: ""11000"",subtype: ""memory"",tgid: ""189893"",source: ""syscall"",type: ""Artifact"",version: ""387"",hash: ""68339a1da2c3a76030805dc2c027c33e""})"
"(:VERTEX {memory address: ""7f08556f2000"",size: ""11000"",subtype: ""memory"",tgid: ""189893"",source: ""syscall"",type: ""Artifact"",version: ""388"",hash: ""624a20907495428fe4ca059635b1b6ce""})"
"(:VERTEX {memory address: ""7f08556f2000"",size: ""11000"",subtype: ""memory"",tgid: ""189893"",source: ""syscall"",type: ""Artifact"",version: ""389"",hash: ""c2a078271f53c9d9ee87d9b44e19ba43""})"
"(:VERTEX {memory address: ""7f08556f2000"",size: ""11000"",subtype: ""memory"",tgid: ""189893"",source: ""syscall"",type: ""Artifact"",version: ""390"",hash: ""830c4d16f44efbdae9c0d9653ecd89ca""})"
"(:VERTEX {memory address: ""7f08556f2000"",size: ""11000"",subtype: ""memory"",tgid: ""189893"",source: ""syscall"",type: ""Artifact"",version: ""391"",hash: ""72c7999e63f18267f363cfe8c167b7b8""})"
"(:VERTEX {memory address: ""7fbfc83bf000"",size: ""11000"",subtype: ""memory"",tgid: ""189905"",source: ""syscall"",type: ""Artifact"",version: ""2"",hash: ""f9d51aedb9c4cdefafd0b414e8b1a0c3""})"
"(:VERTEX {memory address: ""7f08556f2000"",size: ""11000"",subtype: ""memory"",tgid: ""189893"",source: ""syscall"",type: ""Artifact"",version: ""392"",hash: ""96e04436ea24326d6f93bc0188c4dbb0""})"
"(:VERTEX {memory address: ""7fbfc8518000"",size: ""1000"",subtype: ""memory"",tgid: ""189905"",source: ""syscall"",type: ""Artifact"",version: ""1"",hash: ""c04b6ad7935aaee1a909cf8b964b9716""})"
"(:VERTEX {memory address: ""7fbfc83bf000"",size: ""11000"",subtype: ""memory"",tgid: ""189905"",source: ""syscall"",type: ""Artifact"",version: ""3"",hash: ""202e27de9dfdf4e0f25a640664528196""})"
"(:VERTEX {memory address: ""7f08556f2000"",size: ""11000"",subtype: ""memory"",tgid: ""189893"",source: ""syscall"",type: ""Artifact"",version: ""393"",hash: ""4dfe712c3234cc89e53d998f0e1d6402""})"
"(:VERTEX {memory address: ""7f08556f2000"",size: ""11000"",subtype: ""memory"",tgid: ""189893"",source: ""syscall"",type: ""Artifact"",version: ""394"",hash: ""0c3510c7cc44fded7ba4beac4fdbbe24""})"
"(:VERTEX {gid: ""1000"",euid: ""1000"",children pid namespace: ""-1"",pid: ""189683"",seen time: ""1690980780.838"",source: ""syscall"",type: ""Process"",net namespace: ""-1"",ipc namespace: ""-1"",ppid: ""58330"",pid namespace: ""-1"",uid: ""1000"",egid: ""1000"",mount namespace: ""-1"",name: ""python"",hash: ""d9ab7cfd8606c601eb89968f0807c4a0"",user namespace: ""-1""})"
"(:VERTEX {gid: ""1000"",euid: ""1000"",children pid namespace: ""-1"",pid: ""189369"",seen time: ""1690980780.845"",source: ""syscall"",type: ""Process"",net namespace: ""-1"",ipc namespace: ""-1"",ppid: ""59070"",pid namespace: ""-1"",uid: ""1000"",egid: ""1000"",mount namespace: ""-1"",name: ""default-executo"",hash: ""735d2a40915a2f784ac4d5509b3f02ab"",user namespace: ""-1""})"
"(:VERTEX {memory address: ""7f08556f2000"",size: ""11000"",subtype: ""memory"",tgid: ""189893"",source: ""syscall"",type: ""Artifact"",version: ""395"",hash: ""67fbccc919dc0860c2a12d5a405908b2""})"
"(:VERTEX {memory address: ""7f08578b2000"",size: ""7000"",subtype: ""memory"",tgid: ""189893"",source: ""syscall"",type: ""Artifact"",version: ""14"",hash: ""af3c9102cccc6d01f7e7a653c790eee0""})"
"(:VERTEX {memory address: ""7f08556f2000"",size: ""11000"",subtype: ""memory"",tgid: ""189893"",source: ""syscall"",type: ""Artifact"",version: ""396"",hash: ""7ba1112505446d3516a0878b35bc6247""})"
"(:VERTEX {memory address: ""7f08556f2000"",size: ""11000"",subtype: ""memory"",tgid: ""189893"",source: ""syscall"",type: ""Artifact"",version: ""397"",hash: ""ec930d67771e7e78c26c0e9aabd2ecf0""})"
"(:VERTEX {memory address: ""7f08556f2000"",size: ""11000"",subtype: ""memory"",tgid: ""189893"",source: ""syscall"",type: ""Artifact"",version: ""398"",hash: ""b199ea3dc043a1df16d5716b0a2ecb1c""})"
"(:VERTEX {memory address: ""7f08556f2000"",size: ""11000"",subtype: ""memory"",tgid: ""189893"",source: ""syscall"",type: ""Artifact"",version: ""399"",hash: ""8d32a0351e4cb08d6248301a86c4c782""})"
"(:VERTEX {memory address: ""7f08556f2000"",size: ""11000"",subtype: ""memory"",tgid: ""189893"",source: ""syscall"",type: ""Artifact"",version: ""400"",hash: ""411bcdb5f26a930996b3dee9d37a5a63""})"
"(:VERTEX {memory address: ""7f08556f2000"",size: ""11000"",subtype: ""memory"",tgid: ""189893"",source: ""syscall"",type: ""Artifact"",version: ""401"",hash: ""2c5a91e5857fc638588b36c1d560a07f""})"
"(:VERTEX {memory address: ""7f08556f2000"",size: ""11000"",subtype: ""memory"",tgid: ""189893"",source: ""syscall"",type: ""Artifact"",version: ""402"",hash: ""d0700e2a9305bc25c4bdc3af02848b95""})"
"(:VERTEX {memory address: ""7f08556f2000"",size: ""11000"",subtype: ""memory"",tgid: ""189893"",source: ""syscall"",type: ""Artifact"",version: ""403"",hash: ""d34747def6f3e93327b8d9edb9a9d08b""})"
"(:VERTEX {memory address: ""7f0857908000"",size: ""2000"",subtype: ""memory"",tgid: ""189893"",source: ""syscall"",type: ""Artifact"",version: ""19"",hash: ""dcc2f14fcd82d9e1c1604007634b0ce3""})"
"(:VERTEX {memory address: ""7f08556f3000"",size: ""10000"",subtype: ""memory"",tgid: ""189893"",source: ""syscall"",type: ""Artifact"",version: ""42"",hash: ""3a30c4787ef25df2f8ab91153409e86e""})"
"(:VERTEX {memory address: ""7f0857894000"",size: ""9000"",subtype: ""memory"",tgid: ""189893"",source: ""syscall"",type: ""Artifact"",version: ""17"",hash: ""1ee9a08b2672a879f766a1861e96ece6""})"
"(:VERTEX {memory address: ""7f08556e2000"",size: ""11000"",subtype: ""memory"",tgid: ""189893"",source: ""syscall"",type: ""Artifact"",version: ""1"",hash: ""04fbd9319be301c2e3a29da8de472391""})"
"(:VERTEX {memory address: ""7f085772b000"",size: ""9000"",subtype: ""memory"",tgid: ""189893"",source: ""syscall"",type: ""Artifact"",version: ""39"",hash: ""175a245d7f84170ef28aafe3668fbfce""})"
"(:VERTEX {memory address: ""7f08556ea000"",size: ""9000"",subtype: ""memory"",tgid: ""189893"",source: ""syscall"",type: ""Artifact"",version: ""7"",hash: ""6b3e4e4bd1712486f49c6fa49b447d7f""})"
"(:VERTEX {memory address: ""7f08556e1000"",size: ""9000"",subtype: ""memory"",tgid: ""189893"",source: ""syscall"",type: ""Artifact"",version: ""14"",hash: ""7d80675e887d3f7eecf1b9016e015c6b""})"
"(:VERTEX {memory address: ""7f08556d8000"",size: ""9000"",subtype: ""memory"",tgid: ""189893"",source: ""syscall"",type: ""Artifact"",version: ""20"",hash: ""80384a35d4e38f64c04365d8ba0da296""})"
"(:VERTEX {memory address: ""7f08556cf000"",size: ""9000"",subtype: ""memory"",tgid: ""189893"",source: ""syscall"",type: ""Artifact"",version: ""8"",hash: ""7dfb5fb9dcf0309e21769f8fafae15ed""})"
"(:VERTEX {memory address: ""7f08556c6000"",size: ""9000"",subtype: ""memory"",tgid: ""189893"",source: ""syscall"",type: ""Artifact"",version: ""16"",hash: ""0bf1c4f45e0c2445c70e15846a9584d6""})"
"(:VERTEX {memory address: ""7f08556bd000"",size: ""9000"",subtype: ""memory"",tgid: ""189893"",source: ""syscall"",type: ""Artifact"",version: ""10"",hash: ""e92c8c9e4ca13b6fedf56351e2418f95""})"
"(:VERTEX {memory address: ""7f0857818000"",size: ""7000"",subtype: ""memory"",tgid: ""189893"",source: ""syscall"",type: ""Artifact"",version: ""14"",hash: ""6a82629c6014f632efb3626a36ff99de""})"
"(:VERTEX {memory address: ""7f08556e1000"",size: ""9000"",subtype: ""memory"",tgid: ""189893"",source: ""syscall"",type: ""Artifact"",version: ""15"",hash: ""7d86c58bf33f92b095bafb7fda52aeaf""})"
"(:VERTEX {memory address: ""7f08556cf000"",size: ""9000"",subtype: ""memory"",tgid: ""189893"",source: ""syscall"",type: ""Artifact"",version: ""9"",hash: ""704b5c909eabd3c811411ab534ee7a2e""})"
"(:VERTEX {memory address: ""7f08556b4000"",size: ""9000"",subtype: ""memory"",tgid: ""189893"",source: ""syscall"",type: ""Artifact"",version: ""6"",hash: ""ce3c49afe9e60777b960181d28b17468""})"
"(:VERTEX {memory address: ""7f08556ab000"",size: ""9000"",subtype: ""memory"",tgid: ""189893"",source: ""syscall"",type: ""Artifact"",version: ""5"",hash: ""1795d1b7aaffe9a7c00cdfaabe3328e2""})"
"(:VERTEX {memory address: ""7f08556e1000"",size: ""9000"",subtype: ""memory"",tgid: ""189893"",source: ""syscall"",type: ""Artifact"",version: ""16"",hash: ""acca85eb39f0923bbc6c5cbdd8d32c1a""})"
"(:VERTEX {memory address: ""7f08578af000"",size: ""3000"",subtype: ""memory"",tgid: ""189893"",source: ""syscall"",type: ""Artifact"",version: ""1"",hash: ""cdfd6087b7f4af813c8a00cbdab94f8d""})"
"(:VERTEX {memory address: ""7f0857819000"",size: ""6000"",subtype: ""memory"",tgid: ""189893"",source: ""syscall"",type: ""Artifact"",version: ""10"",hash: ""4453c2db8c0831dc52a572a0775418ea""})"
"(:VERTEX {memory address: ""7f08556e1000"",size: ""9000"",subtype: ""memory"",tgid: ""189893"",source: ""syscall"",type: ""Artifact"",version: ""17"",hash: ""51f3909a34e5ddc76495fccf1d377ebc""})"
"(:VERTEX {memory address: ""7f08556cf000"",size: ""9000"",subtype: ""memory"",tgid: ""189893"",source: ""syscall"",type: ""Artifact"",version: ""10"",hash: ""f1718be0359761e0678fb6023b536722""})"
"(:VERTEX {memory address: ""7f08556b4000"",size: ""9000"",subtype: ""memory"",tgid: ""189893"",source: ""syscall"",type: ""Artifact"",version: ""7"",hash: ""7f45f501fb9a08365a428262658de4f5""})"
"(:VERTEX {memory address: ""7f08556a2000"",size: ""9000"",subtype: ""memory"",tgid: ""189893"",source: ""syscall"",type: ""Artifact"",version: ""2"",hash: ""173eeeec5aee88a1c3f3e5c6b302a00c""})"
"(:VERTEX {memory address: ""7f08556e1000"",size: ""9000"",subtype: ""memory"",tgid: ""189893"",source: ""syscall"",type: ""Artifact"",version: ""18"",hash: ""e8929b99588f47d540e1fc181c3215ab""})"
"(:VERTEX {memory address: ""7f0855697000"",size: ""b000"",subtype: ""memory"",tgid: ""189893"",source: ""syscall"",type: ""Artifact"",version: ""0"",hash: ""436e02b6d76469b0ea395f37961225d7""})"
"(:VERTEX {memory address: ""7f08556e1000"",size: ""9000"",subtype: ""memory"",tgid: ""189893"",source: ""syscall"",type: ""Artifact"",version: ""19"",hash: ""efde2ef00eadd68b50ee5b835eb0b273""})"
"(:VERTEX {memory address: ""7f08556e2000"",size: ""8000"",subtype: ""memory"",tgid: ""189893"",source: ""syscall"",type: ""Artifact"",version: ""0"",hash: ""21e6c6627eeeb6bf574ce9551e70aabd""})"
"(:VERTEX {memory address: ""7f08556cf000"",size: ""9000"",subtype: ""memory"",tgid: ""189893"",source: ""syscall"",type: ""Artifact"",version: ""11"",hash: ""d79765e337a3543899d8131a33a01ca0""})"
"(:VERTEX {memory address: ""7f0855699000"",size: ""9000"",subtype: ""memory"",tgid: ""189893"",source: ""syscall"",type: ""Artifact"",version: ""1"",hash: ""be9cbd18c36699fcd902fbb2ac1e9a34""})"
"(:VERTEX {memory address: ""7f0855690000"",size: ""9000"",subtype: ""memory"",tgid: ""189893"",source: ""syscall"",type: ""Artifact"",version: ""0"",hash: ""95ea557be3fb5b25b2212cd1ebb66379""})"
"(:VERTEX {memory address: ""7f08556e1000"",size: ""9000"",subtype: ""memory"",tgid: ""189893"",source: ""syscall"",type: ""Artifact"",version: ""20"",hash: ""4d4c3d7ecc2ca2b293a3886190584c18""})"
"(:VERTEX {memory address: ""7f0855699000"",size: ""9000"",subtype: ""memory"",tgid: ""189893"",source: ""syscall"",type: ""Artifact"",version: ""2"",hash: ""578937097a9fda26bf5f1d7f9891711a""})"
"(:VERTEX {memory address: ""7f0855687000"",size: ""9000"",subtype: ""memory"",tgid: ""189893"",source: ""syscall"",type: ""Artifact"",version: ""0"",hash: ""1ca60730eb2c394bd434420307bd90a1""})"
"(:VERTEX {memory address: ""7f085772b000"",size: ""9000"",subtype: ""memory"",tgid: ""189893"",source: ""syscall"",type: ""Artifact"",version: ""40"",hash: ""5248eab029a470473e4826569461813f""})"
"(:VERTEX {memory address: ""7f08556d8000"",size: ""9000"",subtype: ""memory"",tgid: ""189893"",source: ""syscall"",type: ""Artifact"",version: ""21"",hash: ""6545bfb80b5db6cb6db9efe1f19219e5""})"
"(:VERTEX {memory address: ""7f08556cf000"",size: ""9000"",subtype: ""memory"",tgid: ""189893"",source: ""syscall"",type: ""Artifact"",version: ""12"",hash: ""ac52c7ef7dc0c14f2a9f4fa0526c07e7""})"
"(:VERTEX {memory address: ""7f08556c6000"",size: ""9000"",subtype: ""memory"",tgid: ""189893"",source: ""syscall"",type: ""Artifact"",version: ""17"",hash: ""bbaf02a690c655bb5fbf561825d85046""})"
"(:VERTEX {memory address: ""7f08556b4000"",size: ""9000"",subtype: ""memory"",tgid: ""189893"",source: ""syscall"",type: ""Artifact"",version: ""8"",hash: ""cb91bd17ef76e10d16aeeee0157d4bdb""})"
"(:VERTEX {memory address: ""7f08556ab000"",size: ""9000"",subtype: ""memory"",tgid: ""189893"",source: ""syscall"",type: ""Artifact"",version: ""6"",hash: ""629416f954cdb20e02077379f0dbb42a""})"
"(:VERTEX {memory address: ""7f08556c6000"",size: ""9000"",subtype: ""memory"",tgid: ""189893"",source: ""syscall"",type: ""Artifact"",version: ""18"",hash: ""4de79330cda4ce22a17a73fee97692c1""})"
"(:VERTEX {memory address: ""7f08556a2000"",size: ""9000"",subtype: ""memory"",tgid: ""189893"",source: ""syscall"",type: ""Artifact"",version: ""3"",hash: ""b230732018e50c3b9b5f4f0b5d616ee3""})"
"(:VERTEX {memory address: ""7f0855690000"",size: ""9000"",subtype: ""memory"",tgid: ""189893"",source: ""syscall"",type: ""Artifact"",version: ""1"",hash: ""fb6bc45cd92c42f5f89c3341225a2eb2""})"
"(:VERTEX {memory address: ""7f08556d9000"",size: ""11000"",subtype: ""memory"",tgid: ""189893"",source: ""syscall"",type: ""Artifact"",version: ""1"",hash: ""3c44e7100ddb3514685c29fd492293ad""})"
"(:VERTEX {memory address: ""7f08556f2000"",size: ""11000"",subtype: ""memory"",tgid: ""189893"",source: ""syscall"",type: ""Artifact"",version: ""404"",hash: ""2ff02dbd9b5914b7b4a7a175a29810e5""})"
"(:VERTEX {memory address: ""7f08556f2000"",size: ""11000"",subtype: ""memory"",tgid: ""189893"",source: ""syscall"",type: ""Artifact"",version: ""405"",hash: ""640e4c9f479f5f0eff6b275c75ce4082""})"
"(:VERTEX {memory address: ""7f08556f2000"",size: ""11000"",subtype: ""memory"",tgid: ""189893"",source: ""syscall"",type: ""Artifact"",version: ""406"",hash: ""027b4a352993133f65dce4ced370d465""})"
"(:VERTEX {memory address: ""7f07f1ffc000"",size: ""801000"",subtype: ""memory"",tgid: ""189209"",source: ""syscall"",type: ""Artifact"",version: ""0"",hash: ""4ee0a4b45ccbd2eeee6fe9f5e7387e52""})"
"(:VERTEX {memory address: ""7f07f1ffd000"",size: ""800000"",subtype: ""memory"",tgid: ""189209"",source: ""syscall"",type: ""Artifact"",version: ""0"",hash: ""4363b88b40eb0b4f77108f6f5c38fca0""})"
"(:VERTEX {gid: ""0"",euid: ""999"",children pid namespace: ""4026533564"",start time: ""1690980782.710"",ns pid: ""156"",pid: ""193036"",source: ""syscall"",type: ""Process"",net namespace: ""4026532705"",ipc namespace: ""4026532772"",ppid: ""189209"",pid namespace: ""4026533564"",cwd: ""/"",uid: ""999"",egid: ""0"",exe: ""/usr/bin/kube-controllers"",mount namespace: ""4026533563"",name: ""kube-controller"",hash: ""6ca43d200855610cdc902a3d0b02f565"",user namespace: ""4026531837""})"
"(:VERTEX {memory address: ""7f07d8000000"",size: ""8000000"",subtype: ""memory"",tgid: ""189209"",source: ""syscall"",type: ""Artifact"",version: ""0"",hash: ""a8ab7cbaff77f798f4cfcb7696992561""})"
"(:VERTEX {memory address: ""7f07d8000000"",size: ""21000"",subtype: ""memory"",tgid: ""189209"",source: ""syscall"",type: ""Artifact"",version: ""0"",hash: ""c2647fa881589835002995f8f481bccd""})"
"(:VERTEX {path: ""/status/status.json"",subtype: ""file"",permissions: ""0644"",epoch: ""2"",source: ""syscall"",type: ""Artifact"",version: ""0"",hash: ""13ee3aae1e92bf8043cad961982d259b""})"
"(:VERTEX {path: ""/var/run/secrets/kubernetes.io/serviceaccount/token"",subtype: ""file"",permissions: ""0644"",epoch: ""0"",source: ""syscall"",type: ""Artifact"",version: ""0"",hash: ""92f70d12053a0fc0d7fb93026ce04b7c""})"
"(:VERTEX {remote port: ""443"",epoch: ""0"",source: ""syscall"",type: ""Artifact"",version: ""0"",local port: ""59580"",net namespace: ""4026532705"",local address: ""10.1.251.196"",protocol: ""tcp"",subtype: ""network socket"",remote address: ""10.152.183.1"",hash: ""1c0ef1b9a4fb71d684c2725f213e3240""})"
"(:VERTEX {memory address: ""c000600000"",size: ""200000"",subtype: ""memory"",tgid: ""188931"",source: ""syscall"",type: ""Artifact"",version: ""0"",hash: ""3838f85fc765c92f635b833edcdc9c73""})"
"(:VERTEX {gid: ""1000"",euid: ""1000"",children pid namespace: ""-1"",pid: ""188931"",seen time: ""1690980782.893"",source: ""syscall"",type: ""Process"",net namespace: ""-1"",ipc namespace: ""-1"",ppid: ""58654"",pid namespace: ""-1"",uid: ""1000"",egid: ""1000"",exe: ""/src/shippingservice"",mount namespace: ""-1"",name: ""shippingservice"",hash: ""b966ff65d503a525418043db9b823459"",user namespace: ""-1""})"
"(:VERTEX {memory address: ""c000630000"",size: ""10000"",subtype: ""memory"",tgid: ""188931"",source: ""syscall"",type: ""Artifact"",version: ""0"",hash: ""8e66e526c366833c4457295149c00f69""})"
"(:VERTEX {memory address: ""c000620000"",size: ""10000"",subtype: ""memory"",tgid: ""188931"",source: ""syscall"",type: ""Artifact"",version: ""0"",hash: ""3ceb949d7180f2344204c8554acde0c2""})"
"(:VERTEX {memory address: ""c000610000"",size: ""10000"",subtype: ""memory"",tgid: ""188931"",source: ""syscall"",type: ""Artifact"",version: ""0"",hash: ""36dc3cfc9eb52260eded56df9b0a9bc0""})"
"(:VERTEX {memory address: ""c000600000"",size: ""10000"",subtype: ""memory"",tgid: ""188931"",source: ""syscall"",type: ""Artifact"",version: ""0"",hash: ""918d16720f89afae38e645df6dbf59a3""})"
"(:VERTEX {memory address: ""c000400000"",size: ""200000"",subtype: ""memory"",tgid: ""188931"",source: ""syscall"",type: ""Artifact"",version: ""0"",hash: ""a64847808383854cea44bc27e5f8eec5""})"
"(:VERTEX {memory address: ""c0005fe000"",size: ""2000"",subtype: ""memory"",tgid: ""188931"",source: ""syscall"",type: ""Artifact"",version: ""0"",hash: ""d7e8b3cbba569362097b8ea7e246518f""})"
"(:VERTEX {memory address: ""c0005ee000"",size: ""e000"",subtype: ""memory"",tgid: ""188931"",source: ""syscall"",type: ""Artifact"",version: ""0"",hash: ""3b03b90ebbf60a377bebd642cdaecd5f""})"
"(:VERTEX {memory address: ""c0005de000"",size: ""10000"",subtype: ""memory"",tgid: ""188931"",source: ""syscall"",type: ""Artifact"",version: ""0"",hash: ""f5cec214a9f59460e5206d6e592c2ce2""})"
"(:VERTEX {memory address: ""c0005dc000"",size: ""2000"",subtype: ""memory"",tgid: ""188931"",source: ""syscall"",type: ""Artifact"",version: ""0"",hash: ""20b93ac0fd0e689cf2f346c25aa9c65b""})"
"(:VERTEX {memory address: ""c0005d6000"",size: ""4000"",subtype: ""memory"",tgid: ""188931"",source: ""syscall"",type: ""Artifact"",version: ""0"",hash: ""e15f33445ed66c168b71dca09d1f3e19""})"
"(:VERTEX {memory address: ""c0005c8000"",size: ""a000"",subtype: ""memory"",tgid: ""188931"",source: ""syscall"",type: ""Artifact"",version: ""0"",hash: ""ff91f814e8bf6b21b9f9398b9724439c""})"
"(:VERTEX {memory address: ""c0005c6000"",size: ""2000"",subtype: ""memory"",tgid: ""188931"",source: ""syscall"",type: ""Artifact"",version: ""0"",hash: ""650744b7aa8ad9a1bc23c4ddba0afcef""})"
"(:VERTEX {memory address: ""c0005c2000"",size: ""2000"",subtype: ""memory"",tgid: ""188931"",source: ""syscall"",type: ""Artifact"",version: ""0"",hash: ""69af1442902febd83cb014ae6ac1d54b""})"
"(:VERTEX {memory address: ""c0005ba000"",size: ""6000"",subtype: ""memory"",tgid: ""188931"",source: ""syscall"",type: ""Artifact"",version: ""0"",hash: ""392e809de5ae0629a9f90471ab76e3e1""})"
"(:VERTEX {memory address: ""c0005b4000"",size: ""4000"",subtype: ""memory"",tgid: ""188931"",source: ""syscall"",type: ""Artifact"",version: ""0"",hash: ""ef83277c678c8476532f4b4ea373ec42""})"
"(:VERTEX {memory address: ""c0005aa000"",size: ""2000"",subtype: ""memory"",tgid: ""188931"",source: ""syscall"",type: ""Artifact"",version: ""0"",hash: ""d44e4ac7f519836864ebbb4023d6ac35""})"
"(:VERTEX {memory address: ""c00059a000"",size: ""10000"",subtype: ""memory"",tgid: ""188931"",source: ""syscall"",type: ""Artifact"",version: ""0"",hash: ""762f3afc255af531688c179b53443e6e""})"
"(:VERTEX {memory address: ""c00058c000"",size: ""e000"",subtype: ""memory"",tgid: ""188931"",source: ""syscall"",type: ""Artifact"",version: ""0"",hash: ""f0cdd44ec6d3676fbcea3ca2bce2480d""})"
"(:VERTEX {memory address: ""c00057e000"",size: ""2000"",subtype: ""memory"",tgid: ""188931"",source: ""syscall"",type: ""Artifact"",version: ""0"",hash: ""efc6a4aaedf6765455c6004acc3b7424""})"
"(:VERTEX {memory address: ""c00056e000"",size: ""10000"",subtype: ""memory"",tgid: ""188931"",source: ""syscall"",type: ""Artifact"",version: ""0"",hash: ""07ad550b7832af2dda0d431ba467bb19""})"
"(:VERTEX {memory address: ""c00055e000"",size: ""10000"",subtype: ""memory"",tgid: ""188931"",source: ""syscall"",type: ""Artifact"",version: ""0"",hash: ""472174d777fbe81a889c358d801717d0""})"
"(:VERTEX {memory address: ""c00054e000"",size: ""10000"",subtype: ""memory"",tgid: ""188931"",source: ""syscall"",type: ""Artifact"",version: ""0"",hash: ""077aea981a7c25ab3fc30c61393b6b7e""})"
"(:VERTEX {memory address: ""7f08556f2000"",size: ""11000"",subtype: ""memory"",tgid: ""189893"",source: ""syscall"",type: ""Artifact"",version: ""407"",hash: ""6a1720c172722d2680afa5122fdb7e47""})"
"(:VERTEX {memory address: ""7f08556f2000"",size: ""11000"",subtype: ""memory"",tgid: ""189893"",source: ""syscall"",type: ""Artifact"",version: ""408"",hash: ""725fd06e7bb65d82ef53e4c8ae0cbe30""})"
"(:VERTEX {memory address: ""7f08556f2000"",size: ""11000"",subtype: ""memory"",tgid: ""189893"",source: ""syscall"",type: ""Artifact"",version: ""409"",hash: ""b018f5102f61ad3e28aff91187108f0b""})"
"(:VERTEX {memory address: ""7f08556f2000"",size: ""11000"",subtype: ""memory"",tgid: ""189893"",source: ""syscall"",type: ""Artifact"",version: ""410"",hash: ""581d19a8df4126b91d4e55f0091cd263""})"
"(:VERTEX {memory address: ""7f08556f2000"",size: ""11000"",subtype: ""memory"",tgid: ""189893"",source: ""syscall"",type: ""Artifact"",version: ""411"",hash: ""a60ff4504e5add2f67f2d2bfbda833d8""})"
"(:VERTEX {memory address: ""7f08556f2000"",size: ""11000"",subtype: ""memory"",tgid: ""189893"",source: ""syscall"",type: ""Artifact"",version: ""412"",hash: ""b6f2a0be85bff6e0d38d48a53a196de6""})"
"(:VERTEX {memory address: ""c000540000"",size: ""e000"",subtype: ""memory"",tgid: ""188931"",source: ""syscall"",type: ""Artifact"",version: ""0"",hash: ""b84ccde35b1317c055d3ec2cdcb6a5e8""})"
"(:VERTEX {memory address: ""c00053a000"",size: ""2000"",subtype: ""memory"",tgid: ""188931"",source: ""syscall"",type: ""Artifact"",version: ""0"",hash: ""df684a8f3051d73068b6a47011f0df8e""})"
"(:VERTEX {memory address: ""c000528000"",size: ""10000"",subtype: ""memory"",tgid: ""188931"",source: ""syscall"",type: ""Artifact"",version: ""0"",hash: ""cbd0fa4346ce0645ef987e092637bb40""})"
"(:VERTEX {memory address: ""c000518000"",size: ""10000"",subtype: ""memory"",tgid: ""188931"",source: ""syscall"",type: ""Artifact"",version: ""0"",hash: ""df94c74ac8f48b2225900e534f2252b2""})"
"(:VERTEX {memory address: ""c000508000"",size: ""10000"",subtype: ""memory"",tgid: ""188931"",source: ""syscall"",type: ""Artifact"",version: ""0"",hash: ""c157aeb98046cecb3091324f269722b4""})"
"(:VERTEX {memory address: ""c0004ee000"",size: ""10000"",subtype: ""memory"",tgid: ""188931"",source: ""syscall"",type: ""Artifact"",version: ""0"",hash: ""4c9d3b751881c9b11e2753e221cf77f4""})"
"(:VERTEX {memory address: ""c0004de000"",size: ""10000"",subtype: ""memory"",tgid: ""188931"",source: ""syscall"",type: ""Artifact"",version: ""0"",hash: ""844912f83d7432addf8c130694ee7e32""})"
"(:VERTEX {memory address: ""c0004b0000"",size: ""10000"",subtype: ""memory"",tgid: ""188931"",source: ""syscall"",type: ""Artifact"",version: ""0"",hash: ""7c4021f899fd3fe1c4ed0430a78cc5d9""})"
"(:VERTEX {memory address: ""c000490000"",size: ""c000"",subtype: ""memory"",tgid: ""188931"",source: ""syscall"",type: ""Artifact"",version: ""0"",hash: ""2758927a6302cc240bdf997fe5db6445""})"
"(:VERTEX {memory address: ""c00047c000"",size: ""4000"",subtype: ""memory"",tgid: ""188931"",source: ""syscall"",type: ""Artifact"",version: ""0"",hash: ""3fd4cb6adc385dc856739e72d053cf9a""})"
"(:VERTEX {memory address: ""c000470000"",size: ""c000"",subtype: ""memory"",tgid: ""188931"",source: ""syscall"",type: ""Artifact"",version: ""0"",hash: ""246a1a4caa940ab31862e15fe09ccb20""})"
"(:VERTEX {memory address: ""c00045a000"",size: ""4000"",subtype: ""memory"",tgid: ""188931"",source: ""syscall"",type: ""Artifact"",version: ""0"",hash: ""0ab27782422490f226978d7ff0d1471e""})"
"(:VERTEX {memory address: ""c000450000"",size: ""a000"",subtype: ""memory"",tgid: ""188931"",source: ""syscall"",type: ""Artifact"",version: ""0"",hash: ""181efe0a00f92327f7cbe00d0c70a849""})"
"(:VERTEX {memory address: ""c00043a000"",size: ""6000"",subtype: ""memory"",tgid: ""188931"",source: ""syscall"",type: ""Artifact"",version: ""0"",hash: ""380334bc48db43855f7b49f26b8fd79a""})"
"(:VERTEX {memory address: ""c000438000"",size: ""2000"",subtype: ""memory"",tgid: ""188931"",source: ""syscall"",type: ""Artifact"",version: ""0"",hash: ""8862469b2bc5b1bd85fb29bca73bd05f""})"
"(:VERTEX {memory address: ""c00042a000"",size: ""c000"",subtype: ""memory"",tgid: ""188931"",source: ""syscall"",type: ""Artifact"",version: ""0"",hash: ""07a7fc0d353adbbb75f57cae575aac96""})"
"(:VERTEX {memory address: ""c000414000"",size: ""2000"",subtype: ""memory"",tgid: ""188931"",source: ""syscall"",type: ""Artifact"",version: ""0"",hash: ""5cae7f220c9bc15d276b925112b8f13c""})"
"(:VERTEX {memory address: ""c000412000"",size: ""2000"",subtype: ""memory"",tgid: ""188931"",source: ""syscall"",type: ""Artifact"",version: ""0"",hash: ""a7e4c576be73650cbb22855be93adb07""})"
"(:VERTEX {memory address: ""c000200000"",size: ""200000"",subtype: ""memory"",tgid: ""188931"",source: ""syscall"",type: ""Artifact"",version: ""0"",hash: ""40a55f2cde6758aa644d2d6300e07fb9""})"
"(:VERTEX {memory address: ""c0003f8000"",size: ""2000"",subtype: ""memory"",tgid: ""188931"",source: ""syscall"",type: ""Artifact"",version: ""0"",hash: ""1f04fec17dd754644883decae4869d51""})"
"(:VERTEX {memory address: ""c0003e6000"",size: ""6000"",subtype: ""memory"",tgid: ""188931"",source: ""syscall"",type: ""Artifact"",version: ""0"",hash: ""1fb3fb23c22daea8ed615ff5b47212b1""})"
"(:VERTEX {memory address: ""c0003da000"",size: ""6000"",subtype: ""memory"",tgid: ""188931"",source: ""syscall"",type: ""Artifact"",version: ""0"",hash: ""24f17da34c2fd1de68910a8a3b3508ef""})"
"(:VERTEX {memory address: ""c0003d8000"",size: ""2000"",subtype: ""memory"",tgid: ""188931"",source: ""syscall"",type: ""Artifact"",version: ""0"",hash: ""3b877bbd1cef6e3eed0da3c7823facaa""})"
"(:VERTEX {memory address: ""c0003c8000"",size: ""e000"",subtype: ""memory"",tgid: ""188931"",source: ""syscall"",type: ""Artifact"",version: ""0"",hash: ""d237e42a64de0c84857e363b0b6d878f""})"
"(:VERTEX {memory address: ""c0003b8000"",size: ""10000"",subtype: ""memory"",tgid: ""188931"",source: ""syscall"",type: ""Artifact"",version: ""0"",hash: ""1d60891940993f56972db2d3d19d3793""})"
"(:VERTEX {memory address: ""c0003a8000"",size: ""10000"",subtype: ""memory"",tgid: ""188931"",source: ""syscall"",type: ""Artifact"",version: ""0"",hash: ""8b592e5f6db288b9464fcdbb7f307314""})"
"(:VERTEX {memory address: ""c000398000"",size: ""10000"",subtype: ""memory"",tgid: ""188931"",source: ""syscall"",type: ""Artifact"",version: ""0"",hash: ""a8fe9da16c4b8cc7dbac764a11d25190""})"
"(:VERTEX {memory address: ""c000388000"",size: ""10000"",subtype: ""memory"",tgid: ""188931"",source: ""syscall"",type: ""Artifact"",version: ""0"",hash: ""7966dade4eaffb79726bedd4cf7752a7""})"
"(:VERTEX {memory address: ""c000378000"",size: ""10000"",subtype: ""memory"",tgid: ""188931"",source: ""syscall"",type: ""Artifact"",version: ""0"",hash: ""8dd17b65b6bba0d7ed6f5f872cdc589f""})"
"(:VERTEX {memory address: ""c000368000"",size: ""10000"",subtype: ""memory"",tgid: ""188931"",source: ""syscall"",type: ""Artifact"",version: ""0"",hash: ""375bf410840f5d909545af987bae7f66""})"
"(:VERTEX {memory address: ""7f08556f2000"",size: ""11000"",subtype: ""memory"",tgid: ""189893"",source: ""syscall"",type: ""Artifact"",version: ""413"",hash: ""fdede536542f08183137664232033ea8""})"
"(:VERTEX {memory address: ""7f0857908000"",size: ""2000"",subtype: ""memory"",tgid: ""189893"",source: ""syscall"",type: ""Artifact"",version: ""20"",hash: ""d6e35cef1e5101a57de41d9a134bb44f""})"
"(:VERTEX {memory address: ""7f08556f3000"",size: ""10000"",subtype: ""memory"",tgid: ""189893"",source: ""syscall"",type: ""Artifact"",version: ""43"",hash: ""32eb484821e747819742bf10336c7bd7""})"
"(:VERTEX {memory address: ""7f0857894000"",size: ""9000"",subtype: ""memory"",tgid: ""189893"",source: ""syscall"",type: ""Artifact"",version: ""18"",hash: ""61b04807eb67911c3ea5155b594ba7ec""})"
"(:VERTEX {memory address: ""7f08556e2000"",size: ""11000"",subtype: ""memory"",tgid: ""189893"",source: ""syscall"",type: ""Artifact"",version: ""2"",hash: ""394a65855869a4c5c01175cca16882d0""})"
"(:VERTEX {memory address: ""7f0857818000"",size: ""7000"",subtype: ""memory"",tgid: ""189893"",source: ""syscall"",type: ""Artifact"",version: ""15"",hash: ""cce628183e7ae88f670eab2b37d95511""})"
"(:VERTEX {memory address: ""7f085772b000"",size: ""9000"",subtype: ""memory"",tgid: ""189893"",source: ""syscall"",type: ""Artifact"",version: ""41"",hash: ""9d077fbdd212d8a8b0f8a2e5f1637b21""})"
"(:VERTEX {memory address: ""7f08556ea000"",size: ""9000"",subtype: ""memory"",tgid: ""189893"",source: ""syscall"",type: ""Artifact"",version: ""8"",hash: ""199308bbd00f18d28318aae03f1b2ff1""})"
"(:VERTEX {memory address: ""7f08556e1000"",size: ""9000"",subtype: ""memory"",tgid: ""189893"",source: ""syscall"",type: ""Artifact"",version: ""21"",hash: ""e5473f5ffa1269a48158da3dd50b3f42""})"
"(:VERTEX {memory address: ""7f08556ea000"",size: ""9000"",subtype: ""memory"",tgid: ""189893"",source: ""syscall"",type: ""Artifact"",version: ""9"",hash: ""bd73713a47b0d53bf3a1c6e2e3cdd39f""})"
"(:VERTEX {memory address: ""7f08556d8000"",size: ""9000"",subtype: ""memory"",tgid: ""189893"",source: ""syscall"",type: ""Artifact"",version: ""22"",hash: ""8fb22551575ccb4b7135db10c1eeb45c""})"
"(:VERTEX {memory address: ""7f08556cf000"",size: ""9000"",subtype: ""memory"",tgid: ""189893"",source: ""syscall"",type: ""Artifact"",version: ""13"",hash: ""dc6823560e0598520dc9fd7fea11810f""})"
"(:VERTEX {memory address: ""7f08556c6000"",size: ""9000"",subtype: ""memory"",tgid: ""189893"",source: ""syscall"",type: ""Artifact"",version: ""19"",hash: ""1b3ae0e62b3d10bf2864133b306ce810""})"
"(:VERTEX {memory address: ""7f08556bd000"",size: ""9000"",subtype: ""memory"",tgid: ""189893"",source: ""syscall"",type: ""Artifact"",version: ""11"",hash: ""c39e258f8d68ea47dac0d5400cb682ed""})"
"(:VERTEX {memory address: ""7f08556b4000"",size: ""9000"",subtype: ""memory"",tgid: ""189893"",source: ""syscall"",type: ""Artifact"",version: ""9"",hash: ""7c02e65288ecb7b94b4be4d592f5b413""})"
"(:VERTEX {memory address: ""7f08556ab000"",size: ""9000"",subtype: ""memory"",tgid: ""189893"",source: ""syscall"",type: ""Artifact"",version: ""7"",hash: ""26431bf2e68ccb8317d93f6f1e15fa5d""})"
"(:VERTEX {memory address: ""7f08556a2000"",size: ""9000"",subtype: ""memory"",tgid: ""189893"",source: ""syscall"",type: ""Artifact"",version: ""4"",hash: ""3137a710bd3d61df431bcf2a598cbb21""})"
"(:VERTEX {memory address: ""7f0855699000"",size: ""9000"",subtype: ""memory"",tgid: ""189893"",source: ""syscall"",type: ""Artifact"",version: ""3"",hash: ""8c766218d1aa146cf633b8ad9aee8f1d""})"
"(:VERTEX {memory address: ""7f0857819000"",size: ""6000"",subtype: ""memory"",tgid: ""189893"",source: ""syscall"",type: ""Artifact"",version: ""11"",hash: ""fbe49675e85be92b1333262b366bc7d1""})"
"(:VERTEX {memory address: ""7f08556cf000"",size: ""9000"",subtype: ""memory"",tgid: ""189893"",source: ""syscall"",type: ""Artifact"",version: ""14"",hash: ""c82ead62c19b70a6f72d6fc0ffd90742""})"
"(:VERTEX {memory address: ""7f08556ab000"",size: ""9000"",subtype: ""memory"",tgid: ""189893"",source: ""syscall"",type: ""Artifact"",version: ""8"",hash: ""501e5afef61d3ce37027d3d3ca7d5abc""})"
"(:VERTEX {memory address: ""7f0855690000"",size: ""9000"",subtype: ""memory"",tgid: ""189893"",source: ""syscall"",type: ""Artifact"",version: ""2"",hash: ""a2e5ca757b46c95f7fdae0a4f83b4720""})"
"(:VERTEX {memory address: ""7f0855687000"",size: ""9000"",subtype: ""memory"",tgid: ""189893"",source: ""syscall"",type: ""Artifact"",version: ""1"",hash: ""a35ef81a339db4506e008e1cd979d4c1""})"
"(:VERTEX {memory address: ""7f085568b000"",size: ""e000"",subtype: ""memory"",tgid: ""189893"",source: ""syscall"",type: ""Artifact"",version: ""0"",hash: ""2a1a8811b4554f120bea3106139f639a""})"
"(:VERTEX {memory address: ""7f0855682000"",size: ""9000"",subtype: ""memory"",tgid: ""189893"",source: ""syscall"",type: ""Artifact"",version: ""0"",hash: ""59081520df799cf079c0875d7fb2bfff""})"
"(:VERTEX {memory address: ""7f0855679000"",size: ""9000"",subtype: ""memory"",tgid: ""189893"",source: ""syscall"",type: ""Artifact"",version: ""0"",hash: ""71357fccf43103960c1d7aa27b11070d""})"
"(:VERTEX {memory address: ""7f0855670000"",size: ""9000"",subtype: ""memory"",tgid: ""189893"",source: ""syscall"",type: ""Artifact"",version: ""0"",hash: ""8109264deb9a703613e926943feabf96""})"
"(:VERTEX {memory address: ""7f0855667000"",size: ""9000"",subtype: ""memory"",tgid: ""189893"",source: ""syscall"",type: ""Artifact"",version: ""0"",hash: ""1cad63158a2ab6f73aaeeb7c04092271""})"
"(:VERTEX {memory address: ""7f085565e000"",size: ""9000"",subtype: ""memory"",tgid: ""189893"",source: ""syscall"",type: ""Artifact"",version: ""0"",hash: ""40c49ec71aec0992830590408188c842""})"
"(:VERTEX {memory address: ""7f0855655000"",size: ""9000"",subtype: ""memory"",tgid: ""189893"",source: ""syscall"",type: ""Artifact"",version: ""0"",hash: ""afb986102a9fb3171bc5da25a694a860""})"
"(:VERTEX {memory address: ""7f085564c000"",size: ""9000"",subtype: ""memory"",tgid: ""189893"",source: ""syscall"",type: ""Artifact"",version: ""0"",hash: ""d584dac19575bc20d94a323e726271be""})"
"(:VERTEX {memory address: ""7f0857819000"",size: ""6000"",subtype: ""memory"",tgid: ""189893"",source: ""syscall"",type: ""Artifact"",version: ""12"",hash: ""4722c66e6bf46410f8972b796d20f261""})"
"(:VERTEX {memory address: ""7f0855690000"",size: ""9000"",subtype: ""memory"",tgid: ""189893"",source: ""syscall"",type: ""Artifact"",version: ""3"",hash: ""bb07aa0a0e8076845a51680d20077304""})"
"(:VERTEX {memory address: ""7f0855687000"",size: ""9000"",subtype: ""memory"",tgid: ""189893"",source: ""syscall"",type: ""Artifact"",version: ""2"",hash: ""0fa648ee2b1e57f3eb5d2319b10b8858""})"
"(:VERTEX {memory address: ""7f085567e000"",size: ""9000"",subtype: ""memory"",tgid: ""189893"",source: ""syscall"",type: ""Artifact"",version: ""0"",hash: ""457687a6ab92d032d06ca51eed08278d""})"
"(:VERTEX {memory address: ""7f0855675000"",size: ""9000"",subtype: ""memory"",tgid: ""189893"",source: ""syscall"",type: ""Artifact"",version: ""0"",hash: ""6c47d8dbc3746c7cb75fcee890f457fa""})"
"(:VERTEX {memory address: ""7f085566c000"",size: ""9000"",subtype: ""memory"",tgid: ""189893"",source: ""syscall"",type: ""Artifact"",version: ""0"",hash: ""cbeba1950eae7ce3a1b152cea78cdc6c""})"
"(:VERTEX {memory address: ""7f0855688000"",size: ""11000"",subtype: ""memory"",tgid: ""189893"",source: ""syscall"",type: ""Artifact"",version: ""0"",hash: ""ed749d2eb20a0eb7e217a09483c91102""})"
"(:VERTEX {memory address: ""7f0855691000"",size: ""8000"",subtype: ""memory"",tgid: ""189893"",source: ""syscall"",type: ""Artifact"",version: ""0"",hash: ""315ad155e840e01e0244f58653dec799""})"
"(:VERTEX {memory address: ""7f0855688000"",size: ""9000"",subtype: ""memory"",tgid: ""189893"",source: ""syscall"",type: ""Artifact"",version: ""0"",hash: ""5ed0be2bed2adf8ca55f964c9ace71bd""})"
"(:VERTEX {memory address: ""7f0855690000"",size: ""9000"",subtype: ""memory"",tgid: ""189893"",source: ""syscall"",type: ""Artifact"",version: ""4"",hash: ""4029db99d81ba726664acd083dba1cfa""})"
"(:VERTEX {memory address: ""7f0857818000"",size: ""7000"",subtype: ""memory"",tgid: ""189893"",source: ""syscall"",type: ""Artifact"",version: ""16"",hash: ""17c4bea57cc07a65b2b993bc0bf881fc""})"
"(:VERTEX {memory address: ""7f0855687000"",size: ""9000"",subtype: ""memory"",tgid: ""189893"",source: ""syscall"",type: ""Artifact"",version: ""3"",hash: ""dc70415c4194ce4a04434ec6b583060e""})"
"(:VERTEX {memory address: ""7f0855688000"",size: ""8000"",subtype: ""memory"",tgid: ""189893"",source: ""syscall"",type: ""Artifact"",version: ""0"",hash: ""a092ae5812572a13b260ebf0a587c00f""})"
"(:VERTEX {memory address: ""7f085566c000"",size: ""9000"",subtype: ""memory"",tgid: ""189893"",source: ""syscall"",type: ""Artifact"",version: ""1"",hash: ""83554182ab75beaeb9811ea07b6cd4a2""})"
"(:VERTEX {memory address: ""7f0855663000"",size: ""9000"",subtype: ""memory"",tgid: ""189893"",source: ""syscall"",type: ""Artifact"",version: ""0"",hash: ""b9fefc8796167d7d1af03670df22d6c0""})"
"(:VERTEX {memory address: ""7f085565a000"",size: ""9000"",subtype: ""memory"",tgid: ""189893"",source: ""syscall"",type: ""Artifact"",version: ""0"",hash: ""2863582b7bc4d21ff789bfd067f66b3c""})"
"(:VERTEX {memory address: ""7f0855651000"",size: ""9000"",subtype: ""memory"",tgid: ""189893"",source: ""syscall"",type: ""Artifact"",version: ""0"",hash: ""3e219d2664fdc123ceeffd86e7a095aa""})"
"(:VERTEX {memory address: ""7f0855640000"",size: ""11000"",subtype: ""memory"",tgid: ""189893"",source: ""syscall"",type: ""Artifact"",version: ""0"",hash: ""d1d6a4bf0a8d72026092042311630de9""})"
"(:VERTEX {memory address: ""7f0855648000"",size: ""9000"",subtype: ""memory"",tgid: ""189893"",source: ""syscall"",type: ""Artifact"",version: ""0"",hash: ""503dd4eb7e42cf99bd7a11b07af01329""})"
"(:VERTEX {memory address: ""7f08578ae000"",size: ""4000"",subtype: ""memory"",tgid: ""189893"",source: ""syscall"",type: ""Artifact"",version: ""1"",hash: ""8f4b04281dda83f5f0df42685bc747cd""})"
"(:VERTEX {memory address: ""7f0857818000"",size: ""7000"",subtype: ""memory"",tgid: ""189893"",source: ""syscall"",type: ""Artifact"",version: ""17"",hash: ""9a5322d57e5a3db77eadbbefc21dabfb""})"
"(:VERTEX {memory address: ""7f0855687000"",size: ""9000"",subtype: ""memory"",tgid: ""189893"",source: ""syscall"",type: ""Artifact"",version: ""4"",hash: ""06ac31a1b89337b929b2d9df24d54111""})"
"(:VERTEX {memory address: ""7f085566c000"",size: ""9000"",subtype: ""memory"",tgid: ""189893"",source: ""syscall"",type: ""Artifact"",version: ""2"",hash: ""f02e99c5a29bc969d297c37e28322991""})"
"(:VERTEX {memory address: ""7f08578ea000"",size: ""2000"",subtype: ""memory"",tgid: ""189893"",source: ""syscall"",type: ""Artifact"",version: ""3"",hash: ""3f7f98006e5bc42278bbc665df47a8bf""})"
"(:VERTEX {memory address: ""7f0855662000"",size: ""13000"",subtype: ""memory"",tgid: ""189893"",source: ""syscall"",type: ""Artifact"",version: ""0"",hash: ""4f11701ddaa4bd88e6654382902b94c9""})"
"(:VERTEX {memory address: ""7f0855687000"",size: ""9000"",subtype: ""memory"",tgid: ""189893"",source: ""syscall"",type: ""Artifact"",version: ""5"",hash: ""0e1b0719f7c059d80a5b57a5bc02c40d""})"
"(:VERTEX {memory address: ""7f0855651000"",size: ""11000"",subtype: ""memory"",tgid: ""189893"",source: ""syscall"",type: ""Artifact"",version: ""0"",hash: ""95f7306bf36def2c46bfde8ba41a7681""})"
"(:VERTEX {memory address: ""7f08578ae000"",size: ""4000"",subtype: ""memory"",tgid: ""189893"",source: ""syscall"",type: ""Artifact"",version: ""2"",hash: ""83078d964553b07fdfcb27bd1b0bdaaa""})"
"(:VERTEX {memory address: ""7f0857818000"",size: ""7000"",subtype: ""memory"",tgid: ""189893"",source: ""syscall"",type: ""Artifact"",version: ""18"",hash: ""fd69488733cdcba3a75d1da808d35f5b""})"
"(:VERTEX {memory address: ""7f0855687000"",size: ""9000"",subtype: ""memory"",tgid: ""189893"",source: ""syscall"",type: ""Artifact"",version: ""6"",hash: ""5ca3673fa309b6063c61b91459bfa7c4""})"
"(:VERTEX {memory address: ""7f0855664000"",size: ""11000"",subtype: ""memory"",tgid: ""189893"",source: ""syscall"",type: ""Artifact"",version: ""0"",hash: ""ab764b13ffc3437d03418876dce50a0b""})"
"(:VERTEX {memory address: ""7f085566c000"",size: ""9000"",subtype: ""memory"",tgid: ""189893"",source: ""syscall"",type: ""Artifact"",version: ""3"",hash: ""5e0045db6f4abbd8c156f77a462e8ca3""})"
"(:VERTEX {memory address: ""7f0855663000"",size: ""9000"",subtype: ""memory"",tgid: ""189893"",source: ""syscall"",type: ""Artifact"",version: ""1"",hash: ""2e195d1117c88ed744e2e0ce5e37d775""})"
"(:VERTEX {memory address: ""7f085565a000"",size: ""9000"",subtype: ""memory"",tgid: ""189893"",source: ""syscall"",type: ""Artifact"",version: ""1"",hash: ""4a39c8419d3ef3407c37fa6fe1baecde""})"
"(:VERTEX {memory address: ""7f0855651000"",size: ""9000"",subtype: ""memory"",tgid: ""189893"",source: ""syscall"",type: ""Artifact"",version: ""1"",hash: ""8daad7dd3b514569f6d854d471b9e902""})"
"(:VERTEX {memory address: ""7f085563f000"",size: ""9000"",subtype: ""memory"",tgid: ""189893"",source: ""syscall"",type: ""Artifact"",version: ""0"",hash: ""5a154d8f95a244eed7822444d20ba35f""})"
"(:VERTEX {memory address: ""7f0855636000"",size: ""9000"",subtype: ""memory"",tgid: ""189893"",source: ""syscall"",type: ""Artifact"",version: ""0"",hash: ""53fc1e147b07507fe66e3398ca9e109e""})"
"(:VERTEX {memory address: ""7f0855663000"",size: ""9000"",subtype: ""memory"",tgid: ""189893"",source: ""syscall"",type: ""Artifact"",version: ""2"",hash: ""6ab2a6c436a5413edb04a9a2bea36163""})"
"(:VERTEX {memory address: ""7f0857819000"",size: ""6000"",subtype: ""memory"",tgid: ""189893"",source: ""syscall"",type: ""Artifact"",version: ""13"",hash: ""f36e57621f6af40a9ae8f3c707770c8e""})"
"(:VERTEX {memory address: ""7f085565a000"",size: ""9000"",subtype: ""memory"",tgid: ""189893"",source: ""syscall"",type: ""Artifact"",version: ""2"",hash: ""8f86e660efd8c676366a32c42f65e487""})"
"(:VERTEX {memory address: ""f46fd9c0000"",size: ""40000"",subtype: ""memory"",tgid: ""189893"",source: ""syscall"",type: ""Artifact"",version: ""7"",hash: ""aa10d2cb6fca5a84f1b4b729bfeab049""})"
"(:VERTEX {memory address: ""33a2d79c0000"",size: ""40000"",subtype: ""memory"",tgid: ""189893"",source: ""syscall"",type: ""Artifact"",version: ""7"",hash: ""a7c0b950d87e4b9e7549a022b97d1e53""})"
"(:VERTEX {memory address: ""332ff05c0000"",size: ""40000"",subtype: ""memory"",tgid: ""189893"",source: ""syscall"",type: ""Artifact"",version: ""7"",hash: ""c62694b3a0eac28d30740fadfdda72d8""})"
"(:VERTEX {memory address: ""3406f5a00000"",size: ""40000"",subtype: ""memory"",tgid: ""189893"",source: ""syscall"",type: ""Artifact"",version: ""6"",hash: ""ee805c807d2711ba87dd129cf9f114da""})"
"(:VERTEX {memory address: ""7f085563f000"",size: ""9000"",subtype: ""memory"",tgid: ""189893"",source: ""syscall"",type: ""Artifact"",version: ""1"",hash: ""15def17b571637ee640ab6df5af87ed7""})"
"(:VERTEX {memory address: ""7f085562d000"",size: ""9000"",subtype: ""memory"",tgid: ""189893"",source: ""syscall"",type: ""Artifact"",version: ""0"",hash: ""dc4b0a2341ef68b4d92e61eefa9583b7""})"
"(:VERTEX {memory address: ""7f0855624000"",size: ""9000"",subtype: ""memory"",tgid: ""189893"",source: ""syscall"",type: ""Artifact"",version: ""0"",hash: ""9d07aaf4d81c49c8ad79d7ae3a041f7f""})"
"(:VERTEX {memory address: ""7f085561b000"",size: ""9000"",subtype: ""memory"",tgid: ""189893"",source: ""syscall"",type: ""Artifact"",version: ""0"",hash: ""f82c28da03f75889741aac2db6e066bb""})"
"(:VERTEX {memory address: ""7f0855612000"",size: ""9000"",subtype: ""memory"",tgid: ""189893"",source: ""syscall"",type: ""Artifact"",version: ""0"",hash: ""e210c7da1c563302fd48133d8f4f472e""})"
"(:VERTEX {memory address: ""7f08578af000"",size: ""3000"",subtype: ""memory"",tgid: ""189893"",source: ""syscall"",type: ""Artifact"",version: ""2"",hash: ""3fbfd043642ca6980f6f39f9dd5aa673""})"
"(:VERTEX {memory address: ""7f0857907000"",size: ""1000"",subtype: ""memory"",tgid: ""189893"",source: ""syscall"",type: ""Artifact"",version: ""0"",hash: ""6f5e5364a6203d749eb4daa59e0c879a""})"
"(:VERTEX {memory address: ""7f085772b000"",size: ""9000"",subtype: ""memory"",tgid: ""189893"",source: ""syscall"",type: ""Artifact"",version: ""42"",hash: ""50f3086b24d3c845b38d69760b68d9a2""})"
"(:VERTEX {memory address: ""7f08556e1000"",size: ""9000"",subtype: ""memory"",tgid: ""189893"",source: ""syscall"",type: ""Artifact"",version: ""22"",hash: ""f84408e7a255592e00e68ea1579bde3f""})"
"(:VERTEX {memory address: ""7f08556d8000"",size: ""9000"",subtype: ""memory"",tgid: ""189893"",source: ""syscall"",type: ""Artifact"",version: ""23"",hash: ""12229e2239a053b5f3ec436b1200087e""})"
"(:VERTEX {memory address: ""7f08556cf000"",size: ""9000"",subtype: ""memory"",tgid: ""189893"",source: ""syscall"",type: ""Artifact"",version: ""15"",hash: ""4f577bdcb027cfe216301a4b2cf83ba9""})"
"(:VERTEX {memory address: ""7f08556c6000"",size: ""9000"",subtype: ""memory"",tgid: ""189893"",source: ""syscall"",type: ""Artifact"",version: ""20"",hash: ""0ec4ead6ddbb3838e000fc1949fc4d98""})"
"(:VERTEX {memory address: ""7f08556b4000"",size: ""9000"",subtype: ""memory"",tgid: ""189893"",source: ""syscall"",type: ""Artifact"",version: ""10"",hash: ""b4b317b0c9d26d644f218cd339c29494""})"
"(:VERTEX {memory address: ""7f08556ab000"",size: ""9000"",subtype: ""memory"",tgid: ""189893"",source: ""syscall"",type: ""Artifact"",version: ""9"",hash: ""ae2b08b17bcbcaf440d95693f7542644""})"
"(:VERTEX {memory address: ""7f08556a2000"",size: ""9000"",subtype: ""memory"",tgid: ""189893"",source: ""syscall"",type: ""Artifact"",version: ""5"",hash: ""aacbe1068e3e0ebfbed5b14d5207c15c""})"
"(:VERTEX {memory address: ""7f0855690000"",size: ""9000"",subtype: ""memory"",tgid: ""189893"",source: ""syscall"",type: ""Artifact"",version: ""5"",hash: ""d45cbf3c32ae26503f39c5d7de842760""})"
"(:VERTEX {memory address: ""7f0855687000"",size: ""9000"",subtype: ""memory"",tgid: ""189893"",source: ""syscall"",type: ""Artifact"",version: ""7"",hash: ""3c608eddc110ca5aaa6419d49bb8175f""})"
"(:VERTEX {gid: ""0"",euid: ""999"",children pid namespace: ""-1"",pid: ""189263"",seen time: ""1690980783.779"",source: ""syscall"",type: ""Process"",net namespace: ""-1"",ipc namespace: ""-1"",ppid: ""2140"",pid namespace: ""-1"",uid: ""999"",egid: ""0"",mount namespace: ""-1"",name: ""kube-controller"",hash: ""dea73971008111536da545fb42bbb19e"",user namespace: ""-1""})"
"(:VERTEX {remote port: ""443"",epoch: ""0"",source: ""syscall"",type: ""Artifact"",version: ""0"",local port: ""59594"",net namespace: ""-1"",local address: ""10.1.251.196"",protocol: ""tcp"",subtype: ""network socket"",remote address: ""10.152.183.1"",hash: ""25db6e2e77abfe75373bc812c699905a""})"
"(:VERTEX {memory address: ""7f085567e000"",size: ""9000"",subtype: ""memory"",tgid: ""189893"",source: ""syscall"",type: ""Artifact"",version: ""1"",hash: ""c3f7d1c13e0f59afd050c50a2e1be6b4""})"
"(:VERTEX {memory address: ""7f0855675000"",size: ""9000"",subtype: ""memory"",tgid: ""189893"",source: ""syscall"",type: ""Artifact"",version: ""1"",hash: ""3376ef159955161ab61d1363e445a82e""})"
"(:VERTEX {memory address: ""7f08556b4000"",size: ""9000"",subtype: ""memory"",tgid: ""189893"",source: ""syscall"",type: ""Artifact"",version: ""11"",hash: ""4a23a9009090c2e09b3ab49a35db1211""})"
"(:VERTEX {remote port: ""443"",epoch: ""0"",source: ""syscall"",type: ""Artifact"",version: ""0"",local port: ""59610"",net namespace: ""-1"",local address: ""10.1.251.196"",protocol: ""tcp"",subtype: ""network socket"",remote address: ""10.152.183.1"",hash: ""71b2b0349749647b734d5ad33f5b1e20""})"
"(:VERTEX {remote port: ""443"",epoch: ""0"",source: ""syscall"",type: ""Artifact"",version: ""0"",local port: ""59618"",net namespace: ""4026532705"",local address: ""10.1.251.196"",protocol: ""tcp"",subtype: ""network socket"",remote address: ""10.152.183.1"",hash: ""f8c634e6c2acfb169e556ac36410025e""})"
"(:VERTEX {gid: ""0"",euid: ""999"",children pid namespace: ""-1"",pid: ""189273"",seen time: ""1690980783.782"",source: ""syscall"",type: ""Process"",net namespace: ""-1"",ipc namespace: ""-1"",ppid: ""2140"",pid namespace: ""-1"",uid: ""999"",egid: ""0"",mount namespace: ""-1"",name: ""kube-controller"",hash: ""3ad2fcf0963dc85c32adca9285f9d9f9"",user namespace: ""-1""})"
"(:VERTEX {remote port: ""443"",epoch: ""0"",source: ""syscall"",type: ""Artifact"",version: ""0"",local port: ""59590"",net namespace: ""-1"",local address: ""10.1.251.196"",protocol: ""tcp"",subtype: ""network socket"",remote address: ""10.152.183.1"",hash: ""3f65d99e5fe0e13294f94c085670af86""})"
"(:VERTEX {remote port: ""443"",epoch: ""0"",source: ""syscall"",type: ""Artifact"",version: ""0"",local port: ""59634"",net namespace: ""-1"",local address: ""10.1.251.196"",protocol: ""tcp"",subtype: ""network socket"",remote address: ""10.152.183.1"",hash: ""a07713f778b3a364185aa4c0777c8d71""})"
"(:VERTEX {memory address: ""7f0857890000"",size: ""4000"",subtype: ""memory"",tgid: ""189893"",source: ""syscall"",type: ""Artifact"",version: ""4"",hash: ""225ab322295edfe90a5a9fa2696023da""})"
"(:VERTEX {memory address: ""7f085781b000"",size: ""4000"",subtype: ""memory"",tgid: ""189893"",source: ""syscall"",type: ""Artifact"",version: ""1"",hash: ""e47573aad1c7bf6f9aa48c64170b0828""})"
"(:VERTEX {memory address: ""198378b80000"",size: ""40000"",subtype: ""memory"",tgid: ""189893"",source: ""syscall"",type: ""Artifact"",version: ""7"",hash: ""e9fab000886c6bf9e24a1d2360d63288""})"
"(:VERTEX {memory address: ""3baf57e40000"",size: ""40000"",subtype: ""memory"",tgid: ""189893"",source: ""syscall"",type: ""Artifact"",version: ""7"",hash: ""385c39f92e3f9fdd3f958a0c98b4ba57""})"
"(:VERTEX {memory address: ""32aebee80000"",size: ""40000"",subtype: ""memory"",tgid: ""189893"",source: ""syscall"",type: ""Artifact"",version: ""7"",hash: ""350b5f7fe988e145f2de4018a4ebe7e5""})"
"(:VERTEX {memory address: ""28056dec0000"",size: ""40000"",subtype: ""memory"",tgid: ""189893"",source: ""syscall"",type: ""Artifact"",version: ""7"",hash: ""ba5adee156bb5ede077c752a608ffba2""})"
"(:VERTEX {memory address: ""7f08556d9000"",size: ""11000"",subtype: ""memory"",tgid: ""189893"",source: ""syscall"",type: ""Artifact"",version: ""2"",hash: ""6a8eead922653ec84865591c6e418083""})"
"(:VERTEX {memory address: ""7f08578ea000"",size: ""2000"",subtype: ""memory"",tgid: ""189893"",source: ""syscall"",type: ""Artifact"",version: ""4"",hash: ""d6040508c610969d85e36d518be910d6""})"
"(:VERTEX {memory address: ""7f08556d9000"",size: ""11000"",subtype: ""memory"",tgid: ""189893"",source: ""syscall"",type: ""Artifact"",version: ""3"",hash: ""fd16025d4d0847d9ef43c5cf213d7697""})"
"(:VERTEX {memory address: ""7f085772b000"",size: ""9000"",subtype: ""memory"",tgid: ""189893"",source: ""syscall"",type: ""Artifact"",version: ""43"",hash: ""a376ca61420b821966123f664facdee2""})"
"(:VERTEX {memory address: ""7f0857908000"",size: ""2000"",subtype: ""memory"",tgid: ""189893"",source: ""syscall"",type: ""Artifact"",version: ""21"",hash: ""16d3ac3c28b659b31b691adf5dc74163""})"
"(:VERTEX {memory address: ""7f0857894000"",size: ""9000"",subtype: ""memory"",tgid: ""189893"",source: ""syscall"",type: ""Artifact"",version: ""19"",hash: ""8b608d3e56dafa3a8c7e722551f2f9b8""})"
"(:VERTEX {memory address: ""7f08556f3000"",size: ""10000"",subtype: ""memory"",tgid: ""189893"",source: ""syscall"",type: ""Artifact"",version: ""44"",hash: ""390b0e0cede5a208b717cc56f8fc9c98""})"
"(:VERTEX {memory address: ""7f085772b000"",size: ""9000"",subtype: ""memory"",tgid: ""189893"",source: ""syscall"",type: ""Artifact"",version: ""44"",hash: ""82ede0f56c307c8a6d99a91ee0612194""})"
"(:VERTEX {memory address: ""7f08556ea000"",size: ""9000"",subtype: ""memory"",tgid: ""189893"",source: ""syscall"",type: ""Artifact"",version: ""10"",hash: ""e8f4d64ec860442dbe7990d96cba6427""})"
"(:VERTEX {memory address: ""7f0857819000"",size: ""6000"",subtype: ""memory"",tgid: ""189893"",source: ""syscall"",type: ""Artifact"",version: ""14"",hash: ""452170ee1d2a2b15bc115b4811822aa3""})"
"(:VERTEX {memory address: ""7f0857818000"",size: ""7000"",subtype: ""memory"",tgid: ""189893"",source: ""syscall"",type: ""Artifact"",version: ""19"",hash: ""c34de7f0cadbdb6f51a97dd9181dffbf""})"
"(:VERTEX {memory address: ""7f08556e1000"",size: ""9000"",subtype: ""memory"",tgid: ""189893"",source: ""syscall"",type: ""Artifact"",version: ""23"",hash: ""09a9b4c1647c9733c70741881f803d6b""})"
"(:VERTEX {memory address: ""7f08556f2000"",size: ""11000"",subtype: ""memory"",tgid: ""189893"",source: ""syscall"",type: ""Artifact"",version: ""414"",hash: ""ff0489fd02336b72d81addc89b1180c6""})"
"(:VERTEX {memory address: ""7f08556f2000"",size: ""11000"",subtype: ""memory"",tgid: ""189893"",source: ""syscall"",type: ""Artifact"",version: ""415"",hash: ""11a7dd89f32ae3eea7440fcfb0a5383a""})"
"(:VERTEX {memory address: ""7f08556f2000"",size: ""11000"",subtype: ""memory"",tgid: ""189893"",source: ""syscall"",type: ""Artifact"",version: ""416"",hash: ""b51e258263b4afa0abe1cdfb272c3909""})"
"(:VERTEX {memory address: ""7f08556f2000"",size: ""11000"",subtype: ""memory"",tgid: ""189893"",source: ""syscall"",type: ""Artifact"",version: ""417"",hash: ""00b486506d0b318f7d06c85076f93c5f""})"
"(:VERTEX {memory address: ""7f08556f2000"",size: ""11000"",subtype: ""memory"",tgid: ""189893"",source: ""syscall"",type: ""Artifact"",version: ""418"",hash: ""f97534a4bed7adb756e85f2ee6b0a06a""})"
"(:VERTEX {memory address: ""7f08556f2000"",size: ""11000"",subtype: ""memory"",tgid: ""189893"",source: ""syscall"",type: ""Artifact"",version: ""419"",hash: ""af9ef237893b345bce2a5f8f392391e3""})"
"(:VERTEX {memory address: ""7f0857908000"",size: ""2000"",subtype: ""memory"",tgid: ""189893"",source: ""syscall"",type: ""Artifact"",version: ""22"",hash: ""673a840a8780925717cce72e017442eb""})"
"(:VERTEX {memory address: ""7f08556f2000"",size: ""11000"",subtype: ""memory"",tgid: ""189893"",source: ""syscall"",type: ""Artifact"",version: ""420"",hash: ""cbbbb29f4bfa53d990095dfb6ea274be""})"
"(:VERTEX {memory address: ""7f08556f2000"",size: ""11000"",subtype: ""memory"",tgid: ""189893"",source: ""syscall"",type: ""Artifact"",version: ""421"",hash: ""598c172bed5b6fd782619131d54cd6ff""})"
"(:VERTEX {memory address: ""7eff8ff41000"",size: ""19000"",subtype: ""memory"",tgid: ""189122"",source: ""syscall"",type: ""Artifact"",version: ""0"",hash: ""8b02e929c6d77ce8a0038d1b72ef3e94""})"
"(:VERTEX {memory address: ""7eff8ff41000"",size: ""19000"",subtype: ""memory"",tgid: ""189122"",source: ""syscall"",type: ""Artifact"",version: ""1"",hash: ""b60c8f0afe1d62b53badd51abe1ae557""})"
"(:VERTEX {memory address: ""7eff8ff41000"",size: ""19000"",subtype: ""memory"",tgid: ""189122"",source: ""syscall"",type: ""Artifact"",version: ""2"",hash: ""641d3746910cc961208c0005c73772c3""})"
"(:VERTEX {memory address: ""7eff8ff41000"",size: ""19000"",subtype: ""memory"",tgid: ""189122"",source: ""syscall"",type: ""Artifact"",version: ""3"",hash: ""015082dc76ee6ca3b31fad92f0bb5238""})"
"(:VERTEX {memory address: ""7eff8ff41000"",size: ""19000"",subtype: ""memory"",tgid: ""189122"",source: ""syscall"",type: ""Artifact"",version: ""4"",hash: ""f406439757cc3e901b9e39169346037c""})"
"(:VERTEX {remote port: ""53"",epoch: ""0"",source: ""syscall"",type: ""Artifact"",version: ""0"",local port: ""57374"",net namespace: ""-1"",local address: ""10.1.251.204"",protocol: ""udp"",subtype: ""network socket"",remote address: ""10.152.183.10"",hash: ""6821c1989f514617d8c41781316d0d3a""})"
"(:VERTEX {remote port: ""53"",epoch: ""0"",source: ""syscall"",type: ""Artifact"",version: ""0"",local port: ""55209"",net namespace: ""-1"",local address: ""10.1.251.204"",protocol: ""udp"",subtype: ""network socket"",remote address: ""10.152.183.10"",hash: ""36d45bc914adb33a8f29be142b2ddd4c""})"
"(:VERTEX {memory address: ""7f08556f2000"",size: ""11000"",subtype: ""memory"",tgid: ""189893"",source: ""syscall"",type: ""Artifact"",version: ""422"",hash: ""eb1bc144f94b3185760b508910962e4a""})"
"(:VERTEX {memory address: ""7f08556f2000"",size: ""11000"",subtype: ""memory"",tgid: ""189893"",source: ""syscall"",type: ""Artifact"",version: ""423"",hash: ""16a349b8e9526439743a1fb1ab8022ee""})"
"(:VERTEX {memory address: ""7eff8ff45000"",size: ""15000"",subtype: ""memory"",tgid: ""189122"",source: ""syscall"",type: ""Artifact"",version: ""0"",hash: ""28b6fe7d5f1f8693b1b2843da32c812c""})"
"(:VERTEX {memory address: ""7eff8ff1a000"",size: ""16000"",subtype: ""memory"",tgid: ""189122"",source: ""syscall"",type: ""Artifact"",version: ""0"",hash: ""45f017ab7dc3e80af5c1ab2a9c7038e1""})"
"(:VERTEX {memory address: ""7eff8ff4f000"",size: ""b000"",subtype: ""memory"",tgid: ""189122"",source: ""syscall"",type: ""Artifact"",version: ""1"",hash: ""612138698cbf62855ead8a5b79c9737b""})"
"(:VERTEX {memory address: ""7eff8ff43000"",size: ""c000"",subtype: ""memory"",tgid: ""189122"",source: ""syscall"",type: ""Artifact"",version: ""0"",hash: ""6ce27a1cf934b8eedd691b11e3788b07""})"
"(:VERTEX {memory address: ""7eff8ff4f000"",size: ""b000"",subtype: ""memory"",tgid: ""189122"",source: ""syscall"",type: ""Artifact"",version: ""2"",hash: ""a9f49f2a5e7ec27238d37f42a261b91d""})"
"(:VERTEX {memory address: ""7eff8ff44000"",size: ""b000"",subtype: ""memory"",tgid: ""189122"",source: ""syscall"",type: ""Artifact"",version: ""1"",hash: ""f26ce444dccbfb2af4b385413e97e96c""})"
"(:VERTEX {memory address: ""7eff8ff51000"",size: ""9000"",subtype: ""memory"",tgid: ""189122"",source: ""syscall"",type: ""Artifact"",version: ""2"",hash: ""bbb7cdc4ddb228eb28d67fbc69e8207a""})"
"(:VERTEX {memory address: ""7eff8ff47000"",size: ""a000"",subtype: ""memory"",tgid: ""189122"",source: ""syscall"",type: ""Artifact"",version: ""1"",hash: ""d6f2246a431f17af2fc42bec9a739613""})"
"(:VERTEX {memory address: ""7f08556f2000"",size: ""11000"",subtype: ""memory"",tgid: ""189893"",source: ""syscall"",type: ""Artifact"",version: ""424"",hash: ""fb1fec547dfc76453562eb994b696613""})"
"(:VERTEX {memory address: ""7f08556f2000"",size: ""11000"",subtype: ""memory"",tgid: ""189893"",source: ""syscall"",type: ""Artifact"",version: ""425"",hash: ""5119d18825f2994b01c0b1522d5f8a86""})"
"(:VERTEX {memory address: ""7f08556f2000"",size: ""11000"",subtype: ""memory"",tgid: ""189893"",source: ""syscall"",type: ""Artifact"",version: ""426"",hash: ""c8e992ffbf9b795d59490b4593f05364""})"
"(:VERTEX {memory address: ""7f08556f2000"",size: ""11000"",subtype: ""memory"",tgid: ""189893"",source: ""syscall"",type: ""Artifact"",version: ""427"",hash: ""228b73dc11f98dbaac1c2a46054177b9""})"
"(:VERTEX {memory address: ""7f0857908000"",size: ""2000"",subtype: ""memory"",tgid: ""189893"",source: ""syscall"",type: ""Artifact"",version: ""23"",hash: ""c460db9095d48d1ea901d75f6cfc91f3""})"
"(:VERTEX {memory address: ""7f0857894000"",size: ""9000"",subtype: ""memory"",tgid: ""189893"",source: ""syscall"",type: ""Artifact"",version: ""20"",hash: ""aeca7f9e1c55dccd847f54f95a79a8c4""})"
"(:VERTEX {memory address: ""7f08556f2000"",size: ""11000"",subtype: ""memory"",tgid: ""189893"",source: ""syscall"",type: ""Artifact"",version: ""428"",hash: ""a71fd7d86c81b9cb4589a1892900cd78""})"
"(:VERTEX {memory address: ""7f08556e2000"",size: ""10000"",subtype: ""memory"",tgid: ""189893"",source: ""syscall"",type: ""Artifact"",version: ""0"",hash: ""efd708660b21152f98d9e088b5fe5bac""})"
"(:VERTEX {memory address: ""7f085772b000"",size: ""9000"",subtype: ""memory"",tgid: ""189893"",source: ""syscall"",type: ""Artifact"",version: ""45"",hash: ""297caee7936786bed4aa70b864e4d5f5""})"
"(:VERTEX {memory address: ""7f0857819000"",size: ""6000"",subtype: ""memory"",tgid: ""189893"",source: ""syscall"",type: ""Artifact"",version: ""15"",hash: ""fa10045f4920aaa518feb9e54996cb04""})"
"(:VERTEX {memory address: ""7f08556f2000"",size: ""11000"",subtype: ""memory"",tgid: ""189893"",source: ""syscall"",type: ""Artifact"",version: ""429"",hash: ""c7ccf5ab3d8cf8d7fe73eb32d2e9fe7f""})"
"(:VERTEX {memory address: ""7f08556f2000"",size: ""11000"",subtype: ""memory"",tgid: ""189893"",source: ""syscall"",type: ""Artifact"",version: ""430"",hash: ""d9e09306d659aa8a1cadc850ac710ef4""})"
"(:VERTEX {memory address: ""7f08556f2000"",size: ""11000"",subtype: ""memory"",tgid: ""189893"",source: ""syscall"",type: ""Artifact"",version: ""431"",hash: ""c411ffcf69b87fdcb04c9e760dd4a3b5""})"
"(:VERTEX {memory address: ""7f08556f2000"",size: ""11000"",subtype: ""memory"",tgid: ""189893"",source: ""syscall"",type: ""Artifact"",version: ""432"",hash: ""e7940d3b7f6a06e4c4cf2b6614f04924""})"
"(:VERTEX {memory address: ""7f0857908000"",size: ""2000"",subtype: ""memory"",tgid: ""189893"",source: ""syscall"",type: ""Artifact"",version: ""24"",hash: ""bd7ebe0ff1860fa8f24e7c08e5a62114""})"
"(:VERTEX {memory address: ""7f0857894000"",size: ""9000"",subtype: ""memory"",tgid: ""189893"",source: ""syscall"",type: ""Artifact"",version: ""21"",hash: ""9850aec0e68c9244540a16f681fa743c""})"
"(:VERTEX {memory address: ""7f08556f3000"",size: ""10000"",subtype: ""memory"",tgid: ""189893"",source: ""syscall"",type: ""Artifact"",version: ""45"",hash: ""0f8b7cba10d6121a24734bdaa2dfe6e4""})"
"(:VERTEX {memory address: ""7f0857818000"",size: ""7000"",subtype: ""memory"",tgid: ""189893"",source: ""syscall"",type: ""Artifact"",version: ""20"",hash: ""edf17241a661eccbf1205910c87aef60""})"
"(:VERTEX {memory address: ""7f085772b000"",size: ""9000"",subtype: ""memory"",tgid: ""189893"",source: ""syscall"",type: ""Artifact"",version: ""46"",hash: ""8124557c21661692a23179135307e1b5""})"
"(:VERTEX {memory address: ""7f08556ea000"",size: ""9000"",subtype: ""memory"",tgid: ""189893"",source: ""syscall"",type: ""Artifact"",version: ""11"",hash: ""f54e53844ef78a6064102ac331b3d347""})"
"(:VERTEX {memory address: ""7f08556e1000"",size: ""9000"",subtype: ""memory"",tgid: ""189893"",source: ""syscall"",type: ""Artifact"",version: ""24"",hash: ""934786ba0e0b1f9e4fccc0e917965881""})"
"(:VERTEX {memory address: ""7f08556d8000"",size: ""9000"",subtype: ""memory"",tgid: ""189893"",source: ""syscall"",type: ""Artifact"",version: ""24"",hash: ""81639b9782ae3d289273e70d751b1cdf""})"
"(:VERTEX {memory address: ""7f08556cf000"",size: ""9000"",subtype: ""memory"",tgid: ""189893"",source: ""syscall"",type: ""Artifact"",version: ""16"",hash: ""d308a743065740307b08728e71c0cc01""})"
"(:VERTEX {memory address: ""7f08556ea000"",size: ""9000"",subtype: ""memory"",tgid: ""189893"",source: ""syscall"",type: ""Artifact"",version: ""12"",hash: ""b6960ef23d795cf672b438d03e91fc91""})"
"(:VERTEX {memory address: ""7f08556c6000"",size: ""9000"",subtype: ""memory"",tgid: ""189893"",source: ""syscall"",type: ""Artifact"",version: ""21"",hash: ""14b916dcb8b8c51aa930d0de9b28c681""})"
"(:VERTEX {remote port: ""443"",epoch: ""0"",source: ""syscall"",type: ""Artifact"",version: ""0"",local port: ""35134"",net namespace: ""-1"",local address: ""10.1.251.196"",protocol: ""tcp"",subtype: ""network socket"",remote address: ""10.152.183.1"",hash: ""3976bb9bdb765277006ad8ababfd6132""})"
"(:VERTEX {memory address: ""7f08556bd000"",size: ""9000"",subtype: ""memory"",tgid: ""189893"",source: ""syscall"",type: ""Artifact"",version: ""12"",hash: ""ce0f38f4811e58988caa9187ecff0b36""})"
"(:VERTEX {memory address: ""7f08556b4000"",size: ""9000"",subtype: ""memory"",tgid: ""189893"",source: ""syscall"",type: ""Artifact"",version: ""12"",hash: ""2723238b0f1fc311d590cd6695b4e869""})"
"(:VERTEX {memory address: ""7f08556ab000"",size: ""9000"",subtype: ""memory"",tgid: ""189893"",source: ""syscall"",type: ""Artifact"",version: ""10"",hash: ""fb4185c5b92ce41342f2f8b06339d6cb""})"
"(:VERTEX {memory address: ""7f08556a2000"",size: ""9000"",subtype: ""memory"",tgid: ""189893"",source: ""syscall"",type: ""Artifact"",version: ""6"",hash: ""24e0ec079957eb517305e4285174d347""})"
"(:VERTEX {memory address: ""7f0855699000"",size: ""9000"",subtype: ""memory"",tgid: ""189893"",source: ""syscall"",type: ""Artifact"",version: ""4"",hash: ""f4a5334c9af74c50ef9e4e48911f8290""})"
"(:VERTEX {memory address: ""7f0855690000"",size: ""9000"",subtype: ""memory"",tgid: ""189893"",source: ""syscall"",type: ""Artifact"",version: ""6"",hash: ""5660bef6c0816c749542c8f7f878cb0f""})"
"(:VERTEX {memory address: ""7f0855687000"",size: ""9000"",subtype: ""memory"",tgid: ""189893"",source: ""syscall"",type: ""Artifact"",version: ""8"",hash: ""9f6b36589350325b163b0c6c7a1235ae""})"
"(:VERTEX {memory address: ""7f085567e000"",size: ""9000"",subtype: ""memory"",tgid: ""189893"",source: ""syscall"",type: ""Artifact"",version: ""2"",hash: ""e8f54ae5f95c9bd2e4b43dfb10ebef80""})"
"(:VERTEX {memory address: ""7f0855675000"",size: ""9000"",subtype: ""memory"",tgid: ""189893"",source: ""syscall"",type: ""Artifact"",version: ""2"",hash: ""09fdfef0ece02e98f857839bb287767b""})"
"(:VERTEX {memory address: ""7f085566c000"",size: ""9000"",subtype: ""memory"",tgid: ""189893"",source: ""syscall"",type: ""Artifact"",version: ""4"",hash: ""79961d09497468029af80476b6c795c9""})"
"(:VERTEX {memory address: ""7f0855663000"",size: ""9000"",subtype: ""memory"",tgid: ""189893"",source: ""syscall"",type: ""Artifact"",version: ""3"",hash: ""11683576b8910bd89a7346c33c67c472""})"
"(:VERTEX {memory address: ""7f085565a000"",size: ""9000"",subtype: ""memory"",tgid: ""189893"",source: ""syscall"",type: ""Artifact"",version: ""3"",hash: ""0ec41acaea74f6f6797b848e007f70fd""})"
"(:VERTEX {memory address: ""7f0855651000"",size: ""9000"",subtype: ""memory"",tgid: ""189893"",source: ""syscall"",type: ""Artifact"",version: ""2"",hash: ""274d2aac0ad9023e97caf2bf758bca0c""})"
"(:VERTEX {memory address: ""7f0855648000"",size: ""9000"",subtype: ""memory"",tgid: ""189893"",source: ""syscall"",type: ""Artifact"",version: ""1"",hash: ""d1864a96d7dcfa626e9b67756e50fa5e""})"
"(:VERTEX {memory address: ""7f085563f000"",size: ""9000"",subtype: ""memory"",tgid: ""189893"",source: ""syscall"",type: ""Artifact"",version: ""2"",hash: ""c4d7ee45bf6fb5e51dc0198a1bb7779e""})"
"(:VERTEX {memory address: ""7f08578ae000"",size: ""4000"",subtype: ""memory"",tgid: ""189893"",source: ""syscall"",type: ""Artifact"",version: ""3"",hash: ""2a341eb9b3602fcc1a2024653d098d56""})"
"(:VERTEX {memory address: ""7f0857818000"",size: ""7000"",subtype: ""memory"",tgid: ""189893"",source: ""syscall"",type: ""Artifact"",version: ""21"",hash: ""cc862c4d0cac40cb32427ca0a5afc1ed""})"
"(:VERTEX {memory address: ""7f08556c7000"",size: ""8000"",subtype: ""memory"",tgid: ""189893"",source: ""syscall"",type: ""Artifact"",version: ""0"",hash: ""210c04dd05ccc3abe2824b82c73493cd""})"
"(:VERTEX {memory address: ""7f08556c6000"",size: ""9000"",subtype: ""memory"",tgid: ""189893"",source: ""syscall"",type: ""Artifact"",version: ""22"",hash: ""dc82119d4a3e4d20d5bd7c68bd72916f""})"
"(:VERTEX {memory address: ""7f0855637000"",size: ""11000"",subtype: ""memory"",tgid: ""189893"",source: ""syscall"",type: ""Artifact"",version: ""0"",hash: ""cc4ead4901bb60ff13e8d3d746167d5b""})"
"(:VERTEX {memory address: ""7f08578ae000"",size: ""4000"",subtype: ""memory"",tgid: ""189893"",source: ""syscall"",type: ""Artifact"",version: ""4"",hash: ""94ca6ec92d5f574f97323de165bd9b86""})"
"(:VERTEX {memory address: ""7f0857818000"",size: ""7000"",subtype: ""memory"",tgid: ""189893"",source: ""syscall"",type: ""Artifact"",version: ""22"",hash: ""a0df7517dfe07e51bd75021425cf8ffd""})"
"(:VERTEX {memory address: ""7f085563e000"",size: ""a000"",subtype: ""memory"",tgid: ""189893"",source: ""syscall"",type: ""Artifact"",version: ""0"",hash: ""5b6a29c3b5b534cda245c058fdcccb3c""})"
"(:VERTEX {memory address: ""7f08556ab000"",size: ""9000"",subtype: ""memory"",tgid: ""189893"",source: ""syscall"",type: ""Artifact"",version: ""11"",hash: ""1458d29b346350a371f82da39aa27e3a""})"
"(:VERTEX {memory address: ""7f0855635000"",size: ""13000"",subtype: ""memory"",tgid: ""189893"",source: ""syscall"",type: ""Artifact"",version: ""0"",hash: ""82fef8a2553c5f49957d4064ee72ebb0""})"
"(:VERTEX {memory address: ""7f08556ab000"",size: ""9000"",subtype: ""memory"",tgid: ""189893"",source: ""syscall"",type: ""Artifact"",version: ""12"",hash: ""b8df65d80eebfc6ba2df67ba3b8fd300""})"
"(:VERTEX {memory address: ""7f0855690000"",size: ""9000"",subtype: ""memory"",tgid: ""189893"",source: ""syscall"",type: ""Artifact"",version: ""7"",hash: ""0ef2d1401d985cf96223ec2a8fbb441d""})"
"(:VERTEX {memory address: ""7f0855675000"",size: ""9000"",subtype: ""memory"",tgid: ""189893"",source: ""syscall"",type: ""Artifact"",version: ""3"",hash: ""7af667bfc51e1b037711523dc5fc5f74""})"
"(:VERTEX {memory address: ""7f085565a000"",size: ""9000"",subtype: ""memory"",tgid: ""189893"",source: ""syscall"",type: ""Artifact"",version: ""4"",hash: ""75649722424f041ee4f6c5f324fbcbf1""})"
"(:VERTEX {memory address: ""7f085562c000"",size: ""9000"",subtype: ""memory"",tgid: ""189893"",source: ""syscall"",type: ""Artifact"",version: ""5"",hash: ""4f85b05759cc28d9e206dfa242fdf72c""})"
"(:VERTEX {memory address: ""7f0855623000"",size: ""9000"",subtype: ""memory"",tgid: ""189893"",source: ""syscall"",type: ""Artifact"",version: ""8"",hash: ""212c389a0d6566daf37f6760189f8982""})"
"(:VERTEX {memory address: ""7f08556ab000"",size: ""9000"",subtype: ""memory"",tgid: ""189893"",source: ""syscall"",type: ""Artifact"",version: ""13"",hash: ""a54a4e1492f202eb704a0c394f864bca""})"
"(:VERTEX {memory address: ""7f0855690000"",size: ""9000"",subtype: ""memory"",tgid: ""189893"",source: ""syscall"",type: ""Artifact"",version: ""8"",hash: ""fb33c7d9638969b38d420593e73614d6""})"
"(:VERTEX {memory address: ""7f085563e000"",size: ""a000"",subtype: ""memory"",tgid: ""189893"",source: ""syscall"",type: ""Artifact"",version: ""1"",hash: ""86cbe82dd1c8f494db8d672117a69ab4""})"
"(:VERTEX {memory address: ""7f08556ab000"",size: ""9000"",subtype: ""memory"",tgid: ""189893"",source: ""syscall"",type: ""Artifact"",version: ""14"",hash: ""6269f5a29eae48b769c389ad888add64""})"
"(:VERTEX {memory address: ""7f0855690000"",size: ""9000"",subtype: ""memory"",tgid: ""189893"",source: ""syscall"",type: ""Artifact"",version: ""9"",hash: ""57ce26aa136938ece7df3530a1a2dec0""})"
"(:VERTEX {memory address: ""7f08556ac000"",size: ""8000"",subtype: ""memory"",tgid: ""189893"",source: ""syscall"",type: ""Artifact"",version: ""0"",hash: ""02e0015c4c23692b9cf65dcfb9652582""})"
"(:VERTEX {memory address: ""7f0855675000"",size: ""9000"",subtype: ""memory"",tgid: ""189893"",source: ""syscall"",type: ""Artifact"",version: ""4"",hash: ""4a625e071e2b408ac7ae0b93edce8632""})"
"(:VERTEX {memory address: ""7f085565a000"",size: ""9000"",subtype: ""memory"",tgid: ""189893"",source: ""syscall"",type: ""Artifact"",version: ""5"",hash: ""dbc4b7e9db83fe1d8570e94d4bd8557e""})"
"(:VERTEX {memory address: ""7f08578ae000"",size: ""4000"",subtype: ""memory"",tgid: ""189893"",source: ""syscall"",type: ""Artifact"",version: ""5"",hash: ""49cb6de0ae83760f691d71355f070e38""})"
"(:VERTEX {memory address: ""7f0857818000"",size: ""7000"",subtype: ""memory"",tgid: ""189893"",source: ""syscall"",type: ""Artifact"",version: ""23"",hash: ""e395fa5048b94b24bf26d08ed1b777f4""})"
"(:VERTEX {memory address: ""7f08556ab000"",size: ""9000"",subtype: ""memory"",tgid: ""189893"",source: ""syscall"",type: ""Artifact"",version: ""15"",hash: ""597117b851034bf3285c11ad4b601064""})"
"(:VERTEX {memory address: ""7f0855675000"",size: ""9000"",subtype: ""memory"",tgid: ""189893"",source: ""syscall"",type: ""Artifact"",version: ""5"",hash: ""23b393474c39218755c8bb954d4955e0""})"
"(:VERTEX {memory address: ""7f085565a000"",size: ""9000"",subtype: ""memory"",tgid: ""189893"",source: ""syscall"",type: ""Artifact"",version: ""6"",hash: ""4ace69bffdcba1a6189b5e96ce80f1b1""})"
"(:VERTEX {memory address: ""7f085563f000"",size: ""9000"",subtype: ""memory"",tgid: ""189893"",source: ""syscall"",type: ""Artifact"",version: ""3"",hash: ""26e37c2a70c0281d296d3eaa84512d25""})"
"(:VERTEX {memory address: ""7f0855636000"",size: ""9000"",subtype: ""memory"",tgid: ""189893"",source: ""syscall"",type: ""Artifact"",version: ""1"",hash: ""993b308c59706e6219bea1ddd5113af5""})"
"(:VERTEX {memory address: ""7f085562d000"",size: ""9000"",subtype: ""memory"",tgid: ""189893"",source: ""syscall"",type: ""Artifact"",version: ""1"",hash: ""02374dc08e48cb322d6cebd96f616b92""})"
"(:VERTEX {memory address: ""7f0855624000"",size: ""9000"",subtype: ""memory"",tgid: ""189893"",source: ""syscall"",type: ""Artifact"",version: ""1"",hash: ""4492de497f0add19651edd759bc58238""})"
"(:VERTEX {memory address: ""7f085561b000"",size: ""9000"",subtype: ""memory"",tgid: ""189893"",source: ""syscall"",type: ""Artifact"",version: ""1"",hash: ""b73a07e76e067864ac4b7fa4e44a4d5a""})"
"(:VERTEX {memory address: ""7f0855612000"",size: ""9000"",subtype: ""memory"",tgid: ""189893"",source: ""syscall"",type: ""Artifact"",version: ""1"",hash: ""f9f0cb9627708bfef343ec9c6874f51f""})"
"(:VERTEX {memory address: ""7f0855609000"",size: ""9000"",subtype: ""memory"",tgid: ""189893"",source: ""syscall"",type: ""Artifact"",version: ""0"",hash: ""f7591ad3078dae3580652f681d106a97""})"
"(:VERTEX {memory address: ""7f0855600000"",size: ""9000"",subtype: ""memory"",tgid: ""189893"",source: ""syscall"",type: ""Artifact"",version: ""0"",hash: ""b1f8330afe411602c1300b3852edc584""})"
"(:VERTEX {memory address: ""7f08555f7000"",size: ""9000"",subtype: ""memory"",tgid: ""189893"",source: ""syscall"",type: ""Artifact"",version: ""1"",hash: ""93ee44df876c83ebaceb8448fef5d070""})"
"(:VERTEX {memory address: ""7f0857818000"",size: ""7000"",subtype: ""memory"",tgid: ""189893"",source: ""syscall"",type: ""Artifact"",version: ""24"",hash: ""f1717b474b0bdc5cdff0a9ea1c867587""})"
"(:VERTEX {memory address: ""7f08556ab000"",size: ""9000"",subtype: ""memory"",tgid: ""189893"",source: ""syscall"",type: ""Artifact"",version: ""16"",hash: ""db3aad567c877e7bce9af4ebb5e382cd""})"
"(:VERTEX {memory address: ""7f085563b000"",size: ""d000"",subtype: ""memory"",tgid: ""189893"",source: ""syscall"",type: ""Artifact"",version: ""0"",hash: ""2aa5e2fdb483864f06a0b76566176378""})"
"(:VERTEX {memory address: ""7f0855675000"",size: ""9000"",subtype: ""memory"",tgid: ""189893"",source: ""syscall"",type: ""Artifact"",version: ""6"",hash: ""9acb4dd47b308e3315fc458bc0035f99""})"
"(:VERTEX {memory address: ""7f08555e6000"",size: ""11000"",subtype: ""memory"",tgid: ""189893"",source: ""syscall"",type: ""Artifact"",version: ""0"",hash: ""e8f9f641fd08d13c44175e7a11a953fc""})"
"(:VERTEX {memory address: ""7f08555d2000"",size: ""24cf4"",subtype: ""memory"",tgid: ""189893"",source: ""syscall"",type: ""Artifact"",version: ""0"",hash: ""1315c3a335458606f8e0cc8f44a01e4c""})"
"(:VERTEX {memory address: ""7f08556ab000"",size: ""9000"",subtype: ""memory"",tgid: ""189893"",source: ""syscall"",type: ""Artifact"",version: ""17"",hash: ""f98516d7cd5e02b9f1b9e80939696ee1""})"
"(:VERTEX {memory address: ""7f0855675000"",size: ""9000"",subtype: ""memory"",tgid: ""189893"",source: ""syscall"",type: ""Artifact"",version: ""7"",hash: ""891addbfa98ef76ff2043b48935db4b0""})"
"(:VERTEX {memory address: ""7f0855637000"",size: ""11000"",subtype: ""memory"",tgid: ""189893"",source: ""syscall"",type: ""Artifact"",version: ""1"",hash: ""143712c71fd3db477c159a49b857db81""})"
"(:VERTEX {memory address: ""7f085565a000"",size: ""9000"",subtype: ""memory"",tgid: ""189893"",source: ""syscall"",type: ""Artifact"",version: ""7"",hash: ""fd8c3eaa6dd99293bacbc92b913d69b5""})"
"(:VERTEX {memory address: ""7f085563f000"",size: ""9000"",subtype: ""memory"",tgid: ""189893"",source: ""syscall"",type: ""Artifact"",version: ""4"",hash: ""0ae99aa228c32636064b36f188f83f4b""})"
"(:VERTEX {memory address: ""7f0857818000"",size: ""7000"",subtype: ""memory"",tgid: ""189893"",source: ""syscall"",type: ""Artifact"",version: ""25"",hash: ""fb27076805b1a95007c24fb9628b032c""})"
"(:VERTEX {memory address: ""7f08556ab000"",size: ""9000"",subtype: ""memory"",tgid: ""189893"",source: ""syscall"",type: ""Artifact"",version: ""18"",hash: ""d96eb16f619007878d118e4b01220695""})"
"(:VERTEX {memory address: ""7f0855675000"",size: ""9000"",subtype: ""memory"",tgid: ""189893"",source: ""syscall"",type: ""Artifact"",version: ""8"",hash: ""e883b3e9a83989d562e32d1e7cb11cf9""})"
"(:VERTEX {memory address: ""7f085565a000"",size: ""9000"",subtype: ""memory"",tgid: ""189893"",source: ""syscall"",type: ""Artifact"",version: ""8"",hash: ""1fbbe7a31c508349571bf92745be8af4""})"
"(:VERTEX {memory address: ""7f08556ab000"",size: ""9000"",subtype: ""memory"",tgid: ""189893"",source: ""syscall"",type: ""Artifact"",version: ""19"",hash: ""81c29da0dad4a5c08e53ee316f8c42a2""})"
"(:VERTEX {memory address: ""7f085563a000"",size: ""e000"",subtype: ""memory"",tgid: ""189893"",source: ""syscall"",type: ""Artifact"",version: ""0"",hash: ""46f908a7844fb9b2da13647ab3303dea""})"
"(:VERTEX {memory address: ""7f08555ee000"",size: ""9000"",subtype: ""memory"",tgid: ""189893"",source: ""syscall"",type: ""Artifact"",version: ""1"",hash: ""8df52e1e7ce4bc82694ad4b0d2ebf929""})"
"(:VERTEX {memory address: ""7f08555e5000"",size: ""9000"",subtype: ""memory"",tgid: ""189893"",source: ""syscall"",type: ""Artifact"",version: ""0"",hash: ""14577752a30fd717461268b7b5298dc5""})"
"(:VERTEX {memory address: ""7f08555dc000"",size: ""9000"",subtype: ""memory"",tgid: ""189893"",source: ""syscall"",type: ""Artifact"",version: ""0"",hash: ""5d11e079fb75620194c2d6ff760019de""})"
"(:VERTEX {memory address: ""7f08555d3000"",size: ""9000"",subtype: ""memory"",tgid: ""189893"",source: ""syscall"",type: ""Artifact"",version: ""0"",hash: ""c09be0b19ccd484290da5dbe2a34d4d1""})"
"(:VERTEX {memory address: ""7f08555ca000"",size: ""9000"",subtype: ""memory"",tgid: ""189893"",source: ""syscall"",type: ""Artifact"",version: ""0"",hash: ""b74b25f4c256fb51dc7037718c8d7213""})"
"(:VERTEX {memory address: ""7f08555c1000"",size: ""9000"",subtype: ""memory"",tgid: ""189893"",source: ""syscall"",type: ""Artifact"",version: ""0"",hash: ""117fde5a3af1c4ec3e36e12ca6e9e434""})"
"(:VERTEX {memory address: ""7f08555b8000"",size: ""9000"",subtype: ""memory"",tgid: ""189893"",source: ""syscall"",type: ""Artifact"",version: ""0"",hash: ""ca40a604472319715b376e4de3138aa8""})"
"(:VERTEX {memory address: ""7f08555af000"",size: ""9000"",subtype: ""memory"",tgid: ""189893"",source: ""syscall"",type: ""Artifact"",version: ""0"",hash: ""fcf194a2d77e56260e7b3797817d837d""})"
"(:VERTEX {memory address: ""7f085559e000"",size: ""11000"",subtype: ""memory"",tgid: ""189893"",source: ""syscall"",type: ""Artifact"",version: ""0"",hash: ""b4a48f398c41766222d85ea994e5ace7""})"
"(:VERTEX {memory address: ""7f08555a6000"",size: ""9000"",subtype: ""memory"",tgid: ""189893"",source: ""syscall"",type: ""Artifact"",version: ""0"",hash: ""f2d31b6e8dc8f8277e21c6caab2d4875""})"
"(:VERTEX {memory address: ""7f085563f000"",size: ""9000"",subtype: ""memory"",tgid: ""189893"",source: ""syscall"",type: ""Artifact"",version: ""5"",hash: ""8629a99fec36a815aa61818c68fad76f""})"
"(:VERTEX {memory address: ""7f0855636000"",size: ""9000"",subtype: ""memory"",tgid: ""189893"",source: ""syscall"",type: ""Artifact"",version: ""2"",hash: ""d61f27f2b2591aec2dfef2ac123404cf""})"
"(:VERTEX {memory address: ""7f08555ef000"",size: ""8000"",subtype: ""memory"",tgid: ""189893"",source: ""syscall"",type: ""Artifact"",version: ""0"",hash: ""f9addc40dcccc8a5834d70d6b3b8062c""})"
"(:VERTEX {memory address: ""7f08555dc000"",size: ""9000"",subtype: ""memory"",tgid: ""189893"",source: ""syscall"",type: ""Artifact"",version: ""1"",hash: ""13351d7caf1ff3099fd5bab7ec76ad73""})"
"(:VERTEX {memory address: ""7f08555b8000"",size: ""9000"",subtype: ""memory"",tgid: ""189893"",source: ""syscall"",type: ""Artifact"",version: ""1"",hash: ""b46758b5850b5a6c7f23d6f6bedfcb3d""})"
"(:VERTEX {memory address: ""7f08578ea000"",size: ""2000"",subtype: ""memory"",tgid: ""189893"",source: ""syscall"",type: ""Artifact"",version: ""5"",hash: ""9b17e80e2dac2dc9487ed721de2ecb49""})"
"(:VERTEX {memory address: ""7f0855595000"",size: ""11000"",subtype: ""memory"",tgid: ""189893"",source: ""syscall"",type: ""Artifact"",version: ""0"",hash: ""bc4ef6c05b3a1a482491aef48faf9815""})"
"(:VERTEX {memory address: ""7f08555af000"",size: ""9000"",subtype: ""memory"",tgid: ""189893"",source: ""syscall"",type: ""Artifact"",version: ""1"",hash: ""665fe701ec4caad55e2b2b39b28058b4""})"
"(:VERTEX {memory address: ""7f085559d000"",size: ""9000"",subtype: ""memory"",tgid: ""189893"",source: ""syscall"",type: ""Artifact"",version: ""0"",hash: ""d797465a6fc5d60c2c69baf94c8ffd40""})"
"(:VERTEX {memory address: ""7f0855594000"",size: ""9000"",subtype: ""memory"",tgid: ""189893"",source: ""syscall"",type: ""Artifact"",version: ""0"",hash: ""f728e53431d154682ff60037663e3523""})"
"(:VERTEX {remote port: ""53"",epoch: ""0"",source: ""syscall"",type: ""Artifact"",version: ""0"",local port: ""53221"",net namespace: ""-1"",local address: ""10.1.251.204"",protocol: ""udp"",subtype: ""network socket"",remote address: ""10.152.183.10"",hash: ""f275bd2ad7c3af5c02df055f00803349""})"
"(:VERTEX {memory address: ""7f085558b000"",size: ""9000"",subtype: ""memory"",tgid: ""189893"",source: ""syscall"",type: ""Artifact"",version: ""0"",hash: ""87af2afd04c4fad081a181a268f7c711""})"
"(:VERTEX {remote port: ""53"",epoch: ""0"",source: ""syscall"",type: ""Artifact"",version: ""0"",local port: ""59287"",net namespace: ""-1"",local address: ""10.1.251.204"",protocol: ""udp"",subtype: ""network socket"",remote address: ""10.152.183.10"",hash: ""9fa99ae109b9fa5ff756fda53aa0a04a""})"
"(:VERTEX {memory address: ""7f085772b000"",size: ""9000"",subtype: ""memory"",tgid: ""189893"",source: ""syscall"",type: ""Artifact"",version: ""47"",hash: ""c623dbbc2f170a8c50143e659af0264b""})"
"(:VERTEX {memory address: ""7f08556e1000"",size: ""9000"",subtype: ""memory"",tgid: ""189893"",source: ""syscall"",type: ""Artifact"",version: ""25"",hash: ""a5077b6602fd04b31cd186a337269d69""})"
"(:VERTEX {memory address: ""7f08556d8000"",size: ""9000"",subtype: ""memory"",tgid: ""189893"",source: ""syscall"",type: ""Artifact"",version: ""25"",hash: ""697c6bff6b6daf42beccc9d25404efbf""})"
"(:VERTEX {memory address: ""7f08556cf000"",size: ""9000"",subtype: ""memory"",tgid: ""189893"",source: ""syscall"",type: ""Artifact"",version: ""17"",hash: ""c85f1593fa82f2cb1533bac214587954""})"
"(:VERTEX {memory address: ""7f08556c6000"",size: ""9000"",subtype: ""memory"",tgid: ""189893"",source: ""syscall"",type: ""Artifact"",version: ""23"",hash: ""f264a19dced96fd6684e65360ae83752""})"
"(:VERTEX {memory address: ""7f08556ac000"",size: ""11000"",subtype: ""memory"",tgid: ""189893"",source: ""syscall"",type: ""Artifact"",version: ""0"",hash: ""e67d810e9ee44cf14751c6ce683054cd""})"
"(:VERTEX {memory address: ""7f0855699000"",size: ""9000"",subtype: ""memory"",tgid: ""189893"",source: ""syscall"",type: ""Artifact"",version: ""5"",hash: ""e97db93331dd7ba00117ef82de62669f""})"
"(:VERTEX {memory address: ""7f08556b4000"",size: ""9000"",subtype: ""memory"",tgid: ""189893"",source: ""syscall"",type: ""Artifact"",version: ""13"",hash: ""e1e98565b7ee4738fbb62cda896d2695""})"
"(:VERTEX {memory address: ""7f08556ab000"",size: ""9000"",subtype: ""memory"",tgid: ""189893"",source: ""syscall"",type: ""Artifact"",version: ""20"",hash: ""6c91a17b1f458ed9b247bf67538b8142""})"
"(:VERTEX {memory address: ""7f0855690000"",size: ""9000"",subtype: ""memory"",tgid: ""189893"",source: ""syscall"",type: ""Artifact"",version: ""10"",hash: ""4054ceeffb44bf75a5c7f1c44d20f95d""})"
"(:VERTEX {memory address: ""7f0855687000"",size: ""9000"",subtype: ""memory"",tgid: ""189893"",source: ""syscall"",type: ""Artifact"",version: ""9"",hash: ""f48636459a6369a2393f3d3aa3fc715e""})"
"(:VERTEX {memory address: ""7f085567e000"",size: ""9000"",subtype: ""memory"",tgid: ""189893"",source: ""syscall"",type: ""Artifact"",version: ""3"",hash: ""9f96da23290fb50520f46337f10f5a3a""})"
"(:VERTEX {memory address: ""7f0855675000"",size: ""9000"",subtype: ""memory"",tgid: ""189893"",source: ""syscall"",type: ""Artifact"",version: ""9"",hash: ""42504fbc360416ce7855c0223b84c47a""})"
"(:VERTEX {memory address: ""7f0855663000"",size: ""9000"",subtype: ""memory"",tgid: ""189893"",source: ""syscall"",type: ""Artifact"",version: ""4"",hash: ""cdda76d6b85281f8e786fda08fde9889""})"
"(:VERTEX {memory address: ""7f085565a000"",size: ""9000"",subtype: ""memory"",tgid: ""189893"",source: ""syscall"",type: ""Artifact"",version: ""9"",hash: ""c24c99aff3b9673d21b3cb3c104953fd""})"
"(:VERTEX {memory address: ""7f0855648000"",size: ""9000"",subtype: ""memory"",tgid: ""189893"",source: ""syscall"",type: ""Artifact"",version: ""2"",hash: ""c94773bc46747cb0d91bd0a3e6202a61""})"
"(:VERTEX {memory address: ""7f085562d000"",size: ""9000"",subtype: ""memory"",tgid: ""189893"",source: ""syscall"",type: ""Artifact"",version: ""2"",hash: ""e5c1806b420d2d8dd3ea4f4bf9fcd356""})"
"(:VERTEX {memory address: ""7f0855624000"",size: ""9000"",subtype: ""memory"",tgid: ""189893"",source: ""syscall"",type: ""Artifact"",version: ""2"",hash: ""c0f65239aef720074d51047854997612""})"
"(:VERTEX {memory address: ""7f085561b000"",size: ""9000"",subtype: ""memory"",tgid: ""189893"",source: ""syscall"",type: ""Artifact"",version: ""2"",hash: ""30d774110faad4915e7b5701a47bc9fd""})"
"(:VERTEX {memory address: ""7f0855612000"",size: ""9000"",subtype: ""memory"",tgid: ""189893"",source: ""syscall"",type: ""Artifact"",version: ""2"",hash: ""ad0994b9fae69d74e82898aeff78b3b9""})"
"(:VERTEX {memory address: ""7f0855609000"",size: ""9000"",subtype: ""memory"",tgid: ""189893"",source: ""syscall"",type: ""Artifact"",version: ""1"",hash: ""cdb25578b221019581b24f4287924202""})"
"(:VERTEX {memory address: ""7f0855600000"",size: ""9000"",subtype: ""memory"",tgid: ""189893"",source: ""syscall"",type: ""Artifact"",version: ""1"",hash: ""f08ab9bc4dcbef26dcf6222e93992161""})"
"(:VERTEX {memory address: ""7f08555f7000"",size: ""9000"",subtype: ""memory"",tgid: ""189893"",source: ""syscall"",type: ""Artifact"",version: ""2"",hash: ""7d788e5e255073f6090315c04f0b6900""})"
"(:VERTEX {memory address: ""7f08555ee000"",size: ""9000"",subtype: ""memory"",tgid: ""189893"",source: ""syscall"",type: ""Artifact"",version: ""2"",hash: ""7d869d896874482dea9f6ba7625bc1e9""})"
"(:VERTEX {memory address: ""7f08555e5000"",size: ""9000"",subtype: ""memory"",tgid: ""189893"",source: ""syscall"",type: ""Artifact"",version: ""1"",hash: ""79657fa0122ad8e779d65874c5d7ad5b""})"
"(:VERTEX {memory address: ""7f08555dc000"",size: ""9000"",subtype: ""memory"",tgid: ""189893"",source: ""syscall"",type: ""Artifact"",version: ""2"",hash: ""0703f7d4d9f18b65d0673665cacf7c7b""})"
"(:VERTEX {memory address: ""7f08555d3000"",size: ""9000"",subtype: ""memory"",tgid: ""189893"",source: ""syscall"",type: ""Artifact"",version: ""1"",hash: ""1e2abbbb6c8f8de1ebd873d334753654""})"
"(:VERTEX {memory address: ""7f08556ab000"",size: ""9000"",subtype: ""memory"",tgid: ""189893"",source: ""syscall"",type: ""Artifact"",version: ""21"",hash: ""9483e8f08c1bd78ac768c4f272a75f74""})"
"(:VERTEX {memory address: ""7f0855663000"",size: ""9000"",subtype: ""memory"",tgid: ""189893"",source: ""syscall"",type: ""Artifact"",version: ""5"",hash: ""ec00364a0e0ca30a83ccbd12588da955""})"
"(:VERTEX {memory address: ""7f085561b000"",size: ""9000"",subtype: ""memory"",tgid: ""189893"",source: ""syscall"",type: ""Artifact"",version: ""3"",hash: ""21e71c99903b2c13a5563246cb4089c8""})"
"(:VERTEX {memory address: ""7f0855600000"",size: ""9000"",subtype: ""memory"",tgid: ""189893"",source: ""syscall"",type: ""Artifact"",version: ""2"",hash: ""10505b198fd6188ef1c8365524c81619""})"
"(:VERTEX {memory address: ""7f08555dc000"",size: ""9000"",subtype: ""memory"",tgid: ""189893"",source: ""syscall"",type: ""Artifact"",version: ""3"",hash: ""347747a0ee341412f3bf7e0d13a10fc4""})"
"(:VERTEX {memory address: ""7f08555ca000"",size: ""9000"",subtype: ""memory"",tgid: ""189893"",source: ""syscall"",type: ""Artifact"",version: ""1"",hash: ""65604dbc0bf98b0b649175a3396eab05""})"
"(:VERTEX {memory address: ""7f08555c1000"",size: ""9000"",subtype: ""memory"",tgid: ""189893"",source: ""syscall"",type: ""Artifact"",version: ""1"",hash: ""6dfff3fa085789748e54beea63a26e35""})"
"(:VERTEX {memory address: ""7eff964e7000"",size: ""10000"",subtype: ""memory"",tgid: ""189122"",source: ""syscall"",type: ""Artifact"",version: ""0"",hash: ""bccee5686fe26b0125f5290235d3d4aa""})"
"(:VERTEX {memory address: ""7eff8ff5f000"",size: ""1000"",subtype: ""memory"",tgid: ""189122"",source: ""syscall"",type: ""Artifact"",version: ""1"",hash: ""775861f943b40e638e2319f3518ec1c9""})"
"(:VERTEX {remote port: ""443"",epoch: ""0"",source: ""syscall"",type: ""Artifact"",version: ""0"",local port: ""35142"",net namespace: ""-1"",local address: ""10.1.251.196"",protocol: ""tcp"",subtype: ""network socket"",remote address: ""10.152.183.1"",hash: ""7c47d6201a98fb69df155e908d90e52c""})"
"(:VERTEX {memory address: ""4c3339c0000"",size: ""7f000"",subtype: ""memory"",tgid: ""189893"",source: ""syscall"",type: ""Artifact"",version: ""0"",hash: ""acac4752fb760a5cbb2e7b2db41daf7a""})"
"(:VERTEX {memory address: ""4c3339c0000"",size: ""40000"",subtype: ""memory"",tgid: ""189893"",source: ""syscall"",type: ""Artifact"",version: ""0"",hash: ""acdd6126e9af0cbe77fa92813ee947a7""})"
"(:VERTEX {memory address: ""7f08556f2000"",size: ""11000"",subtype: ""memory"",tgid: ""189893"",source: ""syscall"",type: ""Artifact"",version: ""433"",hash: ""892c628d926eb185860bd9845d886d96""})"
"(:VERTEX {memory address: ""7f08556f2000"",size: ""11000"",subtype: ""memory"",tgid: ""189893"",source: ""syscall"",type: ""Artifact"",version: ""434"",hash: ""2306a1e9e560eb5f6ae103c00265cf76""})"
"(:VERTEX {memory address: ""7f08556f2000"",size: ""11000"",subtype: ""memory"",tgid: ""189893"",source: ""syscall"",type: ""Artifact"",version: ""435"",hash: ""f9e7d8397f09b46effdf530c3981446e""})"
"(:VERTEX {memory address: ""7f08556f2000"",size: ""11000"",subtype: ""memory"",tgid: ""189893"",source: ""syscall"",type: ""Artifact"",version: ""436"",hash: ""308e136cff2ff5f8e76bce0d3904dcb4""})"
"(:VERTEX {memory address: ""7f08556f2000"",size: ""11000"",subtype: ""memory"",tgid: ""189893"",source: ""syscall"",type: ""Artifact"",version: ""437"",hash: ""5eca4c47b7b0d8d572314ec99e8dd34c""})"
"(:VERTEX {memory address: ""7f08556f2000"",size: ""11000"",subtype: ""memory"",tgid: ""189893"",source: ""syscall"",type: ""Artifact"",version: ""438"",hash: ""aacc60735752818ea26e77e638a5a0b5""})"
"(:VERTEX {memory address: ""7f08556f2000"",size: ""11000"",subtype: ""memory"",tgid: ""189893"",source: ""syscall"",type: ""Artifact"",version: ""439"",hash: ""b2c061b0b4e00a543721398ea821325f""})"
"(:VERTEX {memory address: ""7f08556f2000"",size: ""11000"",subtype: ""memory"",tgid: ""189893"",source: ""syscall"",type: ""Artifact"",version: ""440"",hash: ""e37b7e7b31c7c6039c225b03f7c8d2c7""})"
"(:VERTEX {memory address: ""7f08556f2000"",size: ""11000"",subtype: ""memory"",tgid: ""189893"",source: ""syscall"",type: ""Artifact"",version: ""441"",hash: ""94bc03753e42e6bf0250bf608421087a""})"
"(:VERTEX {memory address: ""7f08556f2000"",size: ""11000"",subtype: ""memory"",tgid: ""189893"",source: ""syscall"",type: ""Artifact"",version: ""442"",hash: ""40fec47f243980fd6b4e27d62c3e04f9""})"
"(:VERTEX {memory address: ""7f08556f2000"",size: ""11000"",subtype: ""memory"",tgid: ""189893"",source: ""syscall"",type: ""Artifact"",version: ""443"",hash: ""8239699b37023be63fb7a57073dbffb8""})"
"(:VERTEX {memory address: ""7f08556f2000"",size: ""11000"",subtype: ""memory"",tgid: ""189893"",source: ""syscall"",type: ""Artifact"",version: ""444"",hash: ""dbdf4480e879e362c820163da4af2c21""})"
"(:VERTEX {memory address: ""7f0857908000"",size: ""2000"",subtype: ""memory"",tgid: ""189893"",source: ""syscall"",type: ""Artifact"",version: ""25"",hash: ""b56d36afd17d2fd32e5fe55782d0bafd""})"
"(:VERTEX {memory address: ""7f0857894000"",size: ""9000"",subtype: ""memory"",tgid: ""189893"",source: ""syscall"",type: ""Artifact"",version: ""22"",hash: ""a21a1069fc7c652fab4d03690ff5a67d""})"
"(:VERTEX {memory address: ""7f08556f3000"",size: ""10000"",subtype: ""memory"",tgid: ""189893"",source: ""syscall"",type: ""Artifact"",version: ""46"",hash: ""3842144521e9692caa14d903b69deba9""})"
"(:VERTEX {memory address: ""7f08556e2000"",size: ""11000"",subtype: ""memory"",tgid: ""189893"",source: ""syscall"",type: ""Artifact"",version: ""3"",hash: ""b5fe3142e8514ddb7561f7f6752a9964""})"
"(:VERTEX {memory address: ""7f085772b000"",size: ""9000"",subtype: ""memory"",tgid: ""189893"",source: ""syscall"",type: ""Artifact"",version: ""48"",hash: ""f44993a9987edfaba040f989dcca0e23""})"
"(:VERTEX {memory address: ""7f08556ea000"",size: ""9000"",subtype: ""memory"",tgid: ""189893"",source: ""syscall"",type: ""Artifact"",version: ""13"",hash: ""7824fb983e8a5b8334a631bc06964a36""})"
"(:VERTEX {memory address: ""7f08556e1000"",size: ""9000"",subtype: ""memory"",tgid: ""189893"",source: ""syscall"",type: ""Artifact"",version: ""26"",hash: ""20b9df475c1af3729b30d4f3db521a6a""})"
"(:VERTEX {memory address: ""7f08556d8000"",size: ""9000"",subtype: ""memory"",tgid: ""189893"",source: ""syscall"",type: ""Artifact"",version: ""26"",hash: ""76e6ced0a9fe49c85d2ad803fd4f21af""})"
"(:VERTEX {memory address: ""7f08556c7000"",size: ""11000"",subtype: ""memory"",tgid: ""189893"",source: ""syscall"",type: ""Artifact"",version: ""1"",hash: ""5339a1e67768beafdcd52ddab4b8e457""})"
"(:VERTEX {memory address: ""7f08556e1000"",size: ""9000"",subtype: ""memory"",tgid: ""189893"",source: ""syscall"",type: ""Artifact"",version: ""27"",hash: ""4ca4c06f859cec795de21a603c3e9685""})"
"(:VERTEX {memory address: ""7f08556c7000"",size: ""11000"",subtype: ""memory"",tgid: ""189893"",source: ""syscall"",type: ""Artifact"",version: ""2"",hash: ""5f221b472dc8dcd3dfc44c73b8a2ed2e""})"
"(:VERTEX {memory address: ""7f08556cf000"",size: ""9000"",subtype: ""memory"",tgid: ""189893"",source: ""syscall"",type: ""Artifact"",version: ""18"",hash: ""0e9dc7ddf09e326b5fef6ed50f925952""})"
"(:VERTEX {memory address: ""7f08556c6000"",size: ""9000"",subtype: ""memory"",tgid: ""189893"",source: ""syscall"",type: ""Artifact"",version: ""24"",hash: ""5560d7f86bcd5f9f0407f6fa442bad82""})"
"(:VERTEX {memory address: ""7f08556b5000"",size: ""11000"",subtype: ""memory"",tgid: ""189893"",source: ""syscall"",type: ""Artifact"",version: ""0"",hash: ""82c10d496729a27fa7a9f0a6dac5b577""})"
"(:VERTEX {memory address: ""7f08556bd000"",size: ""9000"",subtype: ""memory"",tgid: ""189893"",source: ""syscall"",type: ""Artifact"",version: ""13"",hash: ""1d06554139f677a4322c46c172f87c9a""})"
"(:VERTEX {memory address: ""7f08556b4000"",size: ""9000"",subtype: ""memory"",tgid: ""189893"",source: ""syscall"",type: ""Artifact"",version: ""14"",hash: ""dad9846b43eaae779fe35630df598278""})"
"(:VERTEX {memory address: ""7f08556ab000"",size: ""9000"",subtype: ""memory"",tgid: ""189893"",source: ""syscall"",type: ""Artifact"",version: ""22"",hash: ""0b8807a551cd369dce107587e15ee63c""})"
"(:VERTEX {memory address: ""7f08556a2000"",size: ""9000"",subtype: ""memory"",tgid: ""189893"",source: ""syscall"",type: ""Artifact"",version: ""7"",hash: ""713dc0e3ee044a8927f52b7035963980""})"
"(:VERTEX {memory address: ""7f0855691000"",size: ""11000"",subtype: ""memory"",tgid: ""189893"",source: ""syscall"",type: ""Artifact"",version: ""0"",hash: ""fee531f415949d92e2949ca432e75484""})"
"(:VERTEX {memory address: ""7f0857819000"",size: ""6000"",subtype: ""memory"",tgid: ""189893"",source: ""syscall"",type: ""Artifact"",version: ""16"",hash: ""e22594ba05fd5126380106b7fe766f66""})"
"(:VERTEX {memory address: ""7f0855691000"",size: ""11000"",subtype: ""memory"",tgid: ""189893"",source: ""syscall"",type: ""Artifact"",version: ""1"",hash: ""ae48d964549a4f5e9b009af1dd1bd3f8""})"
"(:VERTEX {memory address: ""7f08556cf000"",size: ""9000"",subtype: ""memory"",tgid: ""189893"",source: ""syscall"",type: ""Artifact"",version: ""19"",hash: ""65fe01ab022d3376740769e5d4e10ab5""})"
"(:VERTEX {memory address: ""7f08556ab000"",size: ""9000"",subtype: ""memory"",tgid: ""189893"",source: ""syscall"",type: ""Artifact"",version: ""23"",hash: ""90a067d87eab3806bf533956e9ce9b7a""})"
"(:VERTEX {memory address: ""7f0855699000"",size: ""9000"",subtype: ""memory"",tgid: ""189893"",source: ""syscall"",type: ""Artifact"",version: ""6"",hash: ""b0bcaf1c6229bdcd9b1cdf89fe7ed8c0""})"
"(:VERTEX {memory address: ""7f085568c000"",size: ""d000"",subtype: ""memory"",tgid: ""189893"",source: ""syscall"",type: ""Artifact"",version: ""0"",hash: ""253ec554538c0940dcb51bc90989bb1f""})"
"(:VERTEX {memory address: ""7f08556cf000"",size: ""9000"",subtype: ""memory"",tgid: ""189893"",source: ""syscall"",type: ""Artifact"",version: ""20"",hash: ""6170079b427bb3bb4a1fba676677a7eb""})"
"(:VERTEX {memory address: ""7f085567b000"",size: ""11000"",subtype: ""memory"",tgid: ""189893"",source: ""syscall"",type: ""Artifact"",version: ""0"",hash: ""d7e71829158f066894da26616dd9e1de""})"
"(:VERTEX {memory address: ""7f08556ab000"",size: ""9000"",subtype: ""memory"",tgid: ""189893"",source: ""syscall"",type: ""Artifact"",version: ""24"",hash: ""a89c81a542ff04bdc5c7dff9cfa3df4d""})"
"(:VERTEX {memory address: ""7f0855683000"",size: ""9000"",subtype: ""memory"",tgid: ""189893"",source: ""syscall"",type: ""Artifact"",version: ""0"",hash: ""5809ec19383fb24fff2066bda8c08a60""})"
"(:VERTEX {memory address: ""7f085567a000"",size: ""9000"",subtype: ""memory"",tgid: ""189893"",source: ""syscall"",type: ""Artifact"",version: ""0"",hash: ""a92bf38e962879d60497d659ceddb6af""})"
"(:VERTEX {memory address: ""7f0855671000"",size: ""9000"",subtype: ""memory"",tgid: ""189893"",source: ""syscall"",type: ""Artifact"",version: ""0"",hash: ""110e927c46d22eaf936ec411f686c12c""})"
"(:VERTEX {memory address: ""7f08556cf000"",size: ""9000"",subtype: ""memory"",tgid: ""189893"",source: ""syscall"",type: ""Artifact"",version: ""21"",hash: ""0828ba3c1fea4962ce47edc97512b1f0""})"
"(:VERTEX {memory address: ""7f08556ab000"",size: ""9000"",subtype: ""memory"",tgid: ""189893"",source: ""syscall"",type: ""Artifact"",version: ""25"",hash: ""ec8d99ff920b09147fdbda9ea7792da1""})"
"(:VERTEX {memory address: ""7f0857818000"",size: ""7000"",subtype: ""memory"",tgid: ""189893"",source: ""syscall"",type: ""Artifact"",version: ""26"",hash: ""f2c5fb14178d92461f9255fa1ba4ece0""})"
"(:VERTEX {memory address: ""7f08556cf000"",size: ""9000"",subtype: ""memory"",tgid: ""189893"",source: ""syscall"",type: ""Artifact"",version: ""22"",hash: ""ff46aae574bf24b3d74b4c147758f991""})"
"(:VERTEX {memory address: ""7f08556ab000"",size: ""9000"",subtype: ""memory"",tgid: ""189893"",source: ""syscall"",type: ""Artifact"",version: ""26"",hash: ""1d4ea307448a801a609f852c32beb036""})"
"(:VERTEX {memory address: ""7f0857818000"",size: ""7000"",subtype: ""memory"",tgid: ""189893"",source: ""syscall"",type: ""Artifact"",version: ""27"",hash: ""b02afe0488a3e472a967eedd3498663f""})"
"(:VERTEX {memory address: ""7f08556cf000"",size: ""9000"",subtype: ""memory"",tgid: ""189893"",source: ""syscall"",type: ""Artifact"",version: ""23"",hash: ""e7f8d67303b09ae49f85583bfbd1dd37""})"
"(:VERTEX {memory address: ""7f08556cf000"",size: ""9000"",subtype: ""memory"",tgid: ""189893"",source: ""syscall"",type: ""Artifact"",version: ""24"",hash: ""ba2ffa4be26e92f38bdc5bab8f087cbc""})"
"(:VERTEX {memory address: ""7f0855690000"",size: ""9000"",subtype: ""memory"",tgid: ""189893"",source: ""syscall"",type: ""Artifact"",version: ""11"",hash: ""adbdb49f0b059dc4fcc9f7086dbacff7""})"
"(:VERTEX {memory address: ""7f0855687000"",size: ""9000"",subtype: ""memory"",tgid: ""189893"",source: ""syscall"",type: ""Artifact"",version: ""10"",hash: ""4024ffe8650bedf17eb629a9383b2f60""})"
"(:VERTEX {memory address: ""7f085567e000"",size: ""9000"",subtype: ""memory"",tgid: ""189893"",source: ""syscall"",type: ""Artifact"",version: ""4"",hash: ""31bd8bbe80505dc064019695d0521aa6""})"
"(:VERTEX {memory address: ""7f0855675000"",size: ""9000"",subtype: ""memory"",tgid: ""189893"",source: ""syscall"",type: ""Artifact"",version: ""10"",hash: ""f91e0113e42fa5e4e8cc3b92f0509cee""})"
"(:VERTEX {memory address: ""7f085566c000"",size: ""9000"",subtype: ""memory"",tgid: ""189893"",source: ""syscall"",type: ""Artifact"",version: ""5"",hash: ""25e760a504a1f5eadda0978e25d6c3de""})"
"(:VERTEX {memory address: ""7f0855663000"",size: ""9000"",subtype: ""memory"",tgid: ""189893"",source: ""syscall"",type: ""Artifact"",version: ""6"",hash: ""60853ac320066e20635de0d55c135c52""})"
"(:VERTEX {memory address: ""7f085565a000"",size: ""9000"",subtype: ""memory"",tgid: ""189893"",source: ""syscall"",type: ""Artifact"",version: ""10"",hash: ""59fbd1ebec9d48b35f9e3e89de7db4c7""})"
"(:VERTEX {memory address: ""7f0855651000"",size: ""9000"",subtype: ""memory"",tgid: ""189893"",source: ""syscall"",type: ""Artifact"",version: ""3"",hash: ""e1a748ed64f15dc6f98438876eb5e90f""})"
"(:VERTEX {memory address: ""7f0855648000"",size: ""9000"",subtype: ""memory"",tgid: ""189893"",source: ""syscall"",type: ""Artifact"",version: ""3"",hash: ""b2563d4192a98060d0f0efcf163eca82""})"
"(:VERTEX {memory address: ""7f085563f000"",size: ""9000"",subtype: ""memory"",tgid: ""189893"",source: ""syscall"",type: ""Artifact"",version: ""6"",hash: ""1fa0f039ac094205f61c6ccfb4f09754""})"
"(:VERTEX {memory address: ""7f08556cf000"",size: ""9000"",subtype: ""memory"",tgid: ""189893"",source: ""syscall"",type: ""Artifact"",version: ""25"",hash: ""0f6b72f59f9ee8f60d7e0a168535b7fc""})"
"(:VERTEX {memory address: ""7f085568f000"",size: ""a000"",subtype: ""memory"",tgid: ""189893"",source: ""syscall"",type: ""Artifact"",version: ""0"",hash: ""c0cc17f38f5baeda786b5329f1a8c12e""})"
"(:VERTEX {memory address: ""7f0855686000"",size: ""9000"",subtype: ""memory"",tgid: ""189893"",source: ""syscall"",type: ""Artifact"",version: ""0"",hash: ""db358be9ed1795c988712203be7ac5b3""})"
"(:VERTEX {memory address: ""7f0855622000"",size: ""1d000"",subtype: ""memory"",tgid: ""189893"",source: ""syscall"",type: ""Artifact"",version: ""0"",hash: ""371a3a2e3d5589e88aceaca519c2825e""})"
"(:VERTEX {memory address: ""7f08556cf000"",size: ""9000"",subtype: ""memory"",tgid: ""189893"",source: ""syscall"",type: ""Artifact"",version: ""26"",hash: ""61b5a1bc3a94ac76dd8a41c266a0cb88""})"
"(:VERTEX {memory address: ""7f08555e9000"",size: ""38c14"",subtype: ""memory"",tgid: ""189893"",source: ""syscall"",type: ""Artifact"",version: ""0"",hash: ""dc1aafb5c50e79bc91162d66334c05ed""})"
"(:VERTEX {memory address: ""7f0855690000"",size: ""9000"",subtype: ""memory"",tgid: ""189893"",source: ""syscall"",type: ""Artifact"",version: ""12"",hash: ""cdb58336b9ceb079ad82071e473d295f""})"
"(:VERTEX {memory address: ""7f0855687000"",size: ""9000"",subtype: ""memory"",tgid: ""189893"",source: ""syscall"",type: ""Artifact"",version: ""11"",hash: ""757a93015772e61e1d5268545ba19714""})"
"(:VERTEX {memory address: ""7f085567e000"",size: ""9000"",subtype: ""memory"",tgid: ""189893"",source: ""syscall"",type: ""Artifact"",version: ""5"",hash: ""49c002b63e625a521885ff8d840a327e""})"
"(:VERTEX {memory address: ""7f08556cf000"",size: ""9000"",subtype: ""memory"",tgid: ""189893"",source: ""syscall"",type: ""Artifact"",version: ""27"",hash: ""2d5286255d40ae2cf94a1099e45b0ad9""})"
"(:VERTEX {memory address: ""7f0855690000"",size: ""9000"",subtype: ""memory"",tgid: ""189893"",source: ""syscall"",type: ""Artifact"",version: ""13"",hash: ""a0a759d378a8ec4e5276f75295faec6d""})"
"(:VERTEX {memory address: ""7f0855687000"",size: ""9000"",subtype: ""memory"",tgid: ""189893"",source: ""syscall"",type: ""Artifact"",version: ""12"",hash: ""570ec26d3e0f49fe713ad096700c55e8""})"
"(:VERTEX {memory address: ""7f08556cf000"",size: ""9000"",subtype: ""memory"",tgid: ""189893"",source: ""syscall"",type: ""Artifact"",version: ""28"",hash: ""c314021f1a1521de421af91854eb517e""})"
"(:VERTEX {memory address: ""7f0855633000"",size: ""c000"",subtype: ""memory"",tgid: ""189893"",source: ""syscall"",type: ""Artifact"",version: ""0"",hash: ""25ad935e715314f9777e44ff2c35a70f""})"
"(:VERTEX {memory address: ""7f085567e000"",size: ""9000"",subtype: ""memory"",tgid: ""189893"",source: ""syscall"",type: ""Artifact"",version: ""6"",hash: ""8662797494e7ff1c93d8ec757a912bf7""})"
"(:VERTEX {memory address: ""7f085562a000"",size: ""9000"",subtype: ""memory"",tgid: ""189893"",source: ""syscall"",type: ""Artifact"",version: ""1"",hash: ""c185378dcfab5c1a9077e6bee2a1e125""})"
"(:VERTEX {memory address: ""7f0855621000"",size: ""9000"",subtype: ""memory"",tgid: ""189893"",source: ""syscall"",type: ""Artifact"",version: ""0"",hash: ""c72b8dedab093a535c0d478b1e387cbf""})"
"(:VERTEX {memory address: ""7f0855618000"",size: ""9000"",subtype: ""memory"",tgid: ""189893"",source: ""syscall"",type: ""Artifact"",version: ""0"",hash: ""50103cb9f703d481cd8191f22042b247""})"
"(:VERTEX {memory address: ""7f085560f000"",size: ""9000"",subtype: ""memory"",tgid: ""189893"",source: ""syscall"",type: ""Artifact"",version: ""0"",hash: ""3a9c32e6e495b71ec1b2b2575d3925da""})"
"(:VERTEX {memory address: ""7f0855606000"",size: ""9000"",subtype: ""memory"",tgid: ""189893"",source: ""syscall"",type: ""Artifact"",version: ""0"",hash: ""eac0e3d1fea1f394659c7a1cd26cfa9e""})"
"(:VERTEX {memory address: ""7f08555fd000"",size: ""9000"",subtype: ""memory"",tgid: ""189893"",source: ""syscall"",type: ""Artifact"",version: ""0"",hash: ""e5af0e1d7c9095aa36553d81f33ab6e1""})"
"(:VERTEX {memory address: ""7f08555f4000"",size: ""9000"",subtype: ""memory"",tgid: ""189893"",source: ""syscall"",type: ""Artifact"",version: ""1"",hash: ""d731cde13fd4f4de1dce18d03519f4a8""})"
"(:VERTEX {memory address: ""7f08555eb000"",size: ""9000"",subtype: ""memory"",tgid: ""189893"",source: ""syscall"",type: ""Artifact"",version: ""0"",hash: ""8ba5720cbb54530edd27c380e0cb62e1""})"
"(:VERTEX {memory address: ""7f08555e2000"",size: ""9000"",subtype: ""memory"",tgid: ""189893"",source: ""syscall"",type: ""Artifact"",version: ""0"",hash: ""06cd6cb58ae24ce764be45f7d99b44ec""})"
"(:VERTEX {memory address: ""7f085567e000"",size: ""9000"",subtype: ""memory"",tgid: ""189893"",source: ""syscall"",type: ""Artifact"",version: ""7"",hash: ""8d09532fcdf5e8433cb3cf44f3295c6d""})"
"(:VERTEX {memory address: ""7f0855636000"",size: ""9000"",subtype: ""memory"",tgid: ""189893"",source: ""syscall"",type: ""Artifact"",version: ""3"",hash: ""3ad040602bb16459f76e3e6d588b6dd1""})"
"(:VERTEX {memory address: ""7f0857818000"",size: ""7000"",subtype: ""memory"",tgid: ""189893"",source: ""syscall"",type: ""Artifact"",version: ""28"",hash: ""e48bb8ef83c94289871e63c4d5391628""})"
"(:VERTEX {memory address: ""7f0855618000"",size: ""9000"",subtype: ""memory"",tgid: ""189893"",source: ""syscall"",type: ""Artifact"",version: ""1"",hash: ""3a932d4b45e81614d890ec2299e17e2e""})"
"(:VERTEX {memory address: ""7f0855606000"",size: ""9000"",subtype: ""memory"",tgid: ""189893"",source: ""syscall"",type: ""Artifact"",version: ""1"",hash: ""66dc83d95b68887df2a2dec83cd8f7f2""})"
"(:VERTEX {memory address: ""7f08555fd000"",size: ""9000"",subtype: ""memory"",tgid: ""189893"",source: ""syscall"",type: ""Artifact"",version: ""1"",hash: ""9150a5cc1def37f72405c7c503d295dd""})"
"(:VERTEX {memory address: ""7f08555eb000"",size: ""9000"",subtype: ""memory"",tgid: ""189893"",source: ""syscall"",type: ""Artifact"",version: ""1"",hash: ""eaaae2fec4bda57d5ee0d1b8d1a318d9""})"
"(:VERTEX {memory address: ""7f08555d9000"",size: ""9000"",subtype: ""memory"",tgid: ""189893"",source: ""syscall"",type: ""Artifact"",version: ""0"",hash: ""62a479717276c8e1e1763d006b1a9595""})"
"(:VERTEX {memory address: ""7f08555d0000"",size: ""9000"",subtype: ""memory"",tgid: ""189893"",source: ""syscall"",type: ""Artifact"",version: ""0"",hash: ""d520d05b23906d325f6eb51019c5f719""})"
"(:VERTEX {memory address: ""7f0857819000"",size: ""6000"",subtype: ""memory"",tgid: ""189893"",source: ""syscall"",type: ""Artifact"",version: ""17"",hash: ""e37982eb7b9411c1a66e84ffb88f8d6b""})"
"(:VERTEX {memory address: ""7f085772b000"",size: ""9000"",subtype: ""memory"",tgid: ""189893"",source: ""syscall"",type: ""Artifact"",version: ""49"",hash: ""a45fffe6718df2bc9aeba7200fd4bfa8""})"
"(:VERTEX {memory address: ""7f08556ea000"",size: ""9000"",subtype: ""memory"",tgid: ""189893"",source: ""syscall"",type: ""Artifact"",version: ""14"",hash: ""e7734f61337a6d12f6605437ecd08061""})"
"(:VERTEX {memory address: ""7f08556d8000"",size: ""9000"",subtype: ""memory"",tgid: ""189893"",source: ""syscall"",type: ""Artifact"",version: ""27"",hash: ""94bc01c7832d1123de67b225d2c6085d""})"
"(:VERTEX {memory address: ""7f08556cf000"",size: ""9000"",subtype: ""memory"",tgid: ""189893"",source: ""syscall"",type: ""Artifact"",version: ""29"",hash: ""1f28575a38248a7018b6566be3644435""})"
"(:VERTEX {memory address: ""7f08556c6000"",size: ""9000"",subtype: ""memory"",tgid: ""189893"",source: ""syscall"",type: ""Artifact"",version: ""25"",hash: ""9e2f167705f78f312c509ec072d32717""})"
"(:VERTEX {memory address: ""7f08556b4000"",size: ""9000"",subtype: ""memory"",tgid: ""189893"",source: ""syscall"",type: ""Artifact"",version: ""15"",hash: ""b7ca069703d9b012a334d3db7f05e571""})"
"(:VERTEX {memory address: ""7f08556ab000"",size: ""9000"",subtype: ""memory"",tgid: ""189893"",source: ""syscall"",type: ""Artifact"",version: ""27"",hash: ""7d5e547f17ede976d70d2b752f0fb0ff""})"
"(:VERTEX {memory address: ""7f08556a2000"",size: ""9000"",subtype: ""memory"",tgid: ""189893"",source: ""syscall"",type: ""Artifact"",version: ""8"",hash: ""0835033558fb7077f158ba3f9cb7a4dc""})"
"(:VERTEX {memory address: ""7f0855699000"",size: ""9000"",subtype: ""memory"",tgid: ""189893"",source: ""syscall"",type: ""Artifact"",version: ""7"",hash: ""c4713dbef2b4efeda8a1bb2cd1e55ede""})"
"(:VERTEX {memory address: ""7f0855690000"",size: ""9000"",subtype: ""memory"",tgid: ""189893"",source: ""syscall"",type: ""Artifact"",version: ""14"",hash: ""071748c8fe5b8749de201bd39d6fc2da""})"
"(:VERTEX {memory address: ""7f0855687000"",size: ""9000"",subtype: ""memory"",tgid: ""189893"",source: ""syscall"",type: ""Artifact"",version: ""13"",hash: ""74025015be8cd2931862701496a0ced2""})"
"(:VERTEX {memory address: ""7f0855675000"",size: ""9000"",subtype: ""memory"",tgid: ""189893"",source: ""syscall"",type: ""Artifact"",version: ""11"",hash: ""dbbf83a6d850fd44b7744274c3c971b0""})"
"(:VERTEX {memory address: ""7f085566c000"",size: ""9000"",subtype: ""memory"",tgid: ""189893"",source: ""syscall"",type: ""Artifact"",version: ""6"",hash: ""08ae3e92ca643313af0de7c92cca99aa""})"
"(:VERTEX {memory address: ""7f0855663000"",size: ""9000"",subtype: ""memory"",tgid: ""189893"",source: ""syscall"",type: ""Artifact"",version: ""7"",hash: ""3a2e30244a93675b4ec8d448c41c247a""})"
"(:VERTEX {memory address: ""7f085565a000"",size: ""9000"",subtype: ""memory"",tgid: ""189893"",source: ""syscall"",type: ""Artifact"",version: ""11"",hash: ""56bb63dcd17afb0d9041a70427f92db8""})"
"(:VERTEX {memory address: ""7f0855651000"",size: ""9000"",subtype: ""memory"",tgid: ""189893"",source: ""syscall"",type: ""Artifact"",version: ""4"",hash: ""d5d739124e42b75fff4b2e2367d6827a""})"
"(:VERTEX {memory address: ""7f0855648000"",size: ""9000"",subtype: ""memory"",tgid: ""189893"",source: ""syscall"",type: ""Artifact"",version: ""4"",hash: ""e259b0cd5af011e04884e93dafe21613""})"
"(:VERTEX {memory address: ""7f085563f000"",size: ""9000"",subtype: ""memory"",tgid: ""189893"",source: ""syscall"",type: ""Artifact"",version: ""7"",hash: ""99981a3d22ad14c801853ff6808f1040""})"
"(:VERTEX {memory address: ""7f085562d000"",size: ""9000"",subtype: ""memory"",tgid: ""189893"",source: ""syscall"",type: ""Artifact"",version: ""3"",hash: ""c1837e4299c7c84add3cb100fbb2aa3c""})"
"(:VERTEX {memory address: ""7f0855624000"",size: ""9000"",subtype: ""memory"",tgid: ""189893"",source: ""syscall"",type: ""Artifact"",version: ""3"",hash: ""e094c3a409fdc5fbd26b16b5f75d3af2""})"
"(:VERTEX {memory address: ""7f085561b000"",size: ""9000"",subtype: ""memory"",tgid: ""189893"",source: ""syscall"",type: ""Artifact"",version: ""4"",hash: ""62c56a4330799a75d78f3bdf89d57085""})"
"(:VERTEX {memory address: ""7f0855612000"",size: ""9000"",subtype: ""memory"",tgid: ""189893"",source: ""syscall"",type: ""Artifact"",version: ""3"",hash: ""ad109240d2a0bc391505370ddce201cb""})"
"(:VERTEX {memory address: ""7f08555f4000"",size: ""9000"",subtype: ""memory"",tgid: ""189893"",source: ""syscall"",type: ""Artifact"",version: ""2"",hash: ""5f702ba8df90677ac89871e6bba0458b""})"
"(:VERTEX {memory address: ""7f08555eb000"",size: ""9000"",subtype: ""memory"",tgid: ""189893"",source: ""syscall"",type: ""Artifact"",version: ""2"",hash: ""2fb76d97af063369bc29167702d1f025""})"
"(:VERTEX {memory address: ""7f08555e2000"",size: ""9000"",subtype: ""memory"",tgid: ""189893"",source: ""syscall"",type: ""Artifact"",version: ""1"",hash: ""d9d8b6cf299e32ed3aed51527218febd""})"
"(:VERTEX {memory address: ""7f08555c7000"",size: ""9000"",subtype: ""memory"",tgid: ""189893"",source: ""syscall"",type: ""Artifact"",version: ""0"",hash: ""0183009367d4692983d442ec0bc488e3""})"
"(:VERTEX {memory address: ""7f08555be000"",size: ""9000"",subtype: ""memory"",tgid: ""189893"",source: ""syscall"",type: ""Artifact"",version: ""0"",hash: ""d70b03baf0b18c96823eb39d4d22e569""})"
"(:VERTEX {memory address: ""7f08555b5000"",size: ""9000"",subtype: ""memory"",tgid: ""189893"",source: ""syscall"",type: ""Artifact"",version: ""0"",hash: ""5851d6291e3b79e74e0e287e8601489c""})"
"(:VERTEX {memory address: ""7f08555ac000"",size: ""9000"",subtype: ""memory"",tgid: ""189893"",source: ""syscall"",type: ""Artifact"",version: ""0"",hash: ""4765e7f3fcf0e8a126b7d8719fb119b2""})"
"(:VERTEX {memory address: ""7f08555a3000"",size: ""9000"",subtype: ""memory"",tgid: ""189893"",source: ""syscall"",type: ""Artifact"",version: ""0"",hash: ""f3a6db50476414b038c5b76b92821e81""})"
"(:VERTEX {memory address: ""7f085559a000"",size: ""9000"",subtype: ""memory"",tgid: ""189893"",source: ""syscall"",type: ""Artifact"",version: ""0"",hash: ""5d81e5fec274740d03984c53f02a4c9c""})"
"(:VERTEX {memory address: ""7f0855687000"",size: ""9000"",subtype: ""memory"",tgid: ""189893"",source: ""syscall"",type: ""Artifact"",version: ""14"",hash: ""e004920205bf1772f9c91325f0b772b8""})"
"(:VERTEX {memory address: ""7f0855663000"",size: ""9000"",subtype: ""memory"",tgid: ""189893"",source: ""syscall"",type: ""Artifact"",version: ""8"",hash: ""3a11da37fda6b2ce7bda75b5fc118063""})"
"(:VERTEX {memory address: ""7f0855648000"",size: ""9000"",subtype: ""memory"",tgid: ""189893"",source: ""syscall"",type: ""Artifact"",version: ""5"",hash: ""64a7086fedadb713098839b0244e6ec6""})"
"(:VERTEX {memory address: ""7f0855624000"",size: ""9000"",subtype: ""memory"",tgid: ""189893"",source: ""syscall"",type: ""Artifact"",version: ""4"",hash: ""525501bfffa064916803f3300bb3cf33""})"
"(:VERTEX {memory address: ""7f08555f4000"",size: ""9000"",subtype: ""memory"",tgid: ""189893"",source: ""syscall"",type: ""Artifact"",version: ""3"",hash: ""a5b21b7fc7fe762a7981211826b46fd4""})"
"(:VERTEX {memory address: ""7f08555c7000"",size: ""9000"",subtype: ""memory"",tgid: ""189893"",source: ""syscall"",type: ""Artifact"",version: ""1"",hash: ""f6c825840ec3157a5a3bfb78d0cc0fae""})"
"(:VERTEX {memory address: ""7f08555ac000"",size: ""9000"",subtype: ""memory"",tgid: ""189893"",source: ""syscall"",type: ""Artifact"",version: ""1"",hash: ""58c2b712f9af2ab72bfbbfc9e7006b5c""})"
"(:VERTEX {memory address: ""7f0855591000"",size: ""9000"",subtype: ""memory"",tgid: ""189893"",source: ""syscall"",type: ""Artifact"",version: ""0"",hash: ""2b07db6fcbbe9c6a99ebc333edfebea5""})"
"(:VERTEX {memory address: ""7f0855588000"",size: ""9000"",subtype: ""memory"",tgid: ""189893"",source: ""syscall"",type: ""Artifact"",version: ""1"",hash: ""2f1f3f70e4fb59c275618c6b0f1fae96""})"
"(:VERTEX {memory address: ""7f085557f000"",size: ""9000"",subtype: ""memory"",tgid: ""189893"",source: ""syscall"",type: ""Artifact"",version: ""0"",hash: ""a53f0e53dafe39f4dcb54170de8b45f9""})"
"(:VERTEX {memory address: ""7f0855576000"",size: ""9000"",subtype: ""memory"",tgid: ""189893"",source: ""syscall"",type: ""Artifact"",version: ""0"",hash: ""d0f4eed37bef7e370af47cfa55974767""})"
"(:VERTEX {memory address: ""7f08578ae000"",size: ""4000"",subtype: ""memory"",tgid: ""189893"",source: ""syscall"",type: ""Artifact"",version: ""6"",hash: ""5a0fe2b9f82aff1d4794a1a711371be4""})"
"(:VERTEX {memory address: ""7f0855664000"",size: ""8000"",subtype: ""memory"",tgid: ""189893"",source: ""syscall"",type: ""Artifact"",version: ""0"",hash: ""784fd5098ce6e5bbbba3dada33ae59a5""})"
"(:VERTEX {memory address: ""7f08555f4000"",size: ""9000"",subtype: ""memory"",tgid: ""189893"",source: ""syscall"",type: ""Artifact"",version: ""4"",hash: ""652e010b818999b1b16fec0db28507ff""})"
"(:VERTEX {memory address: ""7f0855663000"",size: ""9000"",subtype: ""memory"",tgid: ""189893"",source: ""syscall"",type: ""Artifact"",version: ""9"",hash: ""6b48380fea82fc01508103efeada7eda""})"
"(:VERTEX {memory address: ""7f08556d0000"",size: ""11000"",subtype: ""memory"",tgid: ""189893"",source: ""syscall"",type: ""Artifact"",version: ""2"",hash: ""3a1e91683d6dff13e5df0b326afa386f""})"
"(:VERTEX {memory address: ""55c6680c0000"",size: ""2000"",subtype: ""memory"",tgid: ""189893"",source: ""syscall"",type: ""Artifact"",version: ""0"",hash: ""c2393884a49798204d84f9be5a259222""})"
"(:VERTEX {memory address: ""55c6680c2000"",size: ""1000"",subtype: ""memory"",tgid: ""189893"",source: ""syscall"",type: ""Artifact"",version: ""0"",hash: ""276c6e29acaaaa9c04dc660a9823d800""})"
"(:VERTEX {memory address: ""55c6680c3000"",size: ""3c000"",subtype: ""memory"",tgid: ""189893"",source: ""syscall"",type: ""Artifact"",version: ""0"",hash: ""fdf7924d2a9f95d030645c5525dd33e1""})"
"(:VERTEX {memory address: ""55c6680ff000"",size: ""1000"",subtype: ""memory"",tgid: ""189893"",source: ""syscall"",type: ""Artifact"",version: ""0"",hash: ""dc982b2493838099445ccc847f8b6bcb""})"
"(:VERTEX {memory address: ""55c6680c3000"",size: ""3c000"",subtype: ""memory"",tgid: ""189893"",source: ""syscall"",type: ""Artifact"",version: ""1"",hash: ""01677d5ef4f28b78abb52cc75e57f3b9""})"
"(:VERTEX {memory address: ""7f08556f2000"",size: ""11000"",subtype: ""memory"",tgid: ""189893"",source: ""syscall"",type: ""Artifact"",version: ""445"",hash: ""243cfc399acc826414c3956f0ef3a406""})"
"(:VERTEX {memory address: ""7f08556f2000"",size: ""11000"",subtype: ""memory"",tgid: ""189893"",source: ""syscall"",type: ""Artifact"",version: ""446"",hash: ""580d60c4c6ddcaeaa971bdbffd18e817""})"
"(:VERTEX {memory address: ""7f08556f2000"",size: ""11000"",subtype: ""memory"",tgid: ""189893"",source: ""syscall"",type: ""Artifact"",version: ""447"",hash: ""f94bd3a5e859e38ad0f27f4879d062f7""})"
"(:VERTEX {memory address: ""7f08556f2000"",size: ""11000"",subtype: ""memory"",tgid: ""189893"",source: ""syscall"",type: ""Artifact"",version: ""448"",hash: ""a2242d802cddd3d4c6d6fedb4e9aedbb""})"
"(:VERTEX {memory address: ""7f08556f2000"",size: ""11000"",subtype: ""memory"",tgid: ""189893"",source: ""syscall"",type: ""Artifact"",version: ""449"",hash: ""14991ea564652f0c93a58c9f3dbd4274""})"
"(:VERTEX {memory address: ""7f08556f2000"",size: ""11000"",subtype: ""memory"",tgid: ""189893"",source: ""syscall"",type: ""Artifact"",version: ""450"",hash: ""c7f8e52c1a1a320dd38c32c670a6355f""})"
"(:VERTEX {memory address: ""7f0857895000"",size: ""8000"",subtype: ""memory"",tgid: ""189893"",source: ""syscall"",type: ""Artifact"",version: ""0"",hash: ""871aa351e3956fb66e727faf454c01a9""})"
"(:VERTEX {memory address: ""7f0857895000"",size: ""8000"",subtype: ""memory"",tgid: ""189893"",source: ""syscall"",type: ""Artifact"",version: ""1"",hash: ""6fb73fc814254d00f3e0395ecc1fa8c4""})"
"(:VERTEX {memory address: ""7f0857895000"",size: ""8000"",subtype: ""memory"",tgid: ""189893"",source: ""syscall"",type: ""Artifact"",version: ""2"",hash: ""105576256ad1286d0f22aa6e76a44cbf""})"
"(:VERTEX {memory address: ""7f08556f2000"",size: ""11000"",subtype: ""memory"",tgid: ""189893"",source: ""syscall"",type: ""Artifact"",version: ""451"",hash: ""ea24ce83a29a3510c5ede0e25b84a524""})"
"(:VERTEX {memory address: ""7f08556f2000"",size: ""11000"",subtype: ""memory"",tgid: ""189893"",source: ""syscall"",type: ""Artifact"",version: ""452"",hash: ""54e974370cc4ae3d9a6cf34a169c3ef9""})"
"(:VERTEX {memory address: ""28056dec0000"",size: ""40000"",subtype: ""memory"",tgid: ""189893"",source: ""syscall"",type: ""Artifact"",version: ""8"",hash: ""ee3bed60d5bf6f5da2c1f8b813aaef1f""})"
"(:VERTEX {memory address: ""32aebee80000"",size: ""40000"",subtype: ""memory"",tgid: ""189893"",source: ""syscall"",type: ""Artifact"",version: ""8"",hash: ""7d7bfd458fef07cd2827ddf4679c2108""})"
"(:VERTEX {memory address: ""3baf57e40000"",size: ""40000"",subtype: ""memory"",tgid: ""189893"",source: ""syscall"",type: ""Artifact"",version: ""8"",hash: ""bced9457b2efb82c52f4b34ba1c2c191""})"
"(:VERTEX {memory address: ""198378b80000"",size: ""40000"",subtype: ""memory"",tgid: ""189893"",source: ""syscall"",type: ""Artifact"",version: ""8"",hash: ""7e4bce0c196022705cf970759ab966e0""})"
"(:VERTEX {memory address: ""7f0857907000"",size: ""3000"",subtype: ""memory"",tgid: ""189893"",source: ""syscall"",type: ""Artifact"",version: ""7"",hash: ""d0a05cef341bc487dfdcb0f890137663""})"
"(:VERTEX {memory address: ""7f08578eb000"",size: ""1000"",subtype: ""memory"",tgid: ""189893"",source: ""syscall"",type: ""Artifact"",version: ""7"",hash: ""757fd25b6b6079626c5de959bb025803""})"
"(:VERTEX {memory address: ""7f0857895000"",size: ""8000"",subtype: ""memory"",tgid: ""189893"",source: ""syscall"",type: ""Artifact"",version: ""3"",hash: ""edc27bf2da3267decac6e835d17f80ad""})"
"(:VERTEX {memory address: ""7f08578ae000"",size: ""4000"",subtype: ""memory"",tgid: ""189893"",source: ""syscall"",type: ""Artifact"",version: ""7"",hash: ""958faeb0bda9f71d8763e2df057fdf6e""})"
"(:VERTEX {memory address: ""3406f5a00000"",size: ""40000"",subtype: ""memory"",tgid: ""189893"",source: ""syscall"",type: ""Artifact"",version: ""7"",hash: ""ce5ea57f4ec02ee0fb6b1ad1e4f90690""})"
"(:VERTEX {memory address: ""332ff05c0000"",size: ""40000"",subtype: ""memory"",tgid: ""189893"",source: ""syscall"",type: ""Artifact"",version: ""8"",hash: ""edee7e1b3109c8265b56305b0f529d5f""})"
"(:VERTEX {memory address: ""33a2d79c0000"",size: ""40000"",subtype: ""memory"",tgid: ""189893"",source: ""syscall"",type: ""Artifact"",version: ""8"",hash: ""c1801e8abb73ed276a6aa8dcc914684d""})"
"(:VERTEX {memory address: ""f46fd9c0000"",size: ""40000"",subtype: ""memory"",tgid: ""189893"",source: ""syscall"",type: ""Artifact"",version: ""8"",hash: ""5e4cae02ffe25156297f51fd8075ca88""})"
"(:VERTEX {memory address: ""7f0857895000"",size: ""8000"",subtype: ""memory"",tgid: ""189893"",source: ""syscall"",type: ""Artifact"",version: ""4"",hash: ""53c845d9ceea4b800165b99c2638b965""})"
"(:VERTEX {memory address: ""7f0857895000"",size: ""8000"",subtype: ""memory"",tgid: ""189893"",source: ""syscall"",type: ""Artifact"",version: ""5"",hash: ""95c52f3e747e3b4a77a3381b76cc99a4""})"
"(:VERTEX {memory address: ""7f08556f2000"",size: ""11000"",subtype: ""memory"",tgid: ""189893"",source: ""syscall"",type: ""Artifact"",version: ""453"",hash: ""755a0723c4e0abc9215af1e6c0a866bf""})"
"(:VERTEX {memory address: ""7f08556f2000"",size: ""11000"",subtype: ""memory"",tgid: ""189893"",source: ""syscall"",type: ""Artifact"",version: ""454"",hash: ""a06596dcc8bcf94fcf27c82735d3e7e2""})"
"(:VERTEX {memory address: ""7f0857895000"",size: ""8000"",subtype: ""memory"",tgid: ""189893"",source: ""syscall"",type: ""Artifact"",version: ""6"",hash: ""d954513ebc6b9897bd9e0b223b4d89d9""})"
"(:VERTEX {memory address: ""7f0857895000"",size: ""8000"",subtype: ""memory"",tgid: ""189893"",source: ""syscall"",type: ""Artifact"",version: ""7"",hash: ""bb9f21e0434340ebcf9bd88b78bb6563""})"
"(:VERTEX {memory address: ""7f08556f2000"",size: ""11000"",subtype: ""memory"",tgid: ""189893"",source: ""syscall"",type: ""Artifact"",version: ""455"",hash: ""abce62334ab90be71889266e01649a1e""})"
"(:VERTEX {memory address: ""7f0857895000"",size: ""8000"",subtype: ""memory"",tgid: ""189893"",source: ""syscall"",type: ""Artifact"",version: ""8"",hash: ""00a4dcd4b455f2427ad1af857cc2e891""})"
"(:VERTEX {memory address: ""7f0857895000"",size: ""8000"",subtype: ""memory"",tgid: ""189893"",source: ""syscall"",type: ""Artifact"",version: ""9"",hash: ""297885370bccb40502916eaabbb2d434""})"
"(:VERTEX {memory address: ""7f08556f2000"",size: ""11000"",subtype: ""memory"",tgid: ""189893"",source: ""syscall"",type: ""Artifact"",version: ""456"",hash: ""21f8e8174c7403dd01af3ef9cb2bee54""})"
"(:VERTEX {memory address: ""7f08556f2000"",size: ""11000"",subtype: ""memory"",tgid: ""189893"",source: ""syscall"",type: ""Artifact"",version: ""457"",hash: ""fce3efe899201d378f630ef55eb05d2e""})"
"(:VERTEX {memory address: ""7f0857895000"",size: ""8000"",subtype: ""memory"",tgid: ""189893"",source: ""syscall"",type: ""Artifact"",version: ""10"",hash: ""8f4e82e4260a9b891b709a6997444949""})"
"(:VERTEX {memory address: ""7f0857895000"",size: ""8000"",subtype: ""memory"",tgid: ""189893"",source: ""syscall"",type: ""Artifact"",version: ""11"",hash: ""a13a12c642e4453bd0e8870382933746""})"
"(:VERTEX {memory address: ""7f08556f2000"",size: ""11000"",subtype: ""memory"",tgid: ""189893"",source: ""syscall"",type: ""Artifact"",version: ""458"",hash: ""2b869e94b958f0a5cf7601c5e7ea6305""})"
"(:VERTEX {memory address: ""7f0857895000"",size: ""8000"",subtype: ""memory"",tgid: ""189893"",source: ""syscall"",type: ""Artifact"",version: ""12"",hash: ""c94aa8fa6e919824687ba646939e1650""})"
"(:VERTEX {memory address: ""7f0857895000"",size: ""8000"",subtype: ""memory"",tgid: ""189893"",source: ""syscall"",type: ""Artifact"",version: ""13"",hash: ""77cc2c05c478cc4c64f08c99f6300d42""})"
"(:VERTEX {memory address: ""7f08556f2000"",size: ""11000"",subtype: ""memory"",tgid: ""189893"",source: ""syscall"",type: ""Artifact"",version: ""459"",hash: ""202eabb360af2d365f58726f520387d9""})"
"(:VERTEX {memory address: ""7f08556f2000"",size: ""11000"",subtype: ""memory"",tgid: ""189893"",source: ""syscall"",type: ""Artifact"",version: ""460"",hash: ""3b69b40a5faa35bd86209c67140b3c4d""})"
"(:VERTEX {memory address: ""7f0857895000"",size: ""8000"",subtype: ""memory"",tgid: ""189893"",source: ""syscall"",type: ""Artifact"",version: ""14"",hash: ""f26eacb36cd8dbe5ae805a519a1a9286""})"
"(:VERTEX {memory address: ""7f0857895000"",size: ""8000"",subtype: ""memory"",tgid: ""189893"",source: ""syscall"",type: ""Artifact"",version: ""15"",hash: ""a99d7a107aa7a90b6c8e6fde324af27e""})"
"(:VERTEX {memory address: ""7f08556f2000"",size: ""11000"",subtype: ""memory"",tgid: ""189893"",source: ""syscall"",type: ""Artifact"",version: ""461"",hash: ""7280620ae35caa42f45fb7665c80cc84""})"
"(:VERTEX {memory address: ""7f08556f2000"",size: ""11000"",subtype: ""memory"",tgid: ""189893"",source: ""syscall"",type: ""Artifact"",version: ""462"",hash: ""86090b1124778b3d4fcb101fd57bcaaf""})"
"(:VERTEX {memory address: ""7f0857895000"",size: ""8000"",subtype: ""memory"",tgid: ""189893"",source: ""syscall"",type: ""Artifact"",version: ""16"",hash: ""d5ee3c25c689599080d9eed6ee95369c""})"
"(:VERTEX {memory address: ""7f0857895000"",size: ""8000"",subtype: ""memory"",tgid: ""189893"",source: ""syscall"",type: ""Artifact"",version: ""17"",hash: ""f3be690fd098497e584326418235432e""})"
"(:VERTEX {memory address: ""7f08556f2000"",size: ""11000"",subtype: ""memory"",tgid: ""189893"",source: ""syscall"",type: ""Artifact"",version: ""463"",hash: ""f3dc7263e52e153407a6512ec180bfdf""})"
"(:VERTEX {memory address: ""7f08556f2000"",size: ""11000"",subtype: ""memory"",tgid: ""189893"",source: ""syscall"",type: ""Artifact"",version: ""464"",hash: ""b15c3fe197abf658607789fa80759d89""})"
"(:VERTEX {memory address: ""7f0857895000"",size: ""8000"",subtype: ""memory"",tgid: ""189893"",source: ""syscall"",type: ""Artifact"",version: ""18"",hash: ""576a1f99e9ff266599616ffe1408cc48""})"
"(:VERTEX {memory address: ""7f08556f2000"",size: ""11000"",subtype: ""memory"",tgid: ""189893"",source: ""syscall"",type: ""Artifact"",version: ""465"",hash: ""a6e33f749a25b731976ea024650ace65""})"
"(:VERTEX {memory address: ""7f08556f2000"",size: ""11000"",subtype: ""memory"",tgid: ""189893"",source: ""syscall"",type: ""Artifact"",version: ""466"",hash: ""fa7e6206cb5b9a8b230f4876692f0b6d""})"
"(:VERTEX {memory address: ""7f08556f2000"",size: ""11000"",subtype: ""memory"",tgid: ""189893"",source: ""syscall"",type: ""Artifact"",version: ""467"",hash: ""b27a7d9e6c4bcffc5daf2c70517f3c19""})"
"(:VERTEX {memory address: ""7f08556f2000"",size: ""11000"",subtype: ""memory"",tgid: ""189893"",source: ""syscall"",type: ""Artifact"",version: ""468"",hash: ""fdb1700c2dcbaddbcdeb1ec29e5e0dbe""})"
"(:VERTEX {memory address: ""7f08556f2000"",size: ""11000"",subtype: ""memory"",tgid: ""189893"",source: ""syscall"",type: ""Artifact"",version: ""469"",hash: ""158b4bb45bcb81257bc4a218fa078b7c""})"
"(:VERTEX {memory address: ""7f08556f2000"",size: ""11000"",subtype: ""memory"",tgid: ""189893"",source: ""syscall"",type: ""Artifact"",version: ""470"",hash: ""2e8d2acce1415114c784da05de203965""})"
"(:VERTEX {memory address: ""7f08556f2000"",size: ""11000"",subtype: ""memory"",tgid: ""189893"",source: ""syscall"",type: ""Artifact"",version: ""471"",hash: ""4623bafc25962d9b411e242d9b44a95d""})"
"(:VERTEX {memory address: ""c000600000"",size: ""200000"",subtype: ""memory"",tgid: ""188853"",source: ""syscall"",type: ""Artifact"",version: ""0"",hash: ""cebab172090fbd99bdad05c2848c6c89""})"
"(:VERTEX {memory address: ""c0007f4000"",size: ""8000"",subtype: ""memory"",tgid: ""188853"",source: ""syscall"",type: ""Artifact"",version: ""0"",hash: ""a98af08580d80ce8c555e64b540521c8""})"
"(:VERTEX {memory address: ""c0007da000"",size: ""2000"",subtype: ""memory"",tgid: ""188853"",source: ""syscall"",type: ""Artifact"",version: ""0"",hash: ""efcef9515510c96db66f57013ec246f5""})"
"(:VERTEX {memory address: ""c0007d2000"",size: ""4000"",subtype: ""memory"",tgid: ""188853"",source: ""syscall"",type: ""Artifact"",version: ""0"",hash: ""abd4bb519e7e9ad2a06604c46a583bbb""})"
"(:VERTEX {memory address: ""c0007cc000"",size: ""2000"",subtype: ""memory"",tgid: ""188853"",source: ""syscall"",type: ""Artifact"",version: ""0"",hash: ""261d43779d5d5eaedbb817026eaba63d""})"
"(:VERTEX {memory address: ""c0007c8000"",size: ""4000"",subtype: ""memory"",tgid: ""188853"",source: ""syscall"",type: ""Artifact"",version: ""0"",hash: ""b1cea983198806cf13db328c3b405f0e""})"
"(:VERTEX {memory address: ""c0007be000"",size: ""8000"",subtype: ""memory"",tgid: ""188853"",source: ""syscall"",type: ""Artifact"",version: ""0"",hash: ""f2e641f9d4cde0e67c105cc3d0107d1b""})"
"(:VERTEX {memory address: ""c0007b6000"",size: ""4000"",subtype: ""memory"",tgid: ""188853"",source: ""syscall"",type: ""Artifact"",version: ""0"",hash: ""f230c688be7866bf8d75aa10fea7a382""})"
"(:VERTEX {memory address: ""c0007b0000"",size: ""6000"",subtype: ""memory"",tgid: ""188853"",source: ""syscall"",type: ""Artifact"",version: ""0"",hash: ""27cd88dbce8e54fce3c8f45bc6eae3a5""})"
"(:VERTEX {memory address: ""c0007ac000"",size: ""2000"",subtype: ""memory"",tgid: ""188853"",source: ""syscall"",type: ""Artifact"",version: ""0"",hash: ""c3ab2e025e4e417cb44ff95efeb16a6e""})"
"(:VERTEX {memory address: ""c0007a2000"",size: ""8000"",subtype: ""memory"",tgid: ""188853"",source: ""syscall"",type: ""Artifact"",version: ""0"",hash: ""7fbafe46677c85436b190106b5bd5263""})"
"(:VERTEX {memory address: ""c000798000"",size: ""a000"",subtype: ""memory"",tgid: ""188853"",source: ""syscall"",type: ""Artifact"",version: ""0"",hash: ""574d7f20dc5b15002cab9d28c3298a24""})"
"(:VERTEX {memory address: ""c000788000"",size: ""6000"",subtype: ""memory"",tgid: ""188853"",source: ""syscall"",type: ""Artifact"",version: ""0"",hash: ""879f1c2f2c246e437268b25edc3e8ba3""})"
"(:VERTEX {memory address: ""c000782000"",size: ""6000"",subtype: ""memory"",tgid: ""188853"",source: ""syscall"",type: ""Artifact"",version: ""0"",hash: ""e028825a8480d44de06c3a626b059418""})"
"(:VERTEX {memory address: ""c000774000"",size: ""2000"",subtype: ""memory"",tgid: ""188853"",source: ""syscall"",type: ""Artifact"",version: ""0"",hash: ""6d5e831eb33e44602fbe9efefddae02f""})"
"(:VERTEX {memory address: ""c000764000"",size: ""8000"",subtype: ""memory"",tgid: ""188853"",source: ""syscall"",type: ""Artifact"",version: ""0"",hash: ""799de4845348c99948757fbb240aa5bc""})"
"(:VERTEX {memory address: ""c000758000"",size: ""4000"",subtype: ""memory"",tgid: ""188853"",source: ""syscall"",type: ""Artifact"",version: ""0"",hash: ""f3a449a03192cfbdd97559838fd6f82f""})"
"(:VERTEX {memory address: ""c00074a000"",size: ""c000"",subtype: ""memory"",tgid: ""188853"",source: ""syscall"",type: ""Artifact"",version: ""0"",hash: ""32e0ccb950bbd99c0989781a642b433a""})"
"(:VERTEX {memory address: ""c000744000"",size: ""6000"",subtype: ""memory"",tgid: ""188853"",source: ""syscall"",type: ""Artifact"",version: ""0"",hash: ""a29dce93e11ccdcc54fe397cb746862e""})"
"(:VERTEX {memory address: ""c000740000"",size: ""2000"",subtype: ""memory"",tgid: ""188853"",source: ""syscall"",type: ""Artifact"",version: ""0"",hash: ""5f3cce3be1ab5464ee069187ceda4c9d""})"
"(:VERTEX {memory address: ""c00073c000"",size: ""2000"",subtype: ""memory"",tgid: ""188853"",source: ""syscall"",type: ""Artifact"",version: ""0"",hash: ""7875bb60203adcac09bd403e4eb173c2""})"
"(:VERTEX {memory address: ""c000738000"",size: ""2000"",subtype: ""memory"",tgid: ""188853"",source: ""syscall"",type: ""Artifact"",version: ""0"",hash: ""d975b236b6b021f1ef18b35ab401e694""})"
"(:VERTEX {memory address: ""c000730000"",size: ""4000"",subtype: ""memory"",tgid: ""188853"",source: ""syscall"",type: ""Artifact"",version: ""0"",hash: ""3b7fbdd31ddba066ad6f5c6ab879432f""})"
"(:VERTEX {memory address: ""7f08556f2000"",size: ""11000"",subtype: ""memory"",tgid: ""189893"",source: ""syscall"",type: ""Artifact"",version: ""472"",hash: ""7de6fa7b15f3e0e6b55a75760b7b47db""})"
"(:VERTEX {memory address: ""7f08556f2000"",size: ""11000"",subtype: ""memory"",tgid: ""189893"",source: ""syscall"",type: ""Artifact"",version: ""473"",hash: ""0dfd2d7ece1de7a0fa5ffc5bf1727b87""})"
"(:VERTEX {memory address: ""7f08556f2000"",size: ""11000"",subtype: ""memory"",tgid: ""189893"",source: ""syscall"",type: ""Artifact"",version: ""474"",hash: ""bde87043c04856b4f7f4e38d6d755d96""})"
"(:VERTEX {memory address: ""7f08556f2000"",size: ""11000"",subtype: ""memory"",tgid: ""189893"",source: ""syscall"",type: ""Artifact"",version: ""475"",hash: ""b599fc831d2925034b43b558ce894ca3""})"
"(:VERTEX {memory address: ""7f08556f2000"",size: ""11000"",subtype: ""memory"",tgid: ""189893"",source: ""syscall"",type: ""Artifact"",version: ""476"",hash: ""d374d23f1b018b6c169923b1fd939fc2""})"
"(:VERTEX {memory address: ""7f08556f2000"",size: ""11000"",subtype: ""memory"",tgid: ""189893"",source: ""syscall"",type: ""Artifact"",version: ""477"",hash: ""798a3a0e2539192c0435375873706872""})"
"(:VERTEX {memory address: ""7f08556f2000"",size: ""11000"",subtype: ""memory"",tgid: ""189893"",source: ""syscall"",type: ""Artifact"",version: ""478"",hash: ""cb6c6633bb04a671f004ba9c7bb59031""})"
"(:VERTEX {memory address: ""7f08556f2000"",size: ""11000"",subtype: ""memory"",tgid: ""189893"",source: ""syscall"",type: ""Artifact"",version: ""479"",hash: ""66cee12f8050c7ed03c08add02e0349c""})"
"(:VERTEX {memory address: ""7f08556f2000"",size: ""11000"",subtype: ""memory"",tgid: ""189893"",source: ""syscall"",type: ""Artifact"",version: ""480"",hash: ""83e7434e1e47827f70acc905ee740d65""})"
"(:VERTEX {memory address: ""7f08556f2000"",size: ""11000"",subtype: ""memory"",tgid: ""189893"",source: ""syscall"",type: ""Artifact"",version: ""481"",hash: ""34e5ec37e0fe3be47d4d8a41b4f45d2c""})"
"(:VERTEX {memory address: ""7f08556f2000"",size: ""11000"",subtype: ""memory"",tgid: ""189893"",source: ""syscall"",type: ""Artifact"",version: ""482"",hash: ""b43f18e8866a882209e66545e4bbbd75""})"
"(:VERTEX {memory address: ""7f08556f2000"",size: ""11000"",subtype: ""memory"",tgid: ""189893"",source: ""syscall"",type: ""Artifact"",version: ""483"",hash: ""eee77e9f9d80d7053e329ef8a3fccfe7""})"
"(:VERTEX {memory address: ""7f08556f2000"",size: ""11000"",subtype: ""memory"",tgid: ""189893"",source: ""syscall"",type: ""Artifact"",version: ""484"",hash: ""ea6f94a66ccc6ed9a6b99b1edbd532ae""})"
"(:VERTEX {memory address: ""7f08556f2000"",size: ""11000"",subtype: ""memory"",tgid: ""189893"",source: ""syscall"",type: ""Artifact"",version: ""485"",hash: ""ced02870d639508269a2280b72550670""})"
"(:VERTEX {memory address: ""7f08556f2000"",size: ""11000"",subtype: ""memory"",tgid: ""189893"",source: ""syscall"",type: ""Artifact"",version: ""486"",hash: ""0563574c7eb89a120c73fc1596205cea""})"
"(:VERTEX {memory address: ""7f08556f2000"",size: ""11000"",subtype: ""memory"",tgid: ""189893"",source: ""syscall"",type: ""Artifact"",version: ""487"",hash: ""081560954f723affe025eb3b0a6a0df9""})"
"(:VERTEX {memory address: ""7f08556f2000"",size: ""11000"",subtype: ""memory"",tgid: ""189893"",source: ""syscall"",type: ""Artifact"",version: ""488"",hash: ""ba137f28834b58e98258a73c4af05c9d""})"
"(:VERTEX {memory address: ""7f08556f2000"",size: ""11000"",subtype: ""memory"",tgid: ""189893"",source: ""syscall"",type: ""Artifact"",version: ""489"",hash: ""3e60c8b8cd410e637a8a0b887f0615b6""})"
"(:VERTEX {memory address: ""7f08556f2000"",size: ""11000"",subtype: ""memory"",tgid: ""189893"",source: ""syscall"",type: ""Artifact"",version: ""490"",hash: ""ae47abf5a1c222df135d8d776079775c""})"
"(:VERTEX {memory address: ""7f08556f2000"",size: ""11000"",subtype: ""memory"",tgid: ""189893"",source: ""syscall"",type: ""Artifact"",version: ""491"",hash: ""084297ee3bb2f4543f8b33906fa0aec2""})"
"(:VERTEX {memory address: ""7f08556f2000"",size: ""11000"",subtype: ""memory"",tgid: ""189893"",source: ""syscall"",type: ""Artifact"",version: ""492"",hash: ""44d8eaf89ae8a9699557059d5921cc30""})"
"(:VERTEX {gid: ""1000"",euid: ""1000"",children pid namespace: ""-1"",pid: ""189166"",seen time: ""1690980792.368"",source: ""syscall"",type: ""Process"",net namespace: ""-1"",ipc namespace: ""-1"",ppid: ""59070"",pid namespace: ""-1"",uid: ""1000"",egid: ""1000"",exe: ""/usr/local/bin/python3.10"",mount namespace: ""-1"",name: ""python"",hash: ""2895ebef50ff9fb5aef0861246236e3b"",user namespace: ""-1""})"
"(:VERTEX {memory address: ""7fdbf0ffa000"",size: ""801000"",subtype: ""memory"",tgid: ""189166"",source: ""syscall"",type: ""Artifact"",version: ""0"",hash: ""8c8d3ac1236d586b18824d2fb181069b""})"
"(:VERTEX {memory address: ""7fdbf0ffb000"",size: ""800000"",subtype: ""memory"",tgid: ""189166"",source: ""syscall"",type: ""Artifact"",version: ""0"",hash: ""c189fa1629bdf88de7ded992dc383c02""})"
"(:VERTEX {gid: ""1000"",euid: ""1000"",children pid namespace: ""4026533558"",start time: ""1690980792.368"",ns pid: ""23"",pid: ""193041"",source: ""syscall"",type: ""Process"",net namespace: ""4026533340"",ipc namespace: ""4026533535"",ppid: ""189166"",pid namespace: ""4026533558"",uid: ""1000"",egid: ""1000"",exe: ""/usr/local/bin/python3.10"",mount namespace: ""4026533557"",name: ""python"",hash: ""e0dddedd421168e5b41e91651b7a944c"",user namespace: ""4026531837""})"
"(:VERTEX {memory address: ""7fdbcc000000"",size: ""8000000"",subtype: ""memory"",tgid: ""189166"",source: ""syscall"",type: ""Artifact"",version: ""0"",hash: ""51d11b8ff170370a7690772f02540e52""})"
"(:VERTEX {memory address: ""7fdbcc000000"",size: ""21000"",subtype: ""memory"",tgid: ""189166"",source: ""syscall"",type: ""Artifact"",version: ""0"",hash: ""f7edd3d950939c479c2aad86d40a8069""})"
"(:VERTEX {remote port: """",epoch: ""0"",source: ""syscall"",type: ""Artifact"",version: ""0"",local port: ""40134"",net namespace: ""4026533340"",local address: ""0000:0000:0000:0000:0000:FFFF:0A01:FBCF"",protocol: ""tcp"",subtype: ""network socket"",remote address: """",hash: ""e3c477a9fca3446e5d778c90b7147551""})"
"(:VERTEX {memory address: ""7f08556f2000"",size: ""11000"",subtype: ""memory"",tgid: ""189893"",source: ""syscall"",type: ""Artifact"",version: ""493"",hash: ""0a77dab86f4fcb0b971292ee8e2de6ca""})"
"(:VERTEX {memory address: ""7f08556f2000"",size: ""11000"",subtype: ""memory"",tgid: ""189893"",source: ""syscall"",type: ""Artifact"",version: ""494"",hash: ""00a7f057419918773a12a8995ca8b3ed""})"
"(:VERTEX {memory address: ""7f08556f2000"",size: ""11000"",subtype: ""memory"",tgid: ""189893"",source: ""syscall"",type: ""Artifact"",version: ""495"",hash: ""48c7db411a1eaf6d12b35834c37f2751""})"
"(:VERTEX {memory address: ""7f08556f2000"",size: ""11000"",subtype: ""memory"",tgid: ""189893"",source: ""syscall"",type: ""Artifact"",version: ""496"",hash: ""e2b7c7b7978b26bd3216bb223ba481e9""})"
"(:VERTEX {memory address: ""7f08556f2000"",size: ""11000"",subtype: ""memory"",tgid: ""189893"",source: ""syscall"",type: ""Artifact"",version: ""497"",hash: ""763e00806e2cb3421742212fe243cd6f""})"
"(:VERTEX {memory address: ""f46fd9c0000"",size: ""40000"",subtype: ""memory"",tgid: ""189893"",source: ""syscall"",type: ""Artifact"",version: ""9"",hash: ""2c4b06ccaf3282cd972bff6e6490eb4c""})"
"(:VERTEX {memory address: ""33a2d79c0000"",size: ""40000"",subtype: ""memory"",tgid: ""189893"",source: ""syscall"",type: ""Artifact"",version: ""9"",hash: ""3e5347d3085e6a09fb30bd1980982fd3""})"
"(:VERTEX {memory address: ""332ff05c0000"",size: ""40000"",subtype: ""memory"",tgid: ""189893"",source: ""syscall"",type: ""Artifact"",version: ""9"",hash: ""230399cc51a37f7b156df18192ac8293""})"
"(:VERTEX {memory address: ""3406f5a00000"",size: ""40000"",subtype: ""memory"",tgid: ""189893"",source: ""syscall"",type: ""Artifact"",version: ""8"",hash: ""f3faba2671421a3d5836a219943f1054""})"
"(:VERTEX {memory address: ""7f0857907000"",size: ""3000"",subtype: ""memory"",tgid: ""189893"",source: ""syscall"",type: ""Artifact"",version: ""8"",hash: ""4ecd3622d47f08365b5f8286b530a3e7""})"
"(:VERTEX {memory address: ""7f08578eb000"",size: ""1000"",subtype: ""memory"",tgid: ""189893"",source: ""syscall"",type: ""Artifact"",version: ""8"",hash: ""6b76952d58530e8f936705f36b55691d""})"
"(:VERTEX {memory address: ""7f08578ae000"",size: ""4000"",subtype: ""memory"",tgid: ""189893"",source: ""syscall"",type: ""Artifact"",version: ""8"",hash: ""d7f3c1e0b0da137a27a145f0974e742a""})"
"(:VERTEX {memory address: ""7f0857891000"",size: ""4000"",subtype: ""memory"",tgid: ""189893"",source: ""syscall"",type: ""Artifact"",version: ""0"",hash: ""bd875f94a607a1aeaed8a744092e54be""})"
"(:VERTEX {memory address: ""198378b80000"",size: ""40000"",subtype: ""memory"",tgid: ""189893"",source: ""syscall"",type: ""Artifact"",version: ""9"",hash: ""917a9e7db7b2e4cc73117d7432b78baa""})"
"(:VERTEX {memory address: ""3baf57e40000"",size: ""40000"",subtype: ""memory"",tgid: ""189893"",source: ""syscall"",type: ""Artifact"",version: ""9"",hash: ""bd22da3d74d00463ab1255a126cfcfe2""})"
"(:VERTEX {memory address: ""32aebee80000"",size: ""40000"",subtype: ""memory"",tgid: ""189893"",source: ""syscall"",type: ""Artifact"",version: ""9"",hash: ""6cb009d963dcd2bbd7029497a4533b69""})"
"(:VERTEX {memory address: ""28056dec0000"",size: ""40000"",subtype: ""memory"",tgid: ""189893"",source: ""syscall"",type: ""Artifact"",version: ""9"",hash: ""322a2dcd2e3e0b6b9f5701cdc7d6d544""})"
"(:VERTEX {memory address: ""7f08556f2000"",size: ""11000"",subtype: ""memory"",tgid: ""189893"",source: ""syscall"",type: ""Artifact"",version: ""498"",hash: ""59332af678151a4cf1988f69f7c80b45""})"
"(:VERTEX {path: ""/status/status.json"",subtype: ""file"",permissions: ""0644"",epoch: ""3"",source: ""syscall"",type: ""Artifact"",version: ""0"",hash: ""ca8ac86af6152918580e520c71d8aff3""})"
"(:VERTEX {memory address: ""7f08556f2000"",size: ""11000"",subtype: ""memory"",tgid: ""189893"",source: ""syscall"",type: ""Artifact"",version: ""499"",hash: ""23beb01cc3ddc25a9d1e77b6011d42fd""})"
"(:VERTEX {memory address: ""7f08556f2000"",size: ""11000"",subtype: ""memory"",tgid: ""189893"",source: ""syscall"",type: ""Artifact"",version: ""500"",hash: ""609a52055823284f40a335b3bb95af70""})"
"(:VERTEX {memory address: ""7f08556f2000"",size: ""11000"",subtype: ""memory"",tgid: ""189893"",source: ""syscall"",type: ""Artifact"",version: ""501"",hash: ""0f926a139552163a6155a4ef9d3d9ef5""})"
"(:VERTEX {memory address: ""7f08556f2000"",size: ""11000"",subtype: ""memory"",tgid: ""189893"",source: ""syscall"",type: ""Artifact"",version: ""502"",hash: ""3481c0fbe71ad3e6bb81517271bdd7f7""})"
"(:VERTEX {remote port: """",epoch: ""0"",source: ""syscall"",type: ""Artifact"",version: ""0"",local port: ""8080"",net namespace: ""4026533340"",local address: ""0000:0000:0000:0000:0000:FFFF:0A01:FBCF"",protocol: ""tcp"",subtype: ""network socket"",remote address: """",hash: ""65c48d96d6d65233850ca77bf5a359af""})"
"(:VERTEX {memory address: ""7f08556f2000"",size: ""11000"",subtype: ""memory"",tgid: ""189893"",source: ""syscall"",type: ""Artifact"",version: ""503"",hash: ""3355a4727272cb189841889785b0c181""})"
"(:VERTEX {memory address: ""7f08556f2000"",size: ""11000"",subtype: ""memory"",tgid: ""189893"",source: ""syscall"",type: ""Artifact"",version: ""504"",hash: ""113945a0b92bf87c2de807db430399cd""})"
"(:VERTEX {memory address: ""7f08556f2000"",size: ""11000"",subtype: ""memory"",tgid: ""189893"",source: ""syscall"",type: ""Artifact"",version: ""505"",hash: ""0fa2f382ff1f96268184126cffaf4db9""})"
"(:VERTEX {memory address: ""7f08556f2000"",size: ""11000"",subtype: ""memory"",tgid: ""189893"",source: ""syscall"",type: ""Artifact"",version: ""506"",hash: ""dd5fd0c856a651e261b48d2da6b08910""})"
"(:VERTEX {memory address: ""7f08556f2000"",size: ""11000"",subtype: ""memory"",tgid: ""189893"",source: ""syscall"",type: ""Artifact"",version: ""507"",hash: ""82774956a0a55676d941ef66711ec4b5""})"
"(:VERTEX {memory address: ""7f08556f2000"",size: ""11000"",subtype: ""memory"",tgid: ""189893"",source: ""syscall"",type: ""Artifact"",version: ""508"",hash: ""b4880c1f329b1e259a46350d91404b88""})"
"(:VERTEX {memory address: ""7f08556f2000"",size: ""11000"",subtype: ""memory"",tgid: ""189893"",source: ""syscall"",type: ""Artifact"",version: ""509"",hash: ""b4688cc46e1ea1b2ae6b7e8a6d6bfafb""})"
"(:VERTEX {remote port: ""443"",epoch: ""0"",source: ""syscall"",type: ""Artifact"",version: ""0"",local port: ""53172"",net namespace: ""-1"",local address: ""10.1.251.196"",protocol: ""tcp"",subtype: ""network socket"",remote address: ""10.152.183.1"",hash: ""806a1dc819f8ebe7486e069c0559c20f""})"
"(:VERTEX {memory address: ""7f08556f2000"",size: ""11000"",subtype: ""memory"",tgid: ""189893"",source: ""syscall"",type: ""Artifact"",version: ""510"",hash: ""d804b15313f9e76c32d21598c5fc6f1a""})"
"(:VERTEX {gid: ""0"",euid: ""999"",children pid namespace: ""-1"",pid: ""189262"",seen time: ""1690980794.870"",source: ""syscall"",type: ""Process"",net namespace: ""-1"",ipc namespace: ""-1"",ppid: ""2140"",pid namespace: ""-1"",uid: ""999"",egid: ""0"",mount namespace: ""-1"",name: ""kube-controller"",hash: ""ae2c183e42d221b58970fa446f3c589c"",user namespace: ""-1""})"
"(:VERTEX {remote port: ""443"",epoch: ""0"",source: ""syscall"",type: ""Artifact"",version: ""0"",local port: ""53182"",net namespace: ""-1"",local address: ""10.1.251.196"",protocol: ""tcp"",subtype: ""network socket"",remote address: ""10.152.183.1"",hash: ""09d75ce4de8104e54f9eb42e1c3abc06""})"
"(:VERTEX {remote port: ""443"",epoch: ""0"",source: ""syscall"",type: ""Artifact"",version: ""0"",local port: ""53196"",net namespace: ""-1"",local address: ""10.1.251.196"",protocol: ""tcp"",subtype: ""network socket"",remote address: ""10.152.183.1"",hash: ""c9570ace7a8dcb8eeb1ad101a3ff5f18""})"
"(:VERTEX {remote port: ""443"",epoch: ""0"",source: ""syscall"",type: ""Artifact"",version: ""0"",local port: ""53206"",net namespace: ""4026532705"",local address: ""10.1.251.196"",protocol: ""tcp"",subtype: ""network socket"",remote address: ""10.152.183.1"",hash: ""f8f843f42291be0e9070eff5b043ab9a""})"
"(:VERTEX {remote port: ""443"",epoch: ""0"",source: ""syscall"",type: ""Artifact"",version: ""0"",local port: ""53214"",net namespace: ""-1"",local address: ""10.1.251.196"",protocol: ""tcp"",subtype: ""network socket"",remote address: ""10.152.183.1"",hash: ""592e6a91bffcc0c4f202bf080cc4fbe4""})"
"(:VERTEX {remote port: ""443"",epoch: ""0"",source: ""syscall"",type: ""Artifact"",version: ""0"",local port: ""53230"",net namespace: ""-1"",local address: ""10.1.251.196"",protocol: ""tcp"",subtype: ""network socket"",remote address: ""10.152.183.1"",hash: ""b14345b771d3ba2b774dce3ee9f30616""})"
"(:VERTEX {memory address: ""7f08556f2000"",size: ""11000"",subtype: ""memory"",tgid: ""189893"",source: ""syscall"",type: ""Artifact"",version: ""511"",hash: ""a0847bfe17f31c03083ebf2e6f5b3b3c""})"
"(:VERTEX {gid: ""1000"",euid: ""1000"",children pid namespace: ""-1"",pid: ""189078"",seen time: ""1690980794.910"",source: ""syscall"",type: ""Process"",net namespace: ""-1"",ipc namespace: ""-1"",ppid: ""59024"",pid namespace: ""-1"",uid: ""1000"",egid: ""1000"",exe: ""/app/cartservice"",mount namespace: ""-1"",name: "".NET ThreadPool"",hash: ""2cd0ef460017babac561f4489c5906fc"",user namespace: ""-1""})"
"(:VERTEX {memory address: ""7fa6cef9a000"",size: ""183000"",subtype: ""memory"",tgid: ""189078"",source: ""syscall"",type: ""Artifact"",version: ""1"",hash: ""975318b5401f8718aa2ae92ca23112b1""})"
"(:VERTEX {memory address: ""7fa6cef9c000"",size: ""181000"",subtype: ""memory"",tgid: ""189078"",source: ""syscall"",type: ""Artifact"",version: ""1"",hash: ""289f46510fa38e83e6a9bf866b61be5c""})"
"(:VERTEX {gid: ""1000"",euid: ""1000"",children pid namespace: ""4026533552"",start time: ""1690980794.910"",ns pid: ""50"",pid: ""193043"",source: ""syscall"",type: ""Process"",net namespace: ""4026533266"",ipc namespace: ""4026533539"",ppid: ""189078"",pid namespace: ""4026533552"",uid: ""1000"",egid: ""1000"",exe: ""/app/cartservice"",mount namespace: ""4026533551"",name: "".NET ThreadPool"",hash: ""09c55004b9ae866553ec8dc2464e501b"",user namespace: ""4026531837""})"
"(:VERTEX {memory address: ""7fa6cfb52000"",size: ""4000"",subtype: ""memory"",tgid: ""189078"",source: ""syscall"",type: ""Artifact"",version: ""1"",hash: ""38fcf9e4e1bc03a97c6cf5c6463fcdaa""})"
"(:VERTEX {memory address: ""7fa6cfb52000"",size: ""1000"",subtype: ""memory"",tgid: ""189078"",source: ""syscall"",type: ""Artifact"",version: ""1"",hash: ""8be7ff4cc016d570c2ddb3c8d1afd163""})"
"(:VERTEX {path: ""/proc/189078/task/50/comm"",subtype: ""file"",permissions: ""0644"",epoch: ""0"",source: ""syscall"",type: ""Artifact"",version: ""0"",hash: ""3de34677ef502804035cc01a7ea3326f""})"
"(:VERTEX {subtype: ""unnamed pipe"",tgid: ""189078"",epoch: ""1"",source: ""syscall"",read fd: ""196"",type: ""Artifact"",version: ""0"",hash: ""d4b9762fcde5fe07da830d892137b82f"",write fd: ""204""})"
"(:VERTEX {memory address: ""7f08556f2000"",size: ""11000"",subtype: ""memory"",tgid: ""189893"",source: ""syscall"",type: ""Artifact"",version: ""512"",hash: ""49be0e607a4696472c35b33ce988c359""})"
"(:VERTEX {memory address: ""7f08556f2000"",size: ""11000"",subtype: ""memory"",tgid: ""189893"",source: ""syscall"",type: ""Artifact"",version: ""513"",hash: ""19fff7021cd686a5130b7adfe9b2db44""})"
"(:VERTEX {memory address: ""7f08556f2000"",size: ""11000"",subtype: ""memory"",tgid: ""189893"",source: ""syscall"",type: ""Artifact"",version: ""514"",hash: ""092f228bf761528b9dde45567ee44776""})"
"(:VERTEX {memory address: ""7f08556f2000"",size: ""11000"",subtype: ""memory"",tgid: ""189893"",source: ""syscall"",type: ""Artifact"",version: ""515"",hash: ""336773e814e5abc5c616ad80534d581a""})"
"(:VERTEX {memory address: ""7eff902b7000"",size: ""1000"",subtype: ""memory"",tgid: ""189122"",source: ""syscall"",type: ""Artifact"",version: ""0"",hash: ""a8a740a14fa9be3d799960198d57269b""})"
"(:VERTEX {memory address: ""7eff902b9000"",size: ""1000"",subtype: ""memory"",tgid: ""189122"",source: ""syscall"",type: ""Artifact"",version: ""0"",hash: ""398d95f195986ee8b071f1b90e3b2abb""})"
"(:VERTEX {memory address: ""7f08556f2000"",size: ""11000"",subtype: ""memory"",tgid: ""189893"",source: ""syscall"",type: ""Artifact"",version: ""516"",hash: ""35ff0b1a01d5e36413b25334ad789d73""})"
"(:VERTEX {memory address: ""7f08556f2000"",size: ""11000"",subtype: ""memory"",tgid: ""189893"",source: ""syscall"",type: ""Artifact"",version: ""517"",hash: ""36fb5bfcfc0fcd68205bc4dbc33c3e63""})"
"(:VERTEX {memory address: ""7f08556f2000"",size: ""11000"",subtype: ""memory"",tgid: ""189893"",source: ""syscall"",type: ""Artifact"",version: ""518"",hash: ""4cfc75c3c5f6608cad3a0e24419684db""})"
"(:VERTEX {memory address: ""7f08556f2000"",size: ""11000"",subtype: ""memory"",tgid: ""189893"",source: ""syscall"",type: ""Artifact"",version: ""519"",hash: ""e1fef37dc0dd99e23adfa263e12345f3""})"
"(:VERTEX {memory address: ""7f08556f2000"",size: ""11000"",subtype: ""memory"",tgid: ""189893"",source: ""syscall"",type: ""Artifact"",version: ""520"",hash: ""5bbf7b3c057c16cb3e8fe25019e18e8d""})"
"(:VERTEX {memory address: ""7eff8ff5d000"",size: ""2000"",subtype: ""memory"",tgid: ""189122"",source: ""syscall"",type: ""Artifact"",version: ""0"",hash: ""e3f866d162f49ba9a61c121ce212c2aa""})"
"(:VERTEX {memory address: ""7f08556f2000"",size: ""11000"",subtype: ""memory"",tgid: ""189893"",source: ""syscall"",type: ""Artifact"",version: ""521"",hash: ""36ccba1a05ea183c03d1e90e879ebbb6""})"
"(:VERTEX {memory address: ""7f08556f2000"",size: ""11000"",subtype: ""memory"",tgid: ""189893"",source: ""syscall"",type: ""Artifact"",version: ""522"",hash: ""339002031614f12374c83f57ee967913""})"
"(:VERTEX {memory address: ""7f08556f2000"",size: ""11000"",subtype: ""memory"",tgid: ""189893"",source: ""syscall"",type: ""Artifact"",version: ""523"",hash: ""44cad102090019bdd020e815d3e51b87""})"
"(:VERTEX {memory address: ""7f08556f2000"",size: ""11000"",subtype: ""memory"",tgid: ""189893"",source: ""syscall"",type: ""Artifact"",version: ""524"",hash: ""74e199f766e6a71d5c2d1c340ea86c01""})"
"(:VERTEX {memory address: ""7f0857908000"",size: ""2000"",subtype: ""memory"",tgid: ""189893"",source: ""syscall"",type: ""Artifact"",version: ""26"",hash: ""4e8fd42b4345b6303d0551fed9be73c5""})"
"(:VERTEX {memory address: ""7f08578ae000"",size: ""4000"",subtype: ""memory"",tgid: ""189893"",source: ""syscall"",type: ""Artifact"",version: ""9"",hash: ""12505103e35a190af95d4b4f40d3782d""})"
"(:VERTEX {memory address: ""7f0857891000"",size: ""4000"",subtype: ""memory"",tgid: ""189893"",source: ""syscall"",type: ""Artifact"",version: ""1"",hash: ""3c692155894be6fefef59f1b5963aaad""})"
"(:VERTEX {memory address: ""7f085781b000"",size: ""4000"",subtype: ""memory"",tgid: ""189893"",source: ""syscall"",type: ""Artifact"",version: ""2"",hash: ""0f0a1ecc7145b9fa71c46b5fc8c5b099""})"
"(:VERTEX {memory address: ""7f085780c000"",size: ""4000"",subtype: ""memory"",tgid: ""189893"",source: ""syscall"",type: ""Artifact"",version: ""4"",hash: ""73e464dc3418a5c0227d774f9fd95bdf""})"
"(:VERTEX {memory address: ""7f0857730000"",size: ""4000"",subtype: ""memory"",tgid: ""189893"",source: ""syscall"",type: ""Artifact"",version: ""0"",hash: ""37bb4282950c474d3585e59111eeb555""})"
"(:VERTEX {memory address: ""7f08578ea000"",size: ""2000"",subtype: ""memory"",tgid: ""189893"",source: ""syscall"",type: ""Artifact"",version: ""6"",hash: ""bfd8db207886eeae967be8857064c64a""})"
"(:VERTEX {memory address: ""7f085788f000"",size: ""2000"",subtype: ""memory"",tgid: ""189893"",source: ""syscall"",type: ""Artifact"",version: ""0"",hash: ""262f3ed896ae99c3f8afb95e19dfc947""})"
"(:VERTEX {memory address: ""7f0857886000"",size: ""2000"",subtype: ""memory"",tgid: ""189893"",source: ""syscall"",type: ""Artifact"",version: ""0"",hash: ""5262b8b9023d9be4f6a177b672ad8737""})"
"(:VERTEX {memory address: ""7f0857832000"",size: ""2000"",subtype: ""memory"",tgid: ""189893"",source: ""syscall"",type: ""Artifact"",version: ""0"",hash: ""0f1d19729df5b92875892378fd314563""})"
"(:VERTEX {memory address: ""7f0857908000"",size: ""2000"",subtype: ""memory"",tgid: ""189893"",source: ""syscall"",type: ""Artifact"",version: ""27"",hash: ""aca0d65d4daa145ab7a43bd13ef7881a""})"
"(:VERTEX {memory address: ""7f08578b0000"",size: ""2000"",subtype: ""memory"",tgid: ""189893"",source: ""syscall"",type: ""Artifact"",version: ""1"",hash: ""1a8fcf1eeda7b455a64e8cb46ba18911""})"
"(:VERTEX {memory address: ""7f08578ae000"",size: ""2000"",subtype: ""memory"",tgid: ""189893"",source: ""syscall"",type: ""Artifact"",version: ""1"",hash: ""124fcab34567b086c1f00ef07d72e6ad""})"
"(:VERTEX {memory address: ""7f085781b000"",size: ""4000"",subtype: ""memory"",tgid: ""189893"",source: ""syscall"",type: ""Artifact"",version: ""3"",hash: ""b408319b41cdda43beae2d6e38c60456""})"
"(:VERTEX {memory address: ""7f085780c000"",size: ""4000"",subtype: ""memory"",tgid: ""189893"",source: ""syscall"",type: ""Artifact"",version: ""5"",hash: ""ac94ce69e002a6db9d15e2c1c793edb6""})"
"(:VERTEX {memory address: ""7f085772c000"",size: ""4000"",subtype: ""memory"",tgid: ""189893"",source: ""syscall"",type: ""Artifact"",version: ""0"",hash: ""3ce31b8e0e92087bfdd850b2b1ae0085""})"
"(:VERTEX {memory address: ""7f0857717000"",size: ""4000"",subtype: ""memory"",tgid: ""189893"",source: ""syscall"",type: ""Artifact"",version: ""0"",hash: ""16d3b9e406b5b3452ed10fa315382068""})"
"(:VERTEX {memory address: ""7f08556fb000"",size: ""8000"",subtype: ""memory"",tgid: ""189893"",source: ""syscall"",type: ""Artifact"",version: ""0"",hash: ""f5c843587db9af2cede507ce0e1bbd2e""})"
"(:VERTEX {memory address: ""7f08556fb000"",size: ""8000"",subtype: ""memory"",tgid: ""189893"",source: ""syscall"",type: ""Artifact"",version: ""1"",hash: ""15ce7a8a0474194915a70bedca4b2028""})"
"(:VERTEX {memory address: ""7f08556fb000"",size: ""8000"",subtype: ""memory"",tgid: ""189893"",source: ""syscall"",type: ""Artifact"",version: ""2"",hash: ""a311f77972ba6d13386adaedfee4e75b""})"
"(:VERTEX {memory address: ""21baa6b00000"",size: ""7f000"",subtype: ""memory"",tgid: ""189893"",source: ""syscall"",type: ""Artifact"",version: ""0"",hash: ""c80b2e23b791f6bc489a2872b79165f9""})"
"(:VERTEX {memory address: ""21baa6b00000"",size: ""40000"",subtype: ""memory"",tgid: ""189893"",source: ""syscall"",type: ""Artifact"",version: ""0"",hash: ""7608d2f39ab7757acf978eba94a4598c""})"
"(:VERTEX {memory address: ""3a9016940000"",size: ""7f000"",subtype: ""memory"",tgid: ""189893"",source: ""syscall"",type: ""Artifact"",version: ""0"",hash: ""618a5e16adad61b47951a6fec5f7ec30""})"
"(:VERTEX {memory address: ""3a9016940000"",size: ""40000"",subtype: ""memory"",tgid: ""189893"",source: ""syscall"",type: ""Artifact"",version: ""0"",hash: ""f98a7fc51692ca5bdd60ad69d8bcb169""})"
"(:VERTEX {memory address: ""29d66fb00000"",size: ""7f000"",subtype: ""memory"",tgid: ""189893"",source: ""syscall"",type: ""Artifact"",version: ""0"",hash: ""aa015d8edd6c481ac3c01d7bb3d5ea1a""})"
"(:VERTEX {memory address: ""29d66fb00000"",size: ""40000"",subtype: ""memory"",tgid: ""189893"",source: ""syscall"",type: ""Artifact"",version: ""0"",hash: ""a65ac7b809883796d5275ecd55608294""})"
"(:VERTEX {memory address: ""2b3f79e80000"",size: ""7f000"",subtype: ""memory"",tgid: ""189893"",source: ""syscall"",type: ""Artifact"",version: ""0"",hash: ""f44315a859116f24311ff575931d897e""})"
"(:VERTEX {memory address: ""2b3f79e80000"",size: ""40000"",subtype: ""memory"",tgid: ""189893"",source: ""syscall"",type: ""Artifact"",version: ""0"",hash: ""890ac27ce802624db1fd1c8146d36880""})"
"(:VERTEX {memory address: ""7f0857907000"",size: ""3000"",subtype: ""memory"",tgid: ""189893"",source: ""syscall"",type: ""Artifact"",version: ""9"",hash: ""62e28ea741cbdca946536c3acfa4fc59""})"
"(:VERTEX {memory address: ""7f08578eb000"",size: ""1000"",subtype: ""memory"",tgid: ""189893"",source: ""syscall"",type: ""Artifact"",version: ""9"",hash: ""e42b50ced9d2f68c2739514d2d65bd20""})"
"(:VERTEX {memory address: ""7f08578af000"",size: ""3000"",subtype: ""memory"",tgid: ""189893"",source: ""syscall"",type: ""Artifact"",version: ""3"",hash: ""249b636ae7d74094a597f958d2c33a8a""})"
"(:VERTEX {memory address: ""4c3339c2000"",size: ""1000"",subtype: ""memory"",tgid: ""189893"",source: ""syscall"",type: ""Artifact"",version: ""0"",hash: ""0d52a81fc00d1b6b6bfaa6a2ce0646ac""})"
"(:VERTEX {memory address: ""4c3339c5000"",size: ""9000"",subtype: ""memory"",tgid: ""189893"",source: ""syscall"",type: ""Artifact"",version: ""0"",hash: ""cd20f92cff2f0000b264c56028c029bd""})"
"(:VERTEX {memory address: ""4c3339cf000"",size: ""31000"",subtype: ""memory"",tgid: ""189893"",source: ""syscall"",type: ""Artifact"",version: ""0"",hash: ""6ee819aa28117ac911ae22ed07d4c527""})"
"(:VERTEX {memory address: ""33d7eff82000"",size: ""3000"",subtype: ""memory"",tgid: ""189893"",source: ""syscall"",type: ""Artifact"",version: ""0"",hash: ""a0c4064835e8e3142803fc0722f9a44c""})"
"(:VERTEX {memory address: ""33d7eff87000"",size: ""1000"",subtype: ""memory"",tgid: ""189893"",source: ""syscall"",type: ""Artifact"",version: ""0"",hash: ""0a1a5367ef1d85bfbb62218273b13384""})"
"(:VERTEX {memory address: ""33d7eff89000"",size: ""2000"",subtype: ""memory"",tgid: ""189893"",source: ""syscall"",type: ""Artifact"",version: ""0"",hash: ""dfc5068b000e35216ae3095a7ac2ff6e""})"
"(:VERTEX {memory address: ""33d7eff8d000"",size: ""2000"",subtype: ""memory"",tgid: ""189893"",source: ""syscall"",type: ""Artifact"",version: ""0"",hash: ""00c9535b6dbe855aa2e0ec61f3544f2c""})"
"(:VERTEX {memory address: ""33d7eff90000"",size: ""3000"",subtype: ""memory"",tgid: ""189893"",source: ""syscall"",type: ""Artifact"",version: ""0"",hash: ""e8086d663f25f55b17e229712ae55de9""})"
"(:VERTEX {memory address: ""33d7eff97000"",size: ""1000"",subtype: ""memory"",tgid: ""189893"",source: ""syscall"",type: ""Artifact"",version: ""0"",hash: ""3862c1b3f16484936d742d1fc099ec98""})"
"(:VERTEX {memory address: ""33d7eff9b000"",size: ""1000"",subtype: ""memory"",tgid: ""189893"",source: ""syscall"",type: ""Artifact"",version: ""0"",hash: ""9aa2f745bae2e08274ee88ea7c1626bd""})"
"(:VERTEX {memory address: ""33d7eff9e000"",size: ""2000"",subtype: ""memory"",tgid: ""189893"",source: ""syscall"",type: ""Artifact"",version: ""0"",hash: ""2b142866c894bf1e3a121d52b401eaea""})"
"(:VERTEX {memory address: ""33d7effa3000"",size: ""4000"",subtype: ""memory"",tgid: ""189893"",source: ""syscall"",type: ""Artifact"",version: ""0"",hash: ""6b9304d251313f8ae5eca22dc328e03f""})"
"(:VERTEX {memory address: ""33d7effa9000"",size: ""1000"",subtype: ""memory"",tgid: ""189893"",source: ""syscall"",type: ""Artifact"",version: ""0"",hash: ""8b0ece49dda8947edbcc4817da1c2249""})"
"(:VERTEX {memory address: ""33d7effad000"",size: ""8000"",subtype: ""memory"",tgid: ""189893"",source: ""syscall"",type: ""Artifact"",version: ""0"",hash: ""d90362942f69f4f9e92dac918c065abb""})"
"(:VERTEX {memory address: ""33d7effb7000"",size: ""2000"",subtype: ""memory"",tgid: ""189893"",source: ""syscall"",type: ""Artifact"",version: ""0"",hash: ""922cc687d87a6bd1cfcd3b5a8cf4d62e""})"
"(:VERTEX {memory address: ""33d7effbf000"",size: ""1000"",subtype: ""memory"",tgid: ""189893"",source: ""syscall"",type: ""Artifact"",version: ""0"",hash: ""cc031fe5e04b0ced2306ac4f0fba0b61""})"
"(:VERTEX {memory address: ""1c0b71387000"",size: ""1000"",subtype: ""memory"",tgid: ""189893"",source: ""syscall"",type: ""Artifact"",version: ""0"",hash: ""1404d123d66c0a893a382afaeccd25bc""})"
"(:VERTEX {memory address: ""1c0b7138e000"",size: ""2000"",subtype: ""memory"",tgid: ""189893"",source: ""syscall"",type: ""Artifact"",version: ""0"",hash: ""979efe92e03d291bd2559b0b5d36cbcf""})"
"(:VERTEX {memory address: ""1c0b71396000"",size: ""1000"",subtype: ""memory"",tgid: ""189893"",source: ""syscall"",type: ""Artifact"",version: ""0"",hash: ""afa0ed170b1adb302198878c18d8e5da""})"
"(:VERTEX {memory address: ""1c0b7139a000"",size: ""1000"",subtype: ""memory"",tgid: ""189893"",source: ""syscall"",type: ""Artifact"",version: ""0"",hash: ""f02e4baac821f5aa54f8554d2abb5fd2""})"
"(:VERTEX {memory address: ""1c0b7139d000"",size: ""1000"",subtype: ""memory"",tgid: ""189893"",source: ""syscall"",type: ""Artifact"",version: ""0"",hash: ""72cafefea88e9107323d70bc56311ca7""})"
"(:VERTEX {memory address: ""1c0b713a0000"",size: ""1000"",subtype: ""memory"",tgid: ""189893"",source: ""syscall"",type: ""Artifact"",version: ""0"",hash: ""8251ab34617bfa47ac44760150d75cee""})"
"(:VERTEX {memory address: ""1c0b713a2000"",size: ""5000"",subtype: ""memory"",tgid: ""189893"",source: ""syscall"",type: ""Artifact"",version: ""0"",hash: ""c591682f91e04090a3dabd3107149ad0""})"
"(:VERTEX {memory address: ""1c0b713a9000"",size: ""1000"",subtype: ""memory"",tgid: ""189893"",source: ""syscall"",type: ""Artifact"",version: ""0"",hash: ""d6e927450077247c67200134ff7d46ea""})"
"(:VERTEX {memory address: ""1c0b713ad000"",size: ""1000"",subtype: ""memory"",tgid: ""189893"",source: ""syscall"",type: ""Artifact"",version: ""0"",hash: ""308f726b4ada271d6a921c27a14b493d""})"
"(:VERTEX {memory address: ""1c0b713af000"",size: ""4000"",subtype: ""memory"",tgid: ""189893"",source: ""syscall"",type: ""Artifact"",version: ""0"",hash: ""6639e8e1d25a5ec80f92e10c845da2b3""})"
"(:VERTEX {memory address: ""1c0b713b5000"",size: ""4000"",subtype: ""memory"",tgid: ""189893"",source: ""syscall"",type: ""Artifact"",version: ""0"",hash: ""43e0ee83ec0a42146a40c303a8d1aea9""})"
"(:VERTEX {memory address: ""1c0b713ba000"",size: ""1000"",subtype: ""memory"",tgid: ""189893"",source: ""syscall"",type: ""Artifact"",version: ""0"",hash: ""da84065da6f0b1c3133d3c002854a603""})"
"(:VERTEX {memory address: ""1c0b713bc000"",size: ""4000"",subtype: ""memory"",tgid: ""189893"",source: ""syscall"",type: ""Artifact"",version: ""0"",hash: ""03180463b1f9e9c181119d568593b159""})"
"(:VERTEX {memory address: ""2fc280617000"",size: ""1000"",subtype: ""memory"",tgid: ""189893"",source: ""syscall"",type: ""Artifact"",version: ""0"",hash: ""88a2c7f6bb5695150fde78ff40760c05""})"
"(:VERTEX {memory address: ""55c6680c5000"",size: ""3a000"",subtype: ""memory"",tgid: ""189893"",source: ""syscall"",type: ""Artifact"",version: ""0"",hash: ""16e66e64797900e61d610468647dc957""})"
"(:VERTEX {memory address: ""55c668091000"",size: ""1000"",subtype: ""memory"",tgid: ""189893"",source: ""syscall"",type: ""Artifact"",version: ""0"",hash: ""a2d74b519a8f59af5c795533a0b40ecb""})"
"(:VERTEX {memory address: ""55c668094000"",size: ""2000"",subtype: ""memory"",tgid: ""189893"",source: ""syscall"",type: ""Artifact"",version: ""0"",hash: ""e90d7f40ef2576143b2dc315877c0372""})"
"(:VERTEX {memory address: ""7f0857909000"",size: ""3000"",subtype: ""memory"",tgid: ""189893"",source: ""syscall"",type: ""Artifact"",version: ""0"",hash: ""67045468d0f48e2dec739d339c788272""})"
"(:VERTEX {memory address: ""55c6680be000"",size: ""1000"",subtype: ""memory"",tgid: ""189893"",source: ""syscall"",type: ""Artifact"",version: ""0"",hash: ""40bffec352cf95d70a4d6bda830983fc""})"
"(:VERTEX {memory address: ""1a58c83a1000"",size: ""3000"",subtype: ""memory"",tgid: ""189893"",source: ""syscall"",type: ""Artifact"",version: ""0"",hash: ""60bb3406d5772a1efe065fb9816aa4a0""})"
"(:VERTEX {memory address: ""1a58c83a8000"",size: ""2000"",subtype: ""memory"",tgid: ""189893"",source: ""syscall"",type: ""Artifact"",version: ""0"",hash: ""31622d0db2703c83b010bc811b449fe7""})"
"(:VERTEX {memory address: ""117600c18000"",size: ""1000"",subtype: ""memory"",tgid: ""189893"",source: ""syscall"",type: ""Artifact"",version: ""0"",hash: ""69830c135f073aa5fee57be24c633bab""})"
"(:VERTEX {memory address: ""2a80ba559000"",size: ""1000"",subtype: ""memory"",tgid: ""189893"",source: ""syscall"",type: ""Artifact"",version: ""0"",hash: ""ff2546d8b192926da2f19daf90f32488""})"
"(:VERTEX {memory address: ""3406f5a00000"",size: ""40000"",subtype: ""memory"",tgid: ""189893"",source: ""syscall"",type: ""Artifact"",version: ""9"",hash: ""404e3c573bfd5e8afcc1c623808a2d90""})"
"(:VERTEX {memory address: ""332ff05c0000"",size: ""40000"",subtype: ""memory"",tgid: ""189893"",source: ""syscall"",type: ""Artifact"",version: ""10"",hash: ""c9db10dde3ead0821a3372ffd7a47f77""})"
"(:VERTEX {memory address: ""33a2d79c0000"",size: ""40000"",subtype: ""memory"",tgid: ""189893"",source: ""syscall"",type: ""Artifact"",version: ""10"",hash: ""b6899b873a2be308dc9c2587c7939250""})"
"(:VERTEX {memory address: ""f46fd9c0000"",size: ""40000"",subtype: ""memory"",tgid: ""189893"",source: ""syscall"",type: ""Artifact"",version: ""10"",hash: ""a087fc7a181fb1e51679848884d84396""})"
"(:VERTEX {memory address: ""852deb17000"",size: ""1000"",subtype: ""memory"",tgid: ""189893"",source: ""syscall"",type: ""Artifact"",version: ""0"",hash: ""79f4b0ceab04c1d593e34b3f0fdf1678""})"
"(:VERTEX {memory address: ""852deb1a000"",size: ""1000"",subtype: ""memory"",tgid: ""189893"",source: ""syscall"",type: ""Artifact"",version: ""0"",hash: ""6a9bc978822dfada82d0061a207b89a1""})"
"(:VERTEX {memory address: ""852deb1e000"",size: ""1000"",subtype: ""memory"",tgid: ""189893"",source: ""syscall"",type: ""Artifact"",version: ""0"",hash: ""cd9373c6b28baef57313af454cbc99f4""})"
"(:VERTEX {memory address: ""852deb20000"",size: ""1000"",subtype: ""memory"",tgid: ""189893"",source: ""syscall"",type: ""Artifact"",version: ""0"",hash: ""c73742b986cc0307a1cd46357785b079""})"
"(:VERTEX {memory address: ""7f08556f2000"",size: ""11000"",subtype: ""memory"",tgid: ""189893"",source: ""syscall"",type: ""Artifact"",version: ""525"",hash: ""c863f0623b5630b6518653f9efb49f1e""})"
"(:VERTEX {memory address: ""7f0857908000"",size: ""1000"",subtype: ""memory"",tgid: ""189893"",source: ""syscall"",type: ""Artifact"",version: ""0"",hash: ""f33efae8293882d131b6a63d9fe5f121""})"
"(:VERTEX {memory address: ""7f08556f2000"",size: ""11000"",subtype: ""memory"",tgid: ""189893"",source: ""syscall"",type: ""Artifact"",version: ""526"",hash: ""ae35f099154cd3b0b77ca758f873ee56""})"
"(:VERTEX {memory address: ""7f08556f2000"",size: ""11000"",subtype: ""memory"",tgid: ""189893"",source: ""syscall"",type: ""Artifact"",version: ""527"",hash: ""a43e5f7900823f8d11c7afa3d0d6f009""})"
"(:VERTEX {memory address: ""7f0857908000"",size: ""1000"",subtype: ""memory"",tgid: ""189893"",source: ""syscall"",type: ""Artifact"",version: ""1"",hash: ""53e48be6997877a152fbfe720c06ee1f""})"
"(:VERTEX {remote port: ""443"",epoch: ""0"",source: ""syscall"",type: ""Artifact"",version: ""0"",local port: ""53240"",net namespace: ""-1"",local address: ""10.1.251.196"",protocol: ""tcp"",subtype: ""network socket"",remote address: ""10.152.183.1"",hash: ""90b59c43d3c91e7ef2bf004cf372925d""})"
"(:VERTEX {memory address: ""7f08556f2000"",size: ""11000"",subtype: ""memory"",tgid: ""189893"",source: ""syscall"",type: ""Artifact"",version: ""528"",hash: ""d99c561a2396ebb26a4b587d0e3fe09c""})"
"(:VERTEX {memory address: ""7f08578ea000"",size: ""2000"",subtype: ""memory"",tgid: ""189893"",source: ""syscall"",type: ""Artifact"",version: ""7"",hash: ""126cba2e0e5e88b8f19d4912cf0b8eb7""})"
"(:VERTEX {memory address: ""7f08578b0000"",size: ""9000"",subtype: ""memory"",tgid: ""189893"",source: ""syscall"",type: ""Artifact"",version: ""9"",hash: ""5495529c9eb6027fd4c4b1f9e29278c6""})"
"(:VERTEX {memory address: ""7f08578ae000"",size: ""2000"",subtype: ""memory"",tgid: ""189893"",source: ""syscall"",type: ""Artifact"",version: ""2"",hash: ""bc2e2400fe4fb080fcb579542dd24b3a""})"
"(:VERTEX {memory address: ""7f085788f000"",size: ""2000"",subtype: ""memory"",tgid: ""189893"",source: ""syscall"",type: ""Artifact"",version: ""1"",hash: ""22165357f3e70139be43f9b07fa7d2e5""})"
"(:VERTEX {memory address: ""7f0857818000"",size: ""7000"",subtype: ""memory"",tgid: ""189893"",source: ""syscall"",type: ""Artifact"",version: ""29"",hash: ""60fc37540b2054759c40a3e46841e97f""})"
"(:VERTEX {memory address: ""7f085772b000"",size: ""9000"",subtype: ""memory"",tgid: ""189893"",source: ""syscall"",type: ""Artifact"",version: ""50"",hash: ""14198cebf98a6ea36c8a9feabe8eadd0""})"
"(:VERTEX {memory address: ""7f0857773000"",size: ""7000"",subtype: ""memory"",tgid: ""189893"",source: ""syscall"",type: ""Artifact"",version: ""0"",hash: ""393ac75c7e6cb8307bc0876df8e66cb4""})"
"(:VERTEX {memory address: ""7f08556fa000"",size: ""9000"",subtype: ""memory"",tgid: ""189893"",source: ""syscall"",type: ""Artifact"",version: ""19"",hash: ""7c12af0bef1b31a72e04d568558e240d""})"
"(:VERTEX {memory address: ""7f08556f1000"",size: ""9000"",subtype: ""memory"",tgid: ""189893"",source: ""syscall"",type: ""Artifact"",version: ""23"",hash: ""303a7928068948030513ca6821580361""})"
"(:VERTEX {memory address: ""7f08556e0000"",size: ""11000"",subtype: ""memory"",tgid: ""189893"",source: ""syscall"",type: ""Artifact"",version: ""0"",hash: ""f737d83410ac41ad1986ff4c4dfbe1bc""})"
"(:VERTEX {memory address: ""7f08556e8000"",size: ""9000"",subtype: ""memory"",tgid: ""189893"",source: ""syscall"",type: ""Artifact"",version: ""17"",hash: ""087de5957ba2be9608963e0e2b22d59c""})"
"(:VERTEX {memory address: ""7f08556d8000"",size: ""10000"",subtype: ""memory"",tgid: ""189893"",source: ""syscall"",type: ""Artifact"",version: ""0"",hash: ""5f2eca8f7d33a1bec6ea1342ca959da1""})"
"(:VERTEX {memory address: ""7f08556d8000"",size: ""10000"",subtype: ""memory"",tgid: ""189893"",source: ""syscall"",type: ""Artifact"",version: ""1"",hash: ""260883fe80b3ed47024b3d7c58bb47c4""})"
"(:VERTEX {memory address: ""7f08556cf000"",size: ""9000"",subtype: ""memory"",tgid: ""189893"",source: ""syscall"",type: ""Artifact"",version: ""30"",hash: ""f58a6567d31f9b0308f9c986c4b0e600""})"
"(:VERTEX {memory address: ""7f08556c6000"",size: ""9000"",subtype: ""memory"",tgid: ""189893"",source: ""syscall"",type: ""Artifact"",version: ""26"",hash: ""5e3227cb4fa78238c0d0becdf7603058""})"
"(:VERTEX {memory address: ""7f08556d8000"",size: ""10000"",subtype: ""memory"",tgid: ""189893"",source: ""syscall"",type: ""Artifact"",version: ""2"",hash: ""519b40b794928f7f8d64a69cebe43f1a""})"
"(:VERTEX {memory address: ""7f08556d8000"",size: ""10000"",subtype: ""memory"",tgid: ""189893"",source: ""syscall"",type: ""Artifact"",version: ""3"",hash: ""74085c9512d28babf4be75554fb88e67""})"
"(:VERTEX {memory address: ""7f08556d8000"",size: ""10000"",subtype: ""memory"",tgid: ""189893"",source: ""syscall"",type: ""Artifact"",version: ""4"",hash: ""c66140e8527561859317fb85cdd1b442""})"
"(:VERTEX {memory address: ""7f08556c7000"",size: ""8000"",subtype: ""memory"",tgid: ""189893"",source: ""syscall"",type: ""Artifact"",version: ""1"",hash: ""8d8725cdb3ba0061a816a29db3e28c08""})"
"(:VERTEX {memory address: ""7f08556d8000"",size: ""10000"",subtype: ""memory"",tgid: ""189893"",source: ""syscall"",type: ""Artifact"",version: ""5"",hash: ""d636fe4e464ca2e22eb7278e9f3f0af2""})"
"(:VERTEX {memory address: ""7f08556d8000"",size: ""10000"",subtype: ""memory"",tgid: ""189893"",source: ""syscall"",type: ""Artifact"",version: ""6"",hash: ""f70851a061f47497041d36ef55f871f7""})"
"(:VERTEX {memory address: ""7f08556d8000"",size: ""10000"",subtype: ""memory"",tgid: ""189893"",source: ""syscall"",type: ""Artifact"",version: ""7"",hash: ""2216b331bdee5734d861c5de1095c106""})"
"(:VERTEX {memory address: ""7f08556d8000"",size: ""10000"",subtype: ""memory"",tgid: ""189893"",source: ""syscall"",type: ""Artifact"",version: ""8"",hash: ""1f75fc8062d83f9cd9ec8dc9ba3826cd""})"
"(:VERTEX {memory address: ""7f08556c6000"",size: ""9000"",subtype: ""memory"",tgid: ""189893"",source: ""syscall"",type: ""Artifact"",version: ""27"",hash: ""58cc3fc0ab3a6f8645771d093dbeb566""})"
"(:VERTEX {memory address: ""7f085771b000"",size: ""10000"",subtype: ""memory"",tgid: ""189893"",source: ""syscall"",type: ""Artifact"",version: ""0"",hash: ""e171f96e044effdfec4b8e81babd131d""})"
"(:VERTEX {memory address: ""7f085771b000"",size: ""10000"",subtype: ""memory"",tgid: ""189893"",source: ""syscall"",type: ""Artifact"",version: ""1"",hash: ""04aa8229262d38f2321f34355d188fca""})"
"(:VERTEX {memory address: ""7f0857759000"",size: ""6000"",subtype: ""memory"",tgid: ""189893"",source: ""syscall"",type: ""Artifact"",version: ""0"",hash: ""d99bb47fc2a70a4161c0a0470d9330ce""})"
"(:VERTEX {memory address: ""7f08556fa000"",size: ""9000"",subtype: ""memory"",tgid: ""189893"",source: ""syscall"",type: ""Artifact"",version: ""20"",hash: ""ec0f956bc21f3b4e03aff401bb2d7f4d""})"
"(:VERTEX {memory address: ""7f08556f1000"",size: ""9000"",subtype: ""memory"",tgid: ""189893"",source: ""syscall"",type: ""Artifact"",version: ""24"",hash: ""32a38d883ee8785994e9b715c4fbea95""})"
"(:VERTEX {memory address: ""7f08556df000"",size: ""9000"",subtype: ""memory"",tgid: ""189893"",source: ""syscall"",type: ""Artifact"",version: ""5"",hash: ""485bf0453758226b304a13dc8c0b4c5c""})"
"(:VERTEX {memory address: ""7f08556d6000"",size: ""9000"",subtype: ""memory"",tgid: ""189893"",source: ""syscall"",type: ""Artifact"",version: ""5"",hash: ""602e293fb3fbc6c22cd2f621849aebf1""})"
"(:VERTEX {memory address: ""7f085780c000"",size: ""4000"",subtype: ""memory"",tgid: ""189893"",source: ""syscall"",type: ""Artifact"",version: ""6"",hash: ""7b5ec5fec8c07022c43823b85e9f2035""})"
"(:VERTEX {memory address: ""7eff8f7b2000"",size: ""101000"",subtype: ""memory"",tgid: ""189122"",source: ""syscall"",type: ""Artifact"",version: ""0"",hash: ""e5f7bee235cf226fedd68af1429154fa""})"
"(:VERTEX {gid: ""1000"",euid: ""1000"",children pid namespace: ""4026533556"",start time: ""1690980799.482"",ns pid: ""40"",pid: ""193047"",source: ""syscall"",type: ""Process"",net namespace: ""4026533070"",ipc namespace: ""4026533497"",ppid: ""189122"",pid namespace: ""4026533556"",cwd: ""/app"",uid: ""1000"",egid: ""1000"",exe: ""/opt/java/openjdk/bin/java"",mount namespace: ""4026533555"",name: ""grpc-nio-worker"",hash: ""e2f0ac8e707ccdd51f86abd0db11c743"",user namespace: ""4026531837""})"
"(:VERTEX {memory address: ""7f085771a000"",size: ""11000"",subtype: ""memory"",tgid: ""189893"",source: ""syscall"",type: ""Artifact"",version: ""0"",hash: ""239de6c14590a14233da7c71aa69719f""})"
"(:VERTEX {memory address: ""7eff8f7b2000"",size: ""4000"",subtype: ""memory"",tgid: ""189122"",source: ""syscall"",type: ""Artifact"",version: ""0"",hash: ""a4ccd3f899277124ffb1a306cdd3fe83""})"
"(:VERTEX {memory address: ""7eff8f7b2000"",size: ""4000"",subtype: ""memory"",tgid: ""189122"",source: ""syscall"",type: ""Artifact"",version: ""1"",hash: ""417f5e6c897f502fd9953d519cd259e1""})"
"(:VERTEX {memory address: ""7f0857723000"",size: ""11000"",subtype: ""memory"",tgid: ""189893"",source: ""syscall"",type: ""Artifact"",version: ""0"",hash: ""38389eab12464fce2d4110a80dc48db6""})"
"(:VERTEX {memory address: ""7f0857723000"",size: ""11000"",subtype: ""memory"",tgid: ""189893"",source: ""syscall"",type: ""Artifact"",version: ""1"",hash: ""d4de64cb37c30ceeb0bc1abe08c0bedc""})"
"(:VERTEX {memory address: ""7f0857723000"",size: ""11000"",subtype: ""memory"",tgid: ""189893"",source: ""syscall"",type: ""Artifact"",version: ""2"",hash: ""f86431f68ce3e6a7b3aeb2998b9d3f85""})"
"(:VERTEX {memory address: ""7f0857723000"",size: ""11000"",subtype: ""memory"",tgid: ""189893"",source: ""syscall"",type: ""Artifact"",version: ""3"",hash: ""ca09e2a26d9d1e27b5cbac4808243ad4""})"
"(:VERTEX {memory address: ""7f0857723000"",size: ""11000"",subtype: ""memory"",tgid: ""189893"",source: ""syscall"",type: ""Artifact"",version: ""4"",hash: ""493ed44f031ed18618073d4c3b7c64f9""})"
"(:VERTEX {memory address: ""7f0857723000"",size: ""11000"",subtype: ""memory"",tgid: ""189893"",source: ""syscall"",type: ""Artifact"",version: ""5"",hash: ""2d38be670a3be26645aca04fd7f25dfc""})"
"(:VERTEX {memory address: ""7f0857723000"",size: ""11000"",subtype: ""memory"",tgid: ""189893"",source: ""syscall"",type: ""Artifact"",version: ""6"",hash: ""e08f0d659d2a8b2c79a6c6a411b755c6""})"
"(:VERTEX {memory address: ""7f0857907000"",size: ""2000"",subtype: ""memory"",tgid: ""189893"",source: ""syscall"",type: ""Artifact"",version: ""0"",hash: ""b1599f71a36134df8e15eac8727a06c9""})"
"(:VERTEX {memory address: ""7f08578b0000"",size: ""9000"",subtype: ""memory"",tgid: ""189893"",source: ""syscall"",type: ""Artifact"",version: ""10"",hash: ""7cd0dd29478662ff377f1283b525afed""})"
"(:VERTEX {memory address: ""7f0857723000"",size: ""11000"",subtype: ""memory"",tgid: ""189893"",source: ""syscall"",type: ""Artifact"",version: ""7"",hash: ""827b74287dfdd29e93588cfc0d701a9b""})"
"(:VERTEX {memory address: ""7f0857818000"",size: ""7000"",subtype: ""memory"",tgid: ""189893"",source: ""syscall"",type: ""Artifact"",version: ""30"",hash: ""dc7446a75118b2831a53ef00f7ee1692""})"
"(:VERTEX {memory address: ""7f085772b000"",size: ""9000"",subtype: ""memory"",tgid: ""189893"",source: ""syscall"",type: ""Artifact"",version: ""51"",hash: ""9b9f87719451b9d729c1d67a06718f9e""})"
"(:VERTEX {memory address: ""7f0857722000"",size: ""9000"",subtype: ""memory"",tgid: ""189893"",source: ""syscall"",type: ""Artifact"",version: ""0"",hash: ""802088f0c6d7c689c764317a2b1856bd""})"
"(:VERTEX {memory address: ""7f0857774000"",size: ""6000"",subtype: ""memory"",tgid: ""189893"",source: ""syscall"",type: ""Artifact"",version: ""0"",hash: ""739695bfcaad37b794d17fb21d103611""})"
"(:VERTEX {memory address: ""7f085771a000"",size: ""11000"",subtype: ""memory"",tgid: ""189893"",source: ""syscall"",type: ""Artifact"",version: ""1"",hash: ""b3904ce835b3ecbb9f2831034301f5d5""})"
"(:VERTEX {memory address: ""7f0857723000"",size: ""11000"",subtype: ""memory"",tgid: ""189893"",source: ""syscall"",type: ""Artifact"",version: ""8"",hash: ""a3f97414194516e0c19cafd975ba2531""})"
"(:VERTEX {memory address: ""7f0857723000"",size: ""11000"",subtype: ""memory"",tgid: ""189893"",source: ""syscall"",type: ""Artifact"",version: ""9"",hash: ""051bef58b3cd8d0c2e7eaa6ae72b2eeb""})"
"(:VERTEX {memory address: ""7f0857723000"",size: ""11000"",subtype: ""memory"",tgid: ""189893"",source: ""syscall"",type: ""Artifact"",version: ""10"",hash: ""f019c2c95b34760661d9ce5b02eef65f""})"
"(:VERTEX {memory address: ""7f0857723000"",size: ""11000"",subtype: ""memory"",tgid: ""189893"",source: ""syscall"",type: ""Artifact"",version: ""11"",hash: ""3447ebfb42e4a528722a5a8b8bf8f8e2""})"
"(:VERTEX {memory address: ""7f0857907000"",size: ""2000"",subtype: ""memory"",tgid: ""189893"",source: ""syscall"",type: ""Artifact"",version: ""1"",hash: ""a2122c2b959aff1a524406ebefa5672c""})"
"(:VERTEX {memory address: ""7f08578b0000"",size: ""9000"",subtype: ""memory"",tgid: ""189893"",source: ""syscall"",type: ""Artifact"",version: ""11"",hash: ""d2ab2e06565fcca066abcb9a359c83d2""})"
"(:VERTEX {memory address: ""7f0857818000"",size: ""7000"",subtype: ""memory"",tgid: ""189893"",source: ""syscall"",type: ""Artifact"",version: ""31"",hash: ""b506d5b11028568063b35877070feb64""})"
"(:VERTEX {memory address: ""7f08578ea000"",size: ""2000"",subtype: ""memory"",tgid: ""189893"",source: ""syscall"",type: ""Artifact"",version: ""8"",hash: ""d98d7085cff8864ed79c5dee4dcd0d07""})"
"(:VERTEX {memory address: ""7f08578ae000"",size: ""2000"",subtype: ""memory"",tgid: ""189893"",source: ""syscall"",type: ""Artifact"",version: ""3"",hash: ""4fd8d92905cc69e5fe8bb1423703c92f""})"
"(:VERTEX {memory address: ""7f0857773000"",size: ""7000"",subtype: ""memory"",tgid: ""189893"",source: ""syscall"",type: ""Artifact"",version: ""1"",hash: ""b0c14194411cd37fa9313db83755224a""})"
"(:VERTEX {memory address: ""7f085772b000"",size: ""9000"",subtype: ""memory"",tgid: ""189893"",source: ""syscall"",type: ""Artifact"",version: ""52"",hash: ""29e7ec43cf63efea00fe487397136ed1""})"
"(:VERTEX {memory address: ""7f0857722000"",size: ""9000"",subtype: ""memory"",tgid: ""189893"",source: ""syscall"",type: ""Artifact"",version: ""1"",hash: ""7e5b29f6938dd15e32d02dc81d9f67df""})"
"(:VERTEX {memory address: ""7f0857719000"",size: ""9000"",subtype: ""memory"",tgid: ""189893"",source: ""syscall"",type: ""Artifact"",version: ""0"",hash: ""ad8fc881893e27bea89f115dd66716c9""})"
"(:VERTEX {memory address: ""7f08578ad000"",size: ""1000"",subtype: ""memory"",tgid: ""189893"",source: ""syscall"",type: ""Artifact"",version: ""0"",hash: ""7da75735f434e28d8736ef2fa097eb1c""})"
"(:VERTEX {memory address: ""7f08556fa000"",size: ""9000"",subtype: ""memory"",tgid: ""189893"",source: ""syscall"",type: ""Artifact"",version: ""21"",hash: ""210145f56635d4402428cae0e970584e""})"
"(:VERTEX {memory address: ""7f08556f1000"",size: ""9000"",subtype: ""memory"",tgid: ""189893"",source: ""syscall"",type: ""Artifact"",version: ""25"",hash: ""63f797c593ffc8fb7eb00bebc3d25b9a""})"
"(:VERTEX {memory address: ""7f08556e8000"",size: ""9000"",subtype: ""memory"",tgid: ""189893"",source: ""syscall"",type: ""Artifact"",version: ""18"",hash: ""fdceaecf1b0913f7191ede86a2d38630""})"
"(:VERTEX {memory address: ""7f08556df000"",size: ""9000"",subtype: ""memory"",tgid: ""189893"",source: ""syscall"",type: ""Artifact"",version: ""6"",hash: ""0c36d53b76336ed3f00dc511ad5471fc""})"
"(:VERTEX {memory address: ""7f08556d6000"",size: ""9000"",subtype: ""memory"",tgid: ""189893"",source: ""syscall"",type: ""Artifact"",version: ""6"",hash: ""64fb0dfc3e1e285984384e21d567f3da""})"
"(:VERTEX {memory address: ""7f0857759000"",size: ""6000"",subtype: ""memory"",tgid: ""189893"",source: ""syscall"",type: ""Artifact"",version: ""1"",hash: ""663eaac5c2cdb01b4241d9a5cda6ec0e""})"
"(:VERTEX {memory address: ""7f0857758000"",size: ""7000"",subtype: ""memory"",tgid: ""189893"",source: ""syscall"",type: ""Artifact"",version: ""0"",hash: ""12e3e7fbd0765bd7f863f2220350af2a""})"
"(:VERTEX {memory address: ""7f08556cd000"",size: ""9000"",subtype: ""memory"",tgid: ""189893"",source: ""syscall"",type: ""Artifact"",version: ""5"",hash: ""fee26485688d0905b011e9ec1264fd11""})"
"(:VERTEX {memory address: ""7f08556c4000"",size: ""9000"",subtype: ""memory"",tgid: ""189893"",source: ""syscall"",type: ""Artifact"",version: ""4"",hash: ""d4829aea0dfcb8389ff50086f55c8425""})"
"(:VERTEX {memory address: ""7f085780b000"",size: ""5000"",subtype: ""memory"",tgid: ""189893"",source: ""syscall"",type: ""Artifact"",version: ""0"",hash: ""84cc47dc44cbfed148f3e11e8ce08d65""})"
"(:VERTEX {memory address: ""7f08556cd000"",size: ""9000"",subtype: ""memory"",tgid: ""189893"",source: ""syscall"",type: ""Artifact"",version: ""6"",hash: ""9481783253b4aa40ceba295f49d66e83""})"
"(:VERTEX {memory address: ""7f08556fa000"",size: ""9000"",subtype: ""memory"",tgid: ""189893"",source: ""syscall"",type: ""Artifact"",version: ""22"",hash: ""33215b6df0909e49f8018bb41af65a60""})"
"(:VERTEX {memory address: ""7f08556c6000"",size: ""10000"",subtype: ""memory"",tgid: ""189893"",source: ""syscall"",type: ""Artifact"",version: ""2"",hash: ""62ab2faff54e433b4cba0dfa781aafb5""})"
"(:VERTEX {memory address: ""7f0857759000"",size: ""6000"",subtype: ""memory"",tgid: ""189893"",source: ""syscall"",type: ""Artifact"",version: ""2"",hash: ""c740675fd4fb0f863cc3e7f0dff0d29f""})"
"(:VERTEX {memory address: ""7f08556b4000"",size: ""9000"",subtype: ""memory"",tgid: ""189893"",source: ""syscall"",type: ""Artifact"",version: ""16"",hash: ""2ec7b2e0f6449dcbbab0e2a3b93ee135""})"
"(:VERTEX {memory address: ""7f08556a5000"",size: ""6000"",subtype: ""memory"",tgid: ""189893"",source: ""syscall"",type: ""Artifact"",version: ""0"",hash: ""4437c7e696760e24117ea86bbd19b223""})"
"(:VERTEX {memory address: ""7f08556a5000"",size: ""6000"",subtype: ""memory"",tgid: ""189893"",source: ""syscall"",type: ""Artifact"",version: ""1"",hash: ""dc8719ee07a834d1d4b4ec111a655956""})"
"(:VERTEX {memory address: ""7f085569f000"",size: ""6000"",subtype: ""memory"",tgid: ""189893"",source: ""syscall"",type: ""Artifact"",version: ""0"",hash: ""6421fdebfc2f050bcddb8e6ff2fe7797""})"
"(:VERTEX {memory address: ""7f0855695000"",size: ""10000"",subtype: ""memory"",tgid: ""189893"",source: ""syscall"",type: ""Artifact"",version: ""0"",hash: ""124865e13ecef19e0b32f894292dbcba""})"
"(:VERTEX {memory address: ""7f0855695000"",size: ""10000"",subtype: ""memory"",tgid: ""189893"",source: ""syscall"",type: ""Artifact"",version: ""1"",hash: ""4208dbada4049ab82b476660489a1e7b""})"
"(:VERTEX {memory address: ""7f08556ab000"",size: ""9000"",subtype: ""memory"",tgid: ""189893"",source: ""syscall"",type: ""Artifact"",version: ""28"",hash: ""d81f14b47feffdbbfb01d36c0071acb5""})"
"(:VERTEX {memory address: ""7f08556bd000"",size: ""9000"",subtype: ""memory"",tgid: ""189893"",source: ""syscall"",type: ""Artifact"",version: ""14"",hash: ""9069b511f0bf952b4e1ad0539425d9fb""})"
"(:VERTEX {memory address: ""7f08556ae000"",size: ""6000"",subtype: ""memory"",tgid: ""189893"",source: ""syscall"",type: ""Artifact"",version: ""0"",hash: ""e5cf78f6fee4228eae4dcc259a0332d9""})"
"(:VERTEX {memory address: ""7f08556a8000"",size: ""6000"",subtype: ""memory"",tgid: ""189893"",source: ""syscall"",type: ""Artifact"",version: ""0"",hash: ""8b77cc5fda8d1a5835a4ffd9e3f99a2b""})"
"(:VERTEX {memory address: ""7f08556b4000"",size: ""9000"",subtype: ""memory"",tgid: ""189893"",source: ""syscall"",type: ""Artifact"",version: ""17"",hash: ""feb2830441e58cffbf3b23d5ff7533cc""})"
"(:VERTEX {memory address: ""7f08556b4000"",size: ""9000"",subtype: ""memory"",tgid: ""189893"",source: ""syscall"",type: ""Artifact"",version: ""18"",hash: ""31ea6f3612a50d131edbe03a5bb4160e""})"
"(:VERTEX {memory address: ""7f08556ab000"",size: ""9000"",subtype: ""memory"",tgid: ""189893"",source: ""syscall"",type: ""Artifact"",version: ""29"",hash: ""df2b5b0935553bcb1bcef25f2694e45a""})"
"(:VERTEX {memory address: ""7f08556a2000"",size: ""9000"",subtype: ""memory"",tgid: ""189893"",source: ""syscall"",type: ""Artifact"",version: ""9"",hash: ""b4d03355f63100ad9dd2de29f4919395""})"
"(:VERTEX {memory address: ""7f0855699000"",size: ""9000"",subtype: ""memory"",tgid: ""189893"",source: ""syscall"",type: ""Artifact"",version: ""8"",hash: ""86dfb344809e37872dfbe8dd718eb6d1""})"
"(:VERTEX {memory address: ""7f0855690000"",size: ""9000"",subtype: ""memory"",tgid: ""189893"",source: ""syscall"",type: ""Artifact"",version: ""15"",hash: ""e1f6bcf409b44b784ba5f845df4fbe1f""})"
"(:VERTEX {memory address: ""7f08556fa000"",size: ""9000"",subtype: ""memory"",tgid: ""189893"",source: ""syscall"",type: ""Artifact"",version: ""23"",hash: ""a532a1628cb916abed46519d1c812da4""})"
"(:VERTEX {memory address: ""7f08556a3000"",size: ""11000"",subtype: ""memory"",tgid: ""189893"",source: ""syscall"",type: ""Artifact"",version: ""0"",hash: ""e2b2ca2eac30c091a70955f416c80ba4""})"
"(:VERTEX {memory address: ""7f08556fa000"",size: ""9000"",subtype: ""memory"",tgid: ""189893"",source: ""syscall"",type: ""Artifact"",version: ""24"",hash: ""fa93d0f38976825e8c6c50bfacff54f8""})"
"(:VERTEX {memory address: ""7f08556f1000"",size: ""9000"",subtype: ""memory"",tgid: ""189893"",source: ""syscall"",type: ""Artifact"",version: ""26"",hash: ""199b7d5716628859c32f87f4f44c6e3c""})"
"(:VERTEX {memory address: ""7f08556d6000"",size: ""9000"",subtype: ""memory"",tgid: ""189893"",source: ""syscall"",type: ""Artifact"",version: ""7"",hash: ""b298574c36a230cf54205efa40f6f490""})"
"(:VERTEX {memory address: ""7f08556f2000"",size: ""11000"",subtype: ""memory"",tgid: ""189893"",source: ""syscall"",type: ""Artifact"",version: ""529"",hash: ""ca95fd8bd6037ef23fe3e15ca9e6b429""})"
"(:VERTEX {memory address: ""7f08556fd000"",size: ""6000"",subtype: ""memory"",tgid: ""189893"",source: ""syscall"",type: ""Artifact"",version: ""1"",hash: ""4c20583edccb736947fe19f8904d355b""})"
"(:VERTEX {memory address: ""7f08556fa000"",size: ""9000"",subtype: ""memory"",tgid: ""189893"",source: ""syscall"",type: ""Artifact"",version: ""25"",hash: ""2ae2efa1a254334d81af70827dcad201""})"
"(:VERTEX {memory address: ""7f08556f1000"",size: ""9000"",subtype: ""memory"",tgid: ""189893"",source: ""syscall"",type: ""Artifact"",version: ""27"",hash: ""168c964a977b146397aa59e2151bd42e""})"
"(:VERTEX {memory address: ""7f08556d6000"",size: ""9000"",subtype: ""memory"",tgid: ""189893"",source: ""syscall"",type: ""Artifact"",version: ""8"",hash: ""ae94066b6085083a70f2d30a033bab32""})"
"(:VERTEX {memory address: ""7f08556c5000"",size: ""11000"",subtype: ""memory"",tgid: ""189893"",source: ""syscall"",type: ""Artifact"",version: ""0"",hash: ""84ce8f4f347fbc76b0816a464a7296f0""})"
"(:VERTEX {memory address: ""7f08578eb000"",size: ""1000"",subtype: ""memory"",tgid: ""189893"",source: ""syscall"",type: ""Artifact"",version: ""10"",hash: ""5cae2b0ee1cab768ee6b639ab245c228""})"
"(:VERTEX {memory address: ""7f0857723000"",size: ""11000"",subtype: ""memory"",tgid: ""189893"",source: ""syscall"",type: ""Artifact"",version: ""12"",hash: ""91f2c8666b13dbdbcf9c29474d915b95""})"
"(:VERTEX {memory address: ""7f0857907000"",size: ""2000"",subtype: ""memory"",tgid: ""189893"",source: ""syscall"",type: ""Artifact"",version: ""2"",hash: ""fea25db599bcfdddf98cadd10c39b1b2""})"
"(:VERTEX {memory address: ""7f0857723000"",size: ""11000"",subtype: ""memory"",tgid: ""189893"",source: ""syscall"",type: ""Artifact"",version: ""13"",hash: ""c935c8f12f49253be15a6726f1ccb5b6""})"
"(:VERTEX {memory address: ""7f0857723000"",size: ""11000"",subtype: ""memory"",tgid: ""189893"",source: ""syscall"",type: ""Artifact"",version: ""14"",hash: ""7047228436cc65fcb2717a217f6aa4ff""})"
"(:VERTEX {memory address: ""7f0857907000"",size: ""2000"",subtype: ""memory"",tgid: ""189893"",source: ""syscall"",type: ""Artifact"",version: ""3"",hash: ""68c1f270cd95bdb277878b8f910fcd81""})"
"(:VERTEX {memory address: ""7f0857723000"",size: ""11000"",subtype: ""memory"",tgid: ""189893"",source: ""syscall"",type: ""Artifact"",version: ""15"",hash: ""2370aaff88b875c0ca0b4f74a3c6058f""})"
"(:VERTEX {memory address: ""7f0857723000"",size: ""11000"",subtype: ""memory"",tgid: ""189893"",source: ""syscall"",type: ""Artifact"",version: ""16"",hash: ""a33b02f412bd9dfadc34b9eb83605352""})"
"(:VERTEX {memory address: ""7f0857907000"",size: ""2000"",subtype: ""memory"",tgid: ""189893"",source: ""syscall"",type: ""Artifact"",version: ""4"",hash: ""00b9da54c59cdb04af1dfdb6a0d47b78""})"
"(:VERTEX {memory address: ""7f08578b0000"",size: ""9000"",subtype: ""memory"",tgid: ""189893"",source: ""syscall"",type: ""Artifact"",version: ""12"",hash: ""9551c99d7f74d9017df5a65a95efad65""})"
"(:VERTEX {memory address: ""7f0857818000"",size: ""7000"",subtype: ""memory"",tgid: ""189893"",source: ""syscall"",type: ""Artifact"",version: ""32"",hash: ""4b3e9e1f2b1445069b3d82dac8293cb3""})"
"(:VERTEX {memory address: ""7f0857774000"",size: ""6000"",subtype: ""memory"",tgid: ""189893"",source: ""syscall"",type: ""Artifact"",version: ""1"",hash: ""e6c83b24a00f46fad28545e33f1f9762""})"
"(:VERTEX {memory address: ""7f085772b000"",size: ""9000"",subtype: ""memory"",tgid: ""189893"",source: ""syscall"",type: ""Artifact"",version: ""53"",hash: ""ffb817b6e0e3884d2823dc9b1cfb8468""})"
"(:VERTEX {memory address: ""7f08556fa000"",size: ""9000"",subtype: ""memory"",tgid: ""189893"",source: ""syscall"",type: ""Artifact"",version: ""26"",hash: ""ddf1f581484df690aa4a5a8982daef6f""})"
"(:VERTEX {memory address: ""7f08556e9000"",size: ""11000"",subtype: ""memory"",tgid: ""189893"",source: ""syscall"",type: ""Artifact"",version: ""5"",hash: ""3d58f9b3ec80f08e4e3c2fab5346eac2""})"
"(:VERTEX {memory address: ""7f08578ea000"",size: ""2000"",subtype: ""memory"",tgid: ""189893"",source: ""syscall"",type: ""Artifact"",version: ""9"",hash: ""64d0162f808b38aed59349e146ba7df2""})"
"(:VERTEX {memory address: ""7f08556f1000"",size: ""9000"",subtype: ""memory"",tgid: ""189893"",source: ""syscall"",type: ""Artifact"",version: ""28"",hash: ""443d1486f524ca531461890cb6f796d9""})"
"(:VERTEX {memory address: ""7f08556e8000"",size: ""9000"",subtype: ""memory"",tgid: ""189893"",source: ""syscall"",type: ""Artifact"",version: ""19"",hash: ""6210cc6cf0f278c83ccb961e0e2382e0""})"
"(:VERTEX {memory address: ""7f08556df000"",size: ""9000"",subtype: ""memory"",tgid: ""189893"",source: ""syscall"",type: ""Artifact"",version: ""7"",hash: ""6cdaae667c9dfb9ce85d61900cec3c5c""})"
"(:VERTEX {memory address: ""7f08556d6000"",size: ""9000"",subtype: ""memory"",tgid: ""189893"",source: ""syscall"",type: ""Artifact"",version: ""9"",hash: ""11f717d0e7eb3d2d277e97b05322b857""})"
"(:VERTEX {memory address: ""7f08556fa000"",size: ""9000"",subtype: ""memory"",tgid: ""189893"",source: ""syscall"",type: ""Artifact"",version: ""27"",hash: ""557f9e3cc08a7226ddd55d2dbdef4f1e""})"
"(:VERTEX {memory address: ""7f0857772000"",size: ""8000"",subtype: ""memory"",tgid: ""189893"",source: ""syscall"",type: ""Artifact"",version: ""0"",hash: ""52dfc4d6f6cb2c718007ccaf34619857""})"
"(:VERTEX {memory address: ""7f08556e8000"",size: ""9000"",subtype: ""memory"",tgid: ""189893"",source: ""syscall"",type: ""Artifact"",version: ""20"",hash: ""0569722ae8b96e40f90fd0c17f5cae84""})"
"(:VERTEX {memory address: ""7f08556cd000"",size: ""9000"",subtype: ""memory"",tgid: ""189893"",source: ""syscall"",type: ""Artifact"",version: ""7"",hash: ""706952fdfdddbf31c7483ef1eceba5e0""})"
"(:VERTEX {memory address: ""7f08556c4000"",size: ""9000"",subtype: ""memory"",tgid: ""189893"",source: ""syscall"",type: ""Artifact"",version: ""5"",hash: ""187fd4d4a240e8585ad6b706ee529281""})"
"(:VERTEX {memory address: ""7f08556bb000"",size: ""9000"",subtype: ""memory"",tgid: ""189893"",source: ""syscall"",type: ""Artifact"",version: ""2"",hash: ""4e4c093d41f6b339701a97ab1a66e03b""})"
"(:VERTEX {memory address: ""7f08556e8000"",size: ""9000"",subtype: ""memory"",tgid: ""189893"",source: ""syscall"",type: ""Artifact"",version: ""21"",hash: ""787463836bfbd01d1a01140202963522""})"
"(:VERTEX {memory address: ""7f085780c000"",size: ""4000"",subtype: ""memory"",tgid: ""189893"",source: ""syscall"",type: ""Artifact"",version: ""7"",hash: ""63a2b881ce97122fe6d7c91cd41c9a77""})"
"(:VERTEX {memory address: ""7f0857772000"",size: ""8000"",subtype: ""memory"",tgid: ""189893"",source: ""syscall"",type: ""Artifact"",version: ""1"",hash: ""b81b39efb88b0bdbaac356c52c1d3677""})"
"(:VERTEX {memory address: ""7f08556e8000"",size: ""9000"",subtype: ""memory"",tgid: ""189893"",source: ""syscall"",type: ""Artifact"",version: ""22"",hash: ""daf21dbc5688d51dad795b0442b411f9""})"
"(:VERTEX {memory address: ""7f0857774000"",size: ""6000"",subtype: ""memory"",tgid: ""189893"",source: ""syscall"",type: ""Artifact"",version: ""2"",hash: ""324c09e9a994ffc4c8b9938b1c9e7fcf""})"
"(:VERTEX {memory address: ""7f08556cd000"",size: ""9000"",subtype: ""memory"",tgid: ""189893"",source: ""syscall"",type: ""Artifact"",version: ""8"",hash: ""51ab1c29db95041df7197a16bda84d37""})"
"(:VERTEX {memory address: ""7f08556cd000"",size: ""9000"",subtype: ""memory"",tgid: ""189893"",source: ""syscall"",type: ""Artifact"",version: ""9"",hash: ""6004d9466ede29ad063f38fe0205874a""})"
"(:VERTEX {memory address: ""7f08556c4000"",size: ""9000"",subtype: ""memory"",tgid: ""189893"",source: ""syscall"",type: ""Artifact"",version: ""6"",hash: ""2eb8b43ed6a444880790c1c88a9dd72e""})"
"(:VERTEX {memory address: ""7f08556bb000"",size: ""9000"",subtype: ""memory"",tgid: ""189893"",source: ""syscall"",type: ""Artifact"",version: ""3"",hash: ""1013b099e2d65189cc81b58f676e2ceb""})"
"(:VERTEX {memory address: ""7f08556b2000"",size: ""9000"",subtype: ""memory"",tgid: ""189893"",source: ""syscall"",type: ""Artifact"",version: ""3"",hash: ""a0b52b7d47fe8161d0318f4d7a8bc708""})"
"(:VERTEX {memory address: ""7f08556a9000"",size: ""9000"",subtype: ""memory"",tgid: ""189893"",source: ""syscall"",type: ""Artifact"",version: ""1"",hash: ""b6b7565d3204d08c95516b816d1b0cdc""})"
"(:VERTEX {memory address: ""7f08556cd000"",size: ""9000"",subtype: ""memory"",tgid: ""189893"",source: ""syscall"",type: ""Artifact"",version: ""10"",hash: ""82be63b54cf310574fab4f1d81df8578""})"
"(:VERTEX {memory address: ""7f08556c9000"",size: ""d000"",subtype: ""memory"",tgid: ""189893"",source: ""syscall"",type: ""Artifact"",version: ""0"",hash: ""06bac35d1772f27e4912230fd9c35e85""})"
"(:VERTEX {memory address: ""7f08556c0000"",size: ""9000"",subtype: ""memory"",tgid: ""189893"",source: ""syscall"",type: ""Artifact"",version: ""0"",hash: ""27fda0255e135a4dd4659d59c37faa5c""})"
"(:VERTEX {memory address: ""7f08556cd000"",size: ""9000"",subtype: ""memory"",tgid: ""189893"",source: ""syscall"",type: ""Artifact"",version: ""11"",hash: ""1c879d24f853940b042b5010cd9cd61f""})"
"(:VERTEX {memory address: ""7f08556c4000"",size: ""9000"",subtype: ""memory"",tgid: ""189893"",source: ""syscall"",type: ""Artifact"",version: ""7"",hash: ""56a221cf465b443d613fa077615dbe4d""})"
"(:VERTEX {memory address: ""7f08556bb000"",size: ""9000"",subtype: ""memory"",tgid: ""189893"",source: ""syscall"",type: ""Artifact"",version: ""4"",hash: ""21ac446638b2d4bda619aeccdf7fe71f""})"
"(:VERTEX {memory address: ""7f08556a0000"",size: ""9000"",subtype: ""memory"",tgid: ""189893"",source: ""syscall"",type: ""Artifact"",version: ""7"",hash: ""47774ee3cf97a3e9c5d0df86f4a14e1a""})"
"(:VERTEX {memory address: ""7f08556c4000"",size: ""9000"",subtype: ""memory"",tgid: ""189893"",source: ""syscall"",type: ""Artifact"",version: ""8"",hash: ""7822a5ebaff77228419182813aaeeb92""})"
"(:VERTEX {memory address: ""7f08556bb000"",size: ""9000"",subtype: ""memory"",tgid: ""189893"",source: ""syscall"",type: ""Artifact"",version: ""5"",hash: ""921de5917e40c1825853fa964724af34""})"
"(:VERTEX {memory address: ""7f0855697000"",size: ""9000"",subtype: ""memory"",tgid: ""189893"",source: ""syscall"",type: ""Artifact"",version: ""3"",hash: ""e581d2a37f6ac4588d3cd9e6f9b812fb""})"
"(:VERTEX {memory address: ""7f085568e000"",size: ""9000"",subtype: ""memory"",tgid: ""189893"",source: ""syscall"",type: ""Artifact"",version: ""2"",hash: ""defb280465b1b08cb9ec84177bd51047""})"
"(:VERTEX {memory address: ""7f0855685000"",size: ""9000"",subtype: ""memory"",tgid: ""189893"",source: ""syscall"",type: ""Artifact"",version: ""1"",hash: ""f8e5c5c2e34f25f22036adf6642828de""})"
"(:VERTEX {memory address: ""7f085772b000"",size: ""9000"",subtype: ""memory"",tgid: ""189893"",source: ""syscall"",type: ""Artifact"",version: ""54"",hash: ""0a5bd461e94a4b216b3baab122747d0b""})"
"(:VERTEX {memory address: ""7f0857722000"",size: ""9000"",subtype: ""memory"",tgid: ""189893"",source: ""syscall"",type: ""Artifact"",version: ""2"",hash: ""dfb3cdc127be6eebd788785b60f4eb11""})"
"(:VERTEX {memory address: ""7f08556fa000"",size: ""9000"",subtype: ""memory"",tgid: ""189893"",source: ""syscall"",type: ""Artifact"",version: ""28"",hash: ""c2ac848ba16073f802eb7ffbc93dbc87""})"
"(:VERTEX {memory address: ""7f08556f1000"",size: ""9000"",subtype: ""memory"",tgid: ""189893"",source: ""syscall"",type: ""Artifact"",version: ""29"",hash: ""c22a40437c1c4a6839e7891d3c04f876""})"
"(:VERTEX {memory address: ""7f08556e8000"",size: ""9000"",subtype: ""memory"",tgid: ""189893"",source: ""syscall"",type: ""Artifact"",version: ""23"",hash: ""d4ab477e97c05dcd7ab4bfce80e46876""})"
"(:VERTEX {memory address: ""7f08556df000"",size: ""9000"",subtype: ""memory"",tgid: ""189893"",source: ""syscall"",type: ""Artifact"",version: ""8"",hash: ""82ce93c7eed75b391424d045cd7c6781""})"
"(:VERTEX {memory address: ""7f08556cd000"",size: ""9000"",subtype: ""memory"",tgid: ""189893"",source: ""syscall"",type: ""Artifact"",version: ""12"",hash: ""0813a991cb8291d49c3b88c2e9666a14""})"
"(:VERTEX {memory address: ""7f08556bb000"",size: ""9000"",subtype: ""memory"",tgid: ""189893"",source: ""syscall"",type: ""Artifact"",version: ""6"",hash: ""4213a2c1949813e6b64012ebfb22799c""})"
"(:VERTEX {memory address: ""7f0857723000"",size: ""11000"",subtype: ""memory"",tgid: ""189893"",source: ""syscall"",type: ""Artifact"",version: ""17"",hash: ""b8512ef3395a581edd9441cb032b0501""})"
"(:VERTEX {memory address: ""7f0857907000"",size: ""2000"",subtype: ""memory"",tgid: ""189893"",source: ""syscall"",type: ""Artifact"",version: ""5"",hash: ""497987fa7bf59a6200232f4c6e90610c""})"
"(:VERTEX {memory address: ""7f08578b0000"",size: ""9000"",subtype: ""memory"",tgid: ""189893"",source: ""syscall"",type: ""Artifact"",version: ""13"",hash: ""dc5a457db622de5afd2ec0fb23739c75""})"
"(:VERTEX {memory address: ""7f0857818000"",size: ""7000"",subtype: ""memory"",tgid: ""189893"",source: ""syscall"",type: ""Artifact"",version: ""33"",hash: ""91604dbcf4b93828ace7680852a8b81f""})"
"(:VERTEX {memory address: ""7f085772b000"",size: ""9000"",subtype: ""memory"",tgid: ""189893"",source: ""syscall"",type: ""Artifact"",version: ""55"",hash: ""6aff04b774227736c9b64647bc959755""})"
"(:VERTEX {memory address: ""7f0857722000"",size: ""9000"",subtype: ""memory"",tgid: ""189893"",source: ""syscall"",type: ""Artifact"",version: ""3"",hash: ""c2c26c27d1b6770abd32e8c4fe205a92""})"
"(:VERTEX {memory address: ""7f0857719000"",size: ""9000"",subtype: ""memory"",tgid: ""189893"",source: ""syscall"",type: ""Artifact"",version: ""1"",hash: ""53586c6279ea7e25e237007296af6d6b""})"
"(:VERTEX {memory address: ""7f08556fa000"",size: ""9000"",subtype: ""memory"",tgid: ""189893"",source: ""syscall"",type: ""Artifact"",version: ""29"",hash: ""c42264f701ff8ae6d891b98a6df3714d""})"
"(:VERTEX {memory address: ""7f08556f1000"",size: ""9000"",subtype: ""memory"",tgid: ""189893"",source: ""syscall"",type: ""Artifact"",version: ""30"",hash: ""5647f7b38349252b02e3439e3832922d""})"
"(:VERTEX {memory address: ""7f08578ea000"",size: ""2000"",subtype: ""memory"",tgid: ""189893"",source: ""syscall"",type: ""Artifact"",version: ""10"",hash: ""610f767231fb6fa803b64c5e42fc73c2""})"
"(:VERTEX {memory address: ""7f08556fa000"",size: ""9000"",subtype: ""memory"",tgid: ""189893"",source: ""syscall"",type: ""Artifact"",version: ""30"",hash: ""df2a88d566dbcd41e68895c028475890""})"
"(:VERTEX {memory address: ""7f0857772000"",size: ""8000"",subtype: ""memory"",tgid: ""189893"",source: ""syscall"",type: ""Artifact"",version: ""2"",hash: ""e8c7be57bb9a2206672e512612b9ae7b""})"
"(:VERTEX {memory address: ""7f08556e8000"",size: ""9000"",subtype: ""memory"",tgid: ""189893"",source: ""syscall"",type: ""Artifact"",version: ""24"",hash: ""10eac8439a21bf42a66b4afc390e1daa""})"
"(:VERTEX {memory address: ""7f08556df000"",size: ""9000"",subtype: ""memory"",tgid: ""189893"",source: ""syscall"",type: ""Artifact"",version: ""9"",hash: ""3e8eaa08a53e22f8a46cefc4f8d0d7e8""})"
"(:VERTEX {memory address: ""7f08556d6000"",size: ""9000"",subtype: ""memory"",tgid: ""189893"",source: ""syscall"",type: ""Artifact"",version: ""10"",hash: ""0126d8ac831d3a659b249938b1fb58ab""})"
"(:VERTEX {memory address: ""7f08556e8000"",size: ""9000"",subtype: ""memory"",tgid: ""189893"",source: ""syscall"",type: ""Artifact"",version: ""25"",hash: ""414ff54d341ae17711a5f4a29a43324e""})"
"(:VERTEX {memory address: ""7f085780c000"",size: ""4000"",subtype: ""memory"",tgid: ""189893"",source: ""syscall"",type: ""Artifact"",version: ""8"",hash: ""66db7573a5823926411d796733178011""})"
"(:VERTEX {memory address: ""7f0857773000"",size: ""7000"",subtype: ""memory"",tgid: ""189893"",source: ""syscall"",type: ""Artifact"",version: ""2"",hash: ""0c184f335f5ce8f62cd5a8b56f69a04d""})"
"(:VERTEX {memory address: ""7f08556e8000"",size: ""9000"",subtype: ""memory"",tgid: ""189893"",source: ""syscall"",type: ""Artifact"",version: ""26"",hash: ""725ae9a7dabc0c07323e08f96f46c9fa""})"
"(:VERTEX {memory address: ""7f08556df000"",size: ""9000"",subtype: ""memory"",tgid: ""189893"",source: ""syscall"",type: ""Artifact"",version: ""10"",hash: ""c889b241278618e76fadc68db8855a7b""})"
"(:VERTEX {memory address: ""7f08556d6000"",size: ""9000"",subtype: ""memory"",tgid: ""189893"",source: ""syscall"",type: ""Artifact"",version: ""11"",hash: ""b9543d6e676951a74dce02ef3e6e69ec""})"
"(:VERTEX {memory address: ""7f08556df000"",size: ""9000"",subtype: ""memory"",tgid: ""189893"",source: ""syscall"",type: ""Artifact"",version: ""11"",hash: ""620aea1fd53dff710833de0535de69a5""})"
"(:VERTEX {memory address: ""7f08556de000"",size: ""a000"",subtype: ""memory"",tgid: ""189893"",source: ""syscall"",type: ""Artifact"",version: ""0"",hash: ""359c46d742e0c02b246e362149c51f79""})"
"(:VERTEX {memory address: ""7f08556d5000"",size: ""9000"",subtype: ""memory"",tgid: ""189893"",source: ""syscall"",type: ""Artifact"",version: ""0"",hash: ""ec463d7ef6d617f61689755298b7ace3""})"
"(:VERTEX {memory address: ""7f08556df000"",size: ""9000"",subtype: ""memory"",tgid: ""189893"",source: ""syscall"",type: ""Artifact"",version: ""12"",hash: ""a9c0b8b5e0193a1b0ef06bc6ff70aae2""})"
"(:VERTEX {memory address: ""7f0857772000"",size: ""8000"",subtype: ""memory"",tgid: ""189893"",source: ""syscall"",type: ""Artifact"",version: ""3"",hash: ""4536ebe1f81f0285587aa8183e8e9e4b""})"
"(:VERTEX {memory address: ""7f08556d6000"",size: ""9000"",subtype: ""memory"",tgid: ""189893"",source: ""syscall"",type: ""Artifact"",version: ""12"",hash: ""262a1ba050872b34f174ca2a1a74d245""})"
"(:VERTEX {memory address: ""7f08556cd000"",size: ""9000"",subtype: ""memory"",tgid: ""189893"",source: ""syscall"",type: ""Artifact"",version: ""13"",hash: ""1e92ad8115eb8b5f6b246fae1555ddc1""})"
"(:VERTEX {memory address: ""7f08556c4000"",size: ""9000"",subtype: ""memory"",tgid: ""189893"",source: ""syscall"",type: ""Artifact"",version: ""9"",hash: ""df9bd8c750a632ffd1ad3e0073b05bb9""})"
"(:VERTEX {memory address: ""7f08556bb000"",size: ""9000"",subtype: ""memory"",tgid: ""189893"",source: ""syscall"",type: ""Artifact"",version: ""7"",hash: ""fbbecb94bdd9a216d13f6911419a235f""})"
"(:VERTEX {memory address: ""7f08556b2000"",size: ""9000"",subtype: ""memory"",tgid: ""189893"",source: ""syscall"",type: ""Artifact"",version: ""4"",hash: ""46ed9389973cc8b5b627cea1af3f6605""})"
"(:VERTEX {memory address: ""7f08556cd000"",size: ""9000"",subtype: ""memory"",tgid: ""189893"",source: ""syscall"",type: ""Artifact"",version: ""14"",hash: ""cd9f3edfadafed9b41857b100abbd556""})"
"(:VERTEX {memory address: ""7f08556c4000"",size: ""9000"",subtype: ""memory"",tgid: ""189893"",source: ""syscall"",type: ""Artifact"",version: ""10"",hash: ""31cee161d92b064996a4ba0d08274b1c""})"
"(:VERTEX {memory address: ""7f08556bb000"",size: ""9000"",subtype: ""memory"",tgid: ""189893"",source: ""syscall"",type: ""Artifact"",version: ""8"",hash: ""6d0d2b65f212e51da18f051ef6276701""})"
"(:VERTEX {memory address: ""7f085772b000"",size: ""9000"",subtype: ""memory"",tgid: ""189893"",source: ""syscall"",type: ""Artifact"",version: ""56"",hash: ""a49ac61aede9fd959c3103ecd3392711""})"
"(:VERTEX {memory address: ""7f0857719000"",size: ""9000"",subtype: ""memory"",tgid: ""189893"",source: ""syscall"",type: ""Artifact"",version: ""2"",hash: ""0509db0166d737d8f76ca17e06f19e9e""})"
"(:VERTEX {memory address: ""7f08556fa000"",size: ""9000"",subtype: ""memory"",tgid: ""189893"",source: ""syscall"",type: ""Artifact"",version: ""31"",hash: ""1cd98316bbcea94f5705ebd680ff0e17""})"
"(:VERTEX {memory address: ""7f08556f1000"",size: ""9000"",subtype: ""memory"",tgid: ""189893"",source: ""syscall"",type: ""Artifact"",version: ""31"",hash: ""6d49dedf0cf18ae8f2b5c65cb65e0ab0""})"
"(:VERTEX {memory address: ""7f08556e8000"",size: ""9000"",subtype: ""memory"",tgid: ""189893"",source: ""syscall"",type: ""Artifact"",version: ""27"",hash: ""97c58d5bf88c3a0983f9a0ac3b89292d""})"
"(:VERTEX {memory address: ""7f08556e8000"",size: ""9000"",subtype: ""memory"",tgid: ""189893"",source: ""syscall"",type: ""Artifact"",version: ""28"",hash: ""e1664d993d82dcc6ed557c32e6f815e9""})"
"(:VERTEX {memory address: ""7f08556df000"",size: ""9000"",subtype: ""memory"",tgid: ""189893"",source: ""syscall"",type: ""Artifact"",version: ""13"",hash: ""d92ff4e1fc8aaaba0a69198323463de5""})"
"(:VERTEX {memory address: ""7f08556d6000"",size: ""9000"",subtype: ""memory"",tgid: ""189893"",source: ""syscall"",type: ""Artifact"",version: ""13"",hash: ""a7e392d255edb66e1872312295f9015b""})"
"(:VERTEX {memory address: ""7f08556f2000"",size: ""11000"",subtype: ""memory"",tgid: ""189893"",source: ""syscall"",type: ""Artifact"",version: ""530"",hash: ""716a0a933c9064182093f063c0e07d67""})"
"(:VERTEX {memory address: ""7f08556f2000"",size: ""11000"",subtype: ""memory"",tgid: ""189893"",source: ""syscall"",type: ""Artifact"",version: ""531"",hash: ""3e7a7f933f58fabb63ded16c202c7905""})"
"(:VERTEX {memory address: ""7f0857723000"",size: ""11000"",subtype: ""memory"",tgid: ""189893"",source: ""syscall"",type: ""Artifact"",version: ""18"",hash: ""faee546ffc50f06b0ecf3d743a086e40""})"
"(:VERTEX {memory address: ""7f0857723000"",size: ""11000"",subtype: ""memory"",tgid: ""189893"",source: ""syscall"",type: ""Artifact"",version: ""19"",hash: ""b33929cccf177f3d90927878190390fb""})"
"(:VERTEX {memory address: ""7f0857723000"",size: ""11000"",subtype: ""memory"",tgid: ""189893"",source: ""syscall"",type: ""Artifact"",version: ""20"",hash: ""ab8294428d2ffa6192d0405746353e4c""})"
"(:VERTEX {memory address: ""7f0857723000"",size: ""11000"",subtype: ""memory"",tgid: ""189893"",source: ""syscall"",type: ""Artifact"",version: ""21"",hash: ""1dac90f891e0c0465e183ce7311b7256""})"
"(:VERTEX {memory address: ""7f0857723000"",size: ""11000"",subtype: ""memory"",tgid: ""189893"",source: ""syscall"",type: ""Artifact"",version: ""22"",hash: ""27af5072f1637ae675f3e4075b22d340""})"
"(:VERTEX {memory address: ""7f0857723000"",size: ""11000"",subtype: ""memory"",tgid: ""189893"",source: ""syscall"",type: ""Artifact"",version: ""23"",hash: ""afa5d70ff2130ed9fc63968f53039102""})"
"(:VERTEX {memory address: ""7f0857907000"",size: ""2000"",subtype: ""memory"",tgid: ""189893"",source: ""syscall"",type: ""Artifact"",version: ""6"",hash: ""9b464b106f2c50249412313fc8403c66""})"
"(:VERTEX {memory address: ""7f08578b0000"",size: ""9000"",subtype: ""memory"",tgid: ""189893"",source: ""syscall"",type: ""Artifact"",version: ""14"",hash: ""a33fab87c427161a15f0069fc2a87bc0""})"
"(:VERTEX {memory address: ""7f0857818000"",size: ""7000"",subtype: ""memory"",tgid: ""189893"",source: ""syscall"",type: ""Artifact"",version: ""34"",hash: ""ccc96d8b43c75521b21882ff17661723""})"
"(:VERTEX {memory address: ""7f085772b000"",size: ""9000"",subtype: ""memory"",tgid: ""189893"",source: ""syscall"",type: ""Artifact"",version: ""57"",hash: ""bcf22949cc5c9a718246a489ff68d6bb""})"
"(:VERTEX {memory address: ""7f0857722000"",size: ""9000"",subtype: ""memory"",tgid: ""189893"",source: ""syscall"",type: ""Artifact"",version: ""4"",hash: ""864d3c22728142af6a51e2a711120435""})"
"(:VERTEX {memory address: ""7f0857773000"",size: ""7000"",subtype: ""memory"",tgid: ""189893"",source: ""syscall"",type: ""Artifact"",version: ""3"",hash: ""0209f4ed1f8f0aa7723e8d4fc4e73a5f""})"
"(:VERTEX {memory address: ""7f0857719000"",size: ""9000"",subtype: ""memory"",tgid: ""189893"",source: ""syscall"",type: ""Artifact"",version: ""3"",hash: ""cf1bd8c767ab73ef2557c336bc61c038""})"
"(:VERTEX {memory address: ""7f085772b000"",size: ""9000"",subtype: ""memory"",tgid: ""189893"",source: ""syscall"",type: ""Artifact"",version: ""58"",hash: ""fbd7452e8b3599d2a17076e9ccbfffce""})"
"(:VERTEX {memory address: ""7f0857723000"",size: ""11000"",subtype: ""memory"",tgid: ""189893"",source: ""syscall"",type: ""Artifact"",version: ""24"",hash: ""051b139986196ed577ff3cdd40170911""})"
"(:VERTEX {memory address: ""7f0857723000"",size: ""11000"",subtype: ""memory"",tgid: ""189893"",source: ""syscall"",type: ""Artifact"",version: ""25"",hash: ""68ea139e8a2062b5b5087cb89c48f4c8""})"
"(:VERTEX {memory address: ""7f0857907000"",size: ""2000"",subtype: ""memory"",tgid: ""189893"",source: ""syscall"",type: ""Artifact"",version: ""7"",hash: ""0ac75e96cde0327fb6394dc087239e5f""})"
"(:VERTEX {memory address: ""7f08578b0000"",size: ""9000"",subtype: ""memory"",tgid: ""189893"",source: ""syscall"",type: ""Artifact"",version: ""15"",hash: ""11e4559f1be770b273130e276c4d1213""})"
"(:VERTEX {memory address: ""7f0857723000"",size: ""11000"",subtype: ""memory"",tgid: ""189893"",source: ""syscall"",type: ""Artifact"",version: ""26"",hash: ""04ff84e8b09fad36d9a9c9275746db6c""})"
"(:VERTEX {memory address: ""7f0857818000"",size: ""7000"",subtype: ""memory"",tgid: ""189893"",source: ""syscall"",type: ""Artifact"",version: ""35"",hash: ""873ebb282969ff3ea2c97b4c5d5b7ae3""})"
"(:VERTEX {memory address: ""7f085772b000"",size: ""9000"",subtype: ""memory"",tgid: ""189893"",source: ""syscall"",type: ""Artifact"",version: ""59"",hash: ""573041ddb726d830b414f73dfc34716c""})"
"(:VERTEX {memory address: ""7f0857722000"",size: ""9000"",subtype: ""memory"",tgid: ""189893"",source: ""syscall"",type: ""Artifact"",version: ""5"",hash: ""2cf47d46717fa76cd49d6a59d7bc21aa""})"
"(:VERTEX {memory address: ""7f0857774000"",size: ""6000"",subtype: ""memory"",tgid: ""189893"",source: ""syscall"",type: ""Artifact"",version: ""3"",hash: ""e9a6fdd4a765ed993fabd29bd753e276""})"
"(:VERTEX {memory address: ""7f0857719000"",size: ""9000"",subtype: ""memory"",tgid: ""189893"",source: ""syscall"",type: ""Artifact"",version: ""4"",hash: ""b797960e988c4db14a3e77c6e31c6841""})"
"(:VERTEX {memory address: ""7f0857773000"",size: ""7000"",subtype: ""memory"",tgid: ""189893"",source: ""syscall"",type: ""Artifact"",version: ""4"",hash: ""1d6c7ac2325b5d5ece9db90fc0a7e189""})"
"(:VERTEX {memory address: ""7f085772b000"",size: ""9000"",subtype: ""memory"",tgid: ""189893"",source: ""syscall"",type: ""Artifact"",version: ""60"",hash: ""39a3d193a7e91a6dd0770215773be735""})"
"(:VERTEX {memory address: ""7f0857723000"",size: ""11000"",subtype: ""memory"",tgid: ""189893"",source: ""syscall"",type: ""Artifact"",version: ""27"",hash: ""662069f4c41eabaf72b00c91a8b9f6d8""})"
"(:VERTEX {memory address: ""f46fd9c0000"",size: ""40000"",subtype: ""memory"",tgid: ""189893"",source: ""syscall"",type: ""Artifact"",version: ""11"",hash: ""f4bafc94928f6be61c08eda4dfcb9d26""})"
"(:VERTEX {memory address: ""33a2d79c0000"",size: ""40000"",subtype: ""memory"",tgid: ""189893"",source: ""syscall"",type: ""Artifact"",version: ""11"",hash: ""47f3741ffb4792591afe0013f6a9eeba""})"
"(:VERTEX {memory address: ""332ff05c0000"",size: ""40000"",subtype: ""memory"",tgid: ""189893"",source: ""syscall"",type: ""Artifact"",version: ""11"",hash: ""39b034d515be1831bf626c2361c05379""})"
"(:VERTEX {memory address: ""3406f5a00000"",size: ""40000"",subtype: ""memory"",tgid: ""189893"",source: ""syscall"",type: ""Artifact"",version: ""10"",hash: ""b68b5b8a32735c7b71ff062a817040b8""})"
"(:VERTEX {memory address: ""7f0857908000"",size: ""1000"",subtype: ""memory"",tgid: ""189893"",source: ""syscall"",type: ""Artifact"",version: ""2"",hash: ""7da753fee68c3f2e41cf7f805eadf312""})"
"(:VERTEX {memory address: ""7f08578ea000"",size: ""2000"",subtype: ""memory"",tgid: ""189893"",source: ""syscall"",type: ""Artifact"",version: ""11"",hash: ""3dd6e7e629cec70b4c939005283dafcd""})"
"(:VERTEX {memory address: ""7f08578b5000"",size: ""4000"",subtype: ""memory"",tgid: ""189893"",source: ""syscall"",type: ""Artifact"",version: ""7"",hash: ""93d6fc8f078e52a3d7200677209d493b""})"
"(:VERTEX {memory address: ""7f08578ea000"",size: ""2000"",subtype: ""memory"",tgid: ""189893"",source: ""syscall"",type: ""Artifact"",version: ""12"",hash: ""00e6d3d1f67584b9b4c678c4595746e1""})"
"(:VERTEX {memory address: ""2b3f79e80000"",size: ""40000"",subtype: ""memory"",tgid: ""189893"",source: ""syscall"",type: ""Artifact"",version: ""1"",hash: ""63ed8e88380a9a1a1531e572af6e6504""})"
"(:VERTEX {memory address: ""29d66fb00000"",size: ""40000"",subtype: ""memory"",tgid: ""189893"",source: ""syscall"",type: ""Artifact"",version: ""1"",hash: ""a3e38b1d3cd07961ee87e24f248e7aee""})"
"(:VERTEX {memory address: ""3a9016940000"",size: ""40000"",subtype: ""memory"",tgid: ""189893"",source: ""syscall"",type: ""Artifact"",version: ""1"",hash: ""ac99dd72c5e727774d0703c533712374""})"
"(:VERTEX {memory address: ""21baa6b00000"",size: ""40000"",subtype: ""memory"",tgid: ""189893"",source: ""syscall"",type: ""Artifact"",version: ""1"",hash: ""8cbe024c16900e2f58196405aef5a10d""})"
"(:VERTEX {memory address: ""7f0857907000"",size: ""2000"",subtype: ""memory"",tgid: ""189893"",source: ""syscall"",type: ""Artifact"",version: ""8"",hash: ""952e2c66b47ab634b3fa8a5d9f45b1c2""})"
"(:VERTEX {memory address: ""7f08578b0000"",size: ""9000"",subtype: ""memory"",tgid: ""189893"",source: ""syscall"",type: ""Artifact"",version: ""16"",hash: ""2db32b9c4e7b3faffac72e6f682f768a""})"
"(:VERTEX {memory address: ""7f0857818000"",size: ""7000"",subtype: ""memory"",tgid: ""189893"",source: ""syscall"",type: ""Artifact"",version: ""36"",hash: ""5255f36fe34bb8e988b24f05bce2dd19""})"
"(:VERTEX {memory address: ""7f085772b000"",size: ""9000"",subtype: ""memory"",tgid: ""189893"",source: ""syscall"",type: ""Artifact"",version: ""61"",hash: ""316a5b79a1d9e4b4967ec1d074788ca6""})"
"(:VERTEX {memory address: ""7f0857722000"",size: ""9000"",subtype: ""memory"",tgid: ""189893"",source: ""syscall"",type: ""Artifact"",version: ""6"",hash: ""3eede4c7fe0fcf25ae528c1adc6ee47b""})"
"(:VERTEX {memory address: ""7f0857723000"",size: ""11000"",subtype: ""memory"",tgid: ""189893"",source: ""syscall"",type: ""Artifact"",version: ""28"",hash: ""12030c99faa9f6f43f48af8f23c3b728""})"
"(:VERTEX {memory address: ""7f0857723000"",size: ""11000"",subtype: ""memory"",tgid: ""189893"",source: ""syscall"",type: ""Artifact"",version: ""29"",hash: ""d1de9b745cca6030bf2ad1b65fb1c604""})"
"(:VERTEX {memory address: ""7f0857723000"",size: ""11000"",subtype: ""memory"",tgid: ""189893"",source: ""syscall"",type: ""Artifact"",version: ""30"",hash: ""a9d193ba370dd79eea66ee1f5bf9f6c1""})"
"(:VERTEX {memory address: ""7f0857723000"",size: ""11000"",subtype: ""memory"",tgid: ""189893"",source: ""syscall"",type: ""Artifact"",version: ""31"",hash: ""25a3e9d524dd65ea0c66f9462432f7b7""})"
"(:VERTEX {memory address: ""7f0857723000"",size: ""11000"",subtype: ""memory"",tgid: ""189893"",source: ""syscall"",type: ""Artifact"",version: ""32"",hash: ""1b914b77a31a449dce58a9b7dc91547d""})"
"(:VERTEX {memory address: ""7f0857723000"",size: ""11000"",subtype: ""memory"",tgid: ""189893"",source: ""syscall"",type: ""Artifact"",version: ""33"",hash: ""61189874e262efee369225f43e9a54f3""})"
"(:VERTEX {memory address: ""7f0857723000"",size: ""11000"",subtype: ""memory"",tgid: ""189893"",source: ""syscall"",type: ""Artifact"",version: ""34"",hash: ""89092e78d1a5b0f31fe0268c5df60d86""})"
"(:VERTEX {memory address: ""7f0857723000"",size: ""11000"",subtype: ""memory"",tgid: ""189893"",source: ""syscall"",type: ""Artifact"",version: ""35"",hash: ""e8b0fda092e44c2a1666414d5172e2e2""})"
"(:VERTEX {memory address: ""7f0857907000"",size: ""2000"",subtype: ""memory"",tgid: ""189893"",source: ""syscall"",type: ""Artifact"",version: ""9"",hash: ""2929b9ef15676eec72f458d49071859a""})"
"(:VERTEX {memory address: ""7f08578ea000"",size: ""2000"",subtype: ""memory"",tgid: ""189893"",source: ""syscall"",type: ""Artifact"",version: ""13"",hash: ""dadd02ade8f4d4fb0653205c93f5e623""})"
"(:VERTEX {memory address: ""7f08578b0000"",size: ""9000"",subtype: ""memory"",tgid: ""189893"",source: ""syscall"",type: ""Artifact"",version: ""17"",hash: ""804dd09841758880cfccde5e2024fe39""})"
"(:VERTEX {memory address: ""7f0857723000"",size: ""11000"",subtype: ""memory"",tgid: ""189893"",source: ""syscall"",type: ""Artifact"",version: ""36"",hash: ""e142a581a0a118153a4602fa7c9c8351""})"
"(:VERTEX {memory address: ""7f0857818000"",size: ""7000"",subtype: ""memory"",tgid: ""189893"",source: ""syscall"",type: ""Artifact"",version: ""37"",hash: ""2bac9e3ca7018317f31a6abaf121812b""})"
"(:VERTEX {memory address: ""7f0857723000"",size: ""11000"",subtype: ""memory"",tgid: ""189893"",source: ""syscall"",type: ""Artifact"",version: ""37"",hash: ""6e207066cffcd9f24a5dd55769009a7d""})"
"(:VERTEX {memory address: ""7f085772b000"",size: ""9000"",subtype: ""memory"",tgid: ""189893"",source: ""syscall"",type: ""Artifact"",version: ""62"",hash: ""cb55b106cf625320aaa66d76899f055c""})"
"(:VERTEX {memory address: ""7f085771a000"",size: ""11000"",subtype: ""memory"",tgid: ""189893"",source: ""syscall"",type: ""Artifact"",version: ""2"",hash: ""d356fe858de4b8df624582164965f762""})"
"(:VERTEX {memory address: ""7f0857722000"",size: ""9000"",subtype: ""memory"",tgid: ""189893"",source: ""syscall"",type: ""Artifact"",version: ""7"",hash: ""e7e0103353fd113d293262f5bc082376""})"
"(:VERTEX {memory address: ""7f08556f2000"",size: ""11000"",subtype: ""memory"",tgid: ""189893"",source: ""syscall"",type: ""Artifact"",version: ""532"",hash: ""e300bab33d940a76604d165d4ced852c""})"
"(:VERTEX {memory address: ""7f08556f2000"",size: ""11000"",subtype: ""memory"",tgid: ""189893"",source: ""syscall"",type: ""Artifact"",version: ""533"",hash: ""0ad8995b0da77e608af2ed35302127f2""})"
"(:VERTEX {memory address: ""7f0857773000"",size: ""7000"",subtype: ""memory"",tgid: ""189893"",source: ""syscall"",type: ""Artifact"",version: ""5"",hash: ""12d93db7a82846279545a7364f3f60a4""})"
"(:VERTEX {memory address: ""7f0857719000"",size: ""9000"",subtype: ""memory"",tgid: ""189893"",source: ""syscall"",type: ""Artifact"",version: ""5"",hash: ""a50b2a289267f6e745a938c8c4f84e71""})"
"(:VERTEX {memory address: ""7f08556fa000"",size: ""9000"",subtype: ""memory"",tgid: ""189893"",source: ""syscall"",type: ""Artifact"",version: ""32"",hash: ""c50d0aa7aa1a58af9daa63ec858362a1""})"
"(:VERTEX {memory address: ""7f0857772000"",size: ""8000"",subtype: ""memory"",tgid: ""189893"",source: ""syscall"",type: ""Artifact"",version: ""4"",hash: ""be75753a34e3ce082d389b21d7487864""})"
"(:VERTEX {memory address: ""7f08556fa000"",size: ""9000"",subtype: ""memory"",tgid: ""189893"",source: ""syscall"",type: ""Artifact"",version: ""33"",hash: ""81b2949bbf7a96f4d1a0a2a1799d1493""})"
"(:VERTEX {memory address: ""7f08556f1000"",size: ""9000"",subtype: ""memory"",tgid: ""189893"",source: ""syscall"",type: ""Artifact"",version: ""32"",hash: ""4e82912eaba3b6a4a2902cba8f503d5d""})"
"(:VERTEX {memory address: ""7f085772b000"",size: ""9000"",subtype: ""memory"",tgid: ""189893"",source: ""syscall"",type: ""Artifact"",version: ""63"",hash: ""b7c0796116d6a6e5405c2da0aadb2705""})"
"(:VERTEX {memory address: ""7f0857719000"",size: ""9000"",subtype: ""memory"",tgid: ""189893"",source: ""syscall"",type: ""Artifact"",version: ""6"",hash: ""2ad577c17e46c88f2001f0d6ec64e102""})"
"(:VERTEX {memory address: ""7f08556f2000"",size: ""11000"",subtype: ""memory"",tgid: ""189893"",source: ""syscall"",type: ""Artifact"",version: ""534"",hash: ""5d2940e1c7e471d7c1b552261d792f8a""})"
"(:VERTEX {memory address: ""7f08578ea000"",size: ""2000"",subtype: ""memory"",tgid: ""189893"",source: ""syscall"",type: ""Artifact"",version: ""14"",hash: ""4da330fbee1b0a289ebdf156b9fa7e88""})"
"(:VERTEX {memory address: ""7f08578b0000"",size: ""9000"",subtype: ""memory"",tgid: ""189893"",source: ""syscall"",type: ""Artifact"",version: ""18"",hash: ""0b3502fa9e68a8f191fee1c24d7d54c7""})"
"(:VERTEX {memory address: ""7f0857818000"",size: ""7000"",subtype: ""memory"",tgid: ""189893"",source: ""syscall"",type: ""Artifact"",version: ""38"",hash: ""3e550a9589dded6edc6ef75b8568ed72""})"
"(:VERTEX {memory address: ""7f085772b000"",size: ""9000"",subtype: ""memory"",tgid: ""189893"",source: ""syscall"",type: ""Artifact"",version: ""64"",hash: ""8a35ccb6f6891522eb589f2c6fcdc3e1""})"
"(:VERTEX {memory address: ""7f0857774000"",size: ""6000"",subtype: ""memory"",tgid: ""189893"",source: ""syscall"",type: ""Artifact"",version: ""4"",hash: ""aaba6256e465a74e20465a72c40e95d1""})"
"(:VERTEX {memory address: ""7f0857723000"",size: ""11000"",subtype: ""memory"",tgid: ""189893"",source: ""syscall"",type: ""Artifact"",version: ""38"",hash: ""49b43ed4114f567ca5f424dd3ca4523a""})"
"(:VERTEX {memory address: ""7fbfc83bf000"",size: ""11000"",subtype: ""memory"",tgid: ""189905"",source: ""syscall"",type: ""Artifact"",version: ""4"",hash: ""5fcf7aad5b1cf7d95959cb36d0335f28""})"
"(:VERTEX {memory address: ""7fbfc8518000"",size: ""1000"",subtype: ""memory"",tgid: ""189905"",source: ""syscall"",type: ""Artifact"",version: ""2"",hash: ""dcfd6c5978763bb82e9f2146762e0734""})"
"(:VERTEX {memory address: ""7fbfc83bf000"",size: ""11000"",subtype: ""memory"",tgid: ""189905"",source: ""syscall"",type: ""Artifact"",version: ""5"",hash: ""b755522473843a9b0d33c96cc0a83bda""})"
"(:VERTEX {memory address: ""7f0857723000"",size: ""11000"",subtype: ""memory"",tgid: ""189893"",source: ""syscall"",type: ""Artifact"",version: ""39"",hash: ""3b9e61f6f82bfa6600097772acdff0b4""})"
"(:VERTEX {memory address: ""7f0857723000"",size: ""11000"",subtype: ""memory"",tgid: ""189893"",source: ""syscall"",type: ""Artifact"",version: ""40"",hash: ""c72d8e5c7c015a43ef52571722e5d884""})"
"(:VERTEX {memory address: ""7f08578ea000"",size: ""2000"",subtype: ""memory"",tgid: ""189893"",source: ""syscall"",type: ""Artifact"",version: ""15"",hash: ""dd8b69a018fa799c556dadff8bd69fa7""})"
"(:VERTEX {memory address: ""7f08578b0000"",size: ""9000"",subtype: ""memory"",tgid: ""189893"",source: ""syscall"",type: ""Artifact"",version: ""19"",hash: ""adc903c86036df107d55b043f14ec31f""})"
"(:VERTEX {memory address: ""7f0857723000"",size: ""11000"",subtype: ""memory"",tgid: ""189893"",source: ""syscall"",type: ""Artifact"",version: ""41"",hash: ""f503103ed564527debec2d84062b3154""})"
"(:VERTEX {memory address: ""7f0857723000"",size: ""11000"",subtype: ""memory"",tgid: ""189893"",source: ""syscall"",type: ""Artifact"",version: ""42"",hash: ""4d25a0e3a08134e7c07c4ac8d04cbfe6""})"
"(:VERTEX {memory address: ""7f0857723000"",size: ""11000"",subtype: ""memory"",tgid: ""189893"",source: ""syscall"",type: ""Artifact"",version: ""43"",hash: ""75f339e3e5ebfce18d54ca73afffc8eb""})"
"(:VERTEX {memory address: ""7f0857818000"",size: ""7000"",subtype: ""memory"",tgid: ""189893"",source: ""syscall"",type: ""Artifact"",version: ""39"",hash: ""7f18900ea4a40f4aae982b204dadb6c9""})"
"(:VERTEX {memory address: ""7f0857723000"",size: ""11000"",subtype: ""memory"",tgid: ""189893"",source: ""syscall"",type: ""Artifact"",version: ""44"",hash: ""c77f8a7dedf095b41ed6c852f39f01cf""})"
"(:VERTEX {memory address: ""7f085772b000"",size: ""9000"",subtype: ""memory"",tgid: ""189893"",source: ""syscall"",type: ""Artifact"",version: ""65"",hash: ""e15155cb7f9a680fe6167d7a51068749""})"
"(:VERTEX {memory address: ""7f085771a000"",size: ""11000"",subtype: ""memory"",tgid: ""189893"",source: ""syscall"",type: ""Artifact"",version: ""3"",hash: ""bf29d1d03b1a4b5638b5b18148bb8484""})"
"(:VERTEX {memory address: ""7f085771a000"",size: ""11000"",subtype: ""memory"",tgid: ""189893"",source: ""syscall"",type: ""Artifact"",version: ""4"",hash: ""9126df8b9350b6d0cf79941e24bdb1e0""})"
"(:VERTEX {memory address: ""7fdbdc023000"",size: ""3000"",subtype: ""memory"",tgid: ""189166"",source: ""syscall"",type: ""Artifact"",version: ""0"",hash: ""e082e6dd0f90909e441ef001e5b00fd3""})"
"(:VERTEX {memory address: ""7f0857722000"",size: ""9000"",subtype: ""memory"",tgid: ""189893"",source: ""syscall"",type: ""Artifact"",version: ""8"",hash: ""07cf1b6e56a25023066901b49d40d069""})"
"(:VERTEX {memory address: ""7f0857719000"",size: ""9000"",subtype: ""memory"",tgid: ""189893"",source: ""syscall"",type: ""Artifact"",version: ""7"",hash: ""8d479cfaccc51f196cfedecbf1c2d799""})"
"(:VERTEX {memory address: ""7f08556fa000"",size: ""9000"",subtype: ""memory"",tgid: ""189893"",source: ""syscall"",type: ""Artifact"",version: ""34"",hash: ""64e8ea17565fc1a57c23dcf9753de6e5""})"
"(:VERTEX {memory address: ""7f08556f1000"",size: ""9000"",subtype: ""memory"",tgid: ""189893"",source: ""syscall"",type: ""Artifact"",version: ""33"",hash: ""e322769bc000d7804ef753d78a953e71""})"
"(:VERTEX {memory address: ""7f08556e8000"",size: ""9000"",subtype: ""memory"",tgid: ""189893"",source: ""syscall"",type: ""Artifact"",version: ""29"",hash: ""b16829e122ed7571879f17ac789b49c4""})"
"(:VERTEX {memory address: ""7f08556df000"",size: ""9000"",subtype: ""memory"",tgid: ""189893"",source: ""syscall"",type: ""Artifact"",version: ""14"",hash: ""1b9af09ef44f6e48a14ce96d754ad35a""})"
"(:VERTEX {memory address: ""7f0857719000"",size: ""9000"",subtype: ""memory"",tgid: ""189893"",source: ""syscall"",type: ""Artifact"",version: ""8"",hash: ""3398c3259a796c4aee80ec7f3a99773e""})"
"(:VERTEX {memory address: ""7f0857773000"",size: ""7000"",subtype: ""memory"",tgid: ""189893"",source: ""syscall"",type: ""Artifact"",version: ""6"",hash: ""88e74c19770cd0a7fa0286d156a90d17""})"
"(:VERTEX {memory address: ""7f08556df000"",size: ""9000"",subtype: ""memory"",tgid: ""189893"",source: ""syscall"",type: ""Artifact"",version: ""15"",hash: ""d0155a958a297d3848a5f8845b3ada03""})"
"(:VERTEX {memory address: ""7f08556d6000"",size: ""9000"",subtype: ""memory"",tgid: ""189893"",source: ""syscall"",type: ""Artifact"",version: ""14"",hash: ""cf71d224ac55b2b63d42d3ec59fa21d4""})"
"(:VERTEX {memory address: ""7f08556cd000"",size: ""9000"",subtype: ""memory"",tgid: ""189893"",source: ""syscall"",type: ""Artifact"",version: ""15"",hash: ""565144b8af5375bd9f11aff369a4b58c""})"
"(:VERTEX {memory address: ""7f08556c4000"",size: ""9000"",subtype: ""memory"",tgid: ""189893"",source: ""syscall"",type: ""Artifact"",version: ""11"",hash: ""bc38f77754b00f840a33965428e8303a""})"
"(:VERTEX {memory address: ""7f08556df000"",size: ""9000"",subtype: ""memory"",tgid: ""189893"",source: ""syscall"",type: ""Artifact"",version: ""16"",hash: ""d454575b2f05c8012aa7d9966da11c7c""})"
"(:VERTEX {memory address: ""7f08578ad000"",size: ""3000"",subtype: ""memory"",tgid: ""189893"",source: ""syscall"",type: ""Artifact"",version: ""1"",hash: ""a32d4ffa8b55f4e339e5132929b002b3""})"
"(:VERTEX {memory address: ""7f0857774000"",size: ""6000"",subtype: ""memory"",tgid: ""189893"",source: ""syscall"",type: ""Artifact"",version: ""5"",hash: ""55d206ec71b9bd5e395293c784030ab2""})"
"(:VERTEX {memory address: ""7f08556df000"",size: ""9000"",subtype: ""memory"",tgid: ""189893"",source: ""syscall"",type: ""Artifact"",version: ""17"",hash: ""c1531577936614ba86eec4fa34ce708b""})"
"(:VERTEX {memory address: ""7f08556d6000"",size: ""9000"",subtype: ""memory"",tgid: ""189893"",source: ""syscall"",type: ""Artifact"",version: ""15"",hash: ""88006f880f53a71febdf8874b8bbf2b8""})"
"(:VERTEX {memory address: ""7f08556cd000"",size: ""9000"",subtype: ""memory"",tgid: ""189893"",source: ""syscall"",type: ""Artifact"",version: ""16"",hash: ""914f21703b24be50c490530c5bafbbc7""})"
"(:VERTEX {memory address: ""7f08556df000"",size: ""9000"",subtype: ""memory"",tgid: ""189893"",source: ""syscall"",type: ""Artifact"",version: ""18"",hash: ""cf3feb4d90d1d25af5232521e59e696b""})"
"(:VERTEX {memory address: ""7f08556ba000"",size: ""1c000"",subtype: ""memory"",tgid: ""189893"",source: ""syscall"",type: ""Artifact"",version: ""0"",hash: ""e56eca5f63e31f196f2d611eb9f9c192""})"
"(:VERTEX {memory address: ""7f08556df000"",size: ""9000"",subtype: ""memory"",tgid: ""189893"",source: ""syscall"",type: ""Artifact"",version: ""19"",hash: ""ce1a76fab8b66e7d84a381d20b447dc9""})"
"(:VERTEX {memory address: ""7f0857772000"",size: ""8000"",subtype: ""memory"",tgid: ""189893"",source: ""syscall"",type: ""Artifact"",version: ""5"",hash: ""d234d463142d456f1a570d1cf6303d09""})"
"(:VERTEX {memory address: ""7f08556cd000"",size: ""9000"",subtype: ""memory"",tgid: ""189893"",source: ""syscall"",type: ""Artifact"",version: ""17"",hash: ""1a7fa87c9ae680687e542ee045ab7138""})"
"(:VERTEX {memory address: ""7f08556c4000"",size: ""9000"",subtype: ""memory"",tgid: ""189893"",source: ""syscall"",type: ""Artifact"",version: ""12"",hash: ""cef353d7dbe18b4886560eb65e0fac42""})"
"(:VERTEX {memory address: ""7f08556cd000"",size: ""9000"",subtype: ""memory"",tgid: ""189893"",source: ""syscall"",type: ""Artifact"",version: ""18"",hash: ""a46f63bc4677d086528dc066561a4a5b""})"
"(:VERTEX {remote port: """",epoch: ""0"",source: ""syscall"",type: ""Artifact"",version: ""0"",local port: ""44346"",net namespace: ""-1"",local address: ""0000:0000:0000:0000:0000:FFFF:0A01:FBCE"",protocol: ""tcp"",subtype: ""network socket"",remote address: """",hash: ""b68af6ec21ec05008d8433fa0fb0ed48""})"
"(:VERTEX {memory address: ""7f085772b000"",size: ""9000"",subtype: ""memory"",tgid: ""189893"",source: ""syscall"",type: ""Artifact"",version: ""66"",hash: ""161cd636d08faa44ec3be7778bb18305""})"
"(:VERTEX {memory address: ""7f0857719000"",size: ""9000"",subtype: ""memory"",tgid: ""189893"",source: ""syscall"",type: ""Artifact"",version: ""9"",hash: ""dce59e7448c4d27529ae77fd04b83900""})"
"(:VERTEX {memory address: ""7f08556fa000"",size: ""9000"",subtype: ""memory"",tgid: ""189893"",source: ""syscall"",type: ""Artifact"",version: ""35"",hash: ""5b6b176c24883f403346c853373066f5""})"
"(:VERTEX {memory address: ""7f08556e0000"",size: ""11000"",subtype: ""memory"",tgid: ""189893"",source: ""syscall"",type: ""Artifact"",version: ""1"",hash: ""1a3d98c4d4b2fedfa444ae65b23679f8""})"
"(:VERTEX {memory address: ""7f0857723000"",size: ""11000"",subtype: ""memory"",tgid: ""189893"",source: ""syscall"",type: ""Artifact"",version: ""45"",hash: ""1f9ed0efae46249f5fff5af56d5f3623""})"
"(:VERTEX {memory address: ""7f0857723000"",size: ""11000"",subtype: ""memory"",tgid: ""189893"",source: ""syscall"",type: ""Artifact"",version: ""46"",hash: ""182d67509a8a4b744ecce5d2ed3e7dbf""})"
"(:VERTEX {memory address: ""7f0857723000"",size: ""11000"",subtype: ""memory"",tgid: ""189893"",source: ""syscall"",type: ""Artifact"",version: ""47"",hash: ""b63a47060905f73538b33ee764eaf7a0""})"
"(:VERTEX {memory address: ""7f0857723000"",size: ""11000"",subtype: ""memory"",tgid: ""189893"",source: ""syscall"",type: ""Artifact"",version: ""48"",hash: ""2a985e38de30a92c2f2f63d5a9ad2aac""})"
"(:VERTEX {memory address: ""7f0857723000"",size: ""11000"",subtype: ""memory"",tgid: ""189893"",source: ""syscall"",type: ""Artifact"",version: ""49"",hash: ""874d6e852fcf207fe52560b597ed3064""})"
"(:VERTEX {memory address: ""7f0857723000"",size: ""11000"",subtype: ""memory"",tgid: ""189893"",source: ""syscall"",type: ""Artifact"",version: ""50"",hash: ""6b340792119595815e32f0e858bfcb9c""})"
"(:VERTEX {memory address: ""7f08578ea000"",size: ""2000"",subtype: ""memory"",tgid: ""189893"",source: ""syscall"",type: ""Artifact"",version: ""16"",hash: ""254156c4f1b8fec6d2a704254da91963""})"
"(:VERTEX {memory address: ""7f08578b0000"",size: ""9000"",subtype: ""memory"",tgid: ""189893"",source: ""syscall"",type: ""Artifact"",version: ""20"",hash: ""fa74c517ed7c0c9853ed112d8efcb6ad""})"
"(:VERTEX {memory address: ""7f0857818000"",size: ""7000"",subtype: ""memory"",tgid: ""189893"",source: ""syscall"",type: ""Artifact"",version: ""40"",hash: ""f83d748b746c28d3c7e995ebc2d24e19""})"
"(:VERTEX {memory address: ""7f0857723000"",size: ""11000"",subtype: ""memory"",tgid: ""189893"",source: ""syscall"",type: ""Artifact"",version: ""51"",hash: ""0c376834152838dac2ee1c86cda2db86""})"
"(:VERTEX {memory address: ""7f085771a000"",size: ""9000"",subtype: ""memory"",tgid: ""189893"",source: ""syscall"",type: ""Artifact"",version: ""0"",hash: ""be08e053aa078bcde32684b53e010b11""})"
"(:VERTEX {memory address: ""7f085772b000"",size: ""9000"",subtype: ""memory"",tgid: ""189893"",source: ""syscall"",type: ""Artifact"",version: ""67"",hash: ""d5e4c0e2925587d8910793147c2d38ff""})"
"(:VERTEX {memory address: ""7f08556fa000"",size: ""9000"",subtype: ""memory"",tgid: ""189893"",source: ""syscall"",type: ""Artifact"",version: ""36"",hash: ""df593abb62f889e87c804115954d07c5""})"
"(:VERTEX {memory address: ""7f0857772000"",size: ""8000"",subtype: ""memory"",tgid: ""189893"",source: ""syscall"",type: ""Artifact"",version: ""6"",hash: ""45f3805e986730b07296473c5946ce4e""})"
"(:VERTEX {memory address: ""7f08556f1000"",size: ""9000"",subtype: ""memory"",tgid: ""189893"",source: ""syscall"",type: ""Artifact"",version: ""34"",hash: ""1b2987eaa58e4dd7410aff54d93c15ac""})"
"(:VERTEX {memory address: ""7f0857722000"",size: ""9000"",subtype: ""memory"",tgid: ""189893"",source: ""syscall"",type: ""Artifact"",version: ""9"",hash: ""3cfb476d9f28d9d69f794ab7b52df4e2""})"
"(:VERTEX {memory address: ""7f0857719000"",size: ""9000"",subtype: ""memory"",tgid: ""189893"",source: ""syscall"",type: ""Artifact"",version: ""10"",hash: ""0929a043da4e9adb19b9dd565c0770c7""})"
"(:VERTEX {memory address: ""7f08556f2000"",size: ""11000"",subtype: ""memory"",tgid: ""189893"",source: ""syscall"",type: ""Artifact"",version: ""535"",hash: ""8111d2c7b91101be0a3b9a44ddc5ee97""})"
"(:VERTEX {memory address: ""7f08556fa000"",size: ""9000"",subtype: ""memory"",tgid: ""189893"",source: ""syscall"",type: ""Artifact"",version: ""37"",hash: ""fcad8455c310c5f23e6d6953111a39f9""})"
"(:VERTEX {memory address: ""7f085771a000"",size: ""11000"",subtype: ""memory"",tgid: ""189893"",source: ""syscall"",type: ""Artifact"",version: ""5"",hash: ""6fbd7d8f50f6b05b9e715e7349d63847""})"
"(:VERTEX {memory address: ""7f08578ea000"",size: ""2000"",subtype: ""memory"",tgid: ""189893"",source: ""syscall"",type: ""Artifact"",version: ""17"",hash: ""55ff77c9b1c517e9309befd5c2926cdf""})"
"(:VERTEX {memory address: ""7f08578b0000"",size: ""9000"",subtype: ""memory"",tgid: ""189893"",source: ""syscall"",type: ""Artifact"",version: ""21"",hash: ""721edc39038d77623ae6d95a6c9dcbdd""})"
"(:VERTEX {memory address: ""7f0857818000"",size: ""7000"",subtype: ""memory"",tgid: ""189893"",source: ""syscall"",type: ""Artifact"",version: ""41"",hash: ""64f11c1f2f1af57183c3885f2360f802""})"
"(:VERTEX {memory address: ""7f085772b000"",size: ""9000"",subtype: ""memory"",tgid: ""189893"",source: ""syscall"",type: ""Artifact"",version: ""68"",hash: ""36e79c86892583fb6fdbcc1f52f55a22""})"
"(:VERTEX {memory address: ""7f0857722000"",size: ""9000"",subtype: ""memory"",tgid: ""189893"",source: ""syscall"",type: ""Artifact"",version: ""10"",hash: ""9a51b89a09c56959dbbd163a2bd49020""})"
"(:VERTEX {memory address: ""7f0857719000"",size: ""9000"",subtype: ""memory"",tgid: ""189893"",source: ""syscall"",type: ""Artifact"",version: ""11"",hash: ""647cf99c17517ab90b18e0c9fce7ea66""})"
"(:VERTEX {memory address: ""7f0857774000"",size: ""6000"",subtype: ""memory"",tgid: ""189893"",source: ""syscall"",type: ""Artifact"",version: ""6"",hash: ""a259b0db9d4a137035648fd65394d1d0""})"
"(:VERTEX {memory address: ""7f0857773000"",size: ""7000"",subtype: ""memory"",tgid: ""189893"",source: ""syscall"",type: ""Artifact"",version: ""7"",hash: ""7a35ef7169f7a35986ea9542a8f43440""})"
"(:VERTEX {memory address: ""7f08556fa000"",size: ""9000"",subtype: ""memory"",tgid: ""189893"",source: ""syscall"",type: ""Artifact"",version: ""38"",hash: ""13b8ad1cc395900a6606e2c769a82f9b""})"
"(:VERTEX {memory address: ""7f0857772000"",size: ""8000"",subtype: ""memory"",tgid: ""189893"",source: ""syscall"",type: ""Artifact"",version: ""7"",hash: ""1ebdbd8ee8e89813312ee919c07fdd73""})"
"(:VERTEX {memory address: ""7f08556f2000"",size: ""11000"",subtype: ""memory"",tgid: ""189893"",source: ""syscall"",type: ""Artifact"",version: ""536"",hash: ""dbf15ef88c0b7ee222c321d60ea5cd13""})"
"(:VERTEX {memory address: ""7f08578ae000"",size: ""2000"",subtype: ""memory"",tgid: ""189893"",source: ""syscall"",type: ""Artifact"",version: ""4"",hash: ""7dbe900a7d958a02453324cfcb303496""})"
"(:VERTEX {memory address: ""7f085788f000"",size: ""2000"",subtype: ""memory"",tgid: ""189893"",source: ""syscall"",type: ""Artifact"",version: ""2"",hash: ""571fa1eaff0408691de12810a150d4fd""})"
"(:VERTEX {memory address: ""7f0857773000"",size: ""7000"",subtype: ""memory"",tgid: ""189893"",source: ""syscall"",type: ""Artifact"",version: ""8"",hash: ""c30018013aea8681bbbb201f02d647e5""})"
"(:VERTEX {memory address: ""7f085772b000"",size: ""9000"",subtype: ""memory"",tgid: ""189893"",source: ""syscall"",type: ""Artifact"",version: ""69"",hash: ""d31118f0c9d74482c96436aff93138ce""})"
"(:VERTEX {memory address: ""7f08556f3000"",size: ""10000"",subtype: ""memory"",tgid: ""189893"",source: ""syscall"",type: ""Artifact"",version: ""47"",hash: ""8afeb5675fb6488eca56f788c69f0ca3""})"
"(:VERTEX {memory address: ""7f0857719000"",size: ""9000"",subtype: ""memory"",tgid: ""189893"",source: ""syscall"",type: ""Artifact"",version: ""12"",hash: ""c133376fc7ccf547c07b5894a8708452""})"
"(:VERTEX {memory address: ""7f08556ea000"",size: ""9000"",subtype: ""memory"",tgid: ""189893"",source: ""syscall"",type: ""Artifact"",version: ""15"",hash: ""4c35750f70a1a5daa56d27a5f6b98aa9""})"
"(:VERTEX {memory address: ""7f08578b3000"",size: ""6000"",subtype: ""memory"",tgid: ""189893"",source: ""syscall"",type: ""Artifact"",version: ""0"",hash: ""4e11a5ad9d0da195041153b56e841273""})"
"(:VERTEX {memory address: ""7f08578b0000"",size: ""9000"",subtype: ""memory"",tgid: ""189893"",source: ""syscall"",type: ""Artifact"",version: ""22"",hash: ""096d9d033f49f75aff97a232cdd43817""})"
"(:VERTEX {memory address: ""7f0857723000"",size: ""11000"",subtype: ""memory"",tgid: ""189893"",source: ""syscall"",type: ""Artifact"",version: ""52"",hash: ""54be60e802c0711af95e2dfb2cdb6288""})"
"(:VERTEX {memory address: ""7f0857723000"",size: ""11000"",subtype: ""memory"",tgid: ""189893"",source: ""syscall"",type: ""Artifact"",version: ""53"",hash: ""84e71f40054d36b3a82a31261239d0cc""})"
"(:VERTEX {memory address: ""7f0857723000"",size: ""11000"",subtype: ""memory"",tgid: ""189893"",source: ""syscall"",type: ""Artifact"",version: ""54"",hash: ""1ff5a39554ccc45a9804dbda608f45b2""})"
"(:VERTEX {memory address: ""7f0857723000"",size: ""11000"",subtype: ""memory"",tgid: ""189893"",source: ""syscall"",type: ""Artifact"",version: ""55"",hash: ""97e6ac9f853a02f88d46788a5a2f50f2""})"
"(:VERTEX {memory address: ""7f0857723000"",size: ""11000"",subtype: ""memory"",tgid: ""189893"",source: ""syscall"",type: ""Artifact"",version: ""56"",hash: ""6c2c4f0b72575d427b2a63169689a847""})"
"(:VERTEX {memory address: ""7f0857723000"",size: ""11000"",subtype: ""memory"",tgid: ""189893"",source: ""syscall"",type: ""Artifact"",version: ""57"",hash: ""7f75cd916d95468cfc42b6fd705356aa""})"
"(:VERTEX {memory address: ""7f0857723000"",size: ""11000"",subtype: ""memory"",tgid: ""189893"",source: ""syscall"",type: ""Artifact"",version: ""58"",hash: ""39970fbfd697e38bfc0225cfcb109d81""})"
"(:VERTEX {memory address: ""7f0857723000"",size: ""11000"",subtype: ""memory"",tgid: ""189893"",source: ""syscall"",type: ""Artifact"",version: ""59"",hash: ""f7faad31fd59ebbf82d550895826cfa7""})"
"(:VERTEX {memory address: ""7f0857723000"",size: ""11000"",subtype: ""memory"",tgid: ""189893"",source: ""syscall"",type: ""Artifact"",version: ""60"",hash: ""9fdda2cb00c097aeb601738ba3e45fed""})"
"(:VERTEX {memory address: ""7f0857723000"",size: ""11000"",subtype: ""memory"",tgid: ""189893"",source: ""syscall"",type: ""Artifact"",version: ""61"",hash: ""db6c1eb4cd577b11c5bb052e06e2462d""})"
"(:VERTEX {memory address: ""7f0857723000"",size: ""11000"",subtype: ""memory"",tgid: ""189893"",source: ""syscall"",type: ""Artifact"",version: ""62"",hash: ""b797be962c18e53e7f59997a3de9ed85""})"
"(:VERTEX {remote port: ""53"",epoch: ""0"",source: ""syscall"",type: ""Artifact"",version: ""0"",local port: ""55538"",net namespace: ""-1"",local address: ""10.1.251.204"",protocol: ""udp"",subtype: ""network socket"",remote address: ""10.152.183.10"",hash: ""9c64154e443a002044c0dd7dafca3dc0""})"
"(:VERTEX {remote port: ""53"",epoch: ""0"",source: ""syscall"",type: ""Artifact"",version: ""0"",local port: ""55097"",net namespace: ""-1"",local address: ""10.1.251.204"",protocol: ""udp"",subtype: ""network socket"",remote address: ""10.152.183.10"",hash: ""a13a52bc90205ba44b838b8ba9ffcc4a""})"
"(:VERTEX {memory address: ""7f0857723000"",size: ""11000"",subtype: ""memory"",tgid: ""189893"",source: ""syscall"",type: ""Artifact"",version: ""63"",hash: ""d925619a37917636ee7161f013e8eb51""})"
"(:VERTEX {memory address: ""7eff8ff57000"",size: ""3000"",subtype: ""memory"",tgid: ""189122"",source: ""syscall"",type: ""Artifact"",version: ""0"",hash: ""b3cc5ad4eb8933143addaca246fad487""})"
"(:VERTEX {path: ""/status/status.json"",subtype: ""file"",permissions: ""0644"",epoch: ""4"",source: ""syscall"",type: ""Artifact"",version: ""0"",hash: ""d138e1536fd119ba1bf564d7a2fca77e""})"
"(:VERTEX {remote port: ""443"",epoch: ""0"",source: ""syscall"",type: ""Artifact"",version: ""0"",local port: ""54320"",net namespace: ""-1"",local address: ""10.1.251.196"",protocol: ""tcp"",subtype: ""network socket"",remote address: ""10.152.183.1"",hash: ""0ed85860347eb1c84e0e17e3cdbfa94e""})"
"(:VERTEX {memory address: ""7f0857723000"",size: ""11000"",subtype: ""memory"",tgid: ""189893"",source: ""syscall"",type: ""Artifact"",version: ""64"",hash: ""7b04d9fe0fb19e55571faea2a85d0c76""})"
"(:VERTEX {memory address: ""7f0857723000"",size: ""11000"",subtype: ""memory"",tgid: ""189893"",source: ""syscall"",type: ""Artifact"",version: ""65"",hash: ""e754a3cc2fe4efa4ee8acdbc3059435e""})"
"(:VERTEX {memory address: ""7f0857723000"",size: ""11000"",subtype: ""memory"",tgid: ""189893"",source: ""syscall"",type: ""Artifact"",version: ""66"",hash: ""92eb9a6e85d3bfb5f5b51f3553085f97""})"
"(:VERTEX {memory address: ""7f0857723000"",size: ""11000"",subtype: ""memory"",tgid: ""189893"",source: ""syscall"",type: ""Artifact"",version: ""67"",hash: ""1f7cb5e6360091c6325d2ec57f3a761a""})"
"(:VERTEX {memory address: ""7f0857723000"",size: ""11000"",subtype: ""memory"",tgid: ""189893"",source: ""syscall"",type: ""Artifact"",version: ""68"",hash: ""a4b81dd32e7d4fb82f5797d721be1e55""})"
"(:VERTEX {memory address: ""7f0857723000"",size: ""11000"",subtype: ""memory"",tgid: ""189893"",source: ""syscall"",type: ""Artifact"",version: ""69"",hash: ""d799c458f73b49e8c850c6dbb5f51e26""})"
"(:VERTEX {memory address: ""7f0857723000"",size: ""11000"",subtype: ""memory"",tgid: ""189893"",source: ""syscall"",type: ""Artifact"",version: ""70"",hash: ""da2030569a928b1d854dcbae6cfa6130""})"
"(:VERTEX {memory address: ""7eff964f7000"",size: ""10000"",subtype: ""memory"",tgid: ""189122"",source: ""syscall"",type: ""Artifact"",version: ""0"",hash: ""1f90c2457f05529fb95c40af033a82d4""})"
"(:VERTEX {memory address: ""7eff8ff4f000"",size: ""b000"",subtype: ""memory"",tgid: ""189122"",source: ""syscall"",type: ""Artifact"",version: ""3"",hash: ""e57cff52f4373c2fd6903ae85810c938""})"
"(:VERTEX {memory address: ""7eff8ff4e000"",size: ""c000"",subtype: ""memory"",tgid: ""189122"",source: ""syscall"",type: ""Artifact"",version: ""2"",hash: ""99a6a5397114c9a3202bf505fd472d7c""})"
"(:VERTEX {memory address: ""7eff8ff4e000"",size: ""c000"",subtype: ""memory"",tgid: ""189122"",source: ""syscall"",type: ""Artifact"",version: ""3"",hash: ""2bb76073c4384a40a2aca5737dcdbe19""})"
"(:VERTEX {memory address: ""7eff8ff4e000"",size: ""c000"",subtype: ""memory"",tgid: ""189122"",source: ""syscall"",type: ""Artifact"",version: ""4"",hash: ""a8031114c62ba011b261a233d81844f3""})"
"(:VERTEX {memory address: ""7eff8ff4e000"",size: ""c000"",subtype: ""memory"",tgid: ""189122"",source: ""syscall"",type: ""Artifact"",version: ""5"",hash: ""0b137dafdd4431684356f10813045651""})"
"(:VERTEX {memory address: ""7eff8ff4e000"",size: ""c000"",subtype: ""memory"",tgid: ""189122"",source: ""syscall"",type: ""Artifact"",version: ""6"",hash: ""523a811035eea4346d37937385f7cbbb""})"
"(:VERTEX {memory address: ""7eff8ff42000"",size: ""c000"",subtype: ""memory"",tgid: ""189122"",source: ""syscall"",type: ""Artifact"",version: ""1"",hash: ""b98a4a4f1925d2f4d5363eab579b7a63""})"
"(:VERTEX {memory address: ""7fa6cf8eb000"",size: ""11000"",subtype: ""memory"",tgid: ""189078"",source: ""syscall"",type: ""Artifact"",version: ""1"",hash: ""d372726e481d432ffcc313bf4c44c1dc""})"
"(:VERTEX {memory address: ""7f0857723000"",size: ""11000"",subtype: ""memory"",tgid: ""189893"",source: ""syscall"",type: ""Artifact"",version: ""71"",hash: ""4b4038356e97ac7a964a626a95e7beb0""})"
"(:VERTEX {memory address: ""21baa6b00000"",size: ""40000"",subtype: ""memory"",tgid: ""189893"",source: ""syscall"",type: ""Artifact"",version: ""2"",hash: ""b1a0d7b46c2441604f43811c90ecdb67""})"
"(:VERTEX {memory address: ""3a9016940000"",size: ""40000"",subtype: ""memory"",tgid: ""189893"",source: ""syscall"",type: ""Artifact"",version: ""2"",hash: ""6b168a87d328390da04b2558a750149f""})"
"(:VERTEX {memory address: ""29d66fb00000"",size: ""40000"",subtype: ""memory"",tgid: ""189893"",source: ""syscall"",type: ""Artifact"",version: ""2"",hash: ""390afdbb45b3aca97e2ec80ad35d2c25""})"
"(:VERTEX {memory address: ""2b3f79e80000"",size: ""40000"",subtype: ""memory"",tgid: ""189893"",source: ""syscall"",type: ""Artifact"",version: ""2"",hash: ""f4b060bfb9faff672484a1179f0e7e31""})"
"(:VERTEX {memory address: ""7f08578eb000"",size: ""1000"",subtype: ""memory"",tgid: ""189893"",source: ""syscall"",type: ""Artifact"",version: ""11"",hash: ""4e2a0b50d709d71f647e6a2759884550""})"
"(:VERTEX {memory address: ""7f08578b5000"",size: ""4000"",subtype: ""memory"",tgid: ""189893"",source: ""syscall"",type: ""Artifact"",version: ""8"",hash: ""41f2e20b4f427129ea7103bc1ea4ac95""})"
"(:VERTEX {memory address: ""3406f5a00000"",size: ""40000"",subtype: ""memory"",tgid: ""189893"",source: ""syscall"",type: ""Artifact"",version: ""11"",hash: ""41a04e4362b91607388c8cbf275074d9""})"
"(:VERTEX {memory address: ""332ff05c0000"",size: ""40000"",subtype: ""memory"",tgid: ""189893"",source: ""syscall"",type: ""Artifact"",version: ""12"",hash: ""0867062f9e5d21eb1354a77e52b88b7f""})"
"(:VERTEX {memory address: ""33a2d79c0000"",size: ""40000"",subtype: ""memory"",tgid: ""189893"",source: ""syscall"",type: ""Artifact"",version: ""12"",hash: ""1c3f2b13326f93bb088a5e369a671dbd""})"
"(:VERTEX {memory address: ""f46fd9c0000"",size: ""40000"",subtype: ""memory"",tgid: ""189893"",source: ""syscall"",type: ""Artifact"",version: ""12"",hash: ""54c7d7abef0f4d89cfd0d7c75f4a41ea""})"
"(:VERTEX {memory address: ""7f0857727000"",size: ""11000"",subtype: ""memory"",tgid: ""189893"",source: ""syscall"",type: ""Artifact"",version: ""0"",hash: ""302bf7bc425e327ceb1718afa38b2497""})"
"(:VERTEX {memory address: ""7f0857727000"",size: ""11000"",subtype: ""memory"",tgid: ""189893"",source: ""syscall"",type: ""Artifact"",version: ""1"",hash: ""378fccba2bdebc4529575e96dcbd0c01""})"
"(:VERTEX {memory address: ""7f0857727000"",size: ""11000"",subtype: ""memory"",tgid: ""189893"",source: ""syscall"",type: ""Artifact"",version: ""2"",hash: ""6bd3b9f580a92802a3c7df51d2c5b1a2""})"
"(:VERTEX {memory address: ""7f0857727000"",size: ""11000"",subtype: ""memory"",tgid: ""189893"",source: ""syscall"",type: ""Artifact"",version: ""3"",hash: ""dc9d2863918701bc11b7808ad5a7fcfe""})"
"(:VERTEX {memory address: ""7f0857727000"",size: ""11000"",subtype: ""memory"",tgid: ""189893"",source: ""syscall"",type: ""Artifact"",version: ""4"",hash: ""828dcf8b077e196f0b418e4c6fe81b0b""})"
"(:VERTEX {memory address: ""7f0857727000"",size: ""11000"",subtype: ""memory"",tgid: ""189893"",source: ""syscall"",type: ""Artifact"",version: ""5"",hash: ""ff9eade296cb59d43763234aaa6643ba""})"
"(:VERTEX {memory address: ""7f0857727000"",size: ""11000"",subtype: ""memory"",tgid: ""189893"",source: ""syscall"",type: ""Artifact"",version: ""6"",hash: ""6ac89e6fc3ea0afb944be0ba0c06dfb4""})"
"(:VERTEX {gid: ""1000"",euid: ""1000"",children pid namespace: ""-1"",pid: ""189078"",seen time: ""1690980810.163"",source: ""syscall"",type: ""Process"",net namespace: ""-1"",ipc namespace: ""-1"",ppid: ""59024"",pid namespace: ""-1"",uid: ""1000"",egid: ""1000"",exe: ""/app/cartservice"",mount namespace: ""-1"",name: "".NET Tiered Com"",hash: ""e30417b090cc04884da4c03f9840efc1"",user namespace: ""-1""})"
"(:VERTEX {memory address: ""7fa6cfb6c000"",size: ""1000"",subtype: ""memory"",tgid: ""189078"",source: ""syscall"",type: ""Artifact"",version: ""0"",hash: ""911c854e57f4f8802a41964aa2fb078a""})"
"(:VERTEX {subtype: ""unknown"",tgid: ""189078"",epoch: ""1"",source: ""syscall"",type: ""Artifact"",version: ""0"",hash: ""59101727361f326bf83fe1802714c36c"",fd: ""8""})"
"(:VERTEX {memory address: ""56123e0d1000"",size: ""1000"",subtype: ""memory"",tgid: ""189078"",source: ""syscall"",type: ""Artifact"",version: ""0"",hash: ""46a2b1c17cfba37a7f6af71756486799""})"
"(:VERTEX {memory address: ""7fa6cfb63000"",size: ""1000"",subtype: ""memory"",tgid: ""189078"",source: ""syscall"",type: ""Artifact"",version: ""0"",hash: ""47970872b8b962fb70344c1470009078""})"
"(:VERTEX {memory address: ""7fa6cfb6c000"",size: ""1000"",subtype: ""memory"",tgid: ""189078"",source: ""syscall"",type: ""Artifact"",version: ""1"",hash: ""4e13066dfde3557b4ecd7e5a9955af69""})"
"(:VERTEX {memory address: ""7f0857727000"",size: ""11000"",subtype: ""memory"",tgid: ""189893"",source: ""syscall"",type: ""Artifact"",version: ""7"",hash: ""81099dd5cb28e9fdbbb2b3a3839a6c68""})"
"(:VERTEX {memory address: ""7f08578ea000"",size: ""2000"",subtype: ""memory"",tgid: ""189893"",source: ""syscall"",type: ""Artifact"",version: ""18"",hash: ""8b16742a21f105cb7ec597a2cf147764""})"
"(:VERTEX {memory address: ""7f08578b0000"",size: ""9000"",subtype: ""memory"",tgid: ""189893"",source: ""syscall"",type: ""Artifact"",version: ""23"",hash: ""cf24f7717d70fcf8a8da302f22e949d3""})"
"(:VERTEX {memory address: ""7f0857818000"",size: ""7000"",subtype: ""memory"",tgid: ""189893"",source: ""syscall"",type: ""Artifact"",version: ""42"",hash: ""dda700bb8d05c96bcefe788c6b0bd24d""})"
"(:VERTEX {memory address: ""7f085772f000"",size: ""9000"",subtype: ""memory"",tgid: ""189893"",source: ""syscall"",type: ""Artifact"",version: ""0"",hash: ""5911d550d56c9e3061b7d88d33afbf75""})"
"(:VERTEX {memory address: ""7f0857726000"",size: ""9000"",subtype: ""memory"",tgid: ""189893"",source: ""syscall"",type: ""Artifact"",version: ""0"",hash: ""3325bc3ee6c11566526e8d59e9875334""})"
"(:VERTEX {memory address: ""7f0857774000"",size: ""6000"",subtype: ""memory"",tgid: ""189893"",source: ""syscall"",type: ""Artifact"",version: ""7"",hash: ""e4969d14bf6eedb17e3575ce32149101""})"
"(:VERTEX {memory address: ""7f085771d000"",size: ""9000"",subtype: ""memory"",tgid: ""189893"",source: ""syscall"",type: ""Artifact"",version: ""0"",hash: ""2e09940cf8930675ccd8e960eb1afa81""})"
"(:VERTEX {memory address: ""7f085771d000"",size: ""9000"",subtype: ""memory"",tgid: ""189893"",source: ""syscall"",type: ""Artifact"",version: ""1"",hash: ""478f7b6d77e35788c956a2a597ed7320""})"
"(:VERTEX {memory address: ""7f0857773000"",size: ""7000"",subtype: ""memory"",tgid: ""189893"",source: ""syscall"",type: ""Artifact"",version: ""9"",hash: ""e497f0dcbfa355392d7bdbec3de9e36c""})"
"(:VERTEX {memory address: ""7f08578ae000"",size: ""2000"",subtype: ""memory"",tgid: ""189893"",source: ""syscall"",type: ""Artifact"",version: ""5"",hash: ""1e7e6e8880369093ee02145f495842bb""})"
"(:VERTEX {memory address: ""7f085788f000"",size: ""2000"",subtype: ""memory"",tgid: ""189893"",source: ""syscall"",type: ""Artifact"",version: ""3"",hash: ""a37a1e77df02ae0788e3af16f711473e""})"
"(:VERTEX {memory address: ""7f085772f000"",size: ""9000"",subtype: ""memory"",tgid: ""189893"",source: ""syscall"",type: ""Artifact"",version: ""1"",hash: ""3b184b79a368cec01fb411aac3ef1766""})"
"(:VERTEX {memory address: ""7f0857773000"",size: ""7000"",subtype: ""memory"",tgid: ""189893"",source: ""syscall"",type: ""Artifact"",version: ""10"",hash: ""aba6eed5b94171f2e0e6731176fdc9c5""})"
"(:VERTEX {memory address: ""7f085772f000"",size: ""9000"",subtype: ""memory"",tgid: ""189893"",source: ""syscall"",type: ""Artifact"",version: ""2"",hash: ""8404d8f3bf9bf059574347d612b3cebe""})"
"(:VERTEX {memory address: ""7f085771d000"",size: ""9000"",subtype: ""memory"",tgid: ""189893"",source: ""syscall"",type: ""Artifact"",version: ""2"",hash: ""c79012b9cc9335eb18afee5dd2d1733f""})"
"(:VERTEX {memory address: ""7f08556f3000"",size: ""10000"",subtype: ""memory"",tgid: ""189893"",source: ""syscall"",type: ""Artifact"",version: ""48"",hash: ""631fc5131e40223187b197121d3771dd""})"
"(:VERTEX {memory address: ""7f08556f3000"",size: ""10000"",subtype: ""memory"",tgid: ""189893"",source: ""syscall"",type: ""Artifact"",version: ""49"",hash: ""d4e0e7416dcd6caa93ea15d171aec266""})"
"(:VERTEX {memory address: ""7f08556f3000"",size: ""10000"",subtype: ""memory"",tgid: ""189893"",source: ""syscall"",type: ""Artifact"",version: ""50"",hash: ""0391517b76a64f02fd11b9f73fc15ac2""})"
"(:VERTEX {memory address: ""7f08556f3000"",size: ""10000"",subtype: ""memory"",tgid: ""189893"",source: ""syscall"",type: ""Artifact"",version: ""51"",hash: ""b1c9999b1159e53012970ef95c58977d""})"
"(:VERTEX {memory address: ""7f08556f3000"",size: ""10000"",subtype: ""memory"",tgid: ""189893"",source: ""syscall"",type: ""Artifact"",version: ""52"",hash: ""160d9c15e8ccf2b02c882cd301a46fa5""})"
"(:VERTEX {memory address: ""7f08556f3000"",size: ""10000"",subtype: ""memory"",tgid: ""189893"",source: ""syscall"",type: ""Artifact"",version: ""53"",hash: ""94d6b652b685a86fc1a8565bf730c625""})"
"(:VERTEX {memory address: ""7f08556f3000"",size: ""10000"",subtype: ""memory"",tgid: ""189893"",source: ""syscall"",type: ""Artifact"",version: ""54"",hash: ""7b90a795ecfadb6a61af5c1378449265""})"
"(:VERTEX {memory address: ""7f08556f3000"",size: ""10000"",subtype: ""memory"",tgid: ""189893"",source: ""syscall"",type: ""Artifact"",version: ""55"",hash: ""80ffc71943338162f50d40a20ae77a67""})"
"(:VERTEX {memory address: ""7f08556f3000"",size: ""10000"",subtype: ""memory"",tgid: ""189893"",source: ""syscall"",type: ""Artifact"",version: ""56"",hash: ""dcf784f4a1d3e2a14490042995a87f33""})"
"(:VERTEX {memory address: ""7f08556f3000"",size: ""10000"",subtype: ""memory"",tgid: ""189893"",source: ""syscall"",type: ""Artifact"",version: ""57"",hash: ""45faa6a7bcb16479637e7641d2248a41""})"
"(:VERTEX {memory address: ""7f08556f3000"",size: ""10000"",subtype: ""memory"",tgid: ""189893"",source: ""syscall"",type: ""Artifact"",version: ""58"",hash: ""e593a9410b73debc1459666629d2526f""})"
"(:VERTEX {memory address: ""7f085780c000"",size: ""4000"",subtype: ""memory"",tgid: ""189893"",source: ""syscall"",type: ""Artifact"",version: ""9"",hash: ""77e6be86081cb006044618b62d4533cc""})"
"(:VERTEX {memory address: ""7f0857727000"",size: ""11000"",subtype: ""memory"",tgid: ""189893"",source: ""syscall"",type: ""Artifact"",version: ""8"",hash: ""7d9b992cfbdaccd4b3f77c8aa7d83d2a""})"
"(:VERTEX {memory address: ""7f0857727000"",size: ""11000"",subtype: ""memory"",tgid: ""189893"",source: ""syscall"",type: ""Artifact"",version: ""9"",hash: ""df33ae130ca28612ce3b9cda326a8c10""})"
"(:VERTEX {memory address: ""7f08578ea000"",size: ""2000"",subtype: ""memory"",tgid: ""189893"",source: ""syscall"",type: ""Artifact"",version: ""19"",hash: ""0027f6e517dfa365ac54fec8c96a6372""})"
"(:VERTEX {memory address: ""7f08578b0000"",size: ""9000"",subtype: ""memory"",tgid: ""189893"",source: ""syscall"",type: ""Artifact"",version: ""24"",hash: ""9b01d246b1a19a9f3a67029c7f8dc1b9""})"
"(:VERTEX {memory address: ""7f0857818000"",size: ""7000"",subtype: ""memory"",tgid: ""189893"",source: ""syscall"",type: ""Artifact"",version: ""43"",hash: ""8cb36872ff4e486d09c35ea86de2c014""})"
"(:VERTEX {memory address: ""7f085772f000"",size: ""9000"",subtype: ""memory"",tgid: ""189893"",source: ""syscall"",type: ""Artifact"",version: ""3"",hash: ""45a9c29a45445348ccc8d63d8adaaef8""})"
"(:VERTEX {memory address: ""7f0857726000"",size: ""9000"",subtype: ""memory"",tgid: ""189893"",source: ""syscall"",type: ""Artifact"",version: ""1"",hash: ""7eae14e8bacfcc306f8dbdd4b6c81948""})"
"(:VERTEX {memory address: ""7f085771d000"",size: ""9000"",subtype: ""memory"",tgid: ""189893"",source: ""syscall"",type: ""Artifact"",version: ""3"",hash: ""50eae8700d78abfb1f63dbd12edd37ad""})"
"(:VERTEX {memory address: ""7f08556f2000"",size: ""11000"",subtype: ""memory"",tgid: ""189893"",source: ""syscall"",type: ""Artifact"",version: ""537"",hash: ""41a2abc0daa4960fca8d15133cd8062e""})"
"(:VERTEX {memory address: ""7f08556fa000"",size: ""9000"",subtype: ""memory"",tgid: ""189893"",source: ""syscall"",type: ""Artifact"",version: ""39"",hash: ""1a8ec1d6b75128d5a833d5f544af5dff""})"
"(:VERTEX {memory address: ""7f0857774000"",size: ""6000"",subtype: ""memory"",tgid: ""189893"",source: ""syscall"",type: ""Artifact"",version: ""8"",hash: ""ed8645bd1f730245b81553358f67a15b""})"
"(:VERTEX {memory address: ""7f0857772000"",size: ""8000"",subtype: ""memory"",tgid: ""189893"",source: ""syscall"",type: ""Artifact"",version: ""8"",hash: ""3f5ca8b31cfc1586488fdbac2d74fccd""})"
"(:VERTEX {memory address: ""7f085771d000"",size: ""9000"",subtype: ""memory"",tgid: ""189893"",source: ""syscall"",type: ""Artifact"",version: ""4"",hash: ""7efb17f3758aac05e828a6afe505cecc""})"
"(:VERTEX {memory address: ""7f085771d000"",size: ""9000"",subtype: ""memory"",tgid: ""189893"",source: ""syscall"",type: ""Artifact"",version: ""5"",hash: ""c587930a9f542a357063a582702b7ab0""})"
"(:VERTEX {memory address: ""7f085771d000"",size: ""9000"",subtype: ""memory"",tgid: ""189893"",source: ""syscall"",type: ""Artifact"",version: ""6"",hash: ""bc66798e556513037252a356da655444""})"
"(:VERTEX {memory address: ""7f08556f1000"",size: ""9000"",subtype: ""memory"",tgid: ""189893"",source: ""syscall"",type: ""Artifact"",version: ""35"",hash: ""782ddd7d182a72eb9d774473d82399ac""})"
"(:VERTEX {memory address: ""7f0857774000"",size: ""6000"",subtype: ""memory"",tgid: ""189893"",source: ""syscall"",type: ""Artifact"",version: ""9"",hash: ""0c96e96dc91fd73732fbbb91cbf27064""})"
"(:VERTEX {memory address: ""7f085771d000"",size: ""9000"",subtype: ""memory"",tgid: ""189893"",source: ""syscall"",type: ""Artifact"",version: ""7"",hash: ""e3cf64e71aeed7470c2f834de61ee71f""})"
"(:VERTEX {memory address: ""7f0857774000"",size: ""6000"",subtype: ""memory"",tgid: ""189893"",source: ""syscall"",type: ""Artifact"",version: ""10"",hash: ""a462c88fd99ec501a69b06e6b4a7fa7b""})"
"(:VERTEX {memory address: ""7f085771d000"",size: ""9000"",subtype: ""memory"",tgid: ""189893"",source: ""syscall"",type: ""Artifact"",version: ""8"",hash: ""0a1d4d81c66f5fa6f9137a1064687ff4""})"
"(:VERTEX {memory address: ""7f0857726000"",size: ""9000"",subtype: ""memory"",tgid: ""189893"",source: ""syscall"",type: ""Artifact"",version: ""2"",hash: ""ea774c09aa1d90963f1173be6dcdb735""})"
"(:VERTEX {memory address: ""7f085771d000"",size: ""9000"",subtype: ""memory"",tgid: ""189893"",source: ""syscall"",type: ""Artifact"",version: ""9"",hash: ""539f08c886e4b234a92cde5a0c1c6ce0""})"
"(:VERTEX {memory address: ""7f0857727000"",size: ""11000"",subtype: ""memory"",tgid: ""189893"",source: ""syscall"",type: ""Artifact"",version: ""10"",hash: ""bdc3bd54303d833d71fafbb75eaeda8d""})"
"(:VERTEX {memory address: ""7f0857727000"",size: ""11000"",subtype: ""memory"",tgid: ""189893"",source: ""syscall"",type: ""Artifact"",version: ""11"",hash: ""2de8e327c96dc2401f4b174e875f2b72""})"
"(:VERTEX {memory address: ""7f0857727000"",size: ""11000"",subtype: ""memory"",tgid: ""189893"",source: ""syscall"",type: ""Artifact"",version: ""12"",hash: ""c12f91ddba1d1a54fad4f3c8cd93b21d""})"
"(:VERTEX {memory address: ""7f0857727000"",size: ""11000"",subtype: ""memory"",tgid: ""189893"",source: ""syscall"",type: ""Artifact"",version: ""13"",hash: ""aa79c16088c0c39096c020c049739e28""})"
"(:VERTEX {memory address: ""7f0857727000"",size: ""11000"",subtype: ""memory"",tgid: ""189893"",source: ""syscall"",type: ""Artifact"",version: ""14"",hash: ""3065cd2ded7d5e4741cd5eec3b53ecad""})"
"(:VERTEX {memory address: ""7f0857727000"",size: ""11000"",subtype: ""memory"",tgid: ""189893"",source: ""syscall"",type: ""Artifact"",version: ""15"",hash: ""1c48c918ed84a46f5e5f2b0b51bbd205""})"
"(:VERTEX {memory address: ""7f0857727000"",size: ""11000"",subtype: ""memory"",tgid: ""189893"",source: ""syscall"",type: ""Artifact"",version: ""16"",hash: ""904049df4e000774db48dd439e24937f""})"
"(:VERTEX {memory address: ""7f0857727000"",size: ""11000"",subtype: ""memory"",tgid: ""189893"",source: ""syscall"",type: ""Artifact"",version: ""17"",hash: ""e15d8cc4c04c1aaa8ff1ef7184ad5531""})"
"(:VERTEX {memory address: ""7f0857727000"",size: ""11000"",subtype: ""memory"",tgid: ""189893"",source: ""syscall"",type: ""Artifact"",version: ""18"",hash: ""bc41d7bed2d4d6f310b69bc3797b19cc""})"
"(:VERTEX {memory address: ""7f0857727000"",size: ""11000"",subtype: ""memory"",tgid: ""189893"",source: ""syscall"",type: ""Artifact"",version: ""19"",hash: ""c985aede05cf40d410c75617a923fc86""})"
"(:VERTEX {memory address: ""7f0857727000"",size: ""11000"",subtype: ""memory"",tgid: ""189893"",source: ""syscall"",type: ""Artifact"",version: ""20"",hash: ""80a035e59a15a844f10104e6f85b80ad""})"
"(:VERTEX {memory address: ""7f0857727000"",size: ""11000"",subtype: ""memory"",tgid: ""189893"",source: ""syscall"",type: ""Artifact"",version: ""21"",hash: ""2db0390b7eaef22598288cf6279c6497""})"
"(:VERTEX {memory address: ""7f0857727000"",size: ""11000"",subtype: ""memory"",tgid: ""189893"",source: ""syscall"",type: ""Artifact"",version: ""22"",hash: ""42df56c63fd0a784a2edcbc102dc3306""})"
"(:VERTEX {memory address: ""7f0857727000"",size: ""11000"",subtype: ""memory"",tgid: ""189893"",source: ""syscall"",type: ""Artifact"",version: ""23"",hash: ""f21d807255c83915e7a1ada79445b6f6""})"
"(:VERTEX {memory address: ""7f0857727000"",size: ""11000"",subtype: ""memory"",tgid: ""189893"",source: ""syscall"",type: ""Artifact"",version: ""24"",hash: ""184a062dd5a4fb401ca9b0d22e2d5156""})"
"(:VERTEX {memory address: ""7f0857727000"",size: ""11000"",subtype: ""memory"",tgid: ""189893"",source: ""syscall"",type: ""Artifact"",version: ""25"",hash: ""526446825581714c43289c03fef2be02""})"
"(:VERTEX {memory address: ""7f0857727000"",size: ""11000"",subtype: ""memory"",tgid: ""189893"",source: ""syscall"",type: ""Artifact"",version: ""26"",hash: ""21ecd1800cc6a3cdaacbac318590cf54""})"
"(:VERTEX {memory address: ""7f0857727000"",size: ""11000"",subtype: ""memory"",tgid: ""189893"",source: ""syscall"",type: ""Artifact"",version: ""27"",hash: ""9ac3d3f35954a9386c3640658fb109ce""})"
"(:VERTEX {memory address: ""7f0857727000"",size: ""11000"",subtype: ""memory"",tgid: ""189893"",source: ""syscall"",type: ""Artifact"",version: ""28"",hash: ""b9b713defcda2dfb2c312c447f301efb""})"
"(:VERTEX {memory address: ""7f0857727000"",size: ""11000"",subtype: ""memory"",tgid: ""189893"",source: ""syscall"",type: ""Artifact"",version: ""29"",hash: ""b55aa771d3eff89ca6c766ec29f9d1ee""})"
"(:VERTEX {memory address: ""7f08578ea000"",size: ""2000"",subtype: ""memory"",tgid: ""189893"",source: ""syscall"",type: ""Artifact"",version: ""20"",hash: ""a1a587382c6d29ad924f87a8f4d29fd1""})"
"(:VERTEX {memory address: ""7f08578b0000"",size: ""9000"",subtype: ""memory"",tgid: ""189893"",source: ""syscall"",type: ""Artifact"",version: ""25"",hash: ""69a93e8870da2624a2628d6af43d6b3b""})"
"(:VERTEX {memory address: ""7f0857727000"",size: ""11000"",subtype: ""memory"",tgid: ""189893"",source: ""syscall"",type: ""Artifact"",version: ""30"",hash: ""20294469e8fde01b6629e665599bc357""})"
"(:VERTEX {memory address: ""7f0857818000"",size: ""7000"",subtype: ""memory"",tgid: ""189893"",source: ""syscall"",type: ""Artifact"",version: ""44"",hash: ""41331fb4d8f97bb80939cb8e80435c66""})"
"(:VERTEX {memory address: ""7f085772f000"",size: ""9000"",subtype: ""memory"",tgid: ""189893"",source: ""syscall"",type: ""Artifact"",version: ""4"",hash: ""b69022b808b7a4ead67c9a9e5e15bf34""})"
"(:VERTEX {memory address: ""7f0857726000"",size: ""9000"",subtype: ""memory"",tgid: ""189893"",source: ""syscall"",type: ""Artifact"",version: ""3"",hash: ""930d25e093dc503d32932c45e068bf05""})"
"(:VERTEX {memory address: ""7f085771d000"",size: ""9000"",subtype: ""memory"",tgid: ""189893"",source: ""syscall"",type: ""Artifact"",version: ""10"",hash: ""7a01ceb6e1e23fa09f841cca6e821e34""})"
"(:VERTEX {memory address: ""7f08556fa000"",size: ""9000"",subtype: ""memory"",tgid: ""189893"",source: ""syscall"",type: ""Artifact"",version: ""40"",hash: ""c5a668a5201d39c6e187fe74132fb18b""})"
"(:VERTEX {memory address: ""7f08556f1000"",size: ""9000"",subtype: ""memory"",tgid: ""189893"",source: ""syscall"",type: ""Artifact"",version: ""36"",hash: ""f6d1fb3bfe3acbef4cfdd2a129b446f6""})"
"(:VERTEX {memory address: ""7f08556fa000"",size: ""9000"",subtype: ""memory"",tgid: ""189893"",source: ""syscall"",type: ""Artifact"",version: ""41"",hash: ""7dd2b8e1335fda7b0cbe915a49844301""})"
"(:VERTEX {memory address: ""7f08556e8000"",size: ""9000"",subtype: ""memory"",tgid: ""189893"",source: ""syscall"",type: ""Artifact"",version: ""30"",hash: ""116eb2ec70b4cc11087e3cb7d42c7a0f""})"
"(:VERTEX {memory address: ""7f0857772000"",size: ""8000"",subtype: ""memory"",tgid: ""189893"",source: ""syscall"",type: ""Artifact"",version: ""9"",hash: ""98a232879a443bf0905a79ffb3a35884""})"
"(:VERTEX {memory address: ""7f08556df000"",size: ""9000"",subtype: ""memory"",tgid: ""189893"",source: ""syscall"",type: ""Artifact"",version: ""20"",hash: ""f88b97021c021231c264566768707e97""})"
"(:VERTEX {memory address: ""7f08556d6000"",size: ""9000"",subtype: ""memory"",tgid: ""189893"",source: ""syscall"",type: ""Artifact"",version: ""16"",hash: ""f82f55f9f23632df87823023ff4d7720""})"
"(:VERTEX {memory address: ""7f08556cd000"",size: ""9000"",subtype: ""memory"",tgid: ""189893"",source: ""syscall"",type: ""Artifact"",version: ""19"",hash: ""fdb020fd5f0294c909b3fcfeedcb0e69""})"
"(:VERTEX {memory address: ""7f08556c4000"",size: ""9000"",subtype: ""memory"",tgid: ""189893"",source: ""syscall"",type: ""Artifact"",version: ""13"",hash: ""247d021931aa5d9d59f40b4f96d6cf8e""})"
"(:VERTEX {memory address: ""7f08556bb000"",size: ""9000"",subtype: ""memory"",tgid: ""189893"",source: ""syscall"",type: ""Artifact"",version: ""9"",hash: ""3867131f8f584968f94ce9837193563e""})"
"(:VERTEX {memory address: ""7f08556df000"",size: ""9000"",subtype: ""memory"",tgid: ""189893"",source: ""syscall"",type: ""Artifact"",version: ""21"",hash: ""cf40518cf0d66c9533e3b6688c6ca395""})"
"(:VERTEX {memory address: ""7f085780c000"",size: ""4000"",subtype: ""memory"",tgid: ""189893"",source: ""syscall"",type: ""Artifact"",version: ""10"",hash: ""f291f515f471258705d02b3c90aee487""})"
"(:VERTEX {memory address: ""7f0857773000"",size: ""7000"",subtype: ""memory"",tgid: ""189893"",source: ""syscall"",type: ""Artifact"",version: ""11"",hash: ""8497583fd183956ee4704fd0b36f6d4f""})"
"(:VERTEX {memory address: ""7f08556df000"",size: ""9000"",subtype: ""memory"",tgid: ""189893"",source: ""syscall"",type: ""Artifact"",version: ""22"",hash: ""e4553e9176035075a50b643e25ba9d14""})"
"(:VERTEX {memory address: ""7f08556d6000"",size: ""9000"",subtype: ""memory"",tgid: ""189893"",source: ""syscall"",type: ""Artifact"",version: ""17"",hash: ""1ae7a36ec25e89d43738336a5f46c915""})"
"(:VERTEX {memory address: ""7f08556cd000"",size: ""9000"",subtype: ""memory"",tgid: ""189893"",source: ""syscall"",type: ""Artifact"",version: ""20"",hash: ""cd4d3bd74d5b14e88ff1674dea04bbf9""})"
"(:VERTEX {memory address: ""7f08556c4000"",size: ""9000"",subtype: ""memory"",tgid: ""189893"",source: ""syscall"",type: ""Artifact"",version: ""14"",hash: ""ab3bbddf05a9d75362626eb7be05eb4d""})"
"(:VERTEX {memory address: ""7f08556bb000"",size: ""9000"",subtype: ""memory"",tgid: ""189893"",source: ""syscall"",type: ""Artifact"",version: ""10"",hash: ""7472e70c986261f0a403844b927c02e1""})"
"(:VERTEX {memory address: ""7f08556b2000"",size: ""9000"",subtype: ""memory"",tgid: ""189893"",source: ""syscall"",type: ""Artifact"",version: ""5"",hash: ""77f1d8ca5c97c19a93aa49f03b195f78""})"
"(:VERTEX {memory address: ""7f08556d6000"",size: ""9000"",subtype: ""memory"",tgid: ""189893"",source: ""syscall"",type: ""Artifact"",version: ""18"",hash: ""b52f8d068cd810c7c063c011153b2be5""})"
"(:VERTEX {memory address: ""7f08556cd000"",size: ""9000"",subtype: ""memory"",tgid: ""189893"",source: ""syscall"",type: ""Artifact"",version: ""21"",hash: ""5897d2def93942d56dc481315240fb0e""})"
"(:VERTEX {memory address: ""7f08556d1000"",size: ""e000"",subtype: ""memory"",tgid: ""189893"",source: ""syscall"",type: ""Artifact"",version: ""0"",hash: ""19505c3730df071114138fbe9add138b""})"
"(:VERTEX {memory address: ""7f08556a9000"",size: ""9000"",subtype: ""memory"",tgid: ""189893"",source: ""syscall"",type: ""Artifact"",version: ""2"",hash: ""feb66c6abe77cf0425418bd0ff9625a7""})"
"(:VERTEX {memory address: ""7f08556a0000"",size: ""9000"",subtype: ""memory"",tgid: ""189893"",source: ""syscall"",type: ""Artifact"",version: ""8"",hash: ""9ea0c67e4979c33e40bf814795ead40d""})"
"(:VERTEX {memory address: ""7f08556d6000"",size: ""9000"",subtype: ""memory"",tgid: ""189893"",source: ""syscall"",type: ""Artifact"",version: ""19"",hash: ""3f0f47eb22d3a99758b8284aaf7b1f26""})"
"(:VERTEX {memory address: ""7f08556cd000"",size: ""9000"",subtype: ""memory"",tgid: ""189893"",source: ""syscall"",type: ""Artifact"",version: ""22"",hash: ""0ee1712c068b891f71d663e7d9e15c44""})"
"(:VERTEX {memory address: ""7f08556a9000"",size: ""9000"",subtype: ""memory"",tgid: ""189893"",source: ""syscall"",type: ""Artifact"",version: ""3"",hash: ""2d8ad4e9a5f94d3f38b47871399a9b35""})"
"(:VERTEX {memory address: ""7f08556a0000"",size: ""9000"",subtype: ""memory"",tgid: ""189893"",source: ""syscall"",type: ""Artifact"",version: ""9"",hash: ""cf8f87ada679b0c47ce7dc60f3dc0147""})"
"(:VERTEX {memory address: ""7f0855697000"",size: ""9000"",subtype: ""memory"",tgid: ""189893"",source: ""syscall"",type: ""Artifact"",version: ""4"",hash: ""78f38a2cb5677dfa8d6439574d13482d""})"
"(:VERTEX {memory address: ""7f085568e000"",size: ""9000"",subtype: ""memory"",tgid: ""189893"",source: ""syscall"",type: ""Artifact"",version: ""3"",hash: ""96ebf15cd4c7b8f48b84d74549dbcfa2""})"
"(:VERTEX {memory address: ""7f08556cd000"",size: ""9000"",subtype: ""memory"",tgid: ""189893"",source: ""syscall"",type: ""Artifact"",version: ""23"",hash: ""996f6cd9644f23fbe5bb62bfbb26ec1f""})"
"(:VERTEX {memory address: ""7f0857774000"",size: ""6000"",subtype: ""memory"",tgid: ""189893"",source: ""syscall"",type: ""Artifact"",version: ""11"",hash: ""edeeb9d3f6b8961d2bbcd6d90458c6ab""})"
"(:VERTEX {memory address: ""7f08556a9000"",size: ""9000"",subtype: ""memory"",tgid: ""189893"",source: ""syscall"",type: ""Artifact"",version: ""4"",hash: ""d8352436347fa258681354b8eb8e886f""})"
"(:VERTEX {memory address: ""7f085568e000"",size: ""9000"",subtype: ""memory"",tgid: ""189893"",source: ""syscall"",type: ""Artifact"",version: ""4"",hash: ""165ad3d10067c69cae9ff72e7831ef9e""})"
"(:VERTEX {memory address: ""7f0855685000"",size: ""9000"",subtype: ""memory"",tgid: ""189893"",source: ""syscall"",type: ""Artifact"",version: ""2"",hash: ""8887edb30af2fd9e03b5e5735a01e0bc""})"
"(:VERTEX {memory address: ""7f085772f000"",size: ""9000"",subtype: ""memory"",tgid: ""189893"",source: ""syscall"",type: ""Artifact"",version: ""5"",hash: ""2c762d33230e1f82b3f5d35509504aef""})"
"(:VERTEX {memory address: ""7f0857726000"",size: ""9000"",subtype: ""memory"",tgid: ""189893"",source: ""syscall"",type: ""Artifact"",version: ""4"",hash: ""89113f43c1eb472f0dad6a22fdc961d0""})"
"(:VERTEX {memory address: ""7f08556fa000"",size: ""9000"",subtype: ""memory"",tgid: ""189893"",source: ""syscall"",type: ""Artifact"",version: ""42"",hash: ""e9d2e9f6953642780c56496836b9b9a6""})"
"(:VERTEX {memory address: ""7f08556f1000"",size: ""9000"",subtype: ""memory"",tgid: ""189893"",source: ""syscall"",type: ""Artifact"",version: ""37"",hash: ""ed691febcf986a8e13fe4b9f58a4bef4""})"
"(:VERTEX {memory address: ""7f08556e8000"",size: ""9000"",subtype: ""memory"",tgid: ""189893"",source: ""syscall"",type: ""Artifact"",version: ""31"",hash: ""ac94b8403c5ee9ef811cde860cc73af8""})"
"(:VERTEX {memory address: ""7f08556df000"",size: ""9000"",subtype: ""memory"",tgid: ""189893"",source: ""syscall"",type: ""Artifact"",version: ""23"",hash: ""98ee442bb975b240658ee849044fb77d""})"
"(:VERTEX {memory address: ""7f08556d6000"",size: ""9000"",subtype: ""memory"",tgid: ""189893"",source: ""syscall"",type: ""Artifact"",version: ""20"",hash: ""5f2946bcad4f80227aed4f61769ce1e9""})"
"(:VERTEX {memory address: ""7f08556c4000"",size: ""9000"",subtype: ""memory"",tgid: ""189893"",source: ""syscall"",type: ""Artifact"",version: ""15"",hash: ""d7afd98ddc5f38d9a3b4e89e6276246d""})"
"(:VERTEX {memory address: ""7f08556bb000"",size: ""9000"",subtype: ""memory"",tgid: ""189893"",source: ""syscall"",type: ""Artifact"",version: ""11"",hash: ""9e2fef0f9ea3232a4dc3f9ccf87b2e75""})"
"(:VERTEX {memory address: ""7f08556b2000"",size: ""9000"",subtype: ""memory"",tgid: ""189893"",source: ""syscall"",type: ""Artifact"",version: ""6"",hash: ""62914d528b2d66ee95cddb5432dab0eb""})"
"(:VERTEX {memory address: ""7f08556a9000"",size: ""9000"",subtype: ""memory"",tgid: ""189893"",source: ""syscall"",type: ""Artifact"",version: ""5"",hash: ""2604ed47c104b74262061e06e0a7e621""})"
"(:VERTEX {memory address: ""7f08556a0000"",size: ""9000"",subtype: ""memory"",tgid: ""189893"",source: ""syscall"",type: ""Artifact"",version: ""10"",hash: ""4a1fae56051855dc52b37a9ce5cb30c2""})"
"(:VERTEX {memory address: ""7f08556df000"",size: ""9000"",subtype: ""memory"",tgid: ""189893"",source: ""syscall"",type: ""Artifact"",version: ""24"",hash: ""94e7ea0372ca22d74b13fe98baa7e48f""})"
"(:VERTEX {memory address: ""7f08556bb000"",size: ""9000"",subtype: ""memory"",tgid: ""189893"",source: ""syscall"",type: ""Artifact"",version: ""12"",hash: ""08d1003f0fa34cdcc9c69419966d326f""})"
"(:VERTEX {memory address: ""7f08556a9000"",size: ""9000"",subtype: ""memory"",tgid: ""189893"",source: ""syscall"",type: ""Artifact"",version: ""6"",hash: ""b086caf9277bbb5519ca3134a004731a""})"
"(:VERTEX {memory address: ""7f0855697000"",size: ""9000"",subtype: ""memory"",tgid: ""189893"",source: ""syscall"",type: ""Artifact"",version: ""5"",hash: ""1962829606f942685bfaf05cc147cdd8""})"
"(:VERTEX {memory address: ""7f085567c000"",size: ""9000"",subtype: ""memory"",tgid: ""189893"",source: ""syscall"",type: ""Artifact"",version: ""15"",hash: ""4d1451e0dd51f3509d304414bf9a4589""})"
"(:VERTEX {memory address: ""7f0857727000"",size: ""11000"",subtype: ""memory"",tgid: ""189893"",source: ""syscall"",type: ""Artifact"",version: ""31"",hash: ""9e7ab93ae8cd84fea4e0a6bfaf06829f""})"
"(:VERTEX {memory address: ""7f0857727000"",size: ""11000"",subtype: ""memory"",tgid: ""189893"",source: ""syscall"",type: ""Artifact"",version: ""32"",hash: ""e78c3b8db9dd050e50f9632183a7d21d""})"
"(:VERTEX {memory address: ""7f0857727000"",size: ""11000"",subtype: ""memory"",tgid: ""189893"",source: ""syscall"",type: ""Artifact"",version: ""33"",hash: ""c9e3b983e8a9b36cba68d3499d5aeff8""})"
"(:VERTEX {memory address: ""7f0857727000"",size: ""11000"",subtype: ""memory"",tgid: ""189893"",source: ""syscall"",type: ""Artifact"",version: ""34"",hash: ""34c25689b20d765034b56545d76a2c8c""})"
"(:VERTEX {memory address: ""7f0857727000"",size: ""11000"",subtype: ""memory"",tgid: ""189893"",source: ""syscall"",type: ""Artifact"",version: ""35"",hash: ""040519bcb0cf7ff68882f81e72104116""})"
"(:VERTEX {memory address: ""7f0857727000"",size: ""11000"",subtype: ""memory"",tgid: ""189893"",source: ""syscall"",type: ""Artifact"",version: ""36"",hash: ""4539e4be26babd172da16922acf0a4a0""})"
"(:VERTEX {memory address: ""7f0857727000"",size: ""11000"",subtype: ""memory"",tgid: ""189893"",source: ""syscall"",type: ""Artifact"",version: ""37"",hash: ""e5fb390e3f40feb9825f4cd349fa58eb""})"
"(:VERTEX {memory address: ""7f0857727000"",size: ""11000"",subtype: ""memory"",tgid: ""189893"",source: ""syscall"",type: ""Artifact"",version: ""38"",hash: ""cc4dacd067b43dfcd51acb88a90ad782""})"
"(:VERTEX {memory address: ""7f0857727000"",size: ""11000"",subtype: ""memory"",tgid: ""189893"",source: ""syscall"",type: ""Artifact"",version: ""39"",hash: ""189449d801b7a88d4292a128c2d8434f""})"
"(:VERTEX {memory address: ""7f0857727000"",size: ""11000"",subtype: ""memory"",tgid: ""189893"",source: ""syscall"",type: ""Artifact"",version: ""40"",hash: ""b89494d83dabbc3e3af06aedc3c9be43""})"
"(:VERTEX {memory address: ""7f0857727000"",size: ""11000"",subtype: ""memory"",tgid: ""189893"",source: ""syscall"",type: ""Artifact"",version: ""41"",hash: ""fe16525bc0aea091de67664a76b192d7""})"
"(:VERTEX {memory address: ""7f0857727000"",size: ""11000"",subtype: ""memory"",tgid: ""189893"",source: ""syscall"",type: ""Artifact"",version: ""42"",hash: ""4da9c2211ebbe73b003c5e1de7898bdb""})"
"(:VERTEX {memory address: ""7f0857727000"",size: ""11000"",subtype: ""memory"",tgid: ""189893"",source: ""syscall"",type: ""Artifact"",version: ""43"",hash: ""6cdc71e783cd691a1af40f47670880a7""})"
"(:VERTEX {memory address: ""7f0857727000"",size: ""11000"",subtype: ""memory"",tgid: ""189893"",source: ""syscall"",type: ""Artifact"",version: ""44"",hash: ""3a580f52134d0e506b7bade6bfd9a2f7""})"
"(:VERTEX {memory address: ""7f0857727000"",size: ""11000"",subtype: ""memory"",tgid: ""189893"",source: ""syscall"",type: ""Artifact"",version: ""45"",hash: ""0cbf4cb9a563e7f118f33c42a95a1719""})"
"(:VERTEX {memory address: ""7f08578ea000"",size: ""2000"",subtype: ""memory"",tgid: ""189893"",source: ""syscall"",type: ""Artifact"",version: ""21"",hash: ""97d05743c732a6b559a5cb46224c2021""})"
"(:VERTEX {memory address: ""7f08578b0000"",size: ""9000"",subtype: ""memory"",tgid: ""189893"",source: ""syscall"",type: ""Artifact"",version: ""26"",hash: ""b338466f85420bf65e82555278fe3338""})"
"(:VERTEX {memory address: ""7f0857727000"",size: ""11000"",subtype: ""memory"",tgid: ""189893"",source: ""syscall"",type: ""Artifact"",version: ""46"",hash: ""a84b757035b961b7d739145a00a3ee44""})"
"(:VERTEX {memory address: ""7f0857818000"",size: ""7000"",subtype: ""memory"",tgid: ""189893"",source: ""syscall"",type: ""Artifact"",version: ""45"",hash: ""9fb8f47ca4062b303209f1bea741987e""})"
"(:VERTEX {memory address: ""7f085772f000"",size: ""9000"",subtype: ""memory"",tgid: ""189893"",source: ""syscall"",type: ""Artifact"",version: ""6"",hash: ""50f754661ac64a6aab2b67010590fe0a""})"
"(:VERTEX {memory address: ""7f0857726000"",size: ""9000"",subtype: ""memory"",tgid: ""189893"",source: ""syscall"",type: ""Artifact"",version: ""5"",hash: ""c38bcba2f3ebe4138a2ba2afb1efe865""})"
"(:VERTEX {memory address: ""7f085771d000"",size: ""9000"",subtype: ""memory"",tgid: ""189893"",source: ""syscall"",type: ""Artifact"",version: ""11"",hash: ""2bce69a6e4483b145bf6e30460829bf8""})"
"(:VERTEX {memory address: ""7f0857774000"",size: ""6000"",subtype: ""memory"",tgid: ""189893"",source: ""syscall"",type: ""Artifact"",version: ""12"",hash: ""ee665cb8705498e0a18d0dc412e34418""})"
"(:VERTEX {memory address: ""7f08556fa000"",size: ""9000"",subtype: ""memory"",tgid: ""189893"",source: ""syscall"",type: ""Artifact"",version: ""43"",hash: ""f73f7e9ec57ada54578ec03343d0b9cf""})"
"(:VERTEX {memory address: ""7f08556fa000"",size: ""9000"",subtype: ""memory"",tgid: ""189893"",source: ""syscall"",type: ""Artifact"",version: ""44"",hash: ""a7fced02553eb816d8b5beae2c545d3d""})"
"(:VERTEX {memory address: ""7f08556f1000"",size: ""9000"",subtype: ""memory"",tgid: ""189893"",source: ""syscall"",type: ""Artifact"",version: ""38"",hash: ""d3c1d6eed397cf4b81369207616fdf4c""})"
"(:VERTEX {memory address: ""7f085772f000"",size: ""9000"",subtype: ""memory"",tgid: ""189893"",source: ""syscall"",type: ""Artifact"",version: ""7"",hash: ""febb36c58327e2089ea116b32d2c8aed""})"
"(:VERTEX {memory address: ""7f085771d000"",size: ""9000"",subtype: ""memory"",tgid: ""189893"",source: ""syscall"",type: ""Artifact"",version: ""12"",hash: ""5e97f7bb904f84fb00224b97f5665ae6""})"
"(:VERTEX {memory address: ""7f08556fa000"",size: ""9000"",subtype: ""memory"",tgid: ""189893"",source: ""syscall"",type: ""Artifact"",version: ""45"",hash: ""a3bfd88181083a4e26fbdc7e9d415edf""})"
"(:VERTEX {memory address: ""7f0857727000"",size: ""11000"",subtype: ""memory"",tgid: ""189893"",source: ""syscall"",type: ""Artifact"",version: ""47"",hash: ""299ec24d2a892beef39ca87a2a02d7ce""})"
"(:VERTEX {memory address: ""7f08578ea000"",size: ""2000"",subtype: ""memory"",tgid: ""189893"",source: ""syscall"",type: ""Artifact"",version: ""22"",hash: ""95549a11f07e253ddbf3fbfb8eea7482""})"
"(:VERTEX {memory address: ""7f08578b0000"",size: ""9000"",subtype: ""memory"",tgid: ""189893"",source: ""syscall"",type: ""Artifact"",version: ""27"",hash: ""830842698456854b5ffab42afedaf4a1""})"
"(:VERTEX {memory address: ""7f0857818000"",size: ""7000"",subtype: ""memory"",tgid: ""189893"",source: ""syscall"",type: ""Artifact"",version: ""46"",hash: ""3a935e22e4cbb34ebb5c41bc58a45b23""})"
"(:VERTEX {memory address: ""7f085772f000"",size: ""9000"",subtype: ""memory"",tgid: ""189893"",source: ""syscall"",type: ""Artifact"",version: ""8"",hash: ""de1f7d737ec88c2c5602237060b2292b""})"
"(:VERTEX {memory address: ""7f0857726000"",size: ""9000"",subtype: ""memory"",tgid: ""189893"",source: ""syscall"",type: ""Artifact"",version: ""6"",hash: ""46f56c198e719f508c6eea9c894e33a6""})"
"(:VERTEX {memory address: ""7f085771d000"",size: ""9000"",subtype: ""memory"",tgid: ""189893"",source: ""syscall"",type: ""Artifact"",version: ""13"",hash: ""17671d4bef7f79e437b8b705455dab83""})"
"(:VERTEX {memory address: ""7f08556fa000"",size: ""9000"",subtype: ""memory"",tgid: ""189893"",source: ""syscall"",type: ""Artifact"",version: ""46"",hash: ""5f83d9e9da35c16a089f5ae9acf081c9""})"
"(:VERTEX {memory address: ""7f08578ae000"",size: ""2000"",subtype: ""memory"",tgid: ""189893"",source: ""syscall"",type: ""Artifact"",version: ""6"",hash: ""427daec4a1deea498b896671ac08b06f""})"
"(:VERTEX {memory address: ""7f085788f000"",size: ""2000"",subtype: ""memory"",tgid: ""189893"",source: ""syscall"",type: ""Artifact"",version: ""4"",hash: ""3bf4eb75fa7cbccb54d0564fa23f4696""})"
"(:VERTEX {memory address: ""7f0857773000"",size: ""7000"",subtype: ""memory"",tgid: ""189893"",source: ""syscall"",type: ""Artifact"",version: ""12"",hash: ""e8ad1ea2a54a2db27a79c484bbcdb8f0""})"
"(:VERTEX {memory address: ""7f08556f1000"",size: ""9000"",subtype: ""memory"",tgid: ""189893"",source: ""syscall"",type: ""Artifact"",version: ""39"",hash: ""8ce7ad3f2db9c7f0accdd54eb4e57329""})"
"(:VERTEX {memory address: ""7f08556e8000"",size: ""9000"",subtype: ""memory"",tgid: ""189893"",source: ""syscall"",type: ""Artifact"",version: ""32"",hash: ""f48bf4678abf8dbf3be4441cd499e997""})"
"(:VERTEX {memory address: ""7f08556df000"",size: ""9000"",subtype: ""memory"",tgid: ""189893"",source: ""syscall"",type: ""Artifact"",version: ""25"",hash: ""b44760aa1b47ae4f93c4a9799339e6c3""})"
"(:VERTEX {memory address: ""7f08556d6000"",size: ""9000"",subtype: ""memory"",tgid: ""189893"",source: ""syscall"",type: ""Artifact"",version: ""21"",hash: ""8b5110147c230b3ae4a49311c6747db9""})"
"(:VERTEX {memory address: ""7f08556c6000"",size: ""10000"",subtype: ""memory"",tgid: ""189893"",source: ""syscall"",type: ""Artifact"",version: ""3"",hash: ""b1a5a6ba0855f0cc1c764664383d5ec6""})"
"(:VERTEX {memory address: ""7f08556cd000"",size: ""9000"",subtype: ""memory"",tgid: ""189893"",source: ""syscall"",type: ""Artifact"",version: ""24"",hash: ""19f52348559ff13eea0fe759cb4b36c0""})"
"(:VERTEX {memory address: ""7f08556c4000"",size: ""9000"",subtype: ""memory"",tgid: ""189893"",source: ""syscall"",type: ""Artifact"",version: ""16"",hash: ""f40be7adadef502ee91edb629e3262d3""})"
"(:VERTEX {memory address: ""7f08556b4000"",size: ""10000"",subtype: ""memory"",tgid: ""189893"",source: ""syscall"",type: ""Artifact"",version: ""0"",hash: ""6b58feba3458bab1eeb93f0fdfed9c4f""})"
"(:VERTEX {memory address: ""7f08556b4000"",size: ""10000"",subtype: ""memory"",tgid: ""189893"",source: ""syscall"",type: ""Artifact"",version: ""1"",hash: ""82d5870865e74ff417c80a304b21c7e3""})"
"(:VERTEX {memory address: ""7f08556b4000"",size: ""10000"",subtype: ""memory"",tgid: ""189893"",source: ""syscall"",type: ""Artifact"",version: ""2"",hash: ""0a5db0145018cba9c71726d922db782b""})"
"(:VERTEX {memory address: ""7f08556b4000"",size: ""10000"",subtype: ""memory"",tgid: ""189893"",source: ""syscall"",type: ""Artifact"",version: ""3"",hash: ""9aa6a3a587b63122441ad886a4878a72""})"
"(:VERTEX {memory address: ""7f0857717000"",size: ""6000"",subtype: ""memory"",tgid: ""189893"",source: ""syscall"",type: ""Artifact"",version: ""0"",hash: ""fa882ddf6adbad4d3188f8bc1b34324c""})"
"(:VERTEX {memory address: ""7f08556b4000"",size: ""10000"",subtype: ""memory"",tgid: ""189893"",source: ""syscall"",type: ""Artifact"",version: ""4"",hash: ""e8d40a617ebf3f1c2d81224c95fe1b78""})"
"(:VERTEX {memory address: ""7f08556b4000"",size: ""10000"",subtype: ""memory"",tgid: ""189893"",source: ""syscall"",type: ""Artifact"",version: ""5"",hash: ""7b82d89759e4dd88884dd8a66e3c1b34""})"
"(:VERTEX {memory address: ""7f08556b4000"",size: ""10000"",subtype: ""memory"",tgid: ""189893"",source: ""syscall"",type: ""Artifact"",version: ""6"",hash: ""d464ff6ea6df28e1788f2e1eb6728180""})"
"(:VERTEX {memory address: ""7f08556bb000"",size: ""9000"",subtype: ""memory"",tgid: ""189893"",source: ""syscall"",type: ""Artifact"",version: ""13"",hash: ""e0c66559c59c4fd624ecdab3da0fdaae""})"
"(:VERTEX {memory address: ""7f08556ab000"",size: ""10000"",subtype: ""memory"",tgid: ""189893"",source: ""syscall"",type: ""Artifact"",version: ""0"",hash: ""88d69146d8c66986004015120de938ef""})"
"(:VERTEX {memory address: ""7f08556ab000"",size: ""10000"",subtype: ""memory"",tgid: ""189893"",source: ""syscall"",type: ""Artifact"",version: ""1"",hash: ""486d0a23af525c4375b4a04b1c2892e1""})"
"(:VERTEX {memory address: ""7f08556ab000"",size: ""10000"",subtype: ""memory"",tgid: ""189893"",source: ""syscall"",type: ""Artifact"",version: ""2"",hash: ""ff71fe462ccb1140f4c7c05baeef8aa9""})"
"(:VERTEX {memory address: ""7f085771d000"",size: ""9000"",subtype: ""memory"",tgid: ""189893"",source: ""syscall"",type: ""Artifact"",version: ""14"",hash: ""ab46ed7b7b8733cda48b5ee44501e556""})"
"(:VERTEX {memory address: ""7f08556e8000"",size: ""9000"",subtype: ""memory"",tgid: ""189893"",source: ""syscall"",type: ""Artifact"",version: ""33"",hash: ""df64cfdfb677182cf2db923a90409caf""})"
"(:VERTEX {memory address: ""7f08556e8000"",size: ""9000"",subtype: ""memory"",tgid: ""189893"",source: ""syscall"",type: ""Artifact"",version: ""34"",hash: ""68e7522bd581e2fcdbd3ffa15f17aef0""})"
"(:VERTEX {memory address: ""7f08556c4000"",size: ""9000"",subtype: ""memory"",tgid: ""189893"",source: ""syscall"",type: ""Artifact"",version: ""17"",hash: ""708f59387d212b7167eabf14962fa5a1""})"
"(:VERTEX {memory address: ""7f08556bb000"",size: ""9000"",subtype: ""memory"",tgid: ""189893"",source: ""syscall"",type: ""Artifact"",version: ""14"",hash: ""a0c8137492c0dea3dc3c58e148423b0d""})"
"(:VERTEX {memory address: ""7f08556b2000"",size: ""9000"",subtype: ""memory"",tgid: ""189893"",source: ""syscall"",type: ""Artifact"",version: ""7"",hash: ""96ff76bcf9c32385e2a5d85a0e4530a4""})"
"(:VERTEX {memory address: ""7f08556a9000"",size: ""9000"",subtype: ""memory"",tgid: ""189893"",source: ""syscall"",type: ""Artifact"",version: ""7"",hash: ""b0b3fd34e19c7743f207fead6029ec5b""})"
"(:VERTEX {memory address: ""7f0857717000"",size: ""6000"",subtype: ""memory"",tgid: ""189893"",source: ""syscall"",type: ""Artifact"",version: ""1"",hash: ""74e5dfed5ff36ed1a45d041e5e72e35e""})"
"(:VERTEX {memory address: ""7f08556e8000"",size: ""9000"",subtype: ""memory"",tgid: ""189893"",source: ""syscall"",type: ""Artifact"",version: ""35"",hash: ""c544fd21cf9f6c7c67d0a65ab7c37569""})"
"(:VERTEX {memory address: ""7f08556e8000"",size: ""9000"",subtype: ""memory"",tgid: ""189893"",source: ""syscall"",type: ""Artifact"",version: ""36"",hash: ""bc0b363e3ceab00b15b783cf50d3a1ab""})"
"(:VERTEX {memory address: ""7f08556c4000"",size: ""9000"",subtype: ""memory"",tgid: ""189893"",source: ""syscall"",type: ""Artifact"",version: ""18"",hash: ""c872f2f9504a71f539b2b27dee742d9a""})"
"(:VERTEX {memory address: ""7f0857717000"",size: ""6000"",subtype: ""memory"",tgid: ""189893"",source: ""syscall"",type: ""Artifact"",version: ""2"",hash: ""8f8fcc87f67bd5c8e2ac73164f8c665a""})"
"(:VERTEX {memory address: ""7f08556e8000"",size: ""9000"",subtype: ""memory"",tgid: ""189893"",source: ""syscall"",type: ""Artifact"",version: ""37"",hash: ""e0a7878cb05e8922219bfa9218ec0a30""})"
"(:VERTEX {memory address: ""7f08556f1000"",size: ""9000"",subtype: ""memory"",tgid: ""189893"",source: ""syscall"",type: ""Artifact"",version: ""40"",hash: ""5dd94ea95c07096f6a3db84f3a601127""})"
"(:VERTEX {memory address: ""7f08556e8000"",size: ""9000"",subtype: ""memory"",tgid: ""189893"",source: ""syscall"",type: ""Artifact"",version: ""38"",hash: ""e9593ee6bc75ac96695d00e18d5b79b2""})"
"(:VERTEX {memory address: ""7f08556df000"",size: ""9000"",subtype: ""memory"",tgid: ""189893"",source: ""syscall"",type: ""Artifact"",version: ""26"",hash: ""be90443839a31b923fce98141fe04634""})"
"(:VERTEX {memory address: ""7f08556bb000"",size: ""9000"",subtype: ""memory"",tgid: ""189893"",source: ""syscall"",type: ""Artifact"",version: ""15"",hash: ""d4095dc471cc9666679571c29d1ea5a3""})"
"(:VERTEX {memory address: ""7f08556b2000"",size: ""9000"",subtype: ""memory"",tgid: ""189893"",source: ""syscall"",type: ""Artifact"",version: ""8"",hash: ""9e4b950be86d4b88105ddc33127e4b51""})"
"(:VERTEX {memory address: ""7f085780d000"",size: ""3000"",subtype: ""memory"",tgid: ""189893"",source: ""syscall"",type: ""Artifact"",version: ""0"",hash: ""4a96f6c8aa7f7e2853f356ae6664b469""})"
"(:VERTEX {memory address: ""7f0857774000"",size: ""6000"",subtype: ""memory"",tgid: ""189893"",source: ""syscall"",type: ""Artifact"",version: ""13"",hash: ""12f064839db6045869acfcb1a759b284""})"
"(:VERTEX {memory address: ""7f08556f1000"",size: ""9000"",subtype: ""memory"",tgid: ""189893"",source: ""syscall"",type: ""Artifact"",version: ""41"",hash: ""89734fa3dbebd35711be5675ba9df57b""})"
"(:VERTEX {memory address: ""7f08556e9000"",size: ""11000"",subtype: ""memory"",tgid: ""189893"",source: ""syscall"",type: ""Artifact"",version: ""6"",hash: ""3c91d7be3535550791cca8b490784022""})"
"(:VERTEX {memory address: ""7f08556e0000"",size: ""9000"",subtype: ""memory"",tgid: ""189893"",source: ""syscall"",type: ""Artifact"",version: ""0"",hash: ""383237fd5cef6943f2de9f7d98b3d0ec""})"
"(:VERTEX {memory address: ""7f08556a9000"",size: ""9000"",subtype: ""memory"",tgid: ""189893"",source: ""syscall"",type: ""Artifact"",version: ""8"",hash: ""1042a62700dfcf577d5964f8f9d2e3f5""})"
"(:VERTEX {memory address: ""7f085780d000"",size: ""3000"",subtype: ""memory"",tgid: ""189893"",source: ""syscall"",type: ""Artifact"",version: ""1"",hash: ""8e079b32068af62d6175d0c656a0d0c4""})"
"(:VERTEX {memory address: ""7f0857774000"",size: ""6000"",subtype: ""memory"",tgid: ""189893"",source: ""syscall"",type: ""Artifact"",version: ""14"",hash: ""501a4c66e460e6d0e15d7dc7bfa23941""})"
"(:VERTEX {memory address: ""7f08556f1000"",size: ""9000"",subtype: ""memory"",tgid: ""189893"",source: ""syscall"",type: ""Artifact"",version: ""42"",hash: ""67aaf5333145e34cfe760f186743fb81""})"
"(:VERTEX {memory address: ""7f08556e8000"",size: ""9000"",subtype: ""memory"",tgid: ""189893"",source: ""syscall"",type: ""Artifact"",version: ""39"",hash: ""be617b5b9a1489adf59787b03ba1062c""})"
"(:VERTEX {memory address: ""7f08556df000"",size: ""9000"",subtype: ""memory"",tgid: ""189893"",source: ""syscall"",type: ""Artifact"",version: ""27"",hash: ""3756e615ab0e94ef40facbdad0161a90""})"
"(:VERTEX {memory address: ""7f08556a9000"",size: ""9000"",subtype: ""memory"",tgid: ""189893"",source: ""syscall"",type: ""Artifact"",version: ""9"",hash: ""d545189f8258cc513837dba8c9dd6bd1""})"
"(:VERTEX {memory address: ""7f08556a0000"",size: ""9000"",subtype: ""memory"",tgid: ""189893"",source: ""syscall"",type: ""Artifact"",version: ""11"",hash: ""2e72f83c67c53f571e535cc5d8175907""})"
"(:VERTEX {memory address: ""7f0855697000"",size: ""9000"",subtype: ""memory"",tgid: ""189893"",source: ""syscall"",type: ""Artifact"",version: ""6"",hash: ""5d15b66166d26811d57821eb468b6dba""})"
"(:VERTEX {memory address: ""7f085568e000"",size: ""9000"",subtype: ""memory"",tgid: ""189893"",source: ""syscall"",type: ""Artifact"",version: ""5"",hash: ""35e7fadd74a09b55b32d156f219392e6""})"
"(:VERTEX {memory address: ""7f08556df000"",size: ""9000"",subtype: ""memory"",tgid: ""189893"",source: ""syscall"",type: ""Artifact"",version: ""28"",hash: ""966bba3341fc167ddb1beee514cc3894""})"
"(:VERTEX {memory address: ""7f0857773000"",size: ""7000"",subtype: ""memory"",tgid: ""189893"",source: ""syscall"",type: ""Artifact"",version: ""13"",hash: ""183a50fd14cd599f72df44beed298e07""})"
"(:VERTEX {memory address: ""7f0857717000"",size: ""6000"",subtype: ""memory"",tgid: ""189893"",source: ""syscall"",type: ""Artifact"",version: ""3"",hash: ""41e9b8685d998da043807a095a44a240""})"
"(:VERTEX {memory address: ""7f08556a9000"",size: ""9000"",subtype: ""memory"",tgid: ""189893"",source: ""syscall"",type: ""Artifact"",version: ""10"",hash: ""91f4d30878b4876a361b3138f6b1420a""})"
"(:VERTEX {memory address: ""7f0855697000"",size: ""9000"",subtype: ""memory"",tgid: ""189893"",source: ""syscall"",type: ""Artifact"",version: ""7"",hash: ""ae2d10866b1ca45563c7a2142dae8b31""})"
"(:VERTEX {memory address: ""7f0855685000"",size: ""9000"",subtype: ""memory"",tgid: ""189893"",source: ""syscall"",type: ""Artifact"",version: ""3"",hash: ""67aade44ce8599428e9171e8977910a1""})"
"(:VERTEX {memory address: ""7f085772f000"",size: ""9000"",subtype: ""memory"",tgid: ""189893"",source: ""syscall"",type: ""Artifact"",version: ""9"",hash: ""f1c7eff9c806d28bfaed4b32d1b34de6""})"
"(:VERTEX {memory address: ""7f085771d000"",size: ""9000"",subtype: ""memory"",tgid: ""189893"",source: ""syscall"",type: ""Artifact"",version: ""15"",hash: ""97c418cf2f902eff1833fc8bc32a6508""})"
"(:VERTEX {memory address: ""7f0857773000"",size: ""7000"",subtype: ""memory"",tgid: ""189893"",source: ""syscall"",type: ""Artifact"",version: ""14"",hash: ""c548996e2eeec2f6aa0958730a21db74""})"
"(:VERTEX {memory address: ""7f08556fa000"",size: ""9000"",subtype: ""memory"",tgid: ""189893"",source: ""syscall"",type: ""Artifact"",version: ""47"",hash: ""74446cb3745e8cd5c21e36cbff14c910""})"
"(:VERTEX {memory address: ""7f08556f1000"",size: ""9000"",subtype: ""memory"",tgid: ""189893"",source: ""syscall"",type: ""Artifact"",version: ""43"",hash: ""fb9c8ff37c1bab369e58c3c3f07a50ea""})"
"(:VERTEX {memory address: ""7f0857773000"",size: ""7000"",subtype: ""memory"",tgid: ""189893"",source: ""syscall"",type: ""Artifact"",version: ""15"",hash: ""702d6bbb94d44998b1dff65c57e7eea5""})"
"(:VERTEX {memory address: ""7f08556e8000"",size: ""9000"",subtype: ""memory"",tgid: ""189893"",source: ""syscall"",type: ""Artifact"",version: ""40"",hash: ""f160163ec0f184a2bf45c2efefe92ac2""})"
"(:VERTEX {memory address: ""7f08556d6000"",size: ""9000"",subtype: ""memory"",tgid: ""189893"",source: ""syscall"",type: ""Artifact"",version: ""22"",hash: ""17ae413b431fdf80aa7a521375c6ce42""})"
"(:VERTEX {memory address: ""7f08556cd000"",size: ""9000"",subtype: ""memory"",tgid: ""189893"",source: ""syscall"",type: ""Artifact"",version: ""25"",hash: ""9ec18b42a624d8986e7805d0d228877e""})"
"(:VERTEX {memory address: ""7f08556c4000"",size: ""9000"",subtype: ""memory"",tgid: ""189893"",source: ""syscall"",type: ""Artifact"",version: ""19"",hash: ""ca9d7883ef8f43a5014a7a973be7cea7""})"
"(:VERTEX {memory address: ""7f08556bb000"",size: ""9000"",subtype: ""memory"",tgid: ""189893"",source: ""syscall"",type: ""Artifact"",version: ""16"",hash: ""e7f86b2c638f43646a8ae88fc36ca71f""})"
"(:VERTEX {memory address: ""7f08556b2000"",size: ""9000"",subtype: ""memory"",tgid: ""189893"",source: ""syscall"",type: ""Artifact"",version: ""9"",hash: ""0293136beed21dcb8ef7b17b24af3531""})"
"(:VERTEX {memory address: ""7f0857773000"",size: ""7000"",subtype: ""memory"",tgid: ""189893"",source: ""syscall"",type: ""Artifact"",version: ""16"",hash: ""11fcdb4107fd81fecd2f37f1741644ff""})"
"(:VERTEX {memory address: ""7f08556d6000"",size: ""9000"",subtype: ""memory"",tgid: ""189893"",source: ""syscall"",type: ""Artifact"",version: ""23"",hash: ""c0062c217619c638c2b2f6456336aae6""})"
"(:VERTEX {memory address: ""7f08556bb000"",size: ""9000"",subtype: ""memory"",tgid: ""189893"",source: ""syscall"",type: ""Artifact"",version: ""17"",hash: ""3f04ecb579d442d397948022b0f0fa18""})"
"(:VERTEX {memory address: ""7f08556a9000"",size: ""9000"",subtype: ""memory"",tgid: ""189893"",source: ""syscall"",type: ""Artifact"",version: ""11"",hash: ""efda22dd96342648f7b5669e6b41f5b6""})"
"(:VERTEX {memory address: ""7f08556a0000"",size: ""9000"",subtype: ""memory"",tgid: ""189893"",source: ""syscall"",type: ""Artifact"",version: ""12"",hash: ""a7de9e7be9ec3f488852750e56b8e05c""})"
"(:VERTEX {memory address: ""7f0857773000"",size: ""7000"",subtype: ""memory"",tgid: ""189893"",source: ""syscall"",type: ""Artifact"",version: ""17"",hash: ""28f254e8df6ebb104d0cabc076feaee1""})"
"(:VERTEX {memory address: ""7f08556a9000"",size: ""9000"",subtype: ""memory"",tgid: ""189893"",source: ""syscall"",type: ""Artifact"",version: ""12"",hash: ""ac2874b13b9c2568eb41cec215e285f5""})"
"(:VERTEX {memory address: ""7f0857773000"",size: ""7000"",subtype: ""memory"",tgid: ""189893"",source: ""syscall"",type: ""Artifact"",version: ""18"",hash: ""8ceb6a7cbc826d4c438035052b291e9d""})"
"(:VERTEX {memory address: ""7f08556f2000"",size: ""11000"",subtype: ""memory"",tgid: ""189893"",source: ""syscall"",type: ""Artifact"",version: ""538"",hash: ""389660c685a02e365fb740771ced6b85""})"
"(:VERTEX {memory address: ""7f08556f2000"",size: ""11000"",subtype: ""memory"",tgid: ""189893"",source: ""syscall"",type: ""Artifact"",version: ""539"",hash: ""3eb72973ceb43faf007f9c803bd55d11""})"
"(:VERTEX {memory address: ""7f0857727000"",size: ""11000"",subtype: ""memory"",tgid: ""189893"",source: ""syscall"",type: ""Artifact"",version: ""48"",hash: ""0ed8dd1a54b297d56f79302a16d80072""})"
"(:VERTEX {memory address: ""7f0857727000"",size: ""11000"",subtype: ""memory"",tgid: ""189893"",source: ""syscall"",type: ""Artifact"",version: ""49"",hash: ""6e10aa36402da82d7787b06d180022ee""})"
"(:VERTEX {memory address: ""7f0857727000"",size: ""11000"",subtype: ""memory"",tgid: ""189893"",source: ""syscall"",type: ""Artifact"",version: ""50"",hash: ""d1b62996a406ce93b639e7f8622c8fb2""})"
"(:VERTEX {memory address: ""7f0857727000"",size: ""11000"",subtype: ""memory"",tgid: ""189893"",source: ""syscall"",type: ""Artifact"",version: ""51"",hash: ""1d9fe0cd5429f14caf7641e1cc1f85af""})"
"(:VERTEX {memory address: ""7f0857727000"",size: ""11000"",subtype: ""memory"",tgid: ""189893"",source: ""syscall"",type: ""Artifact"",version: ""52"",hash: ""b4824ef0ee9c8dc026214989cc92016e""})"
"(:VERTEX {memory address: ""7f0857727000"",size: ""11000"",subtype: ""memory"",tgid: ""189893"",source: ""syscall"",type: ""Artifact"",version: ""53"",hash: ""5a2b7ed076130b6d611c61061efae161""})"
"(:VERTEX {memory address: ""7f0857727000"",size: ""11000"",subtype: ""memory"",tgid: ""189893"",source: ""syscall"",type: ""Artifact"",version: ""54"",hash: ""55e524e30a07f927adbe14f05170bc8f""})"
"(:VERTEX {memory address: ""7f0857727000"",size: ""11000"",subtype: ""memory"",tgid: ""189893"",source: ""syscall"",type: ""Artifact"",version: ""55"",hash: ""bcdfb68bf2d16a0984c27aa2c8a2624f""})"
"(:VERTEX {memory address: ""7f0857727000"",size: ""11000"",subtype: ""memory"",tgid: ""189893"",source: ""syscall"",type: ""Artifact"",version: ""56"",hash: ""38cdb76e6351707392b753e0dcbde05f""})"
"(:VERTEX {memory address: ""7f0857727000"",size: ""11000"",subtype: ""memory"",tgid: ""189893"",source: ""syscall"",type: ""Artifact"",version: ""57"",hash: ""b393ee777b25b5eb7748b1f0c3132b66""})"
"(:VERTEX {memory address: ""7f0857727000"",size: ""11000"",subtype: ""memory"",tgid: ""189893"",source: ""syscall"",type: ""Artifact"",version: ""58"",hash: ""ee08621af0be715ad9775f1bc86eb1a5""})"
"(:VERTEX {path: ""/status/status.json"",subtype: ""file"",permissions: ""0644"",epoch: ""5"",source: ""syscall"",type: ""Artifact"",version: ""0"",hash: ""c90ad4bb3e516125dded94797f3f1651""})"
"(:VERTEX {memory address: ""7f0857727000"",size: ""11000"",subtype: ""memory"",tgid: ""189893"",source: ""syscall"",type: ""Artifact"",version: ""59"",hash: ""82ea98cbf4a29f414213253b48190c34""})"
"(:VERTEX {memory address: ""7f0857727000"",size: ""11000"",subtype: ""memory"",tgid: ""189893"",source: ""syscall"",type: ""Artifact"",version: ""60"",hash: ""8730c2b9693c21efc24bfd8eae7f6f10""})"
"(:VERTEX {memory address: ""7f0857727000"",size: ""11000"",subtype: ""memory"",tgid: ""189893"",source: ""syscall"",type: ""Artifact"",version: ""61"",hash: ""a80bd21a0326d35401489bb99a58d0c3""})"
"(:VERTEX {memory address: ""7f0857727000"",size: ""11000"",subtype: ""memory"",tgid: ""189893"",source: ""syscall"",type: ""Artifact"",version: ""62"",hash: ""a6869fe06e644ae3d0d2b6287d44486f""})"
"(:VERTEX {memory address: ""7f0857727000"",size: ""11000"",subtype: ""memory"",tgid: ""189893"",source: ""syscall"",type: ""Artifact"",version: ""63"",hash: ""4d94cea0e8594b0c481aa15da56c8127""})"
"(:VERTEX {memory address: ""7f08578ea000"",size: ""2000"",subtype: ""memory"",tgid: ""189893"",source: ""syscall"",type: ""Artifact"",version: ""23"",hash: ""a8028184dbe4fedd01bfbc5427f2fd2e""})"
"(:VERTEX {memory address: ""7f08578b0000"",size: ""9000"",subtype: ""memory"",tgid: ""189893"",source: ""syscall"",type: ""Artifact"",version: ""28"",hash: ""6a3c959cb560383285d7bdb5b897790d""})"
"(:VERTEX {memory address: ""7f0857727000"",size: ""11000"",subtype: ""memory"",tgid: ""189893"",source: ""syscall"",type: ""Artifact"",version: ""64"",hash: ""b368da64f491b70df385cb03b3688dd3""})"
"(:VERTEX {memory address: ""7f0857727000"",size: ""11000"",subtype: ""memory"",tgid: ""189893"",source: ""syscall"",type: ""Artifact"",version: ""65"",hash: ""0b3edc06450c42db453994e340341f9c""})"
"(:VERTEX {gid: ""1000"",euid: ""1000"",children pid namespace: ""-1"",pid: ""189078"",seen time: ""1690980815.876"",source: ""syscall"",type: ""Process"",net namespace: ""-1"",ipc namespace: ""-1"",ppid: ""59024"",pid namespace: ""-1"",uid: ""1000"",egid: ""1000"",exe: ""/app/cartservice"",mount namespace: ""-1"",name: "".NET ThreadPool"",hash: ""50d424c3e7bf11343d3ef5412fd071fb"",user namespace: ""-1""})"
"(:VERTEX {memory address: ""7fa6cfb63000"",size: ""1000"",subtype: ""memory"",tgid: ""189078"",source: ""syscall"",type: ""Artifact"",version: ""1"",hash: ""1a42e5ab13af4b4c5c92089f237c64ed""})"
"(:VERTEX {subtype: ""unknown"",tgid: ""189078"",epoch: ""2"",source: ""syscall"",type: ""Artifact"",version: ""0"",hash: ""77469d4b44b50425c8a01407441ec40a"",fd: ""8""})"
"(:VERTEX {memory address: ""7fa6cef9a000"",size: ""183000"",subtype: ""memory"",tgid: ""189078"",source: ""syscall"",type: ""Artifact"",version: ""2"",hash: ""ff0e2426d5e1e6d45ff6e0e45723d62f""})"
"(:VERTEX {memory address: ""7fa6cef9c000"",size: ""181000"",subtype: ""memory"",tgid: ""189078"",source: ""syscall"",type: ""Artifact"",version: ""2"",hash: ""bc613175c69adb64c2666358d3bf30bc""})"
"(:VERTEX {memory address: ""f46fd9c0000"",size: ""40000"",subtype: ""memory"",tgid: ""189893"",source: ""syscall"",type: ""Artifact"",version: ""13"",hash: ""a913edb5036438be0ed369c026d06535""})"
"(:VERTEX {gid: ""1000"",euid: ""1000"",children pid namespace: ""4026533552"",start time: ""1690980815.884"",ns pid: ""52"",pid: ""193057"",source: ""syscall"",type: ""Process"",net namespace: ""4026533266"",ipc namespace: ""4026533539"",ppid: ""189078"",pid namespace: ""4026533552"",uid: ""1000"",egid: ""1000"",exe: ""/app/cartservice"",mount namespace: ""4026533551"",name: "".NET ThreadPool"",hash: ""449595bde36ae40a779484026fff3d83"",user namespace: ""4026531837""})"
"(:VERTEX {memory address: ""33a2d79c0000"",size: ""40000"",subtype: ""memory"",tgid: ""189893"",source: ""syscall"",type: ""Artifact"",version: ""13"",hash: ""5a37e37c897973ac0a130862d618ccc1""})"
"(:VERTEX {memory address: ""332ff05c0000"",size: ""40000"",subtype: ""memory"",tgid: ""189893"",source: ""syscall"",type: ""Artifact"",version: ""13"",hash: ""1f83d7f34a3b6ebe959f7becc3841154""})"
"(:VERTEX {memory address: ""3406f5a00000"",size: ""40000"",subtype: ""memory"",tgid: ""189893"",source: ""syscall"",type: ""Artifact"",version: ""12"",hash: ""d236b3b4cb2f476c1037c5523e0103b3""})"
"(:VERTEX {memory address: ""7fa6cfb52000"",size: ""4000"",subtype: ""memory"",tgid: ""189078"",source: ""syscall"",type: ""Artifact"",version: ""2"",hash: ""a3ca402e8c947bdb97a726ea334b905a""})"
"(:VERTEX {memory address: ""7fa6cfb52000"",size: ""1000"",subtype: ""memory"",tgid: ""189078"",source: ""syscall"",type: ""Artifact"",version: ""2"",hash: ""e2ece9f2250ed7e1f77f6ddb9d4946f4""})"
"(:VERTEX {path: ""/proc/189078/task/52/comm"",subtype: ""file"",permissions: ""0644"",epoch: ""0"",source: ""syscall"",type: ""Artifact"",version: ""0"",hash: ""10fd94e9e4f2e812df37122faa6ff1eb""})"
"(:VERTEX {subtype: ""unnamed pipe"",tgid: ""189078"",epoch: ""2"",source: ""syscall"",read fd: ""196"",type: ""Artifact"",version: ""0"",hash: ""29e2c87bcade8fe6c4eeeebd3bd7f8c2"",write fd: ""204""})"
"(:VERTEX {memory address: ""7f08578af000"",size: ""1000"",subtype: ""memory"",tgid: ""189893"",source: ""syscall"",type: ""Artifact"",version: ""0"",hash: ""2f09f4910375a4b92c922fb559bda975""})"
"(:VERTEX {memory address: ""7f085781b000"",size: ""4000"",subtype: ""memory"",tgid: ""189893"",source: ""syscall"",type: ""Artifact"",version: ""4"",hash: ""d260c807601de25bf08d4a229290b670""})"
"(:VERTEX {memory address: ""7f085780c000"",size: ""4000"",subtype: ""memory"",tgid: ""189893"",source: ""syscall"",type: ""Artifact"",version: ""11"",hash: ""59fa806e68183280af884afbc411b9d3""})"
"(:VERTEX {memory address: ""2b3f79e80000"",size: ""40000"",subtype: ""memory"",tgid: ""189893"",source: ""syscall"",type: ""Artifact"",version: ""3"",hash: ""2e9e4a9bbe077d0230df8d147577fb5b""})"
"(:VERTEX {memory address: ""29d66fb00000"",size: ""40000"",subtype: ""memory"",tgid: ""189893"",source: ""syscall"",type: ""Artifact"",version: ""3"",hash: ""7f37efdc564b025d055f11b84764825a""})"
"(:VERTEX {memory address: ""3a9016940000"",size: ""40000"",subtype: ""memory"",tgid: ""189893"",source: ""syscall"",type: ""Artifact"",version: ""3"",hash: ""6dd6bc17fc419aa0eb161e68ae5937a8""})"
"(:VERTEX {memory address: ""21baa6b00000"",size: ""40000"",subtype: ""memory"",tgid: ""189893"",source: ""syscall"",type: ""Artifact"",version: ""3"",hash: ""13b6e7e967f1aa0971f3d31aa274e4bd""})"
"(:VERTEX {memory address: ""7f0857818000"",size: ""7000"",subtype: ""memory"",tgid: ""189893"",source: ""syscall"",type: ""Artifact"",version: ""47"",hash: ""472ae9c7d7b2a9eff7e0975531f01f9b""})"
"(:VERTEX {memory address: ""7f0857727000"",size: ""11000"",subtype: ""memory"",tgid: ""189893"",source: ""syscall"",type: ""Artifact"",version: ""66"",hash: ""4a131b261e949f5cf2018c247cc718b2""})"
"(:VERTEX {memory address: ""7f0857908000"",size: ""1000"",subtype: ""memory"",tgid: ""189893"",source: ""syscall"",type: ""Artifact"",version: ""3"",hash: ""63234631530a575921a86f9ebf48b40d""})"
"(:VERTEX {memory address: ""7f08578ae000"",size: ""2000"",subtype: ""memory"",tgid: ""189893"",source: ""syscall"",type: ""Artifact"",version: ""7"",hash: ""e52ebf95540a5fbb587894077f8b459b""})"
"(:VERTEX {memory address: ""7f085788f000"",size: ""2000"",subtype: ""memory"",tgid: ""189893"",source: ""syscall"",type: ""Artifact"",version: ""5"",hash: ""5441eb5e85c6b6d747da3c68bffb7ac4""})"
"(:VERTEX {memory address: ""7f0857773000"",size: ""7000"",subtype: ""memory"",tgid: ""189893"",source: ""syscall"",type: ""Artifact"",version: ""19"",hash: ""1cbf1817e12279651dbfee28791a2260""})"
"(:VERTEX {memory address: ""7f085772f000"",size: ""9000"",subtype: ""memory"",tgid: ""189893"",source: ""syscall"",type: ""Artifact"",version: ""10"",hash: ""78da01c26d63462602c3f85d5e9ffd53""})"
"(:VERTEX {memory address: ""7f085771e000"",size: ""11000"",subtype: ""memory"",tgid: ""189893"",source: ""syscall"",type: ""Artifact"",version: ""0"",hash: ""517af60670eb26ec807cab25de0ca6e2""})"
"(:VERTEX {memory address: ""7f085771e000"",size: ""11000"",subtype: ""memory"",tgid: ""189893"",source: ""syscall"",type: ""Artifact"",version: ""1"",hash: ""3912d27db54182005bb523c82006a8a1""})"
"(:VERTEX {memory address: ""7f085771e000"",size: ""11000"",subtype: ""memory"",tgid: ""189893"",source: ""syscall"",type: ""Artifact"",version: ""2"",hash: ""7d711a190099297b76ca1e57c2ce4237""})"
"(:VERTEX {memory address: ""7f085771f000"",size: ""10000"",subtype: ""memory"",tgid: ""189893"",source: ""syscall"",type: ""Artifact"",version: ""0"",hash: ""bf4933f3db9ec24747cfb78d6c6ac0a7""})"
"(:VERTEX {memory address: ""7f0857908000"",size: ""1000"",subtype: ""memory"",tgid: ""189893"",source: ""syscall"",type: ""Artifact"",version: ""4"",hash: ""db539a7db4904d54da3db95730b82237""})"
"(:VERTEX {memory address: ""7f0857716000"",size: ""9000"",subtype: ""memory"",tgid: ""189893"",source: ""syscall"",type: ""Artifact"",version: ""0"",hash: ""b90bb15d0b85234e5d5cfc791cb74601""})"
"(:VERTEX {memory address: ""7f08556fa000"",size: ""9000"",subtype: ""memory"",tgid: ""189893"",source: ""syscall"",type: ""Artifact"",version: ""48"",hash: ""d6fc61ec821a54418c43f2476389bfad""})"
"(:VERTEX {memory address: ""7f08556e9000"",size: ""11000"",subtype: ""memory"",tgid: ""189893"",source: ""syscall"",type: ""Artifact"",version: ""7"",hash: ""29a0b620753852273f911e836becc7eb""})"
"(:VERTEX {memory address: ""7f0857908000"",size: ""1000"",subtype: ""memory"",tgid: ""189893"",source: ""syscall"",type: ""Artifact"",version: ""5"",hash: ""c56c814ceadb3974e1f5addf71f7ef41""})"
"(:VERTEX {memory address: ""7f08556e9000"",size: ""11000"",subtype: ""memory"",tgid: ""189893"",source: ""syscall"",type: ""Artifact"",version: ""8"",hash: ""3b10e43677b1626cde09616e8edaceda""})"
"(:VERTEX {memory address: ""7f08556f1000"",size: ""9000"",subtype: ""memory"",tgid: ""189893"",source: ""syscall"",type: ""Artifact"",version: ""44"",hash: ""b1cbce8156708c0ac69159c97aa9175b""})"
"(:VERTEX {memory address: ""7f08556e0000"",size: ""11000"",subtype: ""memory"",tgid: ""189893"",source: ""syscall"",type: ""Artifact"",version: ""2"",hash: ""359520b8a874e67400bf72b58f200fce""})"
"(:VERTEX {memory address: ""7f08556e0000"",size: ""11000"",subtype: ""memory"",tgid: ""189893"",source: ""syscall"",type: ""Artifact"",version: ""3"",hash: ""425d5c55059b01eb9cdb5297e85fecb3""})"
"(:VERTEX {memory address: ""7f0857908000"",size: ""1000"",subtype: ""memory"",tgid: ""189893"",source: ""syscall"",type: ""Artifact"",version: ""6"",hash: ""7179a4da9b9652d266616931ede0b18b""})"
"(:VERTEX {memory address: ""7f08556e0000"",size: ""11000"",subtype: ""memory"",tgid: ""189893"",source: ""syscall"",type: ""Artifact"",version: ""4"",hash: ""68ea13e611478b53c143662a42cffd16""})"
"(:VERTEX {memory address: ""7f08556e0000"",size: ""11000"",subtype: ""memory"",tgid: ""189893"",source: ""syscall"",type: ""Artifact"",version: ""5"",hash: ""e98f108201a83247308ef44868f761b6""})"
"(:VERTEX {memory address: ""7f08556e0000"",size: ""11000"",subtype: ""memory"",tgid: ""189893"",source: ""syscall"",type: ""Artifact"",version: ""6"",hash: ""ab346cccca44fbfe2fce98899af02d43""})"
"(:VERTEX {memory address: ""7f0857908000"",size: ""1000"",subtype: ""memory"",tgid: ""189893"",source: ""syscall"",type: ""Artifact"",version: ""7"",hash: ""474beded8563f1c15b7a2a7f84bff7fa""})"
"(:VERTEX {memory address: ""7f08556eb000"",size: ""6000"",subtype: ""memory"",tgid: ""189893"",source: ""syscall"",type: ""Artifact"",version: ""0"",hash: ""6f42b6bf0b761f43d3e2650192b4ba81""})"
"(:VERTEX {memory address: ""7f08556e5000"",size: ""6000"",subtype: ""memory"",tgid: ""189893"",source: ""syscall"",type: ""Artifact"",version: ""0"",hash: ""1b4bfc151bc9b5834c5a20f8f4f3e336""})"
"(:VERTEX {memory address: ""7f08556e0000"",size: ""11000"",subtype: ""memory"",tgid: ""189893"",source: ""syscall"",type: ""Artifact"",version: ""7"",hash: ""254e9966131a13e004fc7619febdcae7""})"
"(:VERTEX {memory address: ""7f0857907000"",size: ""2000"",subtype: ""memory"",tgid: ""189893"",source: ""syscall"",type: ""Artifact"",version: ""10"",hash: ""777bd965b51497fcba3472afb8633145""})"
"(:VERTEX {memory address: ""7f08556e8000"",size: ""9000"",subtype: ""memory"",tgid: ""189893"",source: ""syscall"",type: ""Artifact"",version: ""41"",hash: ""d7f6c21217f02c8a8b4bda420e4e9da6""})"
"(:VERTEX {memory address: ""7f0857886000"",size: ""2000"",subtype: ""memory"",tgid: ""189893"",source: ""syscall"",type: ""Artifact"",version: ""1"",hash: ""fd06ff3fa3707f03b0264bc415fb6b3e""})"
"(:VERTEX {memory address: ""7f08556d8000"",size: ""10000"",subtype: ""memory"",tgid: ""189893"",source: ""syscall"",type: ""Artifact"",version: ""9"",hash: ""ac006bae8df9ef7a82d053ec6530026d""})"
"(:VERTEX {memory address: ""7f08556cf000"",size: ""9000"",subtype: ""memory"",tgid: ""189893"",source: ""syscall"",type: ""Artifact"",version: ""31"",hash: ""77e8f1fc593d7c90ed51c3746ff12816""})"
"(:VERTEX {memory address: ""7f08578ad000"",size: ""1000"",subtype: ""memory"",tgid: ""189893"",source: ""syscall"",type: ""Artifact"",version: ""1"",hash: ""4f1bce9285ac4453306fa77523f2832f""})"
"(:VERTEX {memory address: ""7f08556bf000"",size: ""10000"",subtype: ""memory"",tgid: ""189893"",source: ""syscall"",type: ""Artifact"",version: ""0"",hash: ""9b1ed1dd8a4b1b49eb5006256584939c""})"
"(:VERTEX {memory address: ""7f08556ae000"",size: ""11000"",subtype: ""memory"",tgid: ""189893"",source: ""syscall"",type: ""Artifact"",version: ""0"",hash: ""0623b65c9ef5ff62524f242d7c8df677""})"
"(:VERTEX {memory address: ""7f08556ae000"",size: ""11000"",subtype: ""memory"",tgid: ""189893"",source: ""syscall"",type: ""Artifact"",version: ""1"",hash: ""b4fb2442b11d1b93696a7157204e7c5b""})"
"(:VERTEX {memory address: ""7f08556b6000"",size: ""9000"",subtype: ""memory"",tgid: ""189893"",source: ""syscall"",type: ""Artifact"",version: ""3"",hash: ""7f0049ba06f1a63a25d6b41f754475df""})"
"(:VERTEX {memory address: ""7f08556ad000"",size: ""9000"",subtype: ""memory"",tgid: ""189893"",source: ""syscall"",type: ""Artifact"",version: ""7"",hash: ""757d45c93e492d60ae1848476c678280""})"
"(:VERTEX {memory address: ""7f08556a8000"",size: ""e000"",subtype: ""memory"",tgid: ""189893"",source: ""syscall"",type: ""Artifact"",version: ""0"",hash: ""2f3a437f23c195ffa6ddbb8bc841be7a""})"
"(:VERTEX {memory address: ""7f0855697000"",size: ""11000"",subtype: ""memory"",tgid: ""189893"",source: ""syscall"",type: ""Artifact"",version: ""0"",hash: ""18f778c62492d109782ca459e3f947f5""})"
"(:VERTEX {memory address: ""7f085780c000"",size: ""4000"",subtype: ""memory"",tgid: ""189893"",source: ""syscall"",type: ""Artifact"",version: ""12"",hash: ""197798849832e67b6ac14461d228ea3a""})"
"(:VERTEX {memory address: ""7f0857832000"",size: ""2000"",subtype: ""memory"",tgid: ""189893"",source: ""syscall"",type: ""Artifact"",version: ""1"",hash: ""f72a57f22e8cfbc96b32b19e4e47246b""})"
"(:VERTEX {memory address: ""7f0857716000"",size: ""9000"",subtype: ""memory"",tgid: ""189893"",source: ""syscall"",type: ""Artifact"",version: ""1"",hash: ""3be1339974d5ba344b39aebba832d3d7""})"
"(:VERTEX {memory address: ""7f0857716000"",size: ""9000"",subtype: ""memory"",tgid: ""189893"",source: ""syscall"",type: ""Artifact"",version: ""2"",hash: ""04d2049619c058c11651a36c12fa63de""})"
"(:VERTEX {memory address: ""7f0857716000"",size: ""9000"",subtype: ""memory"",tgid: ""189893"",source: ""syscall"",type: ""Artifact"",version: ""3"",hash: ""f38b4ca0364867847ee3bba22fb73716""})"
"(:VERTEX {memory address: ""7f0857907000"",size: ""2000"",subtype: ""memory"",tgid: ""189893"",source: ""syscall"",type: ""Artifact"",version: ""11"",hash: ""d4edc4f20f21ef7f0a3afe02c5495f6f""})"
"(:VERTEX {memory address: ""7f08578b0000"",size: ""9000"",subtype: ""memory"",tgid: ""189893"",source: ""syscall"",type: ""Artifact"",version: ""29"",hash: ""9951a49b715824a18b59f54c4fde0fb0""})"
"(:VERTEX {memory address: ""7f08556f2000"",size: ""11000"",subtype: ""memory"",tgid: ""189893"",source: ""syscall"",type: ""Artifact"",version: ""540"",hash: ""3310de76421d3ac1c471c1bfb22ad309""})"
"(:VERTEX {memory address: ""7f085772f000"",size: ""9000"",subtype: ""memory"",tgid: ""189893"",source: ""syscall"",type: ""Artifact"",version: ""11"",hash: ""b282d7688e54b9a31173acf127d030d2""})"
"(:VERTEX {memory address: ""7f0857716000"",size: ""9000"",subtype: ""memory"",tgid: ""189893"",source: ""syscall"",type: ""Artifact"",version: ""4"",hash: ""101e26412db0d3a871d652295a32c9d2""})"
"(:VERTEX {memory address: ""7f08556fa000"",size: ""9000"",subtype: ""memory"",tgid: ""189893"",source: ""syscall"",type: ""Artifact"",version: ""49"",hash: ""303a31a45863eae7dc0bc5669ae0f251""})"
"(:VERTEX {memory address: ""7f08556f1000"",size: ""9000"",subtype: ""memory"",tgid: ""189893"",source: ""syscall"",type: ""Artifact"",version: ""45"",hash: ""068c1499066eac448d46631c1bcc48cd""})"
"(:VERTEX {memory address: ""7f0857819000"",size: ""6000"",subtype: ""memory"",tgid: ""189893"",source: ""syscall"",type: ""Artifact"",version: ""18"",hash: ""9df0347dcf3973f31b47b94424424476""})"
"(:VERTEX {memory address: ""7f0857772000"",size: ""8000"",subtype: ""memory"",tgid: ""189893"",source: ""syscall"",type: ""Artifact"",version: ""10"",hash: ""df079671e938ac0a6fc0624df2469b6d""})"
"(:VERTEX {memory address: ""7f08556fa000"",size: ""9000"",subtype: ""memory"",tgid: ""189893"",source: ""syscall"",type: ""Artifact"",version: ""50"",hash: ""c7f91df705a11e1d9cc84b75e6b98a38""})"
"(:VERTEX {memory address: ""7f0857819000"",size: ""6000"",subtype: ""memory"",tgid: ""189893"",source: ""syscall"",type: ""Artifact"",version: ""19"",hash: ""00e8cae83d0770dc65abfaa91f53b6d0""})"
"(:VERTEX {memory address: ""7f08556fa000"",size: ""9000"",subtype: ""memory"",tgid: ""189893"",source: ""syscall"",type: ""Artifact"",version: ""51"",hash: ""45ea378ae28a71afa39410ce26c00f39""})"
"(:VERTEX {memory address: ""7f08556e8000"",size: ""9000"",subtype: ""memory"",tgid: ""189893"",source: ""syscall"",type: ""Artifact"",version: ""42"",hash: ""148ce13a139ccc6799a14e86195e0b03""})"
"(:VERTEX {memory address: ""7f08556df000"",size: ""9000"",subtype: ""memory"",tgid: ""189893"",source: ""syscall"",type: ""Artifact"",version: ""29"",hash: ""a92dfa29cd400bf028b6d544995cbc0c""})"
"(:VERTEX {memory address: ""7f0857818000"",size: ""7000"",subtype: ""memory"",tgid: ""189893"",source: ""syscall"",type: ""Artifact"",version: ""48"",hash: ""290793c5f8a9fc34a0da697614ed5329""})"
"(:VERTEX {memory address: ""7f08556fa000"",size: ""9000"",subtype: ""memory"",tgid: ""189893"",source: ""syscall"",type: ""Artifact"",version: ""52"",hash: ""9cefc5ffb8598ccbdffa064b814d323d""})"
"(:VERTEX {memory address: ""7f08556d6000"",size: ""9000"",subtype: ""memory"",tgid: ""189893"",source: ""syscall"",type: ""Artifact"",version: ""24"",hash: ""e1a1ec95ddddb3b7de6b67203941034d""})"
"(:VERTEX {memory address: ""7f08556fa000"",size: ""9000"",subtype: ""memory"",tgid: ""189893"",source: ""syscall"",type: ""Artifact"",version: ""53"",hash: ""c2f54cbb9721bca8d0f1df735bb66425""})"
"(:VERTEX {memory address: ""7f0857818000"",size: ""7000"",subtype: ""memory"",tgid: ""189893"",source: ""syscall"",type: ""Artifact"",version: ""49"",hash: ""cd624632a8d47060b6538037ff8e2a69""})"
"(:VERTEX {memory address: ""7f08556d6000"",size: ""9000"",subtype: ""memory"",tgid: ""189893"",source: ""syscall"",type: ""Artifact"",version: ""25"",hash: ""eb2704338a58c5ad3f0ae0d89c8af280""})"
"(:VERTEX {memory address: ""7f08556cd000"",size: ""9000"",subtype: ""memory"",tgid: ""189893"",source: ""syscall"",type: ""Artifact"",version: ""26"",hash: ""812fe2740b264581565a2893dfa9a707""})"
"(:VERTEX {memory address: ""7f0857819000"",size: ""6000"",subtype: ""memory"",tgid: ""189893"",source: ""syscall"",type: ""Artifact"",version: ""20"",hash: ""8594f2eaa6c787e30d892469a862b15a""})"
"(:VERTEX {memory address: ""7f08556d6000"",size: ""9000"",subtype: ""memory"",tgid: ""189893"",source: ""syscall"",type: ""Artifact"",version: ""26"",hash: ""11dbd8b947342ab1f9a1e000b4ac082e""})"
"(:VERTEX {memory address: ""7f085772f000"",size: ""9000"",subtype: ""memory"",tgid: ""189893"",source: ""syscall"",type: ""Artifact"",version: ""12"",hash: ""59e64b6e7e9a0ce1d5b3bd4a8ee7efb8""})"
"(:VERTEX {memory address: ""7f08556fa000"",size: ""9000"",subtype: ""memory"",tgid: ""189893"",source: ""syscall"",type: ""Artifact"",version: ""54"",hash: ""9534aaa551eba3cce3238e1786b9f557""})"
"(:VERTEX {memory address: ""7f08556f1000"",size: ""9000"",subtype: ""memory"",tgid: ""189893"",source: ""syscall"",type: ""Artifact"",version: ""46"",hash: ""92209fc0bc7e75699be1661add4ce621""})"
"(:VERTEX {memory address: ""7f08556e8000"",size: ""9000"",subtype: ""memory"",tgid: ""189893"",source: ""syscall"",type: ""Artifact"",version: ""43"",hash: ""58c089b51c7b570f47dc0f2a56550571""})"
"(:VERTEX {memory address: ""7f085772f000"",size: ""9000"",subtype: ""memory"",tgid: ""189893"",source: ""syscall"",type: ""Artifact"",version: ""13"",hash: ""a1a891d09d78d9da3ddeb304acf26f6c""})"
"(:VERTEX {memory address: ""7f08556f2000"",size: ""11000"",subtype: ""memory"",tgid: ""189893"",source: ""syscall"",type: ""Artifact"",version: ""541"",hash: ""5741d6d16708958d0549859113140f6b""})"
"(:VERTEX {remote port: ""53"",epoch: ""0"",source: ""syscall"",type: ""Artifact"",version: ""0"",local port: ""60957"",net namespace: ""-1"",local address: ""10.1.251.204"",protocol: ""udp"",subtype: ""network socket"",remote address: ""10.152.183.10"",hash: ""5e012a044c9517ae63310aa9798d5776""})"
"(:VERTEX {gid: ""1000"",euid: ""1000"",children pid namespace: ""-1"",pid: ""189002"",seen time: ""1690980816.593"",source: ""syscall"",type: ""Process"",net namespace: ""-1"",ipc namespace: ""-1"",ppid: ""58880"",pid namespace: ""-1"",uid: ""1000"",egid: ""1000"",mount namespace: ""-1"",name: ""server"",hash: ""d0c5a6076640acf019efc87de6a6b56d"",user namespace: ""-1""})"
"(:VERTEX {remote port: ""53"",epoch: ""0"",source: ""syscall"",type: ""Artifact"",version: ""0"",local port: ""51971"",net namespace: ""-1"",local address: ""10.1.251.204"",protocol: ""udp"",subtype: ""network socket"",remote address: ""10.152.183.10"",hash: ""5b6982510fc2f90bc2bc9d4ba306eab3""})"
"(:VERTEX {memory address: ""7f08556f2000"",size: ""11000"",subtype: ""memory"",tgid: ""189893"",source: ""syscall"",type: ""Artifact"",version: ""542"",hash: ""0c51d6d2a50d2a8464607166b5a9e952""})"
"(:VERTEX {memory address: ""7f08556f2000"",size: ""11000"",subtype: ""memory"",tgid: ""189893"",source: ""syscall"",type: ""Artifact"",version: ""543"",hash: ""e1abf679ef38e3fdc703afaa68d8ad6a""})"
"(:VERTEX {memory address: ""7f08556f2000"",size: ""11000"",subtype: ""memory"",tgid: ""189893"",source: ""syscall"",type: ""Artifact"",version: ""544"",hash: ""09bb5799404b01f9f297a4c39e7521ec""})"
"(:VERTEX {memory address: ""7f08556f2000"",size: ""11000"",subtype: ""memory"",tgid: ""189893"",source: ""syscall"",type: ""Artifact"",version: ""545"",hash: ""4234cfa7fa58a3ce7beb74fbfc03bf43""})"
"(:VERTEX {memory address: ""7f08556f2000"",size: ""11000"",subtype: ""memory"",tgid: ""189893"",source: ""syscall"",type: ""Artifact"",version: ""546"",hash: ""7d5049cc4143d6a65838627ea38d2b66""})"
"(:VERTEX {memory address: ""7f0857907000"",size: ""2000"",subtype: ""memory"",tgid: ""189893"",source: ""syscall"",type: ""Artifact"",version: ""12"",hash: ""e1bf0d45b0fa0a83c939ed6fd32b2361""})"
"(:VERTEX {memory address: ""7f08578b0000"",size: ""9000"",subtype: ""memory"",tgid: ""189893"",source: ""syscall"",type: ""Artifact"",version: ""30"",hash: ""2c997c198d1580705b692a709dc6a0aa""})"
"(:VERTEX {memory address: ""7f085772f000"",size: ""9000"",subtype: ""memory"",tgid: ""189893"",source: ""syscall"",type: ""Artifact"",version: ""14"",hash: ""fab0dbfda56782ec59201c32381848a5""})"
"(:VERTEX {memory address: ""7f0857716000"",size: ""9000"",subtype: ""memory"",tgid: ""189893"",source: ""syscall"",type: ""Artifact"",version: ""5"",hash: ""992f2b8cfc01bbe1d8d8745ed2478444""})"
"(:VERTEX {memory address: ""7f08556f2000"",size: ""11000"",subtype: ""memory"",tgid: ""189893"",source: ""syscall"",type: ""Artifact"",version: ""547"",hash: ""7572c746735ca335ac40ed899a74d6b9""})"
"(:VERTEX {memory address: ""7f08556fa000"",size: ""9000"",subtype: ""memory"",tgid: ""189893"",source: ""syscall"",type: ""Artifact"",version: ""55"",hash: ""d22750a0ec9394ec2392916d9d096a4e""})"
"(:VERTEX {memory address: ""7f0857818000"",size: ""7000"",subtype: ""memory"",tgid: ""189893"",source: ""syscall"",type: ""Artifact"",version: ""50"",hash: ""856e4ec8933b21ce5a98ec16baac251c""})"
"(:VERTEX {memory address: ""7f08556e9000"",size: ""11000"",subtype: ""memory"",tgid: ""189893"",source: ""syscall"",type: ""Artifact"",version: ""9"",hash: ""1be44ceac850ae6efac91002d395acaf""})"
"(:VERTEX {memory address: ""7f08556f1000"",size: ""9000"",subtype: ""memory"",tgid: ""189893"",source: ""syscall"",type: ""Artifact"",version: ""47"",hash: ""7d97ed504ae8b8f447dfd69470aadd8c""})"
"(:VERTEX {memory address: ""7f08556f1000"",size: ""9000"",subtype: ""memory"",tgid: ""189893"",source: ""syscall"",type: ""Artifact"",version: ""48"",hash: ""01a746b19410ae5a1765953fe312c781""})"
"(:VERTEX {memory address: ""7f08556e8000"",size: ""9000"",subtype: ""memory"",tgid: ""189893"",source: ""syscall"",type: ""Artifact"",version: ""44"",hash: ""5c9f70e6341e02b906f38fa22cc04493""})"
"(:VERTEX {memory address: ""7f0857819000"",size: ""6000"",subtype: ""memory"",tgid: ""189893"",source: ""syscall"",type: ""Artifact"",version: ""21"",hash: ""c2a6c7bce45b09511c1e4ad6ad3950d3""})"
"(:VERTEX {memory address: ""7f08556f1000"",size: ""9000"",subtype: ""memory"",tgid: ""189893"",source: ""syscall"",type: ""Artifact"",version: ""49"",hash: ""79405224613493cfbf90437ee7cd4d9a""})"
"(:VERTEX {memory address: ""7f0857819000"",size: ""6000"",subtype: ""memory"",tgid: ""189893"",source: ""syscall"",type: ""Artifact"",version: ""22"",hash: ""ea1b25c5b2695fbb70c2fcd0b61e9806""})"
"(:VERTEX {memory address: ""7f08556f1000"",size: ""9000"",subtype: ""memory"",tgid: ""189893"",source: ""syscall"",type: ""Artifact"",version: ""50"",hash: ""4593c61a6cd4678e33ae864bb99955b8""})"
"(:VERTEX {memory address: ""7f08556df000"",size: ""9000"",subtype: ""memory"",tgid: ""189893"",source: ""syscall"",type: ""Artifact"",version: ""30"",hash: ""681317a2e7973725fed7a0cff3f37ed2""})"
"(:VERTEX {memory address: ""7f08556f1000"",size: ""9000"",subtype: ""memory"",tgid: ""189893"",source: ""syscall"",type: ""Artifact"",version: ""51"",hash: ""92d29eead15b1d320a79297f933e8756""})"
"(:VERTEX {memory address: ""7f0857716000"",size: ""9000"",subtype: ""memory"",tgid: ""189893"",source: ""syscall"",type: ""Artifact"",version: ""6"",hash: ""8a4f2aca3d223ea81ffac6f38957dbf5""})"
"(:VERTEX {memory address: ""7f08556fa000"",size: ""9000"",subtype: ""memory"",tgid: ""189893"",source: ""syscall"",type: ""Artifact"",version: ""56"",hash: ""9fa273b3ed85bea5efc48c3e692895d9""})"
"(:VERTEX {memory address: ""7f08556e8000"",size: ""9000"",subtype: ""memory"",tgid: ""189893"",source: ""syscall"",type: ""Artifact"",version: ""45"",hash: ""cf1f14419f21554107e570c77438fc35""})"
"(:VERTEX {memory address: ""7f08556f2000"",size: ""11000"",subtype: ""memory"",tgid: ""189893"",source: ""syscall"",type: ""Artifact"",version: ""548"",hash: ""7711b6a9ced07adfdbf0a72ac060f452""})"
"(:VERTEX {memory address: ""7f0857907000"",size: ""2000"",subtype: ""memory"",tgid: ""189893"",source: ""syscall"",type: ""Artifact"",version: ""13"",hash: ""cae63258c0c2208c3c209fadbfe9f390""})"
"(:VERTEX {memory address: ""7f08578b0000"",size: ""9000"",subtype: ""memory"",tgid: ""189893"",source: ""syscall"",type: ""Artifact"",version: ""31"",hash: ""3d8062281389f5a8fbd756044edeeea1""})"
"(:VERTEX {memory address: ""7f085772f000"",size: ""9000"",subtype: ""memory"",tgid: ""189893"",source: ""syscall"",type: ""Artifact"",version: ""15"",hash: ""7752157b7628565e816e5022606608ec""})"
"(:VERTEX {memory address: ""7f0857716000"",size: ""9000"",subtype: ""memory"",tgid: ""189893"",source: ""syscall"",type: ""Artifact"",version: ""7"",hash: ""64a51cb217edcd351c2739c3c1f25a9e""})"
"(:VERTEX {memory address: ""7f08556fa000"",size: ""9000"",subtype: ""memory"",tgid: ""189893"",source: ""syscall"",type: ""Artifact"",version: ""57"",hash: ""d5a3fc380bb1fc4d25016c0a0acf783e""})"
"(:VERTEX {memory address: ""7f08556f1000"",size: ""9000"",subtype: ""memory"",tgid: ""189893"",source: ""syscall"",type: ""Artifact"",version: ""52"",hash: ""564e9eebc2bf6799a837fdcc946c3eb2""})"
"(:VERTEX {memory address: ""7f08556e8000"",size: ""9000"",subtype: ""memory"",tgid: ""189893"",source: ""syscall"",type: ""Artifact"",version: ""46"",hash: ""c5b5529fbed26a0d7511261b64bb6504""})"
"(:VERTEX {memory address: ""7f08556df000"",size: ""9000"",subtype: ""memory"",tgid: ""189893"",source: ""syscall"",type: ""Artifact"",version: ""31"",hash: ""ca40b79936409ccdb5b250c0e205d4fa""})"
"(:VERTEX {memory address: ""7f08556d6000"",size: ""9000"",subtype: ""memory"",tgid: ""189893"",source: ""syscall"",type: ""Artifact"",version: ""27"",hash: ""725eaae19aba860ff53f65abc0f9114b""})"
"(:VERTEX {memory address: ""7f08556cd000"",size: ""9000"",subtype: ""memory"",tgid: ""189893"",source: ""syscall"",type: ""Artifact"",version: ""27"",hash: ""f3aee123f82e91f21a127ab1f6b58f84""})"
"(:VERTEX {memory address: ""7f08556a9000"",size: ""9000"",subtype: ""memory"",tgid: ""189893"",source: ""syscall"",type: ""Artifact"",version: ""13"",hash: ""17a043c85aa0da125a53bfa3bbf362d9""})"
"(:VERTEX {memory address: ""7f0857819000"",size: ""6000"",subtype: ""memory"",tgid: ""189893"",source: ""syscall"",type: ""Artifact"",version: ""23"",hash: ""9187449292e1603db00dc8be7215c60d""})"
"(:VERTEX {memory address: ""7f08556fa000"",size: ""9000"",subtype: ""memory"",tgid: ""189893"",source: ""syscall"",type: ""Artifact"",version: ""58"",hash: ""7208a010eeca647ad8c75587ebd7a2fc""})"
"(:VERTEX {memory address: ""7f08556cd000"",size: ""9000"",subtype: ""memory"",tgid: ""189893"",source: ""syscall"",type: ""Artifact"",version: ""28"",hash: ""5969249baebd4e899ba9f3816c7e7e8e""})"
"(:VERTEX {memory address: ""7f08556a9000"",size: ""9000"",subtype: ""memory"",tgid: ""189893"",source: ""syscall"",type: ""Artifact"",version: ""14"",hash: ""045d83f52913739f2365a90ac3e83008""})"
"(:VERTEX {memory address: ""7f08556a0000"",size: ""9000"",subtype: ""memory"",tgid: ""189893"",source: ""syscall"",type: ""Artifact"",version: ""13"",hash: ""6d8f51b0bef44ee984f1b65edb8be087""})"
"(:VERTEX {memory address: ""7f08556a5000"",size: ""d000"",subtype: ""memory"",tgid: ""189893"",source: ""syscall"",type: ""Artifact"",version: ""0"",hash: ""c8cc50ef9dc20dfe3539662f7b6aab66""})"
"(:VERTEX {memory address: ""7f085569c000"",size: ""9000"",subtype: ""memory"",tgid: ""189893"",source: ""syscall"",type: ""Artifact"",version: ""0"",hash: ""ec71aa4ebec21104f1f58d67a9a0abb5""})"
"(:VERTEX {memory address: ""7f0855693000"",size: ""9000"",subtype: ""memory"",tgid: ""189893"",source: ""syscall"",type: ""Artifact"",version: ""0"",hash: ""635d0018bd7a3e876788efb7ba80a62f""})"
"(:VERTEX {memory address: ""7f085568a000"",size: ""9000"",subtype: ""memory"",tgid: ""189893"",source: ""syscall"",type: ""Artifact"",version: ""0"",hash: ""ed57f65528c4e4e4a3744e9da8e26fe7""})"
"(:VERTEX {memory address: ""7f0855681000"",size: ""9000"",subtype: ""memory"",tgid: ""189893"",source: ""syscall"",type: ""Artifact"",version: ""0"",hash: ""78c86035828cd5582e0cc3eb90161f0a""})"
"(:VERTEX {memory address: ""7f0855678000"",size: ""9000"",subtype: ""memory"",tgid: ""189893"",source: ""syscall"",type: ""Artifact"",version: ""0"",hash: ""a9a59641c6a1df058fc6a05ebae15229""})"
"(:VERTEX {memory address: ""7f0857819000"",size: ""6000"",subtype: ""memory"",tgid: ""189893"",source: ""syscall"",type: ""Artifact"",version: ""24"",hash: ""6452643602d93952e99d380a7e68c781""})"
"(:VERTEX {memory address: ""7f08556a9000"",size: ""9000"",subtype: ""memory"",tgid: ""189893"",source: ""syscall"",type: ""Artifact"",version: ""15"",hash: ""a6054651dc5dd9739bc08fcaa1868068""})"
"(:VERTEX {memory address: ""7f08556a0000"",size: ""9000"",subtype: ""memory"",tgid: ""189893"",source: ""syscall"",type: ""Artifact"",version: ""14"",hash: ""c7464f50f5353518d3f49c94773f1bfa""})"
"(:VERTEX {memory address: ""7f0857818000"",size: ""7000"",subtype: ""memory"",tgid: ""189893"",source: ""syscall"",type: ""Artifact"",version: ""51"",hash: ""c2959712db59731293f95960523af2c3""})"
"(:VERTEX {memory address: ""7f08556a9000"",size: ""9000"",subtype: ""memory"",tgid: ""189893"",source: ""syscall"",type: ""Artifact"",version: ""16"",hash: ""becdb2d4faeef8a8e1a173d381cc1fb5""})"
"(:VERTEX {memory address: ""7f08556a0000"",size: ""9000"",subtype: ""memory"",tgid: ""189893"",source: ""syscall"",type: ""Artifact"",version: ""15"",hash: ""c722a808425ccb69ac11b5ce45b236b9""})"
"(:VERTEX {memory address: ""7f0857818000"",size: ""7000"",subtype: ""memory"",tgid: ""189893"",source: ""syscall"",type: ""Artifact"",version: ""52"",hash: ""a33f5432cf27d0a187b0f8f06c62a10d""})"
"(:VERTEX {memory address: ""7f08556a9000"",size: ""9000"",subtype: ""memory"",tgid: ""189893"",source: ""syscall"",type: ""Artifact"",version: ""17"",hash: ""fd80d29679278395570e53eb5e3a044c""})"
"(:VERTEX {memory address: ""7f0857772000"",size: ""8000"",subtype: ""memory"",tgid: ""189893"",source: ""syscall"",type: ""Artifact"",version: ""11"",hash: ""c6b650c43389a82a1b2a17524c68e2a7""})"
"(:VERTEX {memory address: ""7f08556a9000"",size: ""9000"",subtype: ""memory"",tgid: ""189893"",source: ""syscall"",type: ""Artifact"",version: ""18"",hash: ""f367a8d866f334f62f7aaa8f6f057051""})"
"(:VERTEX {memory address: ""7f0855697000"",size: ""9000"",subtype: ""memory"",tgid: ""189893"",source: ""syscall"",type: ""Artifact"",version: ""8"",hash: ""e25f493bd532b40c03434a7341e28ac6""})"
"(:VERTEX {memory address: ""7f085568e000"",size: ""9000"",subtype: ""memory"",tgid: ""189893"",source: ""syscall"",type: ""Artifact"",version: ""6"",hash: ""38d9111d5a43b6a1d7d0b07a75950ac5""})"
"(:VERTEX {memory address: ""7f0855685000"",size: ""9000"",subtype: ""memory"",tgid: ""189893"",source: ""syscall"",type: ""Artifact"",version: ""4"",hash: ""452503a60a5434daf8d7b806bb4c9c08""})"
"(:VERTEX {memory address: ""7f085781b000"",size: ""4000"",subtype: ""memory"",tgid: ""189893"",source: ""syscall"",type: ""Artifact"",version: ""5"",hash: ""873cd7486a86657a8fad0dd0c191a5e4""})"
"(:VERTEX {memory address: ""7f0857773000"",size: ""7000"",subtype: ""memory"",tgid: ""189893"",source: ""syscall"",type: ""Artifact"",version: ""20"",hash: ""8e28843e2be990d77f6748fbaa04b077""})"
"(:VERTEX {memory address: ""7f08556a9000"",size: ""9000"",subtype: ""memory"",tgid: ""189893"",source: ""syscall"",type: ""Artifact"",version: ""19"",hash: ""0e7d9f56038e46da6551546e3a9b7f05""})"
"(:VERTEX {memory address: ""7f0855697000"",size: ""9000"",subtype: ""memory"",tgid: ""189893"",source: ""syscall"",type: ""Artifact"",version: ""9"",hash: ""6f5bf3e7152a230849e553ee0cbc46d6""})"
"(:VERTEX {memory address: ""7f0855672000"",size: ""13000"",subtype: ""memory"",tgid: ""189893"",source: ""syscall"",type: ""Artifact"",version: ""0"",hash: ""3fbf36be43ccbd836e3d62912caa0267""})"
"(:VERTEX {memory address: ""7f08556a9000"",size: ""9000"",subtype: ""memory"",tgid: ""189893"",source: ""syscall"",type: ""Artifact"",version: ""20"",hash: ""5e0736edb45de1dd70cb8bc6d73136ee""})"
"(:VERTEX {memory address: ""7f0855697000"",size: ""9000"",subtype: ""memory"",tgid: ""189893"",source: ""syscall"",type: ""Artifact"",version: ""10"",hash: ""fa67fa418481bac3bab63a9b2769d39a""})"
"(:VERTEX {memory address: ""7f085781b000"",size: ""4000"",subtype: ""memory"",tgid: ""189893"",source: ""syscall"",type: ""Artifact"",version: ""6"",hash: ""120efdc7497dc2f22f4aad1e102b656d""})"
"(:VERTEX {memory address: ""7f0857773000"",size: ""7000"",subtype: ""memory"",tgid: ""189893"",source: ""syscall"",type: ""Artifact"",version: ""21"",hash: ""7aca76ad00c558930685704548947b56""})"
"(:VERTEX {memory address: ""7f0857819000"",size: ""6000"",subtype: ""memory"",tgid: ""189893"",source: ""syscall"",type: ""Artifact"",version: ""25"",hash: ""2f14237c1af962b7888a5420d3d280b3""})"
"(:VERTEX {memory address: ""7f08556a9000"",size: ""9000"",subtype: ""memory"",tgid: ""189893"",source: ""syscall"",type: ""Artifact"",version: ""21"",hash: ""298f53060ba821be8221dfb847f44381""})"
"(:VERTEX {memory address: ""7f085568e000"",size: ""9000"",subtype: ""memory"",tgid: ""189893"",source: ""syscall"",type: ""Artifact"",version: ""7"",hash: ""5a1862b0d9d33d3a7328b8d331c19e7e""})"
"(:VERTEX {memory address: ""7f085567c000"",size: ""9000"",subtype: ""memory"",tgid: ""189893"",source: ""syscall"",type: ""Artifact"",version: ""16"",hash: ""bb97738bf4ba1ba86811a7cb5d69d64a""})"
"(:VERTEX {memory address: ""7f0855673000"",size: ""9000"",subtype: ""memory"",tgid: ""189893"",source: ""syscall"",type: ""Artifact"",version: ""2"",hash: ""ee81eb95cb2ce2290dab1dad68551e32""})"
"(:VERTEX {memory address: ""7f085566a000"",size: ""9000"",subtype: ""memory"",tgid: ""189893"",source: ""syscall"",type: ""Artifact"",version: ""3"",hash: ""037a5286f49825c380f81fca7c7d356b""})"
"(:VERTEX {memory address: ""7f08578ea000"",size: ""2000"",subtype: ""memory"",tgid: ""189893"",source: ""syscall"",type: ""Artifact"",version: ""24"",hash: ""82ea78672e596adc4e36364db0dc3264""})"
"(:VERTEX {memory address: ""7f08578ae000"",size: ""2000"",subtype: ""memory"",tgid: ""189893"",source: ""syscall"",type: ""Artifact"",version: ""8"",hash: ""8c1166f06f1b24d392a3e52fd91d9088""})"
"(:VERTEX {memory address: ""7f0857819000"",size: ""6000"",subtype: ""memory"",tgid: ""189893"",source: ""syscall"",type: ""Artifact"",version: ""26"",hash: ""3caec17a8ecd6d02af3b4693fe3193d5""})"
"(:VERTEX {memory address: ""7f085568e000"",size: ""9000"",subtype: ""memory"",tgid: ""189893"",source: ""syscall"",type: ""Artifact"",version: ""8"",hash: ""f05e9cf51e9b8a62dbd1d5d46e33160c""})"
"(:VERTEX {memory address: ""7f085567c000"",size: ""9000"",subtype: ""memory"",tgid: ""189893"",source: ""syscall"",type: ""Artifact"",version: ""17"",hash: ""b4d590e6946d151c2317c77fa76bba44""})"
"(:VERTEX {memory address: ""7f085566a000"",size: ""9000"",subtype: ""memory"",tgid: ""189893"",source: ""syscall"",type: ""Artifact"",version: ""4"",hash: ""f750acfa60d3375cf7f7ced3dbb1b0b0""})"
"(:VERTEX {memory address: ""7f0855661000"",size: ""9000"",subtype: ""memory"",tgid: ""189893"",source: ""syscall"",type: ""Artifact"",version: ""1"",hash: ""5f2b187a2432bf8c57e07ab0ae74827f""})"
"(:VERTEX {memory address: ""7f0855651000"",size: ""10000"",subtype: ""memory"",tgid: ""189893"",source: ""syscall"",type: ""Artifact"",version: ""0"",hash: ""f6fdb68022488cb2e55ad9a0a694a9e9""})"
"(:VERTEX {memory address: ""7f0855648000"",size: ""9000"",subtype: ""memory"",tgid: ""189893"",source: ""syscall"",type: ""Artifact"",version: ""6"",hash: ""e76b52b0338a1f5e8db610cd5e0a2c1c""})"
"(:VERTEX {memory address: ""7f085563f000"",size: ""9000"",subtype: ""memory"",tgid: ""189893"",source: ""syscall"",type: ""Artifact"",version: ""8"",hash: ""809eaf3bb1e02ead5d766c090fc45c43""})"
"(:VERTEX {memory address: ""7f085562e000"",size: ""11000"",subtype: ""memory"",tgid: ""189893"",source: ""syscall"",type: ""Artifact"",version: ""0"",hash: ""3f325ac409a7ab2d96aa394351d08929""})"
"(:VERTEX {memory address: ""7f08578ad000"",size: ""1000"",subtype: ""memory"",tgid: ""189893"",source: ""syscall"",type: ""Artifact"",version: ""2"",hash: ""00a33c221c14591c306fffd903331412""})"
"(:VERTEX {memory address: ""7f0855636000"",size: ""9000"",subtype: ""memory"",tgid: ""189893"",source: ""syscall"",type: ""Artifact"",version: ""4"",hash: ""500b332a0b835de72a55c5f9fe71ecb8""})"
"(:VERTEX {memory address: ""7f0857774000"",size: ""6000"",subtype: ""memory"",tgid: ""189893"",source: ""syscall"",type: ""Artifact"",version: ""15"",hash: ""8026b72275d89b6b92bc51ceae33259d""})"
"(:VERTEX {memory address: ""7f08556fa000"",size: ""9000"",subtype: ""memory"",tgid: ""189893"",source: ""syscall"",type: ""Artifact"",version: ""59"",hash: ""a9099e54fb6a50a165438019f8546562""})"
"(:VERTEX {memory address: ""7f08556f1000"",size: ""9000"",subtype: ""memory"",tgid: ""189893"",source: ""syscall"",type: ""Artifact"",version: ""53"",hash: ""dc49589e98ed68e476fbca640a804a47""})"
"(:VERTEX {memory address: ""7f08556e8000"",size: ""9000"",subtype: ""memory"",tgid: ""189893"",source: ""syscall"",type: ""Artifact"",version: ""47"",hash: ""b7f6d37bf7c1463b3072dff08e2b3069""})"
"(:VERTEX {memory address: ""7f08556d6000"",size: ""9000"",subtype: ""memory"",tgid: ""189893"",source: ""syscall"",type: ""Artifact"",version: ""28"",hash: ""55156ab0e9d0b6118fe698c420f93b3d""})"
"(:VERTEX {memory address: ""7f08556e8000"",size: ""9000"",subtype: ""memory"",tgid: ""189893"",source: ""syscall"",type: ""Artifact"",version: ""48"",hash: ""68d98806c79424a5dc4de160840da8aa""})"
"(:VERTEX {memory address: ""7f085781b000"",size: ""4000"",subtype: ""memory"",tgid: ""189893"",source: ""syscall"",type: ""Artifact"",version: ""7"",hash: ""f823c220daef9475ec96672120aa3df7""})"
"(:VERTEX {memory address: ""7f0857716000"",size: ""9000"",subtype: ""memory"",tgid: ""189893"",source: ""syscall"",type: ""Artifact"",version: ""8"",hash: ""1d4085624161e8455314f850386651b3""})"
"(:VERTEX {memory address: ""7f08556f2000"",size: ""11000"",subtype: ""memory"",tgid: ""189893"",source: ""syscall"",type: ""Artifact"",version: ""549"",hash: ""44295825fa1ed93e9396628b26ce53a3""})"
"(:VERTEX {memory address: ""7f0857907000"",size: ""2000"",subtype: ""memory"",tgid: ""189893"",source: ""syscall"",type: ""Artifact"",version: ""14"",hash: ""661cb1a9c95b8e73e50c15ecbdfc0a1f""})"
"(:VERTEX {memory address: ""7f08578b0000"",size: ""9000"",subtype: ""memory"",tgid: ""189893"",source: ""syscall"",type: ""Artifact"",version: ""32"",hash: ""edf59e9d65394c04673ddd823d4c3fc6""})"
"(:VERTEX {memory address: ""7f08556f2000"",size: ""11000"",subtype: ""memory"",tgid: ""189893"",source: ""syscall"",type: ""Artifact"",version: ""550"",hash: ""722d9cf616f8e000f1dacc88ee392fe2""})"
"(:VERTEX {memory address: ""7f0857772000"",size: ""8000"",subtype: ""memory"",tgid: ""189893"",source: ""syscall"",type: ""Artifact"",version: ""12"",hash: ""844a3ba4c295e6931637ebeef4c263b7""})"
"(:VERTEX {memory address: ""7eff8ff52000"",size: ""8000"",subtype: ""memory"",tgid: ""189122"",source: ""syscall"",type: ""Artifact"",version: ""0"",hash: ""4d613854bbf8852b818cdd4f79c41d2e""})"
"(:VERTEX {memory address: ""7eff8ff52000"",size: ""8000"",subtype: ""memory"",tgid: ""189122"",source: ""syscall"",type: ""Artifact"",version: ""1"",hash: ""40d2a168b7d05ae5326c60c0bcc9f112""})"
"(:VERTEX {memory address: ""7eff8ff52000"",size: ""8000"",subtype: ""memory"",tgid: ""189122"",source: ""syscall"",type: ""Artifact"",version: ""2"",hash: ""ccb1f7ab5923d6194d23920f5df08dc7""})"
"(:VERTEX {memory address: ""7eff8ff52000"",size: ""8000"",subtype: ""memory"",tgid: ""189122"",source: ""syscall"",type: ""Artifact"",version: ""3"",hash: ""a0b5aedf43ac7231c176c3ad11c6a789""})"
"(:VERTEX {memory address: ""7eff8ff52000"",size: ""8000"",subtype: ""memory"",tgid: ""189122"",source: ""syscall"",type: ""Artifact"",version: ""4"",hash: ""c1cf681e91235ae2b1658c86a5d165d2""})"
"(:VERTEX {memory address: ""7eff8ff4f000"",size: ""3000"",subtype: ""memory"",tgid: ""189122"",source: ""syscall"",type: ""Artifact"",version: ""0"",hash: ""f1de3f54eca5dae0d1ab50456a415a87""})"
"(:VERTEX {memory address: ""7eff96507000"",size: ""10000"",subtype: ""memory"",tgid: ""189122"",source: ""syscall"",type: ""Artifact"",version: ""0"",hash: ""b401d82f04284b5e398785ce82cfba58""})"
"(:VERTEX {memory address: ""7eff8ff4e000"",size: ""4000"",subtype: ""memory"",tgid: ""189122"",source: ""syscall"",type: ""Artifact"",version: ""0"",hash: ""ef287fe0b68a6eceea29a22fbf33882f""})"
"(:VERTEX {memory address: ""21baa6b00000"",size: ""40000"",subtype: ""memory"",tgid: ""189893"",source: ""syscall"",type: ""Artifact"",version: ""4"",hash: ""a57328bf711f7eaca42442f164ebef39""})"
"(:VERTEX {memory address: ""3a9016940000"",size: ""40000"",subtype: ""memory"",tgid: ""189893"",source: ""syscall"",type: ""Artifact"",version: ""4"",hash: ""635a32ce7e152ade84b6ccce67ff0ad9""})"
"(:VERTEX {memory address: ""29d66fb00000"",size: ""40000"",subtype: ""memory"",tgid: ""189893"",source: ""syscall"",type: ""Artifact"",version: ""4"",hash: ""f5ec35a46fe9b3bfbfc2ea4513bd3c9a""})"
"(:VERTEX {memory address: ""2b3f79e80000"",size: ""40000"",subtype: ""memory"",tgid: ""189893"",source: ""syscall"",type: ""Artifact"",version: ""4"",hash: ""4eb88b84ff8bbc38aec35a762144c959""})"
"(:VERTEX {memory address: ""7f0857908000"",size: ""1000"",subtype: ""memory"",tgid: ""189893"",source: ""syscall"",type: ""Artifact"",version: ""8"",hash: ""4fc2637663f5c2fcd0571fa8e1de35b1""})"
"(:VERTEX {memory address: ""7f08578b5000"",size: ""4000"",subtype: ""memory"",tgid: ""189893"",source: ""syscall"",type: ""Artifact"",version: ""9"",hash: ""ad5c03f7d310afe445d74fbf796b74a3""})"
"(:VERTEX {memory address: ""3406f5a00000"",size: ""40000"",subtype: ""memory"",tgid: ""189893"",source: ""syscall"",type: ""Artifact"",version: ""13"",hash: ""0c83e76d1632a029251030c884c42626""})"
"(:VERTEX {memory address: ""332ff05c0000"",size: ""40000"",subtype: ""memory"",tgid: ""189893"",source: ""syscall"",type: ""Artifact"",version: ""14"",hash: ""9ee86b45f16ce75cb8db1dec0ffc9012""})"
"(:VERTEX {memory address: ""33a2d79c0000"",size: ""40000"",subtype: ""memory"",tgid: ""189893"",source: ""syscall"",type: ""Artifact"",version: ""14"",hash: ""4d258ef262d0c9fee9adbd626f3b7e41""})"
"(:VERTEX {memory address: ""f46fd9c0000"",size: ""40000"",subtype: ""memory"",tgid: ""189893"",source: ""syscall"",type: ""Artifact"",version: ""14"",hash: ""8a45ed42501e958e573ac699ac34e2db""})"
"(:VERTEX {memory address: ""7f0857907000"",size: ""2000"",subtype: ""memory"",tgid: ""189893"",source: ""syscall"",type: ""Artifact"",version: ""15"",hash: ""a8fcfc611d47e8476f0b45122a636eb8""})"
"(:VERTEX {memory address: ""7f08578b0000"",size: ""9000"",subtype: ""memory"",tgid: ""189893"",source: ""syscall"",type: ""Artifact"",version: ""33"",hash: ""306ffc560eb0aec3d48be989da1790d6""})"
"(:VERTEX {memory address: ""7f08556d9000"",size: ""11000"",subtype: ""memory"",tgid: ""189893"",source: ""syscall"",type: ""Artifact"",version: ""4"",hash: ""c015e43f76191feaa74aee06a45ec3e3""})"
"(:VERTEX {memory address: ""7f08556d9000"",size: ""11000"",subtype: ""memory"",tgid: ""189893"",source: ""syscall"",type: ""Artifact"",version: ""5"",hash: ""2a3fb2c7517605e8dbca56ecbe6716a0""})"
"(:VERTEX {memory address: ""7f08556d9000"",size: ""11000"",subtype: ""memory"",tgid: ""189893"",source: ""syscall"",type: ""Artifact"",version: ""6"",hash: ""74bb77a77b2556d27d8e368b5c93c0f1""})"
"(:VERTEX {memory address: ""7f085772f000"",size: ""9000"",subtype: ""memory"",tgid: ""189893"",source: ""syscall"",type: ""Artifact"",version: ""16"",hash: ""395eefe884f843bfcb9ca86f7d887936""})"
"(:VERTEX {memory address: ""7f0857716000"",size: ""9000"",subtype: ""memory"",tgid: ""189893"",source: ""syscall"",type: ""Artifact"",version: ""9"",hash: ""c8e321b20e07009f665431200e1440b0""})"
"(:VERTEX {memory address: ""7f08556fa000"",size: ""9000"",subtype: ""memory"",tgid: ""189893"",source: ""syscall"",type: ""Artifact"",version: ""60"",hash: ""b1402dfc08e9c5668b6518074b029a49""})"
"(:VERTEX {remote port: ""53"",epoch: ""0"",source: ""syscall"",type: ""Artifact"",version: ""0"",local port: ""34114"",net namespace: ""-1"",local address: ""10.1.251.204"",protocol: ""udp"",subtype: ""network socket"",remote address: ""10.152.183.10"",hash: ""633e9089969b1fbc4f63c772dd331ca6""})"
"(:VERTEX {remote port: ""53"",epoch: ""0"",source: ""syscall"",type: ""Artifact"",version: ""0"",local port: ""38419"",net namespace: ""-1"",local address: ""10.1.251.204"",protocol: ""udp"",subtype: ""network socket"",remote address: ""10.152.183.10"",hash: ""58c0c7d0b586c899355aae456370ccb8""})"
"(:VERTEX {memory address: ""7f08556e1000"",size: ""9000"",subtype: ""memory"",tgid: ""189893"",source: ""syscall"",type: ""Artifact"",version: ""28"",hash: ""b1f5af5e7a1f87fec5d6c6d07f5feb13""})"
"(:VERTEX {memory address: ""7f08556d8000"",size: ""9000"",subtype: ""memory"",tgid: ""189893"",source: ""syscall"",type: ""Artifact"",version: ""28"",hash: ""339333367deed387d2481035cb3b00f7""})"
"(:VERTEX {memory address: ""7f08556cf000"",size: ""9000"",subtype: ""memory"",tgid: ""189893"",source: ""syscall"",type: ""Artifact"",version: ""32"",hash: ""13c6e3760feca8dbc9b38378d8bdb818""})"
"(:VERTEX {memory address: ""7f08556c6000"",size: ""9000"",subtype: ""memory"",tgid: ""189893"",source: ""syscall"",type: ""Artifact"",version: ""28"",hash: ""ee8d9af5c7c1968efaf03f3a6358ecec""})"
"(:VERTEX {memory address: ""7f08556bd000"",size: ""9000"",subtype: ""memory"",tgid: ""189893"",source: ""syscall"",type: ""Artifact"",version: ""15"",hash: ""c981db0080b1e3e11b856cc77806d8ce""})"
"(:VERTEX {memory address: ""7f08556b4000"",size: ""9000"",subtype: ""memory"",tgid: ""189893"",source: ""syscall"",type: ""Artifact"",version: ""19"",hash: ""e26f9a6f232aa44c7313955f723a3c9a""})"
"(:VERTEX {memory address: ""7f08556ab000"",size: ""9000"",subtype: ""memory"",tgid: ""189893"",source: ""syscall"",type: ""Artifact"",version: ""30"",hash: ""14ae56a44044f8134b868632b666f02d""})"
"(:VERTEX {memory address: ""7f08556e1000"",size: ""9000"",subtype: ""memory"",tgid: ""189893"",source: ""syscall"",type: ""Artifact"",version: ""29"",hash: ""387a38f051d9310b395fde1834d1e6b6""})"
"(:VERTEX {memory address: ""7f08556bd000"",size: ""9000"",subtype: ""memory"",tgid: ""189893"",source: ""syscall"",type: ""Artifact"",version: ""16"",hash: ""9dfcbafee25d756bce32badb5dfa639e""})"
"(:VERTEX {memory address: ""7f08556ab000"",size: ""9000"",subtype: ""memory"",tgid: ""189893"",source: ""syscall"",type: ""Artifact"",version: ""31"",hash: ""7a0245bc5ae0e3f56b9bc4447672f80b""})"
"(:VERTEX {memory address: ""7f08556a9000"",size: ""b000"",subtype: ""memory"",tgid: ""189893"",source: ""syscall"",type: ""Artifact"",version: ""0"",hash: ""a11f487c6d5cbd156898a9288fe79877""})"
"(:VERTEX {memory address: ""7f08556bd000"",size: ""9000"",subtype: ""memory"",tgid: ""189893"",source: ""syscall"",type: ""Artifact"",version: ""17"",hash: ""e2c8d6176393561ad3d304cf972d2767""})"
"(:VERTEX {memory address: ""7f08556a0000"",size: ""9000"",subtype: ""memory"",tgid: ""189893"",source: ""syscall"",type: ""Artifact"",version: ""16"",hash: ""c9371d93b922d0258d934aec96f6b93f""})"
"(:VERTEX {memory address: ""7f0855697000"",size: ""9000"",subtype: ""memory"",tgid: ""189893"",source: ""syscall"",type: ""Artifact"",version: ""11"",hash: ""426d8ed5231acc9c8017bac8365757e2""})"
"(:VERTEX {memory address: ""7f085568e000"",size: ""9000"",subtype: ""memory"",tgid: ""189893"",source: ""syscall"",type: ""Artifact"",version: ""9"",hash: ""a8a50364512e36a00bd6a867f39ffaa3""})"
"(:VERTEX {memory address: ""7f0855685000"",size: ""9000"",subtype: ""memory"",tgid: ""189893"",source: ""syscall"",type: ""Artifact"",version: ""5"",hash: ""1471fd142b6528b4dba6c6d4af31217c""})"
"(:VERTEX {memory address: ""7f08556bd000"",size: ""9000"",subtype: ""memory"",tgid: ""189893"",source: ""syscall"",type: ""Artifact"",version: ""18"",hash: ""50c1d1f7597e80cf29d80b4131be4e5b""})"
"(:VERTEX {memory address: ""7f08556bd000"",size: ""9000"",subtype: ""memory"",tgid: ""189893"",source: ""syscall"",type: ""Artifact"",version: ""19"",hash: ""870be2bf52f26355853fa50b63007c68""})"
"(:VERTEX {memory address: ""7f08556ab000"",size: ""9000"",subtype: ""memory"",tgid: ""189893"",source: ""syscall"",type: ""Artifact"",version: ""32"",hash: ""b37b8914b5157d30c8d84270c950fe87""})"
"(:VERTEX {memory address: ""7f08556bd000"",size: ""9000"",subtype: ""memory"",tgid: ""189893"",source: ""syscall"",type: ""Artifact"",version: ""20"",hash: ""e0f674e050ac8d3f7a3b5c9d26fae4ce""})"
"(:VERTEX {memory address: ""7f0857819000"",size: ""6000"",subtype: ""memory"",tgid: ""189893"",source: ""syscall"",type: ""Artifact"",version: ""27"",hash: ""7ca565619aaab48301a7be4f7f8401e3""})"
"(:VERTEX {memory address: ""7f08556a2000"",size: ""9000"",subtype: ""memory"",tgid: ""189893"",source: ""syscall"",type: ""Artifact"",version: ""10"",hash: ""cec66e5efa0a6772e19a0c3659783e81""})"
"(:VERTEX {memory address: ""7f08556a2000"",size: ""9000"",subtype: ""memory"",tgid: ""189893"",source: ""syscall"",type: ""Artifact"",version: ""11"",hash: ""8bd1daed96412fae355891a7ed1e72c9""})"
"(:VERTEX {memory address: ""7f0855699000"",size: ""9000"",subtype: ""memory"",tgid: ""189893"",source: ""syscall"",type: ""Artifact"",version: ""9"",hash: ""05280124002f2f4468770253a0b5b218""})"
"(:VERTEX {memory address: ""7f0855690000"",size: ""9000"",subtype: ""memory"",tgid: ""189893"",source: ""syscall"",type: ""Artifact"",version: ""16"",hash: ""a0a214eb084ef9da1dbb731648e3e9e2""})"
"(:VERTEX {memory address: ""7f0855687000"",size: ""9000"",subtype: ""memory"",tgid: ""189893"",source: ""syscall"",type: ""Artifact"",version: ""15"",hash: ""46a2be92e5d1f0735d802026e2466b4b""})"
"(:VERTEX {memory address: ""7f085567e000"",size: ""9000"",subtype: ""memory"",tgid: ""189893"",source: ""syscall"",type: ""Artifact"",version: ""8"",hash: ""d1c536c3adbdc077619a45358b6b8f25""})"
"(:VERTEX {memory address: ""7f0855675000"",size: ""9000"",subtype: ""memory"",tgid: ""189893"",source: ""syscall"",type: ""Artifact"",version: ""12"",hash: ""f5e4d44bd414c50df8a4d3e2ff9e1869""})"
"(:VERTEX {memory address: ""7f085781b000"",size: ""4000"",subtype: ""memory"",tgid: ""189893"",source: ""syscall"",type: ""Artifact"",version: ""8"",hash: ""db11bb7a72bb0f31975e05d7a66fa366""})"
"(:VERTEX {memory address: ""7f0857773000"",size: ""7000"",subtype: ""memory"",tgid: ""189893"",source: ""syscall"",type: ""Artifact"",version: ""22"",hash: ""2ba5cccee6dd7c5bab56a0abf4b6a214""})"
"(:VERTEX {memory address: ""7f08556a2000"",size: ""9000"",subtype: ""memory"",tgid: ""189893"",source: ""syscall"",type: ""Artifact"",version: ""12"",hash: ""2deca1def04c1086321ed8608f646c31""})"
"(:VERTEX {memory address: ""7f0855699000"",size: ""9000"",subtype: ""memory"",tgid: ""189893"",source: ""syscall"",type: ""Artifact"",version: ""10"",hash: ""bc9ca670490595cc4fe48a2614a221dd""})"
"(:VERTEX {memory address: ""7f0855698000"",size: ""13000"",subtype: ""memory"",tgid: ""189893"",source: ""syscall"",type: ""Artifact"",version: ""0"",hash: ""d78055e5a22088aa67e2f411a6db7c6b""})"
"(:VERTEX {memory address: ""7f085568f000"",size: ""9000"",subtype: ""memory"",tgid: ""189893"",source: ""syscall"",type: ""Artifact"",version: ""0"",hash: ""e3a90ebcd20414bb336b701ad3b67b4b""})"
"(:VERTEX {memory address: ""7f085566c000"",size: ""9000"",subtype: ""memory"",tgid: ""189893"",source: ""syscall"",type: ""Artifact"",version: ""7"",hash: ""53d59cfb9c8ccdfae2dd23423a40c34c""})"
"(:VERTEX {memory address: ""7f085781b000"",size: ""4000"",subtype: ""memory"",tgid: ""189893"",source: ""syscall"",type: ""Artifact"",version: ""9"",hash: ""f6a58123c145b65a8e743ad38b9a29ef""})"
"(:VERTEX {memory address: ""7f0857773000"",size: ""7000"",subtype: ""memory"",tgid: ""189893"",source: ""syscall"",type: ""Artifact"",version: ""23"",hash: ""0bd02b2e5eab4b28ecad74b1ff5f5dc0""})"
"(:VERTEX {memory address: ""7f08556a2000"",size: ""9000"",subtype: ""memory"",tgid: ""189893"",source: ""syscall"",type: ""Artifact"",version: ""13"",hash: ""39ad69bea56613265823894024710507""})"
"(:VERTEX {memory address: ""7f0855699000"",size: ""9000"",subtype: ""memory"",tgid: ""189893"",source: ""syscall"",type: ""Artifact"",version: ""11"",hash: ""89c950494f94e3183e8c8b015b1af671""})"
"(:VERTEX {memory address: ""7f0855690000"",size: ""9000"",subtype: ""memory"",tgid: ""189893"",source: ""syscall"",type: ""Artifact"",version: ""17"",hash: ""53ddbd8d683fd9fe885438d8a6e97ffd""})"
"(:VERTEX {memory address: ""7f0855687000"",size: ""9000"",subtype: ""memory"",tgid: ""189893"",source: ""syscall"",type: ""Artifact"",version: ""16"",hash: ""7b7d7b789e19233cf9be67279fbc7b14""})"
"(:VERTEX {memory address: ""7f085566c000"",size: ""9000"",subtype: ""memory"",tgid: ""189893"",source: ""syscall"",type: ""Artifact"",version: ""8"",hash: ""521eca66957435896ed5523d82df2405""})"
"(:VERTEX {memory address: ""7f0855663000"",size: ""9000"",subtype: ""memory"",tgid: ""189893"",source: ""syscall"",type: ""Artifact"",version: ""10"",hash: ""ad07c83e1adc416a576fdef0e4ee2a14""})"
"(:VERTEX {memory address: ""7f085565a000"",size: ""9000"",subtype: ""memory"",tgid: ""189893"",source: ""syscall"",type: ""Artifact"",version: ""12"",hash: ""bde48e608082b5ea4f3f25642c7e5d1e""})"
"(:VERTEX {memory address: ""7f0855651000"",size: ""9000"",subtype: ""memory"",tgid: ""189893"",source: ""syscall"",type: ""Artifact"",version: ""5"",hash: ""4fce1f328e562e2390967cfd227da126""})"
"(:VERTEX {memory address: ""7f0855690000"",size: ""9000"",subtype: ""memory"",tgid: ""189893"",source: ""syscall"",type: ""Artifact"",version: ""18"",hash: ""130b66e68fbfe4036e6c28edec641238""})"
"(:VERTEX {memory address: ""7f0857819000"",size: ""6000"",subtype: ""memory"",tgid: ""189893"",source: ""syscall"",type: ""Artifact"",version: ""28"",hash: ""23b00e5fc9f2d5966b334d2e83cd9aa2""})"
"(:VERTEX {memory address: ""7f0855687000"",size: ""9000"",subtype: ""memory"",tgid: ""189893"",source: ""syscall"",type: ""Artifact"",version: ""17"",hash: ""8b6a329501d24369cdeccffef92e29cc""})"
"(:VERTEX {memory address: ""7f0855663000"",size: ""9000"",subtype: ""memory"",tgid: ""189893"",source: ""syscall"",type: ""Artifact"",version: ""11"",hash: ""751456deea767801734d7abab70a4ff1""})"
"(:VERTEX {memory address: ""7f0855651000"",size: ""9000"",subtype: ""memory"",tgid: ""189893"",source: ""syscall"",type: ""Artifact"",version: ""6"",hash: ""ea24e5de2a47436083a3fba6fb0d9987""})"
"(:VERTEX {memory address: ""7f0855648000"",size: ""9000"",subtype: ""memory"",tgid: ""189893"",source: ""syscall"",type: ""Artifact"",version: ""7"",hash: ""b10dedea1386c6ccbc8a3d131fedce6c""})"
"(:VERTEX {memory address: ""7f085563f000"",size: ""9000"",subtype: ""memory"",tgid: ""189893"",source: ""syscall"",type: ""Artifact"",version: ""9"",hash: ""a0c04dd8a0653303f94cd79579cbabb0""})"
"(:VERTEX {memory address: ""7f0855636000"",size: ""9000"",subtype: ""memory"",tgid: ""189893"",source: ""syscall"",type: ""Artifact"",version: ""5"",hash: ""348f7cc35844ffa341e5331d9fd73195""})"
"(:VERTEX {memory address: ""7f085562d000"",size: ""9000"",subtype: ""memory"",tgid: ""189893"",source: ""syscall"",type: ""Artifact"",version: ""4"",hash: ""2cf73062c421ae7f1c40faca535e4816""})"
"(:VERTEX {memory address: ""7f085772f000"",size: ""9000"",subtype: ""memory"",tgid: ""189893"",source: ""syscall"",type: ""Artifact"",version: ""17"",hash: ""b3a357bd202e44250439c0b7bf7c727c""})"
"(:VERTEX {memory address: ""7f08556fa000"",size: ""9000"",subtype: ""memory"",tgid: ""189893"",source: ""syscall"",type: ""Artifact"",version: ""61"",hash: ""ff3fa2cb4f71f7d57770d5d536e8a658""})"
"(:VERTEX {memory address: ""7f08556e1000"",size: ""9000"",subtype: ""memory"",tgid: ""189893"",source: ""syscall"",type: ""Artifact"",version: ""30"",hash: ""4558c6efe992ddbfbf02989304d7364a""})"
"(:VERTEX {memory address: ""7f08556d8000"",size: ""9000"",subtype: ""memory"",tgid: ""189893"",source: ""syscall"",type: ""Artifact"",version: ""29"",hash: ""2960268285bcf830c474fe3e08286e9e""})"
"(:VERTEX {memory address: ""7f08556c6000"",size: ""9000"",subtype: ""memory"",tgid: ""189893"",source: ""syscall"",type: ""Artifact"",version: ""29"",hash: ""8c44bb8eb36853494d2e022c722aaa3b""})"
"(:VERTEX {memory address: ""7f08556bd000"",size: ""9000"",subtype: ""memory"",tgid: ""189893"",source: ""syscall"",type: ""Artifact"",version: ""21"",hash: ""dd09a909abeff74c967371372d1e7d85""})"
"(:VERTEX {memory address: ""7f08556b4000"",size: ""9000"",subtype: ""memory"",tgid: ""189893"",source: ""syscall"",type: ""Artifact"",version: ""20"",hash: ""8cfc798dccf65412b79b32784841e8bf""})"
"(:VERTEX {memory address: ""7f08556ab000"",size: ""9000"",subtype: ""memory"",tgid: ""189893"",source: ""syscall"",type: ""Artifact"",version: ""33"",hash: ""cfedd88c12f89cd946420b02e4a6fee7""})"
"(:VERTEX {memory address: ""7f08556a2000"",size: ""9000"",subtype: ""memory"",tgid: ""189893"",source: ""syscall"",type: ""Artifact"",version: ""14"",hash: ""71c72df44c8d6cb447bdc278fa9f9419""})"
"(:VERTEX {memory address: ""7f0855699000"",size: ""9000"",subtype: ""memory"",tgid: ""189893"",source: ""syscall"",type: ""Artifact"",version: ""12"",hash: ""f921fe61e90b51cdb92e08086c3647bf""})"
"(:VERTEX {memory address: ""7f0855687000"",size: ""9000"",subtype: ""memory"",tgid: ""189893"",source: ""syscall"",type: ""Artifact"",version: ""18"",hash: ""ce49af077729f014857cffcd2675024f""})"
"(:VERTEX {memory address: ""7f085567e000"",size: ""9000"",subtype: ""memory"",tgid: ""189893"",source: ""syscall"",type: ""Artifact"",version: ""9"",hash: ""c49ac1f36f4d0ce53d6e4512eda6591a""})"
"(:VERTEX {memory address: ""7f0855675000"",size: ""9000"",subtype: ""memory"",tgid: ""189893"",source: ""syscall"",type: ""Artifact"",version: ""13"",hash: ""3b6ad80736d7e45356eb2fee893329a9""})"
"(:VERTEX {memory address: ""7f08556bd000"",size: ""9000"",subtype: ""memory"",tgid: ""189893"",source: ""syscall"",type: ""Artifact"",version: ""22"",hash: ""48338cace032b3aaa047c93b3371258b""})"
"(:VERTEX {memory address: ""7f08556a2000"",size: ""9000"",subtype: ""memory"",tgid: ""189893"",source: ""syscall"",type: ""Artifact"",version: ""15"",hash: ""e350228a165da01f63a45d7e34a9082c""})"
"(:VERTEX {memory address: ""7f085567e000"",size: ""9000"",subtype: ""memory"",tgid: ""189893"",source: ""syscall"",type: ""Artifact"",version: ""10"",hash: ""b2078f61977553b12ce74f3746bc06b9""})"
"(:VERTEX {memory address: ""7f085566c000"",size: ""9000"",subtype: ""memory"",tgid: ""189893"",source: ""syscall"",type: ""Artifact"",version: ""9"",hash: ""39a171a116938435595ea08ceae4b536""})"
"(:VERTEX {memory address: ""7f085565a000"",size: ""9000"",subtype: ""memory"",tgid: ""189893"",source: ""syscall"",type: ""Artifact"",version: ""13"",hash: ""e639bfb34f0282eb6dee9bdd26144791""})"
"(:VERTEX {memory address: ""7f085567e000"",size: ""9000"",subtype: ""memory"",tgid: ""189893"",source: ""syscall"",type: ""Artifact"",version: ""11"",hash: ""29c45b843b98e4ca95a2aa26c16efc46""})"
"(:VERTEX {memory address: ""7f085563f000"",size: ""9000"",subtype: ""memory"",tgid: ""189893"",source: ""syscall"",type: ""Artifact"",version: ""10"",hash: ""d11b704bf47069cd04387fa1198db173""})"
"(:VERTEX {memory address: ""7f085772f000"",size: ""9000"",subtype: ""memory"",tgid: ""189893"",source: ""syscall"",type: ""Artifact"",version: ""18"",hash: ""57f09963b5fa97f676397e4dc21acddb""})"
"(:VERTEX {remote port: ""443"",epoch: ""0"",source: ""syscall"",type: ""Artifact"",version: ""0"",local port: ""32774"",net namespace: ""-1"",local address: ""10.1.251.196"",protocol: ""tcp"",subtype: ""network socket"",remote address: ""10.152.183.1"",hash: ""abaa9905589ed5b8990f82845af30ca7""})"
"(:VERTEX {memory address: ""7f08556d9000"",size: ""11000"",subtype: ""memory"",tgid: ""189893"",source: ""syscall"",type: ""Artifact"",version: ""7"",hash: ""fc31bbd913cdcb5cc7cd4206bdb32738""})"
"(:VERTEX {memory address: ""7f08556d9000"",size: ""11000"",subtype: ""memory"",tgid: ""189893"",source: ""syscall"",type: ""Artifact"",version: ""8"",hash: ""49d470357a2d51df677d64c78b324b23""})"
"(:VERTEX {memory address: ""7f08556d9000"",size: ""11000"",subtype: ""memory"",tgid: ""189893"",source: ""syscall"",type: ""Artifact"",version: ""9"",hash: ""a5daacd9a0877299d8af4300bf2f037e""})"
"(:VERTEX {memory address: ""7f08556d9000"",size: ""11000"",subtype: ""memory"",tgid: ""189893"",source: ""syscall"",type: ""Artifact"",version: ""10"",hash: ""07db7b017e17ed1a7e7daa969bb49a23""})"
"(:VERTEX {memory address: ""7f08556d9000"",size: ""11000"",subtype: ""memory"",tgid: ""189893"",source: ""syscall"",type: ""Artifact"",version: ""11"",hash: ""7a09200de3b6cf9003fb223fbed77a59""})"
"(:VERTEX {memory address: ""7f08556d9000"",size: ""11000"",subtype: ""memory"",tgid: ""189893"",source: ""syscall"",type: ""Artifact"",version: ""12"",hash: ""82e30484e24234b098272c425002586a""})"
"(:VERTEX {memory address: ""7f08556d9000"",size: ""11000"",subtype: ""memory"",tgid: ""189893"",source: ""syscall"",type: ""Artifact"",version: ""13"",hash: ""3a05820fd2a76d8a453729c26817f3ae""})"
"(:VERTEX {memory address: ""7f08556d9000"",size: ""11000"",subtype: ""memory"",tgid: ""189893"",source: ""syscall"",type: ""Artifact"",version: ""14"",hash: ""1d18e70bc277073e83fa1aade0c5ca74""})"
"(:VERTEX {memory address: ""7fa6b0872000"",size: ""183000"",subtype: ""memory"",tgid: ""189078"",source: ""syscall"",type: ""Artifact"",version: ""0"",hash: ""cd68f2d287fccab70bcee01bf69ce3ae""})"
"(:VERTEX {memory address: ""7fa6b0874000"",size: ""181000"",subtype: ""memory"",tgid: ""189078"",source: ""syscall"",type: ""Artifact"",version: ""0"",hash: ""2ce7c002ef75e26b13e6ed492a144469""})"
"(:VERTEX {gid: ""1000"",euid: ""1000"",children pid namespace: ""4026533552"",start time: ""1690980818.612"",ns pid: ""53"",pid: ""193058"",source: ""syscall"",type: ""Process"",net namespace: ""4026533266"",ipc namespace: ""4026533539"",ppid: ""189078"",pid namespace: ""4026533552"",uid: ""1000"",egid: ""1000"",exe: ""/app/cartservice"",mount namespace: ""4026533551"",name: "".NET ThreadPool"",hash: ""4bc19e11e15e5de764a7eceecf3dd258"",user namespace: ""4026531837""})"
"(:VERTEX {memory address: ""7fa6cf982000"",size: ""4000"",subtype: ""memory"",tgid: ""189078"",source: ""syscall"",type: ""Artifact"",version: ""0"",hash: ""c5b464bd96b39950d66c62931538c389""})"
"(:VERTEX {memory address: ""7fa6cf982000"",size: ""1000"",subtype: ""memory"",tgid: ""189078"",source: ""syscall"",type: ""Artifact"",version: ""0"",hash: ""0ca7f84a13ed38e7a854c114f1dd489b""})"
"(:VERTEX {subtype: ""unnamed pipe"",tgid: ""189078"",epoch: ""3"",source: ""syscall"",read fd: ""196"",type: ""Artifact"",version: ""0"",hash: ""241c05c1983f3ce4710c459652aa2075"",write fd: ""204""})"
"(:VERTEX {memory address: ""7f08556d9000"",size: ""11000"",subtype: ""memory"",tgid: ""189893"",source: ""syscall"",type: ""Artifact"",version: ""15"",hash: ""b5224ed06c813ad59d4b343d827e1036""})"
"(:VERTEX {memory address: ""7f08556d9000"",size: ""11000"",subtype: ""memory"",tgid: ""189893"",source: ""syscall"",type: ""Artifact"",version: ""16"",hash: ""7814f36e57f533814ea3b2f0157d658a""})"
"(:VERTEX {remote port: ""24877"",epoch: ""0"",source: ""syscall"",type: ""Artifact"",version: ""0"",local port: ""8080"",net namespace: ""-1"",local address: ""0000:0000:0000:0000:0000:0000:0000:0000"",protocol: ""tcp"",subtype: ""network socket"",remote address: ""0000:0000:0000:0000:0000:FFFF:C0A8:2F80"",hash: ""6fb1cba032dac9a967e41f7c9270fa69""})"
"(:VERTEX {memory address: ""7eff8ff4a000"",size: ""4000"",subtype: ""memory"",tgid: ""189122"",source: ""syscall"",type: ""Artifact"",version: ""0"",hash: ""240dbae785a9cad11b6569c687965eea""})"
"(:VERTEX {memory address: ""7eff8f3d8000"",size: ""101000"",subtype: ""memory"",tgid: ""189122"",source: ""syscall"",type: ""Artifact"",version: ""0"",hash: ""80f3c2ffd434d80d8fe5519df265c4c9""})"
"(:VERTEX {gid: ""1000"",euid: ""1000"",children pid namespace: ""4026533556"",start time: ""1690980818.882"",ns pid: ""41"",pid: ""193059"",source: ""syscall"",type: ""Process"",net namespace: ""4026533070"",ipc namespace: ""4026533497"",ppid: ""189122"",pid namespace: ""4026533556"",cwd: ""/app"",uid: ""1000"",egid: ""1000"",exe: ""/opt/java/openjdk/bin/java"",mount namespace: ""4026533555"",name: ""grpc-nio-worker"",hash: ""ba237a6446ecc26dbc56dacbc3185549"",user namespace: ""4026531837""})"
"(:VERTEX {memory address: ""7eff8f3d8000"",size: ""4000"",subtype: ""memory"",tgid: ""189122"",source: ""syscall"",type: ""Artifact"",version: ""0"",hash: ""3bb1e953d51a4c0aa5de3a64616e2e1d""})"
"(:VERTEX {memory address: ""7eff8f3d8000"",size: ""4000"",subtype: ""memory"",tgid: ""189122"",source: ""syscall"",type: ""Artifact"",version: ""1"",hash: ""1bb1c572b579d5fe4119f26bd4f43ac2""})"
"(:VERTEX {remote port: """",epoch: ""0"",source: ""syscall"",type: ""Artifact"",version: ""0"",local port: ""7070"",net namespace: ""4026533266"",local address: ""0000:0000:0000:0000:0000:FFFF:0A01:FBCE"",protocol: ""tcp"",subtype: ""network socket"",remote address: """",hash: ""e4d5c396c6704ca2aa66866c07765ee4""})"
"(:VERTEX {remote port: """",epoch: ""0"",source: ""syscall"",type: ""Artifact"",version: ""0"",local port: ""44352"",net namespace: ""4026533266"",local address: ""0000:0000:0000:0000:0000:FFFF:0A01:FBCE"",protocol: ""tcp"",subtype: ""network socket"",remote address: """",hash: ""0637bf47a95a2b4618ecb8190ba6f93a""})"
"(:VERTEX {memory address: ""7f08556d9000"",size: ""11000"",subtype: ""memory"",tgid: ""189893"",source: ""syscall"",type: ""Artifact"",version: ""17"",hash: ""9d00d15519a3738d31154f347ed2d68b""})"
"(:VERTEX {memory address: ""7f08556d9000"",size: ""11000"",subtype: ""memory"",tgid: ""189893"",source: ""syscall"",type: ""Artifact"",version: ""18"",hash: ""31d1c2ffa21f150a820979b6568dd813""})"
"(:VERTEX {remote port: ""15804"",epoch: ""0"",source: ""syscall"",type: ""Artifact"",version: ""0"",local port: ""8080"",net namespace: ""-1"",local address: ""0000:0000:0000:0000:0000:0000:0000:0000"",protocol: ""tcp"",subtype: ""network socket"",remote address: ""0000:0000:0000:0000:0000:FFFF:C0A8:2F80"",hash: ""ea3b2b72ca629b69cfdc27be9f31e685""})"
"(:VERTEX {memory address: ""7f08556d9000"",size: ""11000"",subtype: ""memory"",tgid: ""189893"",source: ""syscall"",type: ""Artifact"",version: ""19"",hash: ""a6193233b3e2008b08c0f0adbe945418""})"
"(:VERTEX {memory address: ""7f08556d9000"",size: ""11000"",subtype: ""memory"",tgid: ""189893"",source: ""syscall"",type: ""Artifact"",version: ""20"",hash: ""21b2e43d755c19286de5f4995db87bb8""})"
"(:VERTEX {memory address: ""7f08556d9000"",size: ""11000"",subtype: ""memory"",tgid: ""189893"",source: ""syscall"",type: ""Artifact"",version: ""21"",hash: ""d2fa9e42d1a8f1dde93b065ae148a3ec""})"
"(:VERTEX {memory address: ""7f08556d9000"",size: ""11000"",subtype: ""memory"",tgid: ""189893"",source: ""syscall"",type: ""Artifact"",version: ""22"",hash: ""28518f3032b029b25b02e9cdb99f2b79""})"
"(:VERTEX {memory address: ""7f08556d9000"",size: ""11000"",subtype: ""memory"",tgid: ""189893"",source: ""syscall"",type: ""Artifact"",version: ""23"",hash: ""000159a8e4887a9fdfd7144ab8e5c2f9""})"
"(:VERTEX {memory address: ""7f08556d9000"",size: ""11000"",subtype: ""memory"",tgid: ""189893"",source: ""syscall"",type: ""Artifact"",version: ""24"",hash: ""82e923b7a00f5441e5fa89963a2eaa8c""})"
"(:VERTEX {memory address: ""7f08556d9000"",size: ""11000"",subtype: ""memory"",tgid: ""189893"",source: ""syscall"",type: ""Artifact"",version: ""25"",hash: ""b6fc3d7952098f2e9d898490b611e746""})"
"(:VERTEX {memory address: ""7f08556d9000"",size: ""11000"",subtype: ""memory"",tgid: ""189893"",source: ""syscall"",type: ""Artifact"",version: ""26"",hash: ""03c48e9a1dd9d4b2935e5d4daa41b360""})"
"(:VERTEX {memory address: ""7f08556d9000"",size: ""11000"",subtype: ""memory"",tgid: ""189893"",source: ""syscall"",type: ""Artifact"",version: ""27"",hash: ""e3299acef3fa8502262e86d57a35a45b""})"
"(:VERTEX {memory address: ""c000800000"",size: ""200000"",subtype: ""memory"",tgid: ""188853"",source: ""syscall"",type: ""Artifact"",version: ""0"",hash: ""631bc6e295e395fdb3156166c2d17947""})"
"(:VERTEX {memory address: ""c000800000"",size: ""8000"",subtype: ""memory"",tgid: ""188853"",source: ""syscall"",type: ""Artifact"",version: ""0"",hash: ""07752d2bfe8643a43763fd9d42993c05""})"
"(:VERTEX {memory address: ""c0007f8000"",size: ""8000"",subtype: ""memory"",tgid: ""188853"",source: ""syscall"",type: ""Artifact"",version: ""0"",hash: ""11558dba2074346fe7bf116d454b6349""})"
"(:VERTEX {memory address: ""c0007f4000"",size: ""4000"",subtype: ""memory"",tgid: ""188853"",source: ""syscall"",type: ""Artifact"",version: ""0"",hash: ""161e31344703dd84d645955e009a5e7f""})"
"(:VERTEX {memory address: ""c0007e6000"",size: ""4000"",subtype: ""memory"",tgid: ""188853"",source: ""syscall"",type: ""Artifact"",version: ""0"",hash: ""a631ac991d257502e043d7fc446c22de""})"
"(:VERTEX {memory address: ""c0007d6000"",size: ""8000"",subtype: ""memory"",tgid: ""188853"",source: ""syscall"",type: ""Artifact"",version: ""0"",hash: ""fea64b211da5676617d2512a200416ab""})"
"(:VERTEX {memory address: ""c0007c6000"",size: ""10000"",subtype: ""memory"",tgid: ""188853"",source: ""syscall"",type: ""Artifact"",version: ""0"",hash: ""a415b207ef6f8c65074633ebc2d6c303""})"
"(:VERTEX {memory address: ""c0007b6000"",size: ""10000"",subtype: ""memory"",tgid: ""188853"",source: ""syscall"",type: ""Artifact"",version: ""0"",hash: ""213b8d06b2c70f682f8501367e7fa970""})"
"(:VERTEX {memory address: ""c0007a4000"",size: ""a000"",subtype: ""memory"",tgid: ""188853"",source: ""syscall"",type: ""Artifact"",version: ""0"",hash: ""f43df3bb8afb5e15aab2e46e2f914707""})"
"(:VERTEX {memory address: ""7f08556d9000"",size: ""11000"",subtype: ""memory"",tgid: ""189893"",source: ""syscall"",type: ""Artifact"",version: ""28"",hash: ""989100b872775c54cf3d628f1ed0c502""})"
"(:VERTEX {memory address: ""7f0857907000"",size: ""2000"",subtype: ""memory"",tgid: ""189893"",source: ""syscall"",type: ""Artifact"",version: ""16"",hash: ""8734773027c56235be6cf236c2a4c057""})"
"(:VERTEX {memory address: ""7f08578b0000"",size: ""9000"",subtype: ""memory"",tgid: ""189893"",source: ""syscall"",type: ""Artifact"",version: ""34"",hash: ""f7336104d65716522436d953624d6f6d""})"
"(:VERTEX {memory address: ""7f08556d9000"",size: ""11000"",subtype: ""memory"",tgid: ""189893"",source: ""syscall"",type: ""Artifact"",version: ""29"",hash: ""4f97815e93e34550d4e3a11d0a497560""})"
"(:VERTEX {memory address: ""7f08556d9000"",size: ""11000"",subtype: ""memory"",tgid: ""189893"",source: ""syscall"",type: ""Artifact"",version: ""30"",hash: ""d43ee1f7457b28203dbbcb335214954f""})"
"(:VERTEX {memory address: ""7f08556d9000"",size: ""11000"",subtype: ""memory"",tgid: ""189893"",source: ""syscall"",type: ""Artifact"",version: ""31"",hash: ""5461447c01b6466e224e0253df402c61""})"
"(:VERTEX {memory address: ""7f085772f000"",size: ""9000"",subtype: ""memory"",tgid: ""189893"",source: ""syscall"",type: ""Artifact"",version: ""19"",hash: ""d144ade76b97d4db6a305a294de93142""})"
"(:VERTEX {memory address: ""7f0857716000"",size: ""9000"",subtype: ""memory"",tgid: ""189893"",source: ""syscall"",type: ""Artifact"",version: ""10"",hash: ""3b076a1e55ae10e8fb586dbbbe223c78""})"
"(:VERTEX {memory address: ""7f08556fa000"",size: ""9000"",subtype: ""memory"",tgid: ""189893"",source: ""syscall"",type: ""Artifact"",version: ""62"",hash: ""25b9a3b5ce61d219e3e75970228d31a1""})"
"(:VERTEX {gid: ""0"",euid: ""999"",children pid namespace: ""-1"",pid: ""192296"",seen time: ""1690980819.800"",source: ""syscall"",type: ""Process"",net namespace: ""-1"",ipc namespace: ""-1"",ppid: ""2140"",pid namespace: ""-1"",uid: ""999"",egid: ""0"",mount namespace: ""-1"",name: ""kube-controller"",hash: ""869bbce70238e6df529c47844e537b25"",user namespace: ""-1""})"
"(:VERTEX {remote port: ""443"",epoch: ""0"",source: ""syscall"",type: ""Artifact"",version: ""0"",local port: ""32786"",net namespace: ""-1"",local address: ""10.1.251.196"",protocol: ""tcp"",subtype: ""network socket"",remote address: ""10.152.183.1"",hash: ""b9690ef226d0b4c39ce8f8b213bf9e4c""})"
"(:VERTEX {memory address: ""7f0857818000"",size: ""7000"",subtype: ""memory"",tgid: ""189893"",source: ""syscall"",type: ""Artifact"",version: ""53"",hash: ""9903ed932f8b3d5ad6de4b4b1191d1f7""})"
"(:VERTEX {memory address: ""7f08556fa000"",size: ""9000"",subtype: ""memory"",tgid: ""189893"",source: ""syscall"",type: ""Artifact"",version: ""63"",hash: ""b3ed1ad2da7fe386dd5d521d850dbd0e""})"
"(:VERTEX {memory address: ""7f08556e1000"",size: ""9000"",subtype: ""memory"",tgid: ""189893"",source: ""syscall"",type: ""Artifact"",version: ""31"",hash: ""9b993c42f675dd7860704eb895173f22""})"
"(:VERTEX {memory address: ""7f08556d9000"",size: ""11000"",subtype: ""memory"",tgid: ""189893"",source: ""syscall"",type: ""Artifact"",version: ""32"",hash: ""e0c2cfc4bbbcdf2d0d96a964623396f1""})"
"(:VERTEX {memory address: ""7fbfc83bf000"",size: ""11000"",subtype: ""memory"",tgid: ""189905"",source: ""syscall"",type: ""Artifact"",version: ""6"",hash: ""4732e8f0f587607aa183446e18c5c994""})"
"(:VERTEX {memory address: ""7f08556e1000"",size: ""9000"",subtype: ""memory"",tgid: ""189893"",source: ""syscall"",type: ""Artifact"",version: ""32"",hash: ""852e2089dcab3295afe08329a6210749""})"
"(:VERTEX {memory address: ""7f08556d8000"",size: ""9000"",subtype: ""memory"",tgid: ""189893"",source: ""syscall"",type: ""Artifact"",version: ""30"",hash: ""63444e3c887f5b82d771ed01d80143c2""})"
"(:VERTEX {memory address: ""7f0857819000"",size: ""6000"",subtype: ""memory"",tgid: ""189893"",source: ""syscall"",type: ""Artifact"",version: ""29"",hash: ""9354bd81601799b5cc9e73ac4eac8893""})"
"(:VERTEX {memory address: ""7f08556e1000"",size: ""9000"",subtype: ""memory"",tgid: ""189893"",source: ""syscall"",type: ""Artifact"",version: ""33"",hash: ""501c4e1252959c7cbdb6c7619b8a7c59""})"
"(:VERTEX {memory address: ""7f0857819000"",size: ""6000"",subtype: ""memory"",tgid: ""189893"",source: ""syscall"",type: ""Artifact"",version: ""30"",hash: ""ee12a2e583f17ecad4f6a19f09fcc25f""})"
"(:VERTEX {memory address: ""7f08556e1000"",size: ""9000"",subtype: ""memory"",tgid: ""189893"",source: ""syscall"",type: ""Artifact"",version: ""34"",hash: ""a40f8931c125594891516f04647311c1""})"
"(:VERTEX {memory address: ""7f08556cf000"",size: ""9000"",subtype: ""memory"",tgid: ""189893"",source: ""syscall"",type: ""Artifact"",version: ""33"",hash: ""e2c560c995f3b2ed4639b7bfd215ccd1""})"
"(:VERTEX {memory address: ""7fbfc8518000"",size: ""1000"",subtype: ""memory"",tgid: ""189905"",source: ""syscall"",type: ""Artifact"",version: ""3"",hash: ""7117678e84ffdd132dd6702e9a6766f8""})"
"(:VERTEX {memory address: ""7fbfc83bf000"",size: ""11000"",subtype: ""memory"",tgid: ""189905"",source: ""syscall"",type: ""Artifact"",version: ""7"",hash: ""bdb0e30cfaa6d23e25d5aafe25a5390e""})"
"(:VERTEX {memory address: ""7f08556e1000"",size: ""9000"",subtype: ""memory"",tgid: ""189893"",source: ""syscall"",type: ""Artifact"",version: ""35"",hash: ""9d6eaeaa778b50f74393d84760b15c02""})"
"(:VERTEX {memory address: ""7f0857716000"",size: ""9000"",subtype: ""memory"",tgid: ""189893"",source: ""syscall"",type: ""Artifact"",version: ""11"",hash: ""eec33054b5803eab1d44ce346eb6ad7a""})"
"(:VERTEX {memory address: ""7f08556fa000"",size: ""9000"",subtype: ""memory"",tgid: ""189893"",source: ""syscall"",type: ""Artifact"",version: ""64"",hash: ""01bdbb79e60179c67108141f7c306651""})"
"(:VERTEX {memory address: ""7f08556d8000"",size: ""9000"",subtype: ""memory"",tgid: ""189893"",source: ""syscall"",type: ""Artifact"",version: ""31"",hash: ""a60030e19638a9c0694f062b0a1daabe""})"
"(:VERTEX {memory address: ""7f08556d9000"",size: ""11000"",subtype: ""memory"",tgid: ""189893"",source: ""syscall"",type: ""Artifact"",version: ""33"",hash: ""4af5639be5e7bbc88da7b9efa7973992""})"
"(:VERTEX {memory address: ""7f08556d9000"",size: ""11000"",subtype: ""memory"",tgid: ""189893"",source: ""syscall"",type: ""Artifact"",version: ""34"",hash: ""269ec0bd88658fa6baa52e7732392e0b""})"
"(:VERTEX {memory address: ""7f08556d9000"",size: ""11000"",subtype: ""memory"",tgid: ""189893"",source: ""syscall"",type: ""Artifact"",version: ""35"",hash: ""5d972c5b207638f95ef4f054df651a23""})"
"(:VERTEX {memory address: ""7f0857907000"",size: ""2000"",subtype: ""memory"",tgid: ""189893"",source: ""syscall"",type: ""Artifact"",version: ""17"",hash: ""a5f46ea48c34cb46512a84ed067f517b""})"
"(:VERTEX {memory address: ""7f08578b0000"",size: ""9000"",subtype: ""memory"",tgid: ""189893"",source: ""syscall"",type: ""Artifact"",version: ""35"",hash: ""b1937b28ac3ae2317decbf7109c98b84""})"
"(:VERTEX {memory address: ""7f08556d9000"",size: ""11000"",subtype: ""memory"",tgid: ""189893"",source: ""syscall"",type: ""Artifact"",version: ""36"",hash: ""886cf94bf757ca9618395643bb7cd871""})"
"(:VERTEX {memory address: ""7f08578eb000"",size: ""1000"",subtype: ""memory"",tgid: ""189893"",source: ""syscall"",type: ""Artifact"",version: ""12"",hash: ""31f133dc1d772b26ba1098e602aa2503""})"
"(:VERTEX {memory address: ""7f085772f000"",size: ""9000"",subtype: ""memory"",tgid: ""189893"",source: ""syscall"",type: ""Artifact"",version: ""20"",hash: ""e5aeff490e01dc1458490ab7b1749374""})"
"(:VERTEX {memory address: ""7f08556d9000"",size: ""11000"",subtype: ""memory"",tgid: ""189893"",source: ""syscall"",type: ""Artifact"",version: ""37"",hash: ""5d4840b16571a535fb170798c57966df""})"
"(:VERTEX {memory address: ""7f0857716000"",size: ""9000"",subtype: ""memory"",tgid: ""189893"",source: ""syscall"",type: ""Artifact"",version: ""12"",hash: ""20fc5120a62257185c44ca59854f6e27""})"
"(:VERTEX {memory address: ""7f08556fa000"",size: ""9000"",subtype: ""memory"",tgid: ""189893"",source: ""syscall"",type: ""Artifact"",version: ""65"",hash: ""e2f65df1991fe87fc6f1f8676613bfdf""})"
"(:VERTEX {memory address: ""7f0857818000"",size: ""7000"",subtype: ""memory"",tgid: ""189893"",source: ""syscall"",type: ""Artifact"",version: ""54"",hash: ""fbc70661efc00d2438bbfc93b0d662b8""})"
"(:VERTEX {memory address: ""7f08556e1000"",size: ""9000"",subtype: ""memory"",tgid: ""189893"",source: ""syscall"",type: ""Artifact"",version: ""36"",hash: ""826057c58fde5ffc114a937b23f4306d""})"
"(:VERTEX {memory address: ""7f08556e1000"",size: ""9000"",subtype: ""memory"",tgid: ""189893"",source: ""syscall"",type: ""Artifact"",version: ""37"",hash: ""68d9a6e0319b9e38d02dae369a01f129""})"
"(:VERTEX {memory address: ""7f0857772000"",size: ""8000"",subtype: ""memory"",tgid: ""189893"",source: ""syscall"",type: ""Artifact"",version: ""13"",hash: ""ce4099be0d38c00d6bb561d9b45dbc7a""})"
"(:VERTEX {memory address: ""7f08556d9000"",size: ""11000"",subtype: ""memory"",tgid: ""189893"",source: ""syscall"",type: ""Artifact"",version: ""38"",hash: ""2639eb87f1aa88a84705f417c03ca938""})"
"(:VERTEX {memory address: ""7f08556e1000"",size: ""9000"",subtype: ""memory"",tgid: ""189893"",source: ""syscall"",type: ""Artifact"",version: ""38"",hash: ""b1d187c3ec47e1c16a55dec595ed3597""})"
"(:VERTEX {memory address: ""7f08556d0000"",size: ""11000"",subtype: ""memory"",tgid: ""189893"",source: ""syscall"",type: ""Artifact"",version: ""3"",hash: ""9753f99d4d7ea7b08eb7520dd4ceb33c""})"
"(:VERTEX {memory address: ""7f08556d0000"",size: ""11000"",subtype: ""memory"",tgid: ""189893"",source: ""syscall"",type: ""Artifact"",version: ""4"",hash: ""01a30e0fbcfb97da3de5d81852ffcdb0""})"
"(:VERTEX {memory address: ""7f08556d9000"",size: ""11000"",subtype: ""memory"",tgid: ""189893"",source: ""syscall"",type: ""Artifact"",version: ""39"",hash: ""04e65488ac8e442172dd93b755ed3e85""})"
"(:VERTEX {memory address: ""7f08556d9000"",size: ""11000"",subtype: ""memory"",tgid: ""189893"",source: ""syscall"",type: ""Artifact"",version: ""40"",hash: ""6899d1376f02c63c558858125228052b""})"
"(:VERTEX {memory address: ""7f085772f000"",size: ""9000"",subtype: ""memory"",tgid: ""189893"",source: ""syscall"",type: ""Artifact"",version: ""21"",hash: ""641e2a9f91f2c203f04b909564d2d950""})"
"(:VERTEX {memory address: ""7f08556d9000"",size: ""11000"",subtype: ""memory"",tgid: ""189893"",source: ""syscall"",type: ""Artifact"",version: ""41"",hash: ""4de10312410986384a829d9a5bd54820""})"
"(:VERTEX {memory address: ""7f08556d9000"",size: ""11000"",subtype: ""memory"",tgid: ""189893"",source: ""syscall"",type: ""Artifact"",version: ""42"",hash: ""1ab0fc4cf212abac77cd45e6aff39705""})"
"(:VERTEX {memory address: ""7f08556d9000"",size: ""11000"",subtype: ""memory"",tgid: ""189893"",source: ""syscall"",type: ""Artifact"",version: ""43"",hash: ""712a7a018a3fcd378a86d363f7b23890""})"
"(:VERTEX {memory address: ""7f08556d9000"",size: ""11000"",subtype: ""memory"",tgid: ""189893"",source: ""syscall"",type: ""Artifact"",version: ""44"",hash: ""011be072f6b979a27519480e58b4b37e""})"
"(:VERTEX {gid: ""1000"",euid: ""1000"",children pid namespace: ""-1"",pid: ""189078"",seen time: ""1690980821.791"",source: ""syscall"",type: ""Process"",net namespace: ""-1"",ipc namespace: ""-1"",ppid: ""59024"",pid namespace: ""-1"",uid: ""1000"",egid: ""1000"",exe: ""/app/cartservice"",mount namespace: ""-1"",name: "".NET ThreadPool"",hash: ""45277818c7ed298e475ed41e9340cce7"",user namespace: ""-1""})"
"(:VERTEX {memory address: ""7fa6cf8da000"",size: ""11000"",subtype: ""memory"",tgid: ""189078"",source: ""syscall"",type: ""Artifact"",version: ""1"",hash: ""688124a6a6e4d2f08497b996647b0afe""})"
"(:VERTEX {memory address: ""7fa6cef9a000"",size: ""183000"",subtype: ""memory"",tgid: ""189078"",source: ""syscall"",type: ""Artifact"",version: ""3"",hash: ""31ce6b3f94a08c981a5cbaa5a9052451""})"
"(:VERTEX {memory address: ""7fa6cef9c000"",size: ""181000"",subtype: ""memory"",tgid: ""189078"",source: ""syscall"",type: ""Artifact"",version: ""3"",hash: ""a052f69b8409d7e696f19115b4ca5281""})"
"(:VERTEX {gid: ""1000"",euid: ""1000"",children pid namespace: ""4026533552"",start time: ""1690980821.802"",ns pid: ""54"",pid: ""193062"",source: ""syscall"",type: ""Process"",net namespace: ""4026533266"",ipc namespace: ""4026533539"",ppid: ""189078"",pid namespace: ""4026533552"",uid: ""1000"",egid: ""1000"",exe: ""/app/cartservice"",mount namespace: ""4026533551"",name: "".NET ThreadPool"",hash: ""1480bbf3477957eb41b1e60a37b83507"",user namespace: ""4026531837""})"
"(:VERTEX {memory address: ""7fa6cfb52000"",size: ""4000"",subtype: ""memory"",tgid: ""189078"",source: ""syscall"",type: ""Artifact"",version: ""3"",hash: ""db8feea198fde35fcf0822d616684bc0""})"
"(:VERTEX {memory address: ""7fa6cfb52000"",size: ""1000"",subtype: ""memory"",tgid: ""189078"",source: ""syscall"",type: ""Artifact"",version: ""3"",hash: ""d1991e9bdfc2c7f6ae0283eefd4a3cf9""})"
"(:VERTEX {path: ""/proc/189078/task/54/comm"",subtype: ""file"",permissions: ""0644"",epoch: ""0"",source: ""syscall"",type: ""Artifact"",version: ""0"",hash: ""3dfd561952d85dab5ce21e3f8110821a""})"
"(:VERTEX {subtype: ""unnamed pipe"",tgid: ""189078"",epoch: ""4"",source: ""syscall"",read fd: ""196"",type: ""Artifact"",version: ""0"",hash: ""d4b5766072826207c36ad76625411e74"",write fd: ""204""})"
"(:VERTEX {memory address: ""7f08556d9000"",size: ""11000"",subtype: ""memory"",tgid: ""189893"",source: ""syscall"",type: ""Artifact"",version: ""45"",hash: ""3a08e11063862b90b9ed1465fe24ff0c""})"
"(:VERTEX {memory address: ""7f08556d9000"",size: ""11000"",subtype: ""memory"",tgid: ""189893"",source: ""syscall"",type: ""Artifact"",version: ""46"",hash: ""1b9daeb33226c904e8e177452a4b4480""})"
"(:VERTEX {memory address: ""7f08556d9000"",size: ""11000"",subtype: ""memory"",tgid: ""189893"",source: ""syscall"",type: ""Artifact"",version: ""47"",hash: ""67aa8b17eb55339c8bc8bb67d4e5ff8a""})"
"(:VERTEX {memory address: ""f46fd9c0000"",size: ""40000"",subtype: ""memory"",tgid: ""189893"",source: ""syscall"",type: ""Artifact"",version: ""15"",hash: ""d9504673898f68f918d86f1b09717107""})"
"(:VERTEX {memory address: ""33a2d79c0000"",size: ""40000"",subtype: ""memory"",tgid: ""189893"",source: ""syscall"",type: ""Artifact"",version: ""15"",hash: ""ea60784631bda06c320153b48c761202""})"
"(:VERTEX {memory address: ""332ff05c0000"",size: ""40000"",subtype: ""memory"",tgid: ""189893"",source: ""syscall"",type: ""Artifact"",version: ""15"",hash: ""b304d09df1fc884c0046e925e2804e89""})"
"(:VERTEX {memory address: ""3406f5a00000"",size: ""40000"",subtype: ""memory"",tgid: ""189893"",source: ""syscall"",type: ""Artifact"",version: ""14"",hash: ""1dcfa101b9a6e1c1aaf50d837073dc89""})"
"(:VERTEX {memory address: ""7f0857908000"",size: ""1000"",subtype: ""memory"",tgid: ""189893"",source: ""syscall"",type: ""Artifact"",version: ""9"",hash: ""6304a41ccc1d9ed5a9c9f6e191b10c76""})"
"(:VERTEX {memory address: ""7f08578b5000"",size: ""4000"",subtype: ""memory"",tgid: ""189893"",source: ""syscall"",type: ""Artifact"",version: ""10"",hash: ""541fa899a268acc3af2b2e4b4fd9749d""})"
"(:VERTEX {memory address: ""2b3f79e80000"",size: ""40000"",subtype: ""memory"",tgid: ""189893"",source: ""syscall"",type: ""Artifact"",version: ""5"",hash: ""65e27f5cf40612b765d9a0f5bb9a8c05""})"
"(:VERTEX {memory address: ""29d66fb00000"",size: ""40000"",subtype: ""memory"",tgid: ""189893"",source: ""syscall"",type: ""Artifact"",version: ""5"",hash: ""6175270528b54b8456ae6f318b411521""})"
"(:VERTEX {memory address: ""3a9016940000"",size: ""40000"",subtype: ""memory"",tgid: ""189893"",source: ""syscall"",type: ""Artifact"",version: ""5"",hash: ""b468a943d4297bdf187b2b5aea36bb22""})"
"(:VERTEX {memory address: ""21baa6b00000"",size: ""40000"",subtype: ""memory"",tgid: ""189893"",source: ""syscall"",type: ""Artifact"",version: ""5"",hash: ""7cc0f177be91f5a11bfe7d0c652db08b""})"
"(:VERTEX {memory address: ""7f0857908000"",size: ""1000"",subtype: ""memory"",tgid: ""189893"",source: ""syscall"",type: ""Artifact"",version: ""10"",hash: ""284fd608f58b4785100fc30a7b93297d""})"
"(:VERTEX {memory address: ""7f0857727000"",size: ""11000"",subtype: ""memory"",tgid: ""189893"",source: ""syscall"",type: ""Artifact"",version: ""67"",hash: ""d6a8f98bd8fe8f1b6dd786146b42cba8""})"
"(:VERTEX {memory address: ""7f0857727000"",size: ""11000"",subtype: ""memory"",tgid: ""189893"",source: ""syscall"",type: ""Artifact"",version: ""68"",hash: ""fac4078ebf396db4bd2dad9cfd3ab9ab""})"
"(:VERTEX {memory address: ""7f0857727000"",size: ""11000"",subtype: ""memory"",tgid: ""189893"",source: ""syscall"",type: ""Artifact"",version: ""69"",hash: ""62f8aa118761cea64a3eb39e40d36644""})"
"(:VERTEX {memory address: ""7fa6af048000"",size: ""183000"",subtype: ""memory"",tgid: ""189078"",source: ""syscall"",type: ""Artifact"",version: ""0"",hash: ""d5bcf9dc4ad1787c8f532423850dbd22""})"
"(:VERTEX {memory address: ""7fa6af04a000"",size: ""181000"",subtype: ""memory"",tgid: ""189078"",source: ""syscall"",type: ""Artifact"",version: ""0"",hash: ""edf64f9925fc3ca123fec8b02d9a58da""})"
"(:VERTEX {gid: ""1000"",euid: ""1000"",children pid namespace: ""4026533552"",start time: ""1690980821.978"",ns pid: ""55"",pid: ""193064"",source: ""syscall"",type: ""Process"",net namespace: ""4026533266"",ipc namespace: ""4026533539"",ppid: ""189078"",pid namespace: ""4026533552"",uid: ""1000"",egid: ""1000"",exe: ""/app/cartservice"",mount namespace: ""4026533551"",name: "".NET ThreadPool"",hash: ""5325126583ac6285e6928b873bfde0dd"",user namespace: ""4026531837""})"
"(:VERTEX {memory address: ""7fa6cf7d5000"",size: ""4000"",subtype: ""memory"",tgid: ""189078"",source: ""syscall"",type: ""Artifact"",version: ""0"",hash: ""5a934e74fdf70d068ec10a8fbbed3175""})"
"(:VERTEX {memory address: ""7fa6cf7d5000"",size: ""1000"",subtype: ""memory"",tgid: ""189078"",source: ""syscall"",type: ""Artifact"",version: ""0"",hash: ""13363260ebd7353b64cbcd62c026cd93""})"
"(:VERTEX {path: ""/proc/189078/task/55/comm"",subtype: ""file"",permissions: ""0644"",epoch: ""0"",source: ""syscall"",type: ""Artifact"",version: ""0"",hash: ""9b61003f7fdf88a6bf41dee64dcccd32""})"
"(:VERTEX {memory address: ""7f0857727000"",size: ""11000"",subtype: ""memory"",tgid: ""189893"",source: ""syscall"",type: ""Artifact"",version: ""70"",hash: ""eb8dc352e1b8343362419d203ae0bcd9""})"
"(:VERTEX {subtype: ""unnamed pipe"",tgid: ""189078"",epoch: ""5"",source: ""syscall"",read fd: ""196"",type: ""Artifact"",version: ""0"",hash: ""c7348dcc9e537bd7ead0049f8db1a04a"",write fd: ""204""})"
"(:VERTEX {memory address: ""7f0857727000"",size: ""11000"",subtype: ""memory"",tgid: ""189893"",source: ""syscall"",type: ""Artifact"",version: ""71"",hash: ""2b260b764dad10bdb499b7a422325dce""})"
"(:VERTEX {memory address: ""7f0857727000"",size: ""11000"",subtype: ""memory"",tgid: ""189893"",source: ""syscall"",type: ""Artifact"",version: ""72"",hash: ""6a7e4e3851665126a84cc19b64b1eda0""})"
"(:VERTEX {memory address: ""7f0857727000"",size: ""11000"",subtype: ""memory"",tgid: ""189893"",source: ""syscall"",type: ""Artifact"",version: ""73"",hash: ""7f0f63fe81cc59e13056f9dff2eb667f""})"
"(:VERTEX {memory address: ""7f0857907000"",size: ""2000"",subtype: ""memory"",tgid: ""189893"",source: ""syscall"",type: ""Artifact"",version: ""18"",hash: ""8f6521c726d019a4291860d11b764b55""})"
"(:VERTEX {memory address: ""7f08578b0000"",size: ""9000"",subtype: ""memory"",tgid: ""189893"",source: ""syscall"",type: ""Artifact"",version: ""36"",hash: ""90bae1eae4acd9183e4e9d5ba7ab5adb""})"
"(:VERTEX {memory address: ""7f0857818000"",size: ""7000"",subtype: ""memory"",tgid: ""189893"",source: ""syscall"",type: ""Artifact"",version: ""55"",hash: ""49f24646300abec74319241779ad9fba""})"
"(:VERTEX {memory address: ""7f0857727000"",size: ""11000"",subtype: ""memory"",tgid: ""189893"",source: ""syscall"",type: ""Artifact"",version: ""74"",hash: ""c69d201013f9db0239452d20f9f58dae""})"
"(:VERTEX {memory address: ""7f085772f000"",size: ""9000"",subtype: ""memory"",tgid: ""189893"",source: ""syscall"",type: ""Artifact"",version: ""22"",hash: ""1b6b3efee7be67f3e72c0dc8a54191c9""})"
"(:VERTEX {memory address: ""7f0857773000"",size: ""7000"",subtype: ""memory"",tgid: ""189893"",source: ""syscall"",type: ""Artifact"",version: ""24"",hash: ""0445f083f02c1a3fd7b6324df7516a9a""})"
"(:VERTEX {memory address: ""7f0857773000"",size: ""7000"",subtype: ""memory"",tgid: ""189893"",source: ""syscall"",type: ""Artifact"",version: ""25"",hash: ""193149fc0825fb7d221bbc93f62a2dac""})"
"(:VERTEX {memory address: ""7f0857773000"",size: ""7000"",subtype: ""memory"",tgid: ""189893"",source: ""syscall"",type: ""Artifact"",version: ""26"",hash: ""037dd2a6f75b54847c4a0870bb1f5ec8""})"
"(:VERTEX {memory address: ""7f0857773000"",size: ""7000"",subtype: ""memory"",tgid: ""189893"",source: ""syscall"",type: ""Artifact"",version: ""27"",hash: ""c0f4ed719ca8ad380937ce6e2982902e""})"
"(:VERTEX {remote port: ""53"",epoch: ""0"",source: ""syscall"",type: ""Artifact"",version: ""0"",local port: ""46558"",net namespace: ""-1"",local address: ""10.1.251.204"",protocol: ""udp"",subtype: ""network socket"",remote address: ""10.152.183.10"",hash: ""79cd598b14f3429a6b3eeb5e4639e3ab""})"
"(:VERTEX {remote port: ""53"",epoch: ""0"",source: ""syscall"",type: ""Artifact"",version: ""0"",local port: ""45051"",net namespace: ""-1"",local address: ""10.1.251.204"",protocol: ""udp"",subtype: ""network socket"",remote address: ""10.152.183.10"",hash: ""f128087f6d35a406d8afd5d9d33a405d""})"
"(:VERTEX {memory address: ""7f0857727000"",size: ""11000"",subtype: ""memory"",tgid: ""189893"",source: ""syscall"",type: ""Artifact"",version: ""75"",hash: ""3e3768228c7b5666173415e7f91272bf""})"
"(:VERTEX {memory address: ""7f085772f000"",size: ""9000"",subtype: ""memory"",tgid: ""189893"",source: ""syscall"",type: ""Artifact"",version: ""23"",hash: ""ce21473c442b78206c3a4152377f5d29""})"
"(:VERTEX {memory address: ""7f0857727000"",size: ""11000"",subtype: ""memory"",tgid: ""189893"",source: ""syscall"",type: ""Artifact"",version: ""76"",hash: ""123015ca7219fb5e34fd8a68c57be2ed""})"
"(:VERTEX {remote port: ""53"",epoch: ""0"",source: ""syscall"",type: ""Artifact"",version: ""0"",local port: ""49898"",net namespace: ""-1"",local address: ""10.1.251.204"",protocol: ""udp"",subtype: ""network socket"",remote address: ""10.152.183.10"",hash: ""ec678e673c2ea3312b38c9d00b170250""})"
"(:VERTEX {remote port: ""53"",epoch: ""0"",source: ""syscall"",type: ""Artifact"",version: ""0"",local port: ""52487"",net namespace: ""-1"",local address: ""10.1.251.204"",protocol: ""udp"",subtype: ""network socket"",remote address: ""10.152.183.10"",hash: ""df295f7101661cf3886a12010af08c92""})"
"(:VERTEX {memory address: ""7f0857727000"",size: ""11000"",subtype: ""memory"",tgid: ""189893"",source: ""syscall"",type: ""Artifact"",version: ""77"",hash: ""5ea7464a27d6872e4fa37cbadbdf5941""})"
"(:VERTEX {memory address: ""7eff8ff46000"",size: ""4000"",subtype: ""memory"",tgid: ""189122"",source: ""syscall"",type: ""Artifact"",version: ""0"",hash: ""ac055dd78919132cf883a7663c6f8ec3""})"
"(:VERTEX {memory address: ""7f0857727000"",size: ""11000"",subtype: ""memory"",tgid: ""189893"",source: ""syscall"",type: ""Artifact"",version: ""78"",hash: ""adc3f9551c8079b04ebd6b6ac3e55b1e""})"
"(:VERTEX {memory address: ""7f0857727000"",size: ""11000"",subtype: ""memory"",tgid: ""189893"",source: ""syscall"",type: ""Artifact"",version: ""79"",hash: ""e07cdd991ebd4424ccf0b5e2b8b17955""})"
"(:VERTEX {memory address: ""7f0857727000"",size: ""11000"",subtype: ""memory"",tgid: ""189893"",source: ""syscall"",type: ""Artifact"",version: ""80"",hash: ""acf32469f1e262615940364e94279750""})"
"(:VERTEX {memory address: ""7f0857727000"",size: ""11000"",subtype: ""memory"",tgid: ""189893"",source: ""syscall"",type: ""Artifact"",version: ""81"",hash: ""d5d75b94b93f3ba277bc72babc8bc089""})"
"(:VERTEX {memory address: ""7f0857727000"",size: ""11000"",subtype: ""memory"",tgid: ""189893"",source: ""syscall"",type: ""Artifact"",version: ""82"",hash: ""7b79c632f845d5a1f9e7ab61dfd0cc8d""})"
"(:VERTEX {memory address: ""7f0857727000"",size: ""11000"",subtype: ""memory"",tgid: ""189893"",source: ""syscall"",type: ""Artifact"",version: ""83"",hash: ""67571742ce6a5f033806eee4d37d9bff""})"
"(:VERTEX {memory address: ""7f0857727000"",size: ""11000"",subtype: ""memory"",tgid: ""189893"",source: ""syscall"",type: ""Artifact"",version: ""84"",hash: ""7d411344d8759119d3c20c5721035072""})"
"(:VERTEX {memory address: ""7f0857727000"",size: ""11000"",subtype: ""memory"",tgid: ""189893"",source: ""syscall"",type: ""Artifact"",version: ""85"",hash: ""ada078ac4716ac7b4d2ac323ff968acf""})"
"(:VERTEX {memory address: ""7f0857727000"",size: ""11000"",subtype: ""memory"",tgid: ""189893"",source: ""syscall"",type: ""Artifact"",version: ""86"",hash: ""6316aa75c829dbfc6ce552564c1546db""})"
"(:VERTEX {memory address: ""7f0857727000"",size: ""11000"",subtype: ""memory"",tgid: ""189893"",source: ""syscall"",type: ""Artifact"",version: ""87"",hash: ""da9778a30dd7be9406dd039c53172563""})"
"(:VERTEX {memory address: ""7f0857727000"",size: ""11000"",subtype: ""memory"",tgid: ""189893"",source: ""syscall"",type: ""Artifact"",version: ""88"",hash: ""ce293c41172daa014689adeab853c3a0""})"
"(:VERTEX {memory address: ""7f0857727000"",size: ""11000"",subtype: ""memory"",tgid: ""189893"",source: ""syscall"",type: ""Artifact"",version: ""89"",hash: ""24ddf4406d00741a3d5e736885cda932""})"
"(:VERTEX {memory address: ""7fbfc83bf000"",size: ""11000"",subtype: ""memory"",tgid: ""189905"",source: ""syscall"",type: ""Artifact"",version: ""8"",hash: ""af125ca5ac19762d92890ee06e0fb98c""})"
"(:VERTEX {memory address: ""7f0857727000"",size: ""11000"",subtype: ""memory"",tgid: ""189893"",source: ""syscall"",type: ""Artifact"",version: ""90"",hash: ""a6f1149a4cab9233f60bc99b887d6d32""})"
"(:VERTEX {memory address: ""7f0857727000"",size: ""11000"",subtype: ""memory"",tgid: ""189893"",source: ""syscall"",type: ""Artifact"",version: ""91"",hash: ""814faea7721dd3316f05636ed6bdb8bc""})"
"(:VERTEX {memory address: ""7f0857727000"",size: ""11000"",subtype: ""memory"",tgid: ""189893"",source: ""syscall"",type: ""Artifact"",version: ""92"",hash: ""d5a4fcf313bbf02b0603a393b2919d36""})"
"(:VERTEX {memory address: ""7f0857727000"",size: ""11000"",subtype: ""memory"",tgid: ""189893"",source: ""syscall"",type: ""Artifact"",version: ""93"",hash: ""34bfbb5e319dcad31bb8814efa4c032d""})"
"(:VERTEX {memory address: ""7f0857727000"",size: ""11000"",subtype: ""memory"",tgid: ""189893"",source: ""syscall"",type: ""Artifact"",version: ""94"",hash: ""9515633f8c4fbab25c90f57e403d5c59""})"
"(:VERTEX {memory address: ""7fa6cf7a4000"",size: ""11000"",subtype: ""memory"",tgid: ""189078"",source: ""syscall"",type: ""Artifact"",version: ""0"",hash: ""f75c50629347d35be25b441d33a6c77c""})"
"(:VERTEX {memory address: ""7fa6cfb6c000"",size: ""1000"",subtype: ""memory"",tgid: ""189078"",source: ""syscall"",type: ""Artifact"",version: ""2"",hash: ""ad654c2ad8ad244c94623e25c2226510""})"
"(:VERTEX {memory address: ""7fa6cf791000"",size: ""11000"",subtype: ""memory"",tgid: ""189078"",source: ""syscall"",type: ""Artifact"",version: ""0"",hash: ""78d4702df7285a1f8ea38bf6ea438aeb""})"
"(:VERTEX {memory address: ""7fa6cf7d1000"",size: ""4000"",subtype: ""memory"",tgid: ""189078"",source: ""syscall"",type: ""Artifact"",version: ""0"",hash: ""4cb22c05c43aec226ab674fce5e03ae8""})"
"(:VERTEX {memory address: ""7fa6cf7cb000"",size: ""6000"",subtype: ""memory"",tgid: ""189078"",source: ""syscall"",type: ""Artifact"",version: ""0"",hash: ""8be2d3af2e6c42b0f594c1377a5c8d45""})"
"(:VERTEX {memory address: ""56123e0bf000"",size: ""1000"",subtype: ""memory"",tgid: ""189078"",source: ""syscall"",type: ""Artifact"",version: ""0"",hash: ""22577baa2b7d70e8c4d8e030dc870740""})"
"(:VERTEX {memory address: ""56123de3d000"",size: ""1000"",subtype: ""memory"",tgid: ""189078"",source: ""syscall"",type: ""Artifact"",version: ""0"",hash: ""547cb562016d35585cab6f8f07669cf8""})"
"(:VERTEX {memory address: ""7fa6cfb6c000"",size: ""1000"",subtype: ""memory"",tgid: ""189078"",source: ""syscall"",type: ""Artifact"",version: ""3"",hash: ""d293b8af3a6cceb6287814c45f9363a7""})"
"(:VERTEX {memory address: ""56123e0d2000"",size: ""1000"",subtype: ""memory"",tgid: ""189078"",source: ""syscall"",type: ""Artifact"",version: ""0"",hash: ""0f4984ef597efc453618acfdea7aa16f""})"
"(:VERTEX {memory address: ""7fa6cfb4a000"",size: ""2000"",subtype: ""memory"",tgid: ""189078"",source: ""syscall"",type: ""Artifact"",version: ""1"",hash: ""d24cc8f11b5f4f7f1815676904b0219f""})"
"(:VERTEX {subtype: ""unknown"",tgid: ""189078"",epoch: ""3"",source: ""syscall"",type: ""Artifact"",version: ""0"",hash: ""d5d9eb4fa6b9f81c0551a1e10ecfc789"",fd: ""8""})"
"(:VERTEX {memory address: ""56123e0e0000"",size: ""10000"",subtype: ""memory"",tgid: ""189078"",source: ""syscall"",type: ""Artifact"",version: ""0"",hash: ""a518bcaef08e69650a15413c5d084752""})"
"(:VERTEX {memory address: ""56123e0e0000"",size: ""1000"",subtype: ""memory"",tgid: ""189078"",source: ""syscall"",type: ""Artifact"",version: ""0"",hash: ""5f5ba79578bddc683681159262449863""})"
"(:VERTEX {memory address: ""7fa6cf7d1000"",size: ""4000"",subtype: ""memory"",tgid: ""189078"",source: ""syscall"",type: ""Artifact"",version: ""1"",hash: ""6ad9be73d83bd1e6a8bbd9f9b15c5283""})"
"(:VERTEX {memory address: ""7fa6cf7cb000"",size: ""6000"",subtype: ""memory"",tgid: ""189078"",source: ""syscall"",type: ""Artifact"",version: ""1"",hash: ""78c8d23089134bade5ed19416cc59d61""})"
"(:VERTEX {memory address: ""56123e0cc000"",size: ""1000"",subtype: ""memory"",tgid: ""189078"",source: ""syscall"",type: ""Artifact"",version: ""0"",hash: ""20d92d4f806ba5bc0b095903416a22f4""})"
"(:VERTEX {memory address: ""56123e0cd000"",size: ""1000"",subtype: ""memory"",tgid: ""189078"",source: ""syscall"",type: ""Artifact"",version: ""0"",hash: ""f57112fa14a2e718170628151255b3ab""})"
"(:VERTEX {memory address: ""7fa6cfb6c000"",size: ""1000"",subtype: ""memory"",tgid: ""189078"",source: ""syscall"",type: ""Artifact"",version: ""4"",hash: ""e8ea5bab9b1f8975a558609efbe9839c""})"
"(:VERTEX {memory address: ""7fa6cfb63000"",size: ""1000"",subtype: ""memory"",tgid: ""189078"",source: ""syscall"",type: ""Artifact"",version: ""2"",hash: ""cf03b31c96f5a6d96994893d73fc851d""})"
"(:VERTEX {memory address: ""56123e0e1000"",size: ""1000"",subtype: ""memory"",tgid: ""189078"",source: ""syscall"",type: ""Artifact"",version: ""0"",hash: ""0f7c4ee7b895b9b34057c3f385e60d9a""})"
"(:VERTEX {memory address: ""56123de3e000"",size: ""1000"",subtype: ""memory"",tgid: ""189078"",source: ""syscall"",type: ""Artifact"",version: ""0"",hash: ""58a6654601a5f3722e36b40292e0ce45""})"
"(:VERTEX {memory address: ""7fa6cfb4a000"",size: ""2000"",subtype: ""memory"",tgid: ""189078"",source: ""syscall"",type: ""Artifact"",version: ""2"",hash: ""118d687f6797a04b2e510f453ee77681""})"
"(:VERTEX {memory address: ""56123e0d3000"",size: ""1000"",subtype: ""memory"",tgid: ""189078"",source: ""syscall"",type: ""Artifact"",version: ""0"",hash: ""4f9b9b733f31a179d4dd18d8a25a58dd""})"
"(:VERTEX {memory address: ""7f0857727000"",size: ""11000"",subtype: ""memory"",tgid: ""189893"",source: ""syscall"",type: ""Artifact"",version: ""95"",hash: ""c94a0607807b72100b54ea6256689e74""})"
"(:VERTEX {memory address: ""7f0857727000"",size: ""11000"",subtype: ""memory"",tgid: ""189893"",source: ""syscall"",type: ""Artifact"",version: ""96"",hash: ""76b286477963829dbdeb648979f24889""})"
"(:VERTEX {memory address: ""7fa6cf7c8000"",size: ""11000"",subtype: ""memory"",tgid: ""189078"",source: ""syscall"",type: ""Artifact"",version: ""1"",hash: ""6e00aad2ea7be3dbe1ed9067fb5bbf3f""})"
"(:VERTEX {memory address: ""56123de3f000"",size: ""1000"",subtype: ""memory"",tgid: ""189078"",source: ""syscall"",type: ""Artifact"",version: ""0"",hash: ""ae123f78f48380b1299cdff69b161b8f""})"
"(:VERTEX {gid: ""1000"",euid: ""1000"",children pid namespace: ""-1"",pid: ""189078"",seen time: ""1690980824.390"",source: ""syscall"",type: ""Process"",net namespace: ""-1"",ipc namespace: ""-1"",ppid: ""59024"",pid namespace: ""-1"",uid: ""1000"",egid: ""1000"",exe: ""/app/cartservice"",mount namespace: ""-1"",name: "".NET ThreadPool"",hash: ""0411fbe753a2dcddaea080d94a1907f9"",user namespace: ""-1""})"
"(:VERTEX {memory address: ""7fa6cfb6c000"",size: ""1000"",subtype: ""memory"",tgid: ""189078"",source: ""syscall"",type: ""Artifact"",version: ""5"",hash: ""b09edfa039c30b02effb807af2c8985b""})"
"(:VERTEX {memory address: ""7fa6cfb62000"",size: ""2000"",subtype: ""memory"",tgid: ""189078"",source: ""syscall"",type: ""Artifact"",version: ""0"",hash: ""90af87b9ae984c69c025b90276f41079""})"
"(:VERTEX {subtype: ""unknown"",tgid: ""189078"",epoch: ""4"",source: ""syscall"",type: ""Artifact"",version: ""0"",hash: ""fdc81f30485e57456285d2fb953aba2b"",fd: ""8""})"
"(:VERTEX {memory address: ""7f0857727000"",size: ""11000"",subtype: ""memory"",tgid: ""189893"",source: ""syscall"",type: ""Artifact"",version: ""97"",hash: ""9ff9b2801e6271316bfced6f4facdd0e""})"
"(:VERTEX {memory address: ""7f0857727000"",size: ""11000"",subtype: ""memory"",tgid: ""189893"",source: ""syscall"",type: ""Artifact"",version: ""98"",hash: ""1b3ad6c2119b8d4b6c56cb11a6a73101""})"
"(:VERTEX {memory address: ""7f0857727000"",size: ""11000"",subtype: ""memory"",tgid: ""189893"",source: ""syscall"",type: ""Artifact"",version: ""99"",hash: ""d9920f2173c0236d3c6a3e2aa6a38ca7""})"
"(:VERTEX {memory address: ""7f0857727000"",size: ""11000"",subtype: ""memory"",tgid: ""189893"",source: ""syscall"",type: ""Artifact"",version: ""100"",hash: ""e72fdd34e08556bc770be57986d37336""})"
"(:VERTEX {memory address: ""7f0857727000"",size: ""11000"",subtype: ""memory"",tgid: ""189893"",source: ""syscall"",type: ""Artifact"",version: ""101"",hash: ""048293b289eb264618261c659519b5ec""})"
"(:VERTEX {memory address: ""7f0857727000"",size: ""11000"",subtype: ""memory"",tgid: ""189893"",source: ""syscall"",type: ""Artifact"",version: ""102"",hash: ""c895ee4f7799726da786d6f4b2f6217f""})"
"(:VERTEX {memory address: ""7f0857727000"",size: ""11000"",subtype: ""memory"",tgid: ""189893"",source: ""syscall"",type: ""Artifact"",version: ""103"",hash: ""9851f73baa1eb018946711f990f53db5""})"
"(:VERTEX {memory address: ""7f0857727000"",size: ""11000"",subtype: ""memory"",tgid: ""189893"",source: ""syscall"",type: ""Artifact"",version: ""104"",hash: ""6567384d4353be86be1c5a7010e6fc58""})"
"(:VERTEX {memory address: ""7f0857727000"",size: ""11000"",subtype: ""memory"",tgid: ""189893"",source: ""syscall"",type: ""Artifact"",version: ""105"",hash: ""90104c03f707ef06f89927f3983117d6""})"
"(:VERTEX {memory address: ""7f0857727000"",size: ""11000"",subtype: ""memory"",tgid: ""189893"",source: ""syscall"",type: ""Artifact"",version: ""106"",hash: ""a6e98a65f0a62f48c7fa61991b8b164f""})"
"(:VERTEX {memory address: ""7fa6af048000"",size: ""183000"",subtype: ""memory"",tgid: ""189078"",source: ""syscall"",type: ""Artifact"",version: ""1"",hash: ""da3de17f3dcaed988b70b037e5e0f5c9""})"
"(:VERTEX {memory address: ""7fa6af04a000"",size: ""181000"",subtype: ""memory"",tgid: ""189078"",source: ""syscall"",type: ""Artifact"",version: ""1"",hash: ""d82c6a116dfcae15ea6eb7662e7a7b93""})"
"(:VERTEX {gid: ""1000"",euid: ""1000"",children pid namespace: ""4026533552"",start time: ""1690980825.985"",ns pid: ""56"",pid: ""193071"",source: ""syscall"",type: ""Process"",net namespace: ""4026533266"",ipc namespace: ""4026533539"",ppid: ""189078"",pid namespace: ""4026533552"",uid: ""1000"",egid: ""1000"",exe: ""/app/cartservice"",mount namespace: ""4026533551"",name: "".NET ThreadPool"",hash: ""5d50928ef4696ccbb058bb72849c7f4b"",user namespace: ""4026531837""})"
"(:VERTEX {memory address: ""7fa6cf758000"",size: ""4000"",subtype: ""memory"",tgid: ""189078"",source: ""syscall"",type: ""Artifact"",version: ""0"",hash: ""43c1cdb36b00404b00efeee80e8896e6""})"
"(:VERTEX {memory address: ""7fa6cf758000"",size: ""1000"",subtype: ""memory"",tgid: ""189078"",source: ""syscall"",type: ""Artifact"",version: ""0"",hash: ""5d17049a0104361c227f8065e1a45b51""})"
"(:VERTEX {subtype: ""unnamed pipe"",tgid: ""189078"",epoch: ""6"",source: ""syscall"",read fd: ""196"",type: ""Artifact"",version: ""0"",hash: ""d6268d17798e02abe94f6226f62317c7"",write fd: ""204""})"
"(:VERTEX {memory address: ""7f0857727000"",size: ""11000"",subtype: ""memory"",tgid: ""189893"",source: ""syscall"",type: ""Artifact"",version: ""107"",hash: ""58fabc1f26231b5c2df22c7cdcd53acc""})"
"(:VERTEX {memory address: ""7f0857727000"",size: ""11000"",subtype: ""memory"",tgid: ""189893"",source: ""syscall"",type: ""Artifact"",version: ""108"",hash: ""1c35b52ab86197fb4a20e7777368fc9a""})"
"(:VERTEX {memory address: ""7fa6cf717000"",size: ""3147c"",subtype: ""memory"",tgid: ""189078"",source: ""syscall"",type: ""Artifact"",version: ""0"",hash: ""054a0519d0919dede186583bf200f68f""})"
"(:VERTEX {memory address: ""56123e0f0000"",size: ""10000"",subtype: ""memory"",tgid: ""189078"",source: ""syscall"",type: ""Artifact"",version: ""0"",hash: ""f339a5adc27952ff3629e7b0c0977132""})"
"(:VERTEX {memory address: ""56123e0f0000"",size: ""1000"",subtype: ""memory"",tgid: ""189078"",source: ""syscall"",type: ""Artifact"",version: ""0"",hash: ""5ff4dfc68014556b93395d8f0991a044""})"
"(:VERTEX {memory address: ""56123e0f1000"",size: ""1000"",subtype: ""memory"",tgid: ""189078"",source: ""syscall"",type: ""Artifact"",version: ""0"",hash: ""9a7144ed6406e1eb7bb76f61fadbda4d""})"
"(:VERTEX {memory address: ""7fa6cfb6c000"",size: ""1000"",subtype: ""memory"",tgid: ""189078"",source: ""syscall"",type: ""Artifact"",version: ""6"",hash: ""48e844e27abaca33f064cac732635079""})"
"(:VERTEX {memory address: ""7f0857727000"",size: ""11000"",subtype: ""memory"",tgid: ""189893"",source: ""syscall"",type: ""Artifact"",version: ""109"",hash: ""f5cf6a21adb9a5cbf263affc3ca59fc4""})"
"(:VERTEX {memory address: ""21baa6b00000"",size: ""40000"",subtype: ""memory"",tgid: ""189893"",source: ""syscall"",type: ""Artifact"",version: ""6"",hash: ""3d8e48113db8410571a7ad14653fbc6a""})"
"(:VERTEX {memory address: ""3a9016940000"",size: ""40000"",subtype: ""memory"",tgid: ""189893"",source: ""syscall"",type: ""Artifact"",version: ""6"",hash: ""46c28f5c055e26f6fb2f700a99621ae0""})"
"(:VERTEX {memory address: ""29d66fb00000"",size: ""40000"",subtype: ""memory"",tgid: ""189893"",source: ""syscall"",type: ""Artifact"",version: ""6"",hash: ""c0a611569c771b42dc27034ac89537d5""})"
"(:VERTEX {memory address: ""2b3f79e80000"",size: ""40000"",subtype: ""memory"",tgid: ""189893"",source: ""syscall"",type: ""Artifact"",version: ""6"",hash: ""26124bd40f0a221343b739b6c4025822""})"
"(:VERTEX {memory address: ""7f0857908000"",size: ""1000"",subtype: ""memory"",tgid: ""189893"",source: ""syscall"",type: ""Artifact"",version: ""11"",hash: ""5f4a0ca0b5fa46e3b4a6b1724aab4bb5""})"
"(:VERTEX {memory address: ""7f08578b5000"",size: ""4000"",subtype: ""memory"",tgid: ""189893"",source: ""syscall"",type: ""Artifact"",version: ""11"",hash: ""a1eed65456e97f21a5c028ec07fee505""})"
"(:VERTEX {memory address: ""7f08578b1000"",size: ""4000"",subtype: ""memory"",tgid: ""189893"",source: ""syscall"",type: ""Artifact"",version: ""7"",hash: ""04d4b6d1520116258bce7ffbc129cef7""})"
"(:VERTEX {memory address: ""7f0857819000"",size: ""6000"",subtype: ""memory"",tgid: ""189893"",source: ""syscall"",type: ""Artifact"",version: ""31"",hash: ""abe031340d77c0307a973c369f0a883d""})"
"(:VERTEX {memory address: ""3406f5a00000"",size: ""40000"",subtype: ""memory"",tgid: ""189893"",source: ""syscall"",type: ""Artifact"",version: ""15"",hash: ""2163aa798f08a69498d592793c498869""})"
"(:VERTEX {memory address: ""332ff05c0000"",size: ""40000"",subtype: ""memory"",tgid: ""189893"",source: ""syscall"",type: ""Artifact"",version: ""16"",hash: ""6954c67019532f920cef5f60c1f7e024""})"
"(:VERTEX {memory address: ""33a2d79c0000"",size: ""40000"",subtype: ""memory"",tgid: ""189893"",source: ""syscall"",type: ""Artifact"",version: ""16"",hash: ""a34a3c4076fd1fa97e7c8c5db70174be""})"
"(:VERTEX {memory address: ""f46fd9c0000"",size: ""40000"",subtype: ""memory"",tgid: ""189893"",source: ""syscall"",type: ""Artifact"",version: ""16"",hash: ""2b56d8e8c875c5f0f3868aae0e85ba18""})"
"(:VERTEX {memory address: ""7f0857727000"",size: ""11000"",subtype: ""memory"",tgid: ""189893"",source: ""syscall"",type: ""Artifact"",version: ""110"",hash: ""34055520a9ca002f4651706a58ceba68""})"
"(:VERTEX {memory address: ""7f0857727000"",size: ""11000"",subtype: ""memory"",tgid: ""189893"",source: ""syscall"",type: ""Artifact"",version: ""111"",hash: ""0e319d1470d1dbcf26c60b1de3701f42""})"
"(:VERTEX {memory address: ""7f0857727000"",size: ""11000"",subtype: ""memory"",tgid: ""189893"",source: ""syscall"",type: ""Artifact"",version: ""112"",hash: ""0ab6c97cd5c4925bb267b53d64fd8c93""})"
"(:VERTEX {memory address: ""7fa6aeea8000"",size: ""183000"",subtype: ""memory"",tgid: ""189078"",source: ""syscall"",type: ""Artifact"",version: ""0"",hash: ""0d70e1020c41bb5b3d381f654ac612ef""})"
"(:VERTEX {memory address: ""7fa6aeeaa000"",size: ""181000"",subtype: ""memory"",tgid: ""189078"",source: ""syscall"",type: ""Artifact"",version: ""0"",hash: ""a6a1cb1cd13e15b99dc0648f51a7fd49""})"
"(:VERTEX {gid: ""1000"",euid: ""1000"",children pid namespace: ""4026533552"",start time: ""1690980826.597"",ns pid: ""57"",pid: ""193072"",source: ""syscall"",type: ""Process"",net namespace: ""4026533266"",ipc namespace: ""4026533539"",ppid: ""189078"",pid namespace: ""4026533552"",uid: ""1000"",egid: ""1000"",exe: ""/app/cartservice"",mount namespace: ""4026533551"",name: "".NET ThreadPool"",hash: ""7bfafa5fcedc80f7f55470086594c721"",user namespace: ""4026531837""})"
"(:VERTEX {memory address: ""7fa6cf754000"",size: ""4000"",subtype: ""memory"",tgid: ""189078"",source: ""syscall"",type: ""Artifact"",version: ""0"",hash: ""650f0b1a22d1a7120b7fef96cd853e3e""})"
"(:VERTEX {memory address: ""7fa6cf754000"",size: ""1000"",subtype: ""memory"",tgid: ""189078"",source: ""syscall"",type: ""Artifact"",version: ""0"",hash: ""9ea5f2f020d76772dc534450ebbb125a""})"
"(:VERTEX {subtype: ""unnamed pipe"",tgid: ""189078"",epoch: ""7"",source: ""syscall"",read fd: ""196"",type: ""Artifact"",version: ""0"",hash: ""c13a58d6f0a5870367b4a44fb9ef8e3d"",write fd: ""204""})"
"(:VERTEX {memory address: ""7f0857727000"",size: ""11000"",subtype: ""memory"",tgid: ""189893"",source: ""syscall"",type: ""Artifact"",version: ""113"",hash: ""cd837558863111ee19812622949b0774""})"
"(:VERTEX {memory address: ""7f0857727000"",size: ""11000"",subtype: ""memory"",tgid: ""189893"",source: ""syscall"",type: ""Artifact"",version: ""114"",hash: ""32368acf4b96f1b633c89d36a4f2d49a""})"
"(:VERTEX {memory address: ""7f0857727000"",size: ""11000"",subtype: ""memory"",tgid: ""189893"",source: ""syscall"",type: ""Artifact"",version: ""115"",hash: ""c10e1d58c9e3b27d2635e92535142fe8""})"
"(:VERTEX {memory address: ""7f0857727000"",size: ""11000"",subtype: ""memory"",tgid: ""189893"",source: ""syscall"",type: ""Artifact"",version: ""116"",hash: ""5d00c6b328491ea4109f4ff3c585e336""})"
"(:VERTEX {memory address: ""7f0857727000"",size: ""11000"",subtype: ""memory"",tgid: ""189893"",source: ""syscall"",type: ""Artifact"",version: ""117"",hash: ""1dc78f9ccb54a0b97ea44d950c6c27df""})"
"(:VERTEX {memory address: ""7f0857727000"",size: ""11000"",subtype: ""memory"",tgid: ""189893"",source: ""syscall"",type: ""Artifact"",version: ""118"",hash: ""cfd934a413b436d050f2b39d7358309c""})"
"(:VERTEX {memory address: ""7f0857727000"",size: ""11000"",subtype: ""memory"",tgid: ""189893"",source: ""syscall"",type: ""Artifact"",version: ""119"",hash: ""e2edb9887cd7ca6793a94b4397787cbe""})"
"(:VERTEX {memory address: ""7f0857727000"",size: ""11000"",subtype: ""memory"",tgid: ""189893"",source: ""syscall"",type: ""Artifact"",version: ""120"",hash: ""558df586ac415156bd8d140ce0b3c53e""})"
"(:VERTEX {memory address: ""7eff96517000"",size: ""10000"",subtype: ""memory"",tgid: ""189122"",source: ""syscall"",type: ""Artifact"",version: ""0"",hash: ""746f5bcd4ed31a5cb2c8321b5f5db813""})"
"(:VERTEX {memory address: ""7eff8ff46000"",size: ""4000"",subtype: ""memory"",tgid: ""189122"",source: ""syscall"",type: ""Artifact"",version: ""1"",hash: ""a5e11fd6a91e183a10e0d89a17072785""})"
"(:VERTEX {memory address: ""7f0857727000"",size: ""11000"",subtype: ""memory"",tgid: ""189893"",source: ""syscall"",type: ""Artifact"",version: ""121"",hash: ""1b152be0b41c3be3cc23e300995c0c32""})"
"(:VERTEX {memory address: ""7eff8ff47000"",size: ""3000"",subtype: ""memory"",tgid: ""189122"",source: ""syscall"",type: ""Artifact"",version: ""0"",hash: ""5605625f043b63c1322133b73da7a90c""})"
"(:VERTEX {memory address: ""7f0857727000"",size: ""11000"",subtype: ""memory"",tgid: ""189893"",source: ""syscall"",type: ""Artifact"",version: ""122"",hash: ""ae87a8484022a6f5aaa5288e3fc3b354""})"
"(:VERTEX {memory address: ""7f0857727000"",size: ""11000"",subtype: ""memory"",tgid: ""189893"",source: ""syscall"",type: ""Artifact"",version: ""123"",hash: ""5a869792522d925ad8212c29ecad8bb8""})"
"(:VERTEX {memory address: ""7f0857727000"",size: ""11000"",subtype: ""memory"",tgid: ""189893"",source: ""syscall"",type: ""Artifact"",version: ""124"",hash: ""6902785299a33576a63a88f7e557581e""})"
"(:VERTEX {remote port: ""53"",epoch: ""0"",source: ""syscall"",type: ""Artifact"",version: ""0"",local port: ""43841"",net namespace: ""-1"",local address: ""10.1.251.204"",protocol: ""udp"",subtype: ""network socket"",remote address: ""10.152.183.10"",hash: ""5a97b421500504145e73d113ed123c7c""})"
"(:VERTEX {remote port: ""53"",epoch: ""0"",source: ""syscall"",type: ""Artifact"",version: ""0"",local port: ""55110"",net namespace: ""-1"",local address: ""10.1.251.204"",protocol: ""udp"",subtype: ""network socket"",remote address: ""10.152.183.10"",hash: ""7adad3c0aab51c54687ea79061016a3e""})"
"(:VERTEX {remote port: ""443"",epoch: ""0"",source: ""syscall"",type: ""Artifact"",version: ""0"",local port: ""47202"",net namespace: ""-1"",local address: ""10.1.251.196"",protocol: ""tcp"",subtype: ""network socket"",remote address: ""10.152.183.1"",hash: ""b8d33ab11e88c2fd08fa4b147973599d""})"
"(:VERTEX {memory address: ""7f0857727000"",size: ""11000"",subtype: ""memory"",tgid: ""189893"",source: ""syscall"",type: ""Artifact"",version: ""125"",hash: ""80be7a66fbfeeacc8c5aa8edf16584cf""})"
"(:VERTEX {remote port: ""443"",epoch: ""0"",source: ""syscall"",type: ""Artifact"",version: ""0"",local port: ""47216"",net namespace: ""-1"",local address: ""10.1.251.196"",protocol: ""tcp"",subtype: ""network socket"",remote address: ""10.152.183.1"",hash: ""5a6342c1fb751025aaf9e03023d3c475""})"
"(:VERTEX {remote port: ""443"",epoch: ""0"",source: ""syscall"",type: ""Artifact"",version: ""0"",local port: ""47224"",net namespace: ""-1"",local address: ""10.1.251.196"",protocol: ""tcp"",subtype: ""network socket"",remote address: ""10.152.183.1"",hash: ""4f57d01f9a0e6cb17ade1d181a173d47""})"
"(:VERTEX {remote port: ""443"",epoch: ""0"",source: ""syscall"",type: ""Artifact"",version: ""0"",local port: ""47240"",net namespace: ""-1"",local address: ""10.1.251.196"",protocol: ""tcp"",subtype: ""network socket"",remote address: ""10.152.183.1"",hash: ""cbee33457a121a5158800f321408a509""})"
"(:VERTEX {remote port: ""443"",epoch: ""0"",source: ""syscall"",type: ""Artifact"",version: ""0"",local port: ""47242"",net namespace: ""-1"",local address: ""10.1.251.196"",protocol: ""tcp"",subtype: ""network socket"",remote address: ""10.152.183.1"",hash: ""ed18fc4e61522befffa448973fc76eea""})"
"(:VERTEX {remote port: ""443"",epoch: ""0"",source: ""syscall"",type: ""Artifact"",version: ""0"",local port: ""47254"",net namespace: ""-1"",local address: ""10.1.251.196"",protocol: ""tcp"",subtype: ""network socket"",remote address: ""10.152.183.1"",hash: ""b87b25c1652956643bb47df7434f2187""})"
"(:VERTEX {memory address: ""7f0857727000"",size: ""11000"",subtype: ""memory"",tgid: ""189893"",source: ""syscall"",type: ""Artifact"",version: ""126"",hash: ""8c3f594548bfce3a733c7501e3bc5a9c""})"
"(:VERTEX {memory address: ""7f0857727000"",size: ""11000"",subtype: ""memory"",tgid: ""189893"",source: ""syscall"",type: ""Artifact"",version: ""127"",hash: ""82be70c6466d86459c5f9ff4f50c0bbc""})"
"(:VERTEX {memory address: ""7f0857727000"",size: ""11000"",subtype: ""memory"",tgid: ""189893"",source: ""syscall"",type: ""Artifact"",version: ""128"",hash: ""87864d7ef18581d8af9d397f056f3a7a""})"
"(:VERTEX {memory address: ""7f0857727000"",size: ""11000"",subtype: ""memory"",tgid: ""189893"",source: ""syscall"",type: ""Artifact"",version: ""129"",hash: ""8861649731381ea3cfa886b4eafe60d5""})"
"(:VERTEX {memory address: ""7f0857727000"",size: ""11000"",subtype: ""memory"",tgid: ""189893"",source: ""syscall"",type: ""Artifact"",version: ""130"",hash: ""1b4ce5f2280e64d3b91592609449f383""})"
"(:VERTEX {memory address: ""7f0857727000"",size: ""11000"",subtype: ""memory"",tgid: ""189893"",source: ""syscall"",type: ""Artifact"",version: ""131"",hash: ""d30a644ffa9cc0c845ae69ec4309837f""})"
"(:VERTEX {memory address: ""7f0857727000"",size: ""11000"",subtype: ""memory"",tgid: ""189893"",source: ""syscall"",type: ""Artifact"",version: ""132"",hash: ""252161ca0f4cddc79ecde385241abfbc""})"
"(:VERTEX {memory address: ""7f0857727000"",size: ""11000"",subtype: ""memory"",tgid: ""189893"",source: ""syscall"",type: ""Artifact"",version: ""133"",hash: ""6dbf7742e330365a6742d06b35017883""})"
"(:VERTEX {memory address: ""7f0857727000"",size: ""11000"",subtype: ""memory"",tgid: ""189893"",source: ""syscall"",type: ""Artifact"",version: ""134"",hash: ""1a7a72d59c03efdcc99be63cfe6a0e47""})"
"(:VERTEX {memory address: ""7f0857727000"",size: ""11000"",subtype: ""memory"",tgid: ""189893"",source: ""syscall"",type: ""Artifact"",version: ""135"",hash: ""5892d9e5d552721ea7ce1a838cb14099""})"
"(:VERTEX {memory address: ""7f0857727000"",size: ""11000"",subtype: ""memory"",tgid: ""189893"",source: ""syscall"",type: ""Artifact"",version: ""136"",hash: ""deaa446d680423af5b5877a09896c3ff""})"
"(:VERTEX {memory address: ""7f0857727000"",size: ""11000"",subtype: ""memory"",tgid: ""189893"",source: ""syscall"",type: ""Artifact"",version: ""137"",hash: ""07276224da2e23edbb264d147b1063ed""})"
"(:VERTEX {memory address: ""7fa6cf750000"",size: ""4000"",subtype: ""memory"",tgid: ""189078"",source: ""syscall"",type: ""Artifact"",version: ""0"",hash: ""f2bc3bbcee14f3e7428ecaba1b352fc7""})"
"(:VERTEX {memory address: ""7fa6cf711000"",size: ""6000"",subtype: ""memory"",tgid: ""189078"",source: ""syscall"",type: ""Artifact"",version: ""0"",hash: ""b10585703c81899dd518f94a14f604bd""})"
"(:VERTEX {memory address: ""56123e0e2000"",size: ""1000"",subtype: ""memory"",tgid: ""189078"",source: ""syscall"",type: ""Artifact"",version: ""0"",hash: ""808d08b1a2959cf0e8a1d58daa97f6b3""})"
"(:VERTEX {memory address: ""56123e0ce000"",size: ""1000"",subtype: ""memory"",tgid: ""189078"",source: ""syscall"",type: ""Artifact"",version: ""0"",hash: ""606ea0b5fea098f97998e499e7ac8a5f""})"
"(:VERTEX {memory address: ""56123e0cf000"",size: ""1000"",subtype: ""memory"",tgid: ""189078"",source: ""syscall"",type: ""Artifact"",version: ""0"",hash: ""eb0eb34e76b4a8cfb28d7c0bf6280fad""})"
"(:VERTEX {memory address: ""7fa6cfb63000"",size: ""1000"",subtype: ""memory"",tgid: ""189078"",source: ""syscall"",type: ""Artifact"",version: ""3"",hash: ""b21970d12fdfbfd45189d298494eed5e""})"
"(:VERTEX {memory address: ""56123e0d4000"",size: ""1000"",subtype: ""memory"",tgid: ""189078"",source: ""syscall"",type: ""Artifact"",version: ""0"",hash: ""c00c1d089c9d9ba212da3accf4b480cf""})"
"(:VERTEX {memory address: ""7fa6cfb6c000"",size: ""1000"",subtype: ""memory"",tgid: ""189078"",source: ""syscall"",type: ""Artifact"",version: ""7"",hash: ""aa5efc16c9bd91f44426f9827b9abc9e""})"
"(:VERTEX {memory address: ""7f0857727000"",size: ""11000"",subtype: ""memory"",tgid: ""189893"",source: ""syscall"",type: ""Artifact"",version: ""138"",hash: ""e3b7a4807a9054098d14861a27465913""})"
"(:VERTEX {memory address: ""7f0857727000"",size: ""11000"",subtype: ""memory"",tgid: ""189893"",source: ""syscall"",type: ""Artifact"",version: ""139"",hash: ""1e2f7b05ae26900d2a5585f45540be5c""})"
"(:VERTEX {memory address: ""7f0857727000"",size: ""11000"",subtype: ""memory"",tgid: ""189893"",source: ""syscall"",type: ""Artifact"",version: ""140"",hash: ""85b8f7ff141c248bd128d59acf450ffc""})"
"(:VERTEX {memory address: ""7f0857727000"",size: ""11000"",subtype: ""memory"",tgid: ""189893"",source: ""syscall"",type: ""Artifact"",version: ""141"",hash: ""2add35aa7f6519de5ffeb52757d94d49""})"
"(:VERTEX {memory address: ""7f0857727000"",size: ""11000"",subtype: ""memory"",tgid: ""189893"",source: ""syscall"",type: ""Artifact"",version: ""142"",hash: ""ae2202561f1d32eb1247c5f391420f74""})"
"(:VERTEX {memory address: ""7f0857727000"",size: ""11000"",subtype: ""memory"",tgid: ""189893"",source: ""syscall"",type: ""Artifact"",version: ""143"",hash: ""00c4f94c5763300454ae7616a34acc65""})"
"(:VERTEX {memory address: ""7f0857727000"",size: ""11000"",subtype: ""memory"",tgid: ""189893"",source: ""syscall"",type: ""Artifact"",version: ""144"",hash: ""5da7345a3279dd82fabec378ed992371""})"
"(:VERTEX {memory address: ""7f0857727000"",size: ""11000"",subtype: ""memory"",tgid: ""189893"",source: ""syscall"",type: ""Artifact"",version: ""145"",hash: ""89a2bc4daad7e8a3b4def1342b988273""})"
"(:VERTEX {memory address: ""7f0857727000"",size: ""11000"",subtype: ""memory"",tgid: ""189893"",source: ""syscall"",type: ""Artifact"",version: ""146"",hash: ""9b611487970b79e287529b19901f8b74""})"
"(:VERTEX {memory address: ""7f0857727000"",size: ""11000"",subtype: ""memory"",tgid: ""189893"",source: ""syscall"",type: ""Artifact"",version: ""147"",hash: ""7ca17a0327315f19993bf466664c97c9""})"
"(:VERTEX {memory address: ""7f0857727000"",size: ""11000"",subtype: ""memory"",tgid: ""189893"",source: ""syscall"",type: ""Artifact"",version: ""148"",hash: ""e386f8cd9791286df1c79db06f4ea928""})"
"(:VERTEX {memory address: ""7f0857727000"",size: ""11000"",subtype: ""memory"",tgid: ""189893"",source: ""syscall"",type: ""Artifact"",version: ""149"",hash: ""d6eb68e496d180453575074d21063c0b""})"
"(:VERTEX {memory address: ""f46fd9c0000"",size: ""40000"",subtype: ""memory"",tgid: ""189893"",source: ""syscall"",type: ""Artifact"",version: ""17"",hash: ""875a780b8c451a4a661bb62bbf18699b""})"
"(:VERTEX {memory address: ""33a2d79c0000"",size: ""40000"",subtype: ""memory"",tgid: ""189893"",source: ""syscall"",type: ""Artifact"",version: ""17"",hash: ""c9082c7f044be5b05b89277da6d85360""})"
"(:VERTEX {memory address: ""332ff05c0000"",size: ""40000"",subtype: ""memory"",tgid: ""189893"",source: ""syscall"",type: ""Artifact"",version: ""17"",hash: ""34bbc67744ad36f6165ecde57dd0a789""})"
"(:VERTEX {memory address: ""3406f5a00000"",size: ""40000"",subtype: ""memory"",tgid: ""189893"",source: ""syscall"",type: ""Artifact"",version: ""16"",hash: ""2e705cf31359306b2a5bda228f898f2c""})"
"(:VERTEX {memory address: ""7f0857908000"",size: ""1000"",subtype: ""memory"",tgid: ""189893"",source: ""syscall"",type: ""Artifact"",version: ""12"",hash: ""72a22d441c8f76fdd686f3feb6e38bbd""})"
"(:VERTEX {memory address: ""7f08578b5000"",size: ""4000"",subtype: ""memory"",tgid: ""189893"",source: ""syscall"",type: ""Artifact"",version: ""12"",hash: ""3a4dfdeaebff7e50d9887cd47ebaca81""})"
"(:VERTEX {memory address: ""2b3f79e80000"",size: ""40000"",subtype: ""memory"",tgid: ""189893"",source: ""syscall"",type: ""Artifact"",version: ""7"",hash: ""291c416fa1697cccc7afe6fed8d5712f""})"
"(:VERTEX {memory address: ""29d66fb00000"",size: ""40000"",subtype: ""memory"",tgid: ""189893"",source: ""syscall"",type: ""Artifact"",version: ""7"",hash: ""f1e9c5dd49a1a827be290264df1bd384""})"
"(:VERTEX {memory address: ""3a9016940000"",size: ""40000"",subtype: ""memory"",tgid: ""189893"",source: ""syscall"",type: ""Artifact"",version: ""7"",hash: ""f2438fe38f6edd4b49d866938dec8b93""})"
"(:VERTEX {memory address: ""21baa6b00000"",size: ""40000"",subtype: ""memory"",tgid: ""189893"",source: ""syscall"",type: ""Artifact"",version: ""7"",hash: ""6d213d54e00d24ccb761fea4c8021c52""})"
"(:VERTEX {memory address: ""7f0857727000"",size: ""11000"",subtype: ""memory"",tgid: ""189893"",source: ""syscall"",type: ""Artifact"",version: ""150"",hash: ""55d03d2e52e748f9f01e7bbcabf73e7d""})"
"(:VERTEX {memory address: ""7f0857727000"",size: ""11000"",subtype: ""memory"",tgid: ""189893"",source: ""syscall"",type: ""Artifact"",version: ""151"",hash: ""76b7ca72d265a61c61f3050805c194c1""})"
"(:VERTEX {memory address: ""7f0857727000"",size: ""11000"",subtype: ""memory"",tgid: ""189893"",source: ""syscall"",type: ""Artifact"",version: ""152"",hash: ""aa713e9daead0f854833d3082442fc1c""})"
"(:VERTEX {memory address: ""7f0857727000"",size: ""11000"",subtype: ""memory"",tgid: ""189893"",source: ""syscall"",type: ""Artifact"",version: ""153"",hash: ""e3e7650c94dbf2aa5f68331b37336b77""})"
"(:VERTEX {memory address: ""7f0857727000"",size: ""11000"",subtype: ""memory"",tgid: ""189893"",source: ""syscall"",type: ""Artifact"",version: ""154"",hash: ""3cf265422c3b7dd0126cc2e02c1da966""})"
"(:VERTEX {memory address: ""7f0857727000"",size: ""11000"",subtype: ""memory"",tgid: ""189893"",source: ""syscall"",type: ""Artifact"",version: ""155"",hash: ""e311abf9b67d46ef793a131103ce611e""})"
"(:VERTEX {memory address: ""7f0857727000"",size: ""11000"",subtype: ""memory"",tgid: ""189893"",source: ""syscall"",type: ""Artifact"",version: ""156"",hash: ""c50b8f5ac057b090fb34afbfd0acaac3""})"
"(:VERTEX {memory address: ""7f0857727000"",size: ""11000"",subtype: ""memory"",tgid: ""189893"",source: ""syscall"",type: ""Artifact"",version: ""157"",hash: ""e3e71b22ec5639e001e45654fdddf8f1""})"
"(:VERTEX {memory address: ""7f0857727000"",size: ""11000"",subtype: ""memory"",tgid: ""189893"",source: ""syscall"",type: ""Artifact"",version: ""158"",hash: ""602163f3dfb0ba114be6429e810d37c9""})"
"(:VERTEX {memory address: ""7f0857727000"",size: ""11000"",subtype: ""memory"",tgid: ""189893"",source: ""syscall"",type: ""Artifact"",version: ""159"",hash: ""d9910a81e280268e0926b6241c553471""})"
"(:VERTEX {memory address: ""7f0857727000"",size: ""11000"",subtype: ""memory"",tgid: ""189893"",source: ""syscall"",type: ""Artifact"",version: ""160"",hash: ""d539a91ef26b72daaa894e9095acdd4c""})"
"(:VERTEX {memory address: ""7f0857727000"",size: ""11000"",subtype: ""memory"",tgid: ""189893"",source: ""syscall"",type: ""Artifact"",version: ""161"",hash: ""492020545d3cd4d0d8da821a0e71230c""})"
"(:VERTEX {remote port: ""53"",epoch: ""0"",source: ""syscall"",type: ""Artifact"",version: ""0"",local port: ""59207"",net namespace: ""-1"",local address: ""10.1.251.204"",protocol: ""udp"",subtype: ""network socket"",remote address: ""10.152.183.10"",hash: ""c336cbc69115ad0583c914736fdcb6c4""})"
"(:VERTEX {remote port: ""53"",epoch: ""0"",source: ""syscall"",type: ""Artifact"",version: ""0"",local port: ""50522"",net namespace: ""-1"",local address: ""10.1.251.204"",protocol: ""udp"",subtype: ""network socket"",remote address: ""10.152.183.10"",hash: ""211d7dfbf8d216283dba3b1242f46781""})"
"(:VERTEX {memory address: ""7f0857727000"",size: ""11000"",subtype: ""memory"",tgid: ""189893"",source: ""syscall"",type: ""Artifact"",version: ""162"",hash: ""f38f7a1b9b049f458f8d19580460d5da""})"
"(:VERTEX {memory address: ""7f0857727000"",size: ""11000"",subtype: ""memory"",tgid: ""189893"",source: ""syscall"",type: ""Artifact"",version: ""163"",hash: ""7dbc9794a7dbabc444dd83b04ebde031""})"
"(:VERTEX {memory address: ""7f0857727000"",size: ""11000"",subtype: ""memory"",tgid: ""189893"",source: ""syscall"",type: ""Artifact"",version: ""164"",hash: ""3ae5295a757286d1faefce13275d3cdb""})"
"(:VERTEX {memory address: ""7f0857727000"",size: ""11000"",subtype: ""memory"",tgid: ""189893"",source: ""syscall"",type: ""Artifact"",version: ""165"",hash: ""634ebee9955f675e4c223ede4859b51a""})"
"(:VERTEX {memory address: ""7f0857727000"",size: ""11000"",subtype: ""memory"",tgid: ""189893"",source: ""syscall"",type: ""Artifact"",version: ""166"",hash: ""4dcfad9118f3a308c27c54bb40a69d05""})"
"(:VERTEX {memory address: ""7f0857727000"",size: ""11000"",subtype: ""memory"",tgid: ""189893"",source: ""syscall"",type: ""Artifact"",version: ""167"",hash: ""c82cf3bfee9456261bd554b6a8dd522d""})"
"(:VERTEX {memory address: ""7f0857727000"",size: ""11000"",subtype: ""memory"",tgid: ""189893"",source: ""syscall"",type: ""Artifact"",version: ""168"",hash: ""5559fe404853ce6a366713e3967e2cfc""})"
"(:VERTEX {memory address: ""7f0857727000"",size: ""11000"",subtype: ""memory"",tgid: ""189893"",source: ""syscall"",type: ""Artifact"",version: ""169"",hash: ""de64c9edb9be72bb74baac27ae8ee259""})"
"(:VERTEX {memory address: ""7f0857727000"",size: ""11000"",subtype: ""memory"",tgid: ""189893"",source: ""syscall"",type: ""Artifact"",version: ""170"",hash: ""a81c82a65a1ea5ff09450afe7b12c5fa""})"
"(:VERTEX {memory address: ""7f0857727000"",size: ""11000"",subtype: ""memory"",tgid: ""189893"",source: ""syscall"",type: ""Artifact"",version: ""171"",hash: ""36b369acf2d227f5672e48d56ba39c9c""})"
"(:VERTEX {memory address: ""7f0857727000"",size: ""11000"",subtype: ""memory"",tgid: ""189893"",source: ""syscall"",type: ""Artifact"",version: ""172"",hash: ""6999cb23a7cec60c8d3774fdbb1d8c3b""})"
"(:VERTEX {memory address: ""7f0857727000"",size: ""11000"",subtype: ""memory"",tgid: ""189893"",source: ""syscall"",type: ""Artifact"",version: ""173"",hash: ""7a319efcc952d6d7d873dc8dd89aaac4""})"
"(:VERTEX {memory address: ""7f0857727000"",size: ""11000"",subtype: ""memory"",tgid: ""189893"",source: ""syscall"",type: ""Artifact"",version: ""174"",hash: ""98b99bf1367ef9d8d91d6556a9974781""})"
"(:VERTEX {memory address: ""7fa6aebe1000"",size: ""183000"",subtype: ""memory"",tgid: ""189078"",source: ""syscall"",type: ""Artifact"",version: ""0"",hash: ""cd5207d0ad786744b37b77d385da9e70""})"
"(:VERTEX {memory address: ""7fa6aebe3000"",size: ""181000"",subtype: ""memory"",tgid: ""189078"",source: ""syscall"",type: ""Artifact"",version: ""0"",hash: ""45883fd6c0da0025bbaea04a6874afe2""})"
"(:VERTEX {gid: ""1000"",euid: ""1000"",children pid namespace: ""4026533552"",start time: ""1690980831.486"",ns pid: ""58"",pid: ""193089"",source: ""syscall"",type: ""Process"",net namespace: ""4026533266"",ipc namespace: ""4026533539"",ppid: ""189078"",pid namespace: ""4026533552"",uid: ""1000"",egid: ""1000"",exe: ""/app/cartservice"",mount namespace: ""4026533551"",name: "".NET ThreadPool"",hash: ""b25b85516ea87fd174fef62b8e440f3b"",user namespace: ""4026531837""})"
"(:VERTEX {memory address: ""7fa6cf750000"",size: ""4000"",subtype: ""memory"",tgid: ""189078"",source: ""syscall"",type: ""Artifact"",version: ""1"",hash: ""a73235353480136adc93bdd68745c326""})"
"(:VERTEX {memory address: ""7fa6cf750000"",size: ""1000"",subtype: ""memory"",tgid: ""189078"",source: ""syscall"",type: ""Artifact"",version: ""0"",hash: ""dad8060afb623b2bfbd2a187dcb7a3a0""})"
"(:VERTEX {path: ""/proc/189078/task/58/comm"",subtype: ""file"",permissions: ""0644"",epoch: ""0"",source: ""syscall"",type: ""Artifact"",version: ""0"",hash: ""13e46713d9afcd022c5d364afbe480da""})"
"(:VERTEX {subtype: ""unnamed pipe"",tgid: ""189078"",epoch: ""8"",source: ""syscall"",read fd: ""196"",type: ""Artifact"",version: ""0"",hash: ""0243139480c6e0ffc70daa0dbd536fd6"",write fd: ""204""})"
"(:VERTEX {memory address: ""7f0857727000"",size: ""11000"",subtype: ""memory"",tgid: ""189893"",source: ""syscall"",type: ""Artifact"",version: ""175"",hash: ""e5f2e668d595614cca87e746af1b5f0e""})"
"(:VERTEX {memory address: ""7f0857727000"",size: ""11000"",subtype: ""memory"",tgid: ""189893"",source: ""syscall"",type: ""Artifact"",version: ""176"",hash: ""c3406c17f7d8f589d7b15a00a3a0fedd""})"
"(:VERTEX {memory address: ""7f0857727000"",size: ""11000"",subtype: ""memory"",tgid: ""189893"",source: ""syscall"",type: ""Artifact"",version: ""177"",hash: ""54252955893c009b2022205ee8ba3d1a""})"
"(:VERTEX {memory address: ""7f0857727000"",size: ""11000"",subtype: ""memory"",tgid: ""189893"",source: ""syscall"",type: ""Artifact"",version: ""178"",hash: ""a83cee3389bbf18c497be97be7fb0389""})"
"(:VERTEX {memory address: ""7f0857727000"",size: ""11000"",subtype: ""memory"",tgid: ""189893"",source: ""syscall"",type: ""Artifact"",version: ""179"",hash: ""e7bb732e2348af7d276a58f8cf791edc""})"
"(:VERTEX {memory address: ""7f0857727000"",size: ""11000"",subtype: ""memory"",tgid: ""189893"",source: ""syscall"",type: ""Artifact"",version: ""180"",hash: ""12b6204faa5b9e743781a8ce7430d8e1""})"
"(:VERTEX {memory address: ""7f0857727000"",size: ""11000"",subtype: ""memory"",tgid: ""189893"",source: ""syscall"",type: ""Artifact"",version: ""181"",hash: ""be22f27b12946adf9f681391e0e9fc29""})"
"(:VERTEX {memory address: ""7f0857727000"",size: ""11000"",subtype: ""memory"",tgid: ""189893"",source: ""syscall"",type: ""Artifact"",version: ""182"",hash: ""acbc6b03fbd2aa735e2699d4d503e7d4""})"
"(:VERTEX {memory address: ""7f0857727000"",size: ""11000"",subtype: ""memory"",tgid: ""189893"",source: ""syscall"",type: ""Artifact"",version: ""183"",hash: ""c02ff6b346ef88c93055a8973b07ff16""})"
"(:VERTEX {memory address: ""7f0857727000"",size: ""11000"",subtype: ""memory"",tgid: ""189893"",source: ""syscall"",type: ""Artifact"",version: ""184"",hash: ""e8a758e7bf42e8ad4d8901e1dd517554""})"
"(:VERTEX {memory address: ""7f0857727000"",size: ""11000"",subtype: ""memory"",tgid: ""189893"",source: ""syscall"",type: ""Artifact"",version: ""185"",hash: ""89687ee709a7f03d93eed77b9a80230a""})"
"(:VERTEX {memory address: ""7f0857727000"",size: ""11000"",subtype: ""memory"",tgid: ""189893"",source: ""syscall"",type: ""Artifact"",version: ""186"",hash: ""6cc8b59756ce680a844151a9eaee7040""})"
"(:VERTEX {memory address: ""7f0857727000"",size: ""11000"",subtype: ""memory"",tgid: ""189893"",source: ""syscall"",type: ""Artifact"",version: ""187"",hash: ""a5dacdda31c6381817120b78e2908793""})"
"(:VERTEX {memory address: ""7f0857727000"",size: ""11000"",subtype: ""memory"",tgid: ""189893"",source: ""syscall"",type: ""Artifact"",version: ""188"",hash: ""74f3352300da7778cdd70cc961413d84""})"
"(:VERTEX {memory address: ""7f0857727000"",size: ""11000"",subtype: ""memory"",tgid: ""189893"",source: ""syscall"",type: ""Artifact"",version: ""189"",hash: ""6279f5234a8c853c09e3f97fa4108108""})"
"(:VERTEX {memory address: ""7f0857727000"",size: ""11000"",subtype: ""memory"",tgid: ""189893"",source: ""syscall"",type: ""Artifact"",version: ""190"",hash: ""a0693e41aa0bcea9c9ba64a79dca7969""})"
"(:VERTEX {memory address: ""7f0857727000"",size: ""11000"",subtype: ""memory"",tgid: ""189893"",source: ""syscall"",type: ""Artifact"",version: ""191"",hash: ""cb1804e3fd665ca922a991c603239d06""})"
"(:VERTEX {memory address: ""7f08578b2000"",size: ""7000"",subtype: ""memory"",tgid: ""189893"",source: ""syscall"",type: ""Artifact"",version: ""15"",hash: ""16dd17cf1bddd19655911df5478b9b4c""})"
"(:VERTEX {memory address: ""7f085772f000"",size: ""9000"",subtype: ""memory"",tgid: ""189893"",source: ""syscall"",type: ""Artifact"",version: ""24"",hash: ""345b705257b14de57fe3ce24f9ac2086""})"
"(:VERTEX {memory address: ""7f08578ea000"",size: ""2000"",subtype: ""memory"",tgid: ""189893"",source: ""syscall"",type: ""Artifact"",version: ""25"",hash: ""cb87c8715d439e1220aff19e4f7dccf0""})"
"(:VERTEX {memory address: ""7f08578b0000"",size: ""2000"",subtype: ""memory"",tgid: ""189893"",source: ""syscall"",type: ""Artifact"",version: ""2"",hash: ""f33102652d1d9a090c6109fdd37081b4""})"
"(:VERTEX {memory address: ""7f0857818000"",size: ""7000"",subtype: ""memory"",tgid: ""189893"",source: ""syscall"",type: ""Artifact"",version: ""56"",hash: ""80c1f6beab6c9f763901871760bbb73d""})"
"(:VERTEX {memory address: ""7f0857726000"",size: ""9000"",subtype: ""memory"",tgid: ""189893"",source: ""syscall"",type: ""Artifact"",version: ""7"",hash: ""51577f805c38e55a046cde27ac78b2b0""})"
"(:VERTEX {memory address: ""7f08578ae000"",size: ""2000"",subtype: ""memory"",tgid: ""189893"",source: ""syscall"",type: ""Artifact"",version: ""9"",hash: ""8414ed7a52de41cb28e6469de4a1fab7""})"
"(:VERTEX {memory address: ""7f0857716000"",size: ""10000"",subtype: ""memory"",tgid: ""189893"",source: ""syscall"",type: ""Artifact"",version: ""0"",hash: ""f20924490cadeb1eea275344eb8c2ddc""})"
"(:VERTEX {memory address: ""7f08556fa000"",size: ""9000"",subtype: ""memory"",tgid: ""189893"",source: ""syscall"",type: ""Artifact"",version: ""66"",hash: ""1937a6e9a99e1368a44c8122327a70af""})"
"(:VERTEX {memory address: ""7f08578ad000"",size: ""1000"",subtype: ""memory"",tgid: ""189893"",source: ""syscall"",type: ""Artifact"",version: ""3"",hash: ""38141f428d69d3e0691559b43bbd3f86""})"
"(:VERTEX {memory address: ""7f08556d9000"",size: ""11000"",subtype: ""memory"",tgid: ""189893"",source: ""syscall"",type: ""Artifact"",version: ""48"",hash: ""badd4631f9096721bee8df24e13b2052""})"
"(:VERTEX {memory address: ""7eff8ff22000"",size: ""e000"",subtype: ""memory"",tgid: ""189122"",source: ""syscall"",type: ""Artifact"",version: ""0"",hash: ""db9ab3c90483053771a32725ed34be32""})"
"(:VERTEX {memory address: ""7eff8ff24000"",size: ""c000"",subtype: ""memory"",tgid: ""189122"",source: ""syscall"",type: ""Artifact"",version: ""0"",hash: ""40686d28cd82af6b49ad791552ca2c0c""})"
"(:VERTEX {memory address: ""7eff8ff18000"",size: ""c000"",subtype: ""memory"",tgid: ""189122"",source: ""syscall"",type: ""Artifact"",version: ""0"",hash: ""adbcbff9e3ca10e01faab7210b28645d""})"
"(:VERTEX {memory address: ""7eff8ff46000"",size: ""4000"",subtype: ""memory"",tgid: ""189122"",source: ""syscall"",type: ""Artifact"",version: ""2"",hash: ""636a8faeb5b03dc9396b132ecd508263""})"
"(:VERTEX {remote port: ""53"",epoch: ""0"",source: ""syscall"",type: ""Artifact"",version: ""0"",local port: ""35923"",net namespace: ""-1"",local address: ""10.1.251.204"",protocol: ""udp"",subtype: ""network socket"",remote address: ""10.152.183.10"",hash: ""9b57c89ec769b1cf2f4544e3e1e2a69a""})"
"(:VERTEX {remote port: ""53"",epoch: ""0"",source: ""syscall"",type: ""Artifact"",version: ""0"",local port: ""49453"",net namespace: ""-1"",local address: ""10.1.251.204"",protocol: ""udp"",subtype: ""network socket"",remote address: ""10.152.183.10"",hash: ""118ffa7291237c50060401a848b3fd9e""})"
"(:VERTEX {memory address: ""7f08556e1000"",size: ""9000"",subtype: ""memory"",tgid: ""189893"",source: ""syscall"",type: ""Artifact"",version: ""39"",hash: ""f27841ba388958e9ac6fb13acae3b97a""})"
"(:VERTEX {memory address: ""7f08556d8000"",size: ""9000"",subtype: ""memory"",tgid: ""189893"",source: ""syscall"",type: ""Artifact"",version: ""32"",hash: ""863b0170ce3bd0a0eefdf54f38f06d93""})"
"(:VERTEX {memory address: ""7f08556cf000"",size: ""9000"",subtype: ""memory"",tgid: ""189893"",source: ""syscall"",type: ""Artifact"",version: ""34"",hash: ""645c116e9d9908944344154226f7bf0a""})"
"(:VERTEX {memory address: ""7f08556c6000"",size: ""9000"",subtype: ""memory"",tgid: ""189893"",source: ""syscall"",type: ""Artifact"",version: ""30"",hash: ""cc90154bc844db7220e48a4060f1a18c""})"
"(:VERTEX {memory address: ""7f08556bd000"",size: ""9000"",subtype: ""memory"",tgid: ""189893"",source: ""syscall"",type: ""Artifact"",version: ""23"",hash: ""ce553bc6124ff8cff9a1ffe16198091d""})"
"(:VERTEX {memory address: ""7f08556b4000"",size: ""9000"",subtype: ""memory"",tgid: ""189893"",source: ""syscall"",type: ""Artifact"",version: ""21"",hash: ""69a177e89469eafa1fed767feecb0e9a""})"
"(:VERTEX {memory address: ""7f08556ab000"",size: ""9000"",subtype: ""memory"",tgid: ""189893"",source: ""syscall"",type: ""Artifact"",version: ""34"",hash: ""58db7b801e1d69966817169c6a0a157f""})"
"(:VERTEX {memory address: ""7f08556a2000"",size: ""9000"",subtype: ""memory"",tgid: ""189893"",source: ""syscall"",type: ""Artifact"",version: ""16"",hash: ""623822b638b53117cb6dfbe4ab48c06a""})"
"(:VERTEX {memory address: ""7f0855699000"",size: ""9000"",subtype: ""memory"",tgid: ""189893"",source: ""syscall"",type: ""Artifact"",version: ""13"",hash: ""ced2918d9d54830074e607c571694dc8""})"
"(:VERTEX {memory address: ""7f0855690000"",size: ""9000"",subtype: ""memory"",tgid: ""189893"",source: ""syscall"",type: ""Artifact"",version: ""19"",hash: ""8b08c408fcbf5fbbd331ea0cbd562800""})"
"(:VERTEX {memory address: ""7f0855687000"",size: ""9000"",subtype: ""memory"",tgid: ""189893"",source: ""syscall"",type: ""Artifact"",version: ""19"",hash: ""fa6c8ee66b323e0004471fe1ab0fedbe""})"
"(:VERTEX {memory address: ""7f0857774000"",size: ""6000"",subtype: ""memory"",tgid: ""189893"",source: ""syscall"",type: ""Artifact"",version: ""16"",hash: ""2fa8d94da57fe8d0b2abcfd8c7552f16""})"
"(:VERTEX {memory address: ""7f085567e000"",size: ""9000"",subtype: ""memory"",tgid: ""189893"",source: ""syscall"",type: ""Artifact"",version: ""12"",hash: ""c9c067fac0d9b090f33a292f7b24ce21""})"
"(:VERTEX {memory address: ""7f0855675000"",size: ""9000"",subtype: ""memory"",tgid: ""189893"",source: ""syscall"",type: ""Artifact"",version: ""14"",hash: ""13cd672ab2a1498546cab24a0e918d64""})"
"(:VERTEX {memory address: ""7f085566c000"",size: ""9000"",subtype: ""memory"",tgid: ""189893"",source: ""syscall"",type: ""Artifact"",version: ""10"",hash: ""3c4632236b3c177b467e0bec76b06f5d""})"
"(:VERTEX {memory address: ""7f0855663000"",size: ""9000"",subtype: ""memory"",tgid: ""189893"",source: ""syscall"",type: ""Artifact"",version: ""12"",hash: ""8cbe6072c97d7f8d7035399e29f9acae""})"
"(:VERTEX {memory address: ""7f085565a000"",size: ""9000"",subtype: ""memory"",tgid: ""189893"",source: ""syscall"",type: ""Artifact"",version: ""14"",hash: ""13e436d1eb5114e61e01a9e956bb0fc8""})"
"(:VERTEX {memory address: ""7f0855651000"",size: ""9000"",subtype: ""memory"",tgid: ""189893"",source: ""syscall"",type: ""Artifact"",version: ""7"",hash: ""de4de2bb35e45168860d88eef346c8f7""})"
"(:VERTEX {memory address: ""7f0857758000"",size: ""7000"",subtype: ""memory"",tgid: ""189893"",source: ""syscall"",type: ""Artifact"",version: ""1"",hash: ""ee8260754bd55fa005be53b6e85ad041""})"
"(:VERTEX {memory address: ""7f08556b4000"",size: ""9000"",subtype: ""memory"",tgid: ""189893"",source: ""syscall"",type: ""Artifact"",version: ""22"",hash: ""935793a2afc760079526d1d296a77f25""})"
"(:VERTEX {memory address: ""7f085567e000"",size: ""9000"",subtype: ""memory"",tgid: ""189893"",source: ""syscall"",type: ""Artifact"",version: ""13"",hash: ""7d739f7dc18c9b5cd14b5f9e6d5d4d1d""})"
"(:VERTEX {memory address: ""7f085565a000"",size: ""9000"",subtype: ""memory"",tgid: ""189893"",source: ""syscall"",type: ""Artifact"",version: ""15"",hash: ""3b90b16927af5e06a7ec6ad36764c2f5""})"
"(:VERTEX {memory address: ""7f0855643000"",size: ""e000"",subtype: ""memory"",tgid: ""189893"",source: ""syscall"",type: ""Artifact"",version: ""0"",hash: ""29f16f8c3f471636c48d448a017b8e3c""})"
"(:VERTEX {memory address: ""7f085567e000"",size: ""9000"",subtype: ""memory"",tgid: ""189893"",source: ""syscall"",type: ""Artifact"",version: ""14"",hash: ""a110c5523f1372572ce42ab8f90af64b""})"
"(:VERTEX {memory address: ""7f085565a000"",size: ""9000"",subtype: ""memory"",tgid: ""189893"",source: ""syscall"",type: ""Artifact"",version: ""16"",hash: ""a9e0a882cba5b94ac46b6b8a0e276583""})"
"(:VERTEX {memory address: ""7f085563a000"",size: ""9000"",subtype: ""memory"",tgid: ""189893"",source: ""syscall"",type: ""Artifact"",version: ""1"",hash: ""0b141ec2d4e0cc9b7c8e8ff2f5e7512a""})"
"(:VERTEX {memory address: ""7f0855631000"",size: ""9000"",subtype: ""memory"",tgid: ""189893"",source: ""syscall"",type: ""Artifact"",version: ""2"",hash: ""2c240f60973031431cf5299d7bfca41f""})"
"(:VERTEX {memory address: ""7f0855621000"",size: ""10000"",subtype: ""memory"",tgid: ""189893"",source: ""syscall"",type: ""Artifact"",version: ""0"",hash: ""f25311da9bed4f237f1252c4b2738fdf""})"
"(:VERTEX {memory address: ""7f0855628000"",size: ""9000"",subtype: ""memory"",tgid: ""189893"",source: ""syscall"",type: ""Artifact"",version: ""2"",hash: ""e1c3bfecd05c861b2ca81458a8073be5""})"
"(:VERTEX {memory address: ""7f0855618000"",size: ""10000"",subtype: ""memory"",tgid: ""189893"",source: ""syscall"",type: ""Artifact"",version: ""0"",hash: ""43027c9949cb18cf5fde95a3e2580a73""})"
"(:VERTEX {memory address: ""7f0857758000"",size: ""7000"",subtype: ""memory"",tgid: ""189893"",source: ""syscall"",type: ""Artifact"",version: ""2"",hash: ""2fcf95e37f1d73a59eb0e2d50d6cdb89""})"
"(:VERTEX {memory address: ""7f085567e000"",size: ""9000"",subtype: ""memory"",tgid: ""189893"",source: ""syscall"",type: ""Artifact"",version: ""15"",hash: ""4157c58c55ac4434d16de379f684cca2""})"
"(:VERTEX {memory address: ""7f085565a000"",size: ""9000"",subtype: ""memory"",tgid: ""189893"",source: ""syscall"",type: ""Artifact"",version: ""17"",hash: ""aa40cef79ffe7a02d2e24f828772d535""})"
"(:VERTEX {memory address: ""7f0857758000"",size: ""7000"",subtype: ""memory"",tgid: ""189893"",source: ""syscall"",type: ""Artifact"",version: ""3"",hash: ""04e78234fd433bda4a274ce76987d189""})"
"(:VERTEX {memory address: ""7f085567e000"",size: ""9000"",subtype: ""memory"",tgid: ""189893"",source: ""syscall"",type: ""Artifact"",version: ""16"",hash: ""f44a7d337c66feef0a4a4d085b7f3092""})"
"(:VERTEX {memory address: ""7f085565a000"",size: ""9000"",subtype: ""memory"",tgid: ""189893"",source: ""syscall"",type: ""Artifact"",version: ""18"",hash: ""c728d719ab45d7c564b69647c0ff0326""})"
"(:VERTEX {memory address: ""7f0855641000"",size: ""10000"",subtype: ""memory"",tgid: ""189893"",source: ""syscall"",type: ""Artifact"",version: ""0"",hash: ""7e3d4a5041ff4d4eacf86941fa1c9bdc""})"
"(:VERTEX {memory address: ""7f0857758000"",size: ""7000"",subtype: ""memory"",tgid: ""189893"",source: ""syscall"",type: ""Artifact"",version: ""4"",hash: ""092a0d30aed5e040272753bfc3ac2fac""})"
"(:VERTEX {memory address: ""7f085567e000"",size: ""9000"",subtype: ""memory"",tgid: ""189893"",source: ""syscall"",type: ""Artifact"",version: ""17"",hash: ""7db97ecae71f44dd139362782c4d9692""})"
"(:VERTEX {memory address: ""7f0855638000"",size: ""9000"",subtype: ""memory"",tgid: ""189893"",source: ""syscall"",type: ""Artifact"",version: ""0"",hash: ""5803017ab724ed59e1cfe8c6cdda1724""})"
"(:VERTEX {memory address: ""7f085567f000"",size: ""8000"",subtype: ""memory"",tgid: ""189893"",source: ""syscall"",type: ""Artifact"",version: ""0"",hash: ""223430fffd73e65676c24e863d25b847""})"
"(:VERTEX {memory address: ""7f0855648000"",size: ""9000"",subtype: ""memory"",tgid: ""189893"",source: ""syscall"",type: ""Artifact"",version: ""8"",hash: ""84ab2c490707fe241f558db58a626060""})"
"(:VERTEX {memory address: ""7f085562f000"",size: ""9000"",subtype: ""memory"",tgid: ""189893"",source: ""syscall"",type: ""Artifact"",version: ""0"",hash: ""705b44de2b80c21b6304334ead2c9c4e""})"
"(:VERTEX {memory address: ""7f0855626000"",size: ""9000"",subtype: ""memory"",tgid: ""189893"",source: ""syscall"",type: ""Artifact"",version: ""0"",hash: ""0852ccbe80637ce2fbebe9b6bb7cae81""})"
"(:VERTEX {memory address: ""7f085561d000"",size: ""9000"",subtype: ""memory"",tgid: ""189893"",source: ""syscall"",type: ""Artifact"",version: ""0"",hash: ""5ff19114bd4713dc2260957fe30b2a25""})"
"(:VERTEX {memory address: ""7f085780c000"",size: ""4000"",subtype: ""memory"",tgid: ""189893"",source: ""syscall"",type: ""Artifact"",version: ""13"",hash: ""1eab0dd14a8c7cec1f5a984a86952716""})"
"(:VERTEX {memory address: ""7f0857758000"",size: ""7000"",subtype: ""memory"",tgid: ""189893"",source: ""syscall"",type: ""Artifact"",version: ""5"",hash: ""3b30344ab0f4539d5da83c4b24855a3b""})"
"(:VERTEX {memory address: ""7f085567e000"",size: ""9000"",subtype: ""memory"",tgid: ""189893"",source: ""syscall"",type: ""Artifact"",version: ""18"",hash: ""9ec63290db5d9fd46e7a1b2b8cc161df""})"
"(:VERTEX {memory address: ""7f0855648000"",size: ""9000"",subtype: ""memory"",tgid: ""189893"",source: ""syscall"",type: ""Artifact"",version: ""9"",hash: ""219e54728d21c021d2dd975bcdcd5b52""})"
"(:VERTEX {memory address: ""7f0855641000"",size: ""10000"",subtype: ""memory"",tgid: ""189893"",source: ""syscall"",type: ""Artifact"",version: ""1"",hash: ""96073b2de58f914ebca4f6e7caa35b17""})"
"(:VERTEX {memory address: ""7f0855641000"",size: ""10000"",subtype: ""memory"",tgid: ""189893"",source: ""syscall"",type: ""Artifact"",version: ""2"",hash: ""f051badf828898eda31f80b2395bf766""})"
"(:VERTEX {memory address: ""7f085560a000"",size: ""13000"",subtype: ""memory"",tgid: ""189893"",source: ""syscall"",type: ""Artifact"",version: ""0"",hash: ""6809de51631b75fc80176c823b179fd8""})"
"(:VERTEX {memory address: ""7f085567e000"",size: ""9000"",subtype: ""memory"",tgid: ""189893"",source: ""syscall"",type: ""Artifact"",version: ""19"",hash: ""2415e751fc565bb1b1785308e9d0efc3""})"
"(:VERTEX {memory address: ""7f085780c000"",size: ""4000"",subtype: ""memory"",tgid: ""189893"",source: ""syscall"",type: ""Artifact"",version: ""14"",hash: ""b57d5b7609561719a2bffb2072b2c5bb""})"
"(:VERTEX {memory address: ""7f0857758000"",size: ""7000"",subtype: ""memory"",tgid: ""189893"",source: ""syscall"",type: ""Artifact"",version: ""6"",hash: ""0cc596b973aada167f535740d2335015""})"
"(:VERTEX {memory address: ""7f085567e000"",size: ""9000"",subtype: ""memory"",tgid: ""189893"",source: ""syscall"",type: ""Artifact"",version: ""20"",hash: ""520f4ea3bc001013a14644cd110b50b6""})"
"(:VERTEX {memory address: ""7f0855641000"",size: ""10000"",subtype: ""memory"",tgid: ""189893"",source: ""syscall"",type: ""Artifact"",version: ""3"",hash: ""49b2a4e791142d8a42b596dd085be317""})"
"(:VERTEX {memory address: ""7f0855641000"",size: ""10000"",subtype: ""memory"",tgid: ""189893"",source: ""syscall"",type: ""Artifact"",version: ""4"",hash: ""498300f3ac58b766e0fa64960c907883""})"
"(:VERTEX {memory address: ""7f0855641000"",size: ""10000"",subtype: ""memory"",tgid: ""189893"",source: ""syscall"",type: ""Artifact"",version: ""5"",hash: ""4b0d254575b035f01e60c25350ba905a""})"
"(:VERTEX {memory address: ""7f085562f000"",size: ""9000"",subtype: ""memory"",tgid: ""189893"",source: ""syscall"",type: ""Artifact"",version: ""1"",hash: ""3ca7d57b69cc751a298af8059ee7a3d5""})"
"(:VERTEX {memory address: ""7f0855626000"",size: ""9000"",subtype: ""memory"",tgid: ""189893"",source: ""syscall"",type: ""Artifact"",version: ""1"",hash: ""2a007b18f6768f354e5bec2eb8856b78""})"
"(:VERTEX {memory address: ""7f0855614000"",size: ""9000"",subtype: ""memory"",tgid: ""189893"",source: ""syscall"",type: ""Artifact"",version: ""0"",hash: ""bcad7b21bb3677aa43b029d399502280""})"
"(:VERTEX {memory address: ""7f085560b000"",size: ""9000"",subtype: ""memory"",tgid: ""189893"",source: ""syscall"",type: ""Artifact"",version: ""0"",hash: ""6a43107a059cd35d14fb5bd541ed7f0b""})"
"(:VERTEX {memory address: ""7f0855641000"",size: ""10000"",subtype: ""memory"",tgid: ""189893"",source: ""syscall"",type: ""Artifact"",version: ""6"",hash: ""7e217a080fd46f20dbcf73e60da8841d""})"
"(:VERTEX {memory address: ""7f0855641000"",size: ""10000"",subtype: ""memory"",tgid: ""189893"",source: ""syscall"",type: ""Artifact"",version: ""7"",hash: ""b827d0e8cb64b08b5f53ea411fe016a9""})"
"(:VERTEX {memory address: ""7f0857759000"",size: ""6000"",subtype: ""memory"",tgid: ""189893"",source: ""syscall"",type: ""Artifact"",version: ""3"",hash: ""f110810d3d65153b4284854c64e6abac""})"
"(:VERTEX {memory address: ""7f085562f000"",size: ""9000"",subtype: ""memory"",tgid: ""189893"",source: ""syscall"",type: ""Artifact"",version: ""2"",hash: ""2ac252e9160b354d56726e027a347dbc""})"
"(:VERTEX {memory address: ""7f0855626000"",size: ""9000"",subtype: ""memory"",tgid: ""189893"",source: ""syscall"",type: ""Artifact"",version: ""2"",hash: ""40ba75025bd761797e8ca9fbd7d3a7ee""})"
"(:VERTEX {memory address: ""7f0855606000"",size: ""e000"",subtype: ""memory"",tgid: ""189893"",source: ""syscall"",type: ""Artifact"",version: ""0"",hash: ""03e4367009da9b3c4ec9d0fcdb4e60c3""})"
"(:VERTEX {memory address: ""7f0855626000"",size: ""9000"",subtype: ""memory"",tgid: ""189893"",source: ""syscall"",type: ""Artifact"",version: ""3"",hash: ""7ec0efff373e75288c177abd02b2aea4""})"
"(:VERTEX {memory address: ""7f085560b000"",size: ""9000"",subtype: ""memory"",tgid: ""189893"",source: ""syscall"",type: ""Artifact"",version: ""1"",hash: ""806db40b0b406aec31b4fd3f15b20c8f""})"
"(:VERTEX {memory address: ""7f08555fd000"",size: ""e000"",subtype: ""memory"",tgid: ""189893"",source: ""syscall"",type: ""Artifact"",version: ""0"",hash: ""604dfe8d95ecb2ffbaba567ca2342a6c""})"
"(:VERTEX {memory address: ""7f08555f4000"",size: ""9000"",subtype: ""memory"",tgid: ""189893"",source: ""syscall"",type: ""Artifact"",version: ""5"",hash: ""fb145024a69135dd748158ab26b80cc4""})"
"(:VERTEX {memory address: ""7f0857772000"",size: ""8000"",subtype: ""memory"",tgid: ""189893"",source: ""syscall"",type: ""Artifact"",version: ""14"",hash: ""4f6646c5a2e866e24a1eeddb828c4278""})"
"(:VERTEX {memory address: ""7f08556b4000"",size: ""9000"",subtype: ""memory"",tgid: ""189893"",source: ""syscall"",type: ""Artifact"",version: ""23"",hash: ""3e7ef5f25d563a837da6a267cf366152""})"
"(:VERTEX {memory address: ""7f0857758000"",size: ""7000"",subtype: ""memory"",tgid: ""189893"",source: ""syscall"",type: ""Artifact"",version: ""7"",hash: ""3d04d04a9cb03d292c4ebfa384dfd6d5""})"
"(:VERTEX {memory address: ""7f08556e1000"",size: ""9000"",subtype: ""memory"",tgid: ""189893"",source: ""syscall"",type: ""Artifact"",version: ""40"",hash: ""68621172ff987d17cc92d25cac6f405e""})"
"(:VERTEX {memory address: ""7f08556ab000"",size: ""9000"",subtype: ""memory"",tgid: ""189893"",source: ""syscall"",type: ""Artifact"",version: ""35"",hash: ""d485abbf6041855ac6340d490a5933fd""})"
"(:VERTEX {memory address: ""7f08556a2000"",size: ""9000"",subtype: ""memory"",tgid: ""189893"",source: ""syscall"",type: ""Artifact"",version: ""17"",hash: ""2adf91e76a127ac3eac2d1e8a0ca3866""})"
"(:VERTEX {memory address: ""7f0855679000"",size: ""e000"",subtype: ""memory"",tgid: ""189893"",source: ""syscall"",type: ""Artifact"",version: ""0"",hash: ""ce46cadd060c06e5e525d6c4b597c51b""})"
"(:VERTEX {memory address: ""7f0855699000"",size: ""9000"",subtype: ""memory"",tgid: ""189893"",source: ""syscall"",type: ""Artifact"",version: ""14"",hash: ""dba760bdb631328788a59c80d2ae36f6""})"
"(:VERTEX {memory address: ""7f0855670000"",size: ""9000"",subtype: ""memory"",tgid: ""189893"",source: ""syscall"",type: ""Artifact"",version: ""1"",hash: ""3007e3ba79f19277b7d70b7fe1c92aa2""})"
"(:VERTEX {memory address: ""7f085565a000"",size: ""9000"",subtype: ""memory"",tgid: ""189893"",source: ""syscall"",type: ""Artifact"",version: ""19"",hash: ""85ec359763c37b7e64b0a5d75c973516""})"
"(:VERTEX {memory address: ""7f0855679000"",size: ""e000"",subtype: ""memory"",tgid: ""189893"",source: ""syscall"",type: ""Artifact"",version: ""1"",hash: ""cb2754dad38b405bf69dabf2a79f036e""})"
"(:VERTEX {memory address: ""7f08556e1000"",size: ""9000"",subtype: ""memory"",tgid: ""189893"",source: ""syscall"",type: ""Artifact"",version: ""41"",hash: ""c28f95675c0fbcd0f095344d728f2c35""})"
"(:VERTEX {memory address: ""7f0855687000"",size: ""9000"",subtype: ""memory"",tgid: ""189893"",source: ""syscall"",type: ""Artifact"",version: ""20"",hash: ""d433f1d3f7f9950bdc4f95f189009cc7""})"
"(:VERTEX {memory address: ""7f08556e1000"",size: ""9000"",subtype: ""memory"",tgid: ""189893"",source: ""syscall"",type: ""Artifact"",version: ""42"",hash: ""50490151f416f15df646394fa2cc827a""})"
"(:VERTEX {memory address: ""7f08556e1000"",size: ""9000"",subtype: ""memory"",tgid: ""189893"",source: ""syscall"",type: ""Artifact"",version: ""43"",hash: ""648b276b569fa6ae55975ce57bb3a9f8""})"
"(:VERTEX {memory address: ""7f08556d8000"",size: ""9000"",subtype: ""memory"",tgid: ""189893"",source: ""syscall"",type: ""Artifact"",version: ""33"",hash: ""c0bd92b7f318176938bafd4e7eabe707""})"
"(:VERTEX {memory address: ""7f085780c000"",size: ""4000"",subtype: ""memory"",tgid: ""189893"",source: ""syscall"",type: ""Artifact"",version: ""15"",hash: ""62d3ba7dab03583d53e8d0ecd77e5804""})"
"(:VERTEX {memory address: ""7f08556d9000"",size: ""11000"",subtype: ""memory"",tgid: ""189893"",source: ""syscall"",type: ""Artifact"",version: ""49"",hash: ""28f7332fbc032665951281468922c069""})"
"(:VERTEX {memory address: ""7f08578b0000"",size: ""9000"",subtype: ""memory"",tgid: ""189893"",source: ""syscall"",type: ""Artifact"",version: ""37"",hash: ""638e9e4890c3229b21b3a3938d3c8ed4""})"
"(:VERTEX {memory address: ""7f0857727000"",size: ""11000"",subtype: ""memory"",tgid: ""189893"",source: ""syscall"",type: ""Artifact"",version: ""192"",hash: ""21b32a36a96b54b66812019a527ebfb3""})"
"(:VERTEX {memory address: ""7f0857727000"",size: ""11000"",subtype: ""memory"",tgid: ""189893"",source: ""syscall"",type: ""Artifact"",version: ""193"",hash: ""f142639d4fa63e61f61c9506d1a76537""})"
"(:VERTEX {memory address: ""7f0857727000"",size: ""11000"",subtype: ""memory"",tgid: ""189893"",source: ""syscall"",type: ""Artifact"",version: ""194"",hash: ""030cd959292d1557a61a233413598e51""})"
"(:VERTEX {memory address: ""7f0857727000"",size: ""11000"",subtype: ""memory"",tgid: ""189893"",source: ""syscall"",type: ""Artifact"",version: ""195"",hash: ""7899d9e113a6f0764ce01661af902755""})"
"(:VERTEX {memory address: ""7f0857727000"",size: ""11000"",subtype: ""memory"",tgid: ""189893"",source: ""syscall"",type: ""Artifact"",version: ""196"",hash: ""03a5dbf7050e073d72e9c68b1105302f""})"
"(:VERTEX {memory address: ""7f0857727000"",size: ""11000"",subtype: ""memory"",tgid: ""189893"",source: ""syscall"",type: ""Artifact"",version: ""197"",hash: ""d2ee91ee555a68873c4531ba719d170b""})"
"(:VERTEX {memory address: ""7f0857727000"",size: ""11000"",subtype: ""memory"",tgid: ""189893"",source: ""syscall"",type: ""Artifact"",version: ""198"",hash: ""21915f87880d01805b7d9fee262b73f3""})"
"(:VERTEX {memory address: ""c000600000"",size: ""200000"",subtype: ""memory"",tgid: ""189107"",source: ""syscall"",type: ""Artifact"",version: ""0"",hash: ""f9339d2e3972bc7ff047a892ee6d130b""})"
"(:VERTEX {gid: ""1000"",euid: ""1000"",children pid namespace: ""-1"",pid: ""189107"",seen time: ""1690980834.384"",source: ""syscall"",type: ""Process"",net namespace: ""-1"",ipc namespace: ""-1"",ppid: ""59160"",pid namespace: ""-1"",uid: ""1000"",egid: ""1000"",exe: ""/src/server"",mount namespace: ""-1"",name: ""server"",hash: ""387a23e010fd5a3b8d78fcb00e7d21a9"",user namespace: ""-1""})"
"(:VERTEX {memory address: ""c00064e000"",size: ""10000"",subtype: ""memory"",tgid: ""189107"",source: ""syscall"",type: ""Artifact"",version: ""0"",hash: ""28c4ab5be65af697338a81921234f1b3""})"
"(:VERTEX {memory address: ""c00063e000"",size: ""10000"",subtype: ""memory"",tgid: ""189107"",source: ""syscall"",type: ""Artifact"",version: ""0"",hash: ""ada2c9907c2132c750974dcd83dc23ed""})"
"(:VERTEX {memory address: ""c00062e000"",size: ""10000"",subtype: ""memory"",tgid: ""189107"",source: ""syscall"",type: ""Artifact"",version: ""0"",hash: ""cb59922a4ce4de4809b4b8ff982e5253""})"
"(:VERTEX {memory address: ""c00061e000"",size: ""10000"",subtype: ""memory"",tgid: ""189107"",source: ""syscall"",type: ""Artifact"",version: ""0"",hash: ""747b914cef1ade416345742d3fe4a5c8""})"
"(:VERTEX {memory address: ""c00060e000"",size: ""10000"",subtype: ""memory"",tgid: ""189107"",source: ""syscall"",type: ""Artifact"",version: ""0"",hash: ""2db581f1056f730dee2d0a4cb2517506""})"
"(:VERTEX {memory address: ""c000600000"",size: ""e000"",subtype: ""memory"",tgid: ""189107"",source: ""syscall"",type: ""Artifact"",version: ""0"",hash: ""fd18c721520f378cd3b0e6a2c7c501c0""})"
"(:VERTEX {memory address: ""c000400000"",size: ""200000"",subtype: ""memory"",tgid: ""189107"",source: ""syscall"",type: ""Artifact"",version: ""0"",hash: ""d72d4b93617122ddf664fd94908a93b2""})"
"(:VERTEX {memory address: ""c0005fc000"",size: ""2000"",subtype: ""memory"",tgid: ""189107"",source: ""syscall"",type: ""Artifact"",version: ""0"",hash: ""8347a01a702d28cc2463dcea423f0472""})"
"(:VERTEX {memory address: ""7f0857727000"",size: ""11000"",subtype: ""memory"",tgid: ""189893"",source: ""syscall"",type: ""Artifact"",version: ""199"",hash: ""38c29f5ed604f7093bfae7561b941af7""})"
"(:VERTEX {memory address: ""7f0857727000"",size: ""11000"",subtype: ""memory"",tgid: ""189893"",source: ""syscall"",type: ""Artifact"",version: ""200"",hash: ""5ad69a5bcc719444388ebe1f3699d01d""})"
"(:VERTEX {memory address: ""7f0857727000"",size: ""11000"",subtype: ""memory"",tgid: ""189893"",source: ""syscall"",type: ""Artifact"",version: ""201"",hash: ""44ca2468f31ad76e50aca2a12fdb996c""})"
"(:VERTEX {memory address: ""7f0857727000"",size: ""11000"",subtype: ""memory"",tgid: ""189893"",source: ""syscall"",type: ""Artifact"",version: ""202"",hash: ""425dfdffab30960802d41a64fe107dd4""})"
"(:VERTEX {memory address: ""7f0857727000"",size: ""11000"",subtype: ""memory"",tgid: ""189893"",source: ""syscall"",type: ""Artifact"",version: ""203"",hash: ""e682854ffceabef72d8e65cf1b5848e1""})"
"(:VERTEX {memory address: ""7f0857727000"",size: ""11000"",subtype: ""memory"",tgid: ""189893"",source: ""syscall"",type: ""Artifact"",version: ""204"",hash: ""69c094e064ab982f7eddeba5d9c7f19b""})"
"(:VERTEX {memory address: ""7f0857727000"",size: ""11000"",subtype: ""memory"",tgid: ""189893"",source: ""syscall"",type: ""Artifact"",version: ""205"",hash: ""f4bce1bac9a3285c0fc34c66eb5c1875""})"
"(:VERTEX {memory address: ""7f0857727000"",size: ""11000"",subtype: ""memory"",tgid: ""189893"",source: ""syscall"",type: ""Artifact"",version: ""206"",hash: ""9b085638889d3a178e99c4ff0f3a5730""})"
"(:VERTEX {memory address: ""7f0857727000"",size: ""11000"",subtype: ""memory"",tgid: ""189893"",source: ""syscall"",type: ""Artifact"",version: ""207"",hash: ""fe584ef9fc7b79fa37214c20da118294""})"
"(:VERTEX {memory address: ""7f0857727000"",size: ""11000"",subtype: ""memory"",tgid: ""189893"",source: ""syscall"",type: ""Artifact"",version: ""208"",hash: ""e837735ee69cc14f33e39f337ce50bfc""})"
"(:VERTEX {memory address: ""7f0857727000"",size: ""11000"",subtype: ""memory"",tgid: ""189893"",source: ""syscall"",type: ""Artifact"",version: ""209"",hash: ""1bb6d0205f61744b3f42c355e68673c9""})"
"(:VERTEX {memory address: ""7f0857727000"",size: ""11000"",subtype: ""memory"",tgid: ""189893"",source: ""syscall"",type: ""Artifact"",version: ""210"",hash: ""6c2526408f1c1b25803235251c24f8d4""})"
"(:VERTEX {memory address: ""21baa6b00000"",size: ""40000"",subtype: ""memory"",tgid: ""189893"",source: ""syscall"",type: ""Artifact"",version: ""8"",hash: ""54e1353d4ebc3e21d7fd3baefbc3286f""})"
"(:VERTEX {memory address: ""3a9016940000"",size: ""40000"",subtype: ""memory"",tgid: ""189893"",source: ""syscall"",type: ""Artifact"",version: ""8"",hash: ""cacc430d55eb4fe5180e30db2e686e62""})"
"(:VERTEX {memory address: ""29d66fb00000"",size: ""40000"",subtype: ""memory"",tgid: ""189893"",source: ""syscall"",type: ""Artifact"",version: ""8"",hash: ""e41c29b4471b2c9a6fde79a3fd460e6b""})"
"(:VERTEX {memory address: ""2b3f79e80000"",size: ""40000"",subtype: ""memory"",tgid: ""189893"",source: ""syscall"",type: ""Artifact"",version: ""8"",hash: ""8d28a076190b17c26479deec94542c34""})"
"(:VERTEX {memory address: ""7f0857908000"",size: ""1000"",subtype: ""memory"",tgid: ""189893"",source: ""syscall"",type: ""Artifact"",version: ""13"",hash: ""651d0bfd15ee1e70be39489cdf2d30c4""})"
"(:VERTEX {memory address: ""7f08578b5000"",size: ""4000"",subtype: ""memory"",tgid: ""189893"",source: ""syscall"",type: ""Artifact"",version: ""13"",hash: ""ff58726b51a58cedc41808423caffdbf""})"
"(:VERTEX {memory address: ""3406f5a00000"",size: ""40000"",subtype: ""memory"",tgid: ""189893"",source: ""syscall"",type: ""Artifact"",version: ""17"",hash: ""0fb408825d0146aa32a28bdb933beb98""})"
"(:VERTEX {memory address: ""332ff05c0000"",size: ""40000"",subtype: ""memory"",tgid: ""189893"",source: ""syscall"",type: ""Artifact"",version: ""18"",hash: ""6c1409e161df8e45e18bd89ac89fe4a5""})"
"(:VERTEX {memory address: ""33a2d79c0000"",size: ""40000"",subtype: ""memory"",tgid: ""189893"",source: ""syscall"",type: ""Artifact"",version: ""18"",hash: ""897ea5cd02a4b8e1a500dcb2e05edd31""})"
"(:VERTEX {memory address: ""f46fd9c0000"",size: ""40000"",subtype: ""memory"",tgid: ""189893"",source: ""syscall"",type: ""Artifact"",version: ""18"",hash: ""664833e9357c197c4510f64fafaa04b9""})"
"(:VERTEX {memory address: ""7f0857727000"",size: ""11000"",subtype: ""memory"",tgid: ""189893"",source: ""syscall"",type: ""Artifact"",version: ""211"",hash: ""fd15ccbe256b063802e2a47ad5fe424a""})"
"(:VERTEX {memory address: ""7f0857727000"",size: ""11000"",subtype: ""memory"",tgid: ""189893"",source: ""syscall"",type: ""Artifact"",version: ""212"",hash: ""2ed322f5eb0ba2c257d29ce60a36c166""})"
"(:VERTEX {memory address: ""7f0857727000"",size: ""11000"",subtype: ""memory"",tgid: ""189893"",source: ""syscall"",type: ""Artifact"",version: ""213"",hash: ""85194cd3b6aac9123c1b749cc0b423a9""})"
"(:VERTEX {memory address: ""7f0857727000"",size: ""11000"",subtype: ""memory"",tgid: ""189893"",source: ""syscall"",type: ""Artifact"",version: ""214"",hash: ""318d8a7754c1448b4abaed1bae82901c""})"
"(:VERTEX {memory address: ""7f0857727000"",size: ""11000"",subtype: ""memory"",tgid: ""189893"",source: ""syscall"",type: ""Artifact"",version: ""215"",hash: ""754ed2e1a9affe4f817e7fbb8a6d856a""})"
"(:VERTEX {memory address: ""7f0857727000"",size: ""11000"",subtype: ""memory"",tgid: ""189893"",source: ""syscall"",type: ""Artifact"",version: ""216"",hash: ""54f6e52dffcf91b06d1b3067b23436e4""})"
"(:VERTEX {memory address: ""7f0857727000"",size: ""11000"",subtype: ""memory"",tgid: ""189893"",source: ""syscall"",type: ""Artifact"",version: ""217"",hash: ""c851a34a21ff94ac074c1c55cae25321""})"
"(:VERTEX {remote port: ""53"",epoch: ""0"",source: ""syscall"",type: ""Artifact"",version: ""0"",local port: ""57594"",net namespace: ""-1"",local address: ""10.1.251.204"",protocol: ""udp"",subtype: ""network socket"",remote address: ""10.152.183.10"",hash: ""6e732d8dbce37a5da23ee6a92807b27d""})"
"(:VERTEX {remote port: ""53"",epoch: ""0"",source: ""syscall"",type: ""Artifact"",version: ""0"",local port: ""46717"",net namespace: ""-1"",local address: ""10.1.251.204"",protocol: ""udp"",subtype: ""network socket"",remote address: ""10.152.183.10"",hash: ""f14ea4a4c1450f0a288f198deec96445""})"
"(:VERTEX {memory address: ""c000600000"",size: ""200000"",subtype: ""memory"",tgid: ""189019"",source: ""syscall"",type: ""Artifact"",version: ""0"",hash: ""c39de95cb2fa732eb163b86e87dba0a1""})"
"(:VERTEX {gid: ""1000"",euid: ""1000"",children pid namespace: ""-1"",pid: ""189019"",seen time: ""1690980835.496"",source: ""syscall"",type: ""Process"",net namespace: ""-1"",ipc namespace: ""-1"",ppid: ""58532"",pid namespace: ""-1"",uid: ""1000"",egid: ""1000"",exe: ""/src/checkoutservice"",mount namespace: ""-1"",name: ""checkoutservice"",hash: ""ea14657c822647324477bf1a08eb6348"",user namespace: ""-1""})"
"(:VERTEX {memory address: ""c000678000"",size: ""8000"",subtype: ""memory"",tgid: ""189019"",source: ""syscall"",type: ""Artifact"",version: ""0"",hash: ""2ab7327aedd6f072e87c8295b43bcd08""})"
"(:VERTEX {memory address: ""c000400000"",size: ""200000"",subtype: ""memory"",tgid: ""189019"",source: ""syscall"",type: ""Artifact"",version: ""0"",hash: ""9a1f2acda89bac209c4115199165a1a5""})"
"(:VERTEX {memory address: ""c00053c000"",size: ""8000"",subtype: ""memory"",tgid: ""189019"",source: ""syscall"",type: ""Artifact"",version: ""0"",hash: ""c44cad235c71c0ecca2ea9e6b4df4788""})"
"(:VERTEX {memory address: ""c000524000"",size: ""4000"",subtype: ""memory"",tgid: ""189019"",source: ""syscall"",type: ""Artifact"",version: ""0"",hash: ""1ab534e8b7e3514e7a63f11861ba3719""})"
"(:VERTEX {memory address: ""c000516000"",size: ""c000"",subtype: ""memory"",tgid: ""189019"",source: ""syscall"",type: ""Artifact"",version: ""0"",hash: ""006b9be00946cffa572859b95c400b6b""})"
"(:VERTEX {memory address: ""c000512000"",size: ""4000"",subtype: ""memory"",tgid: ""189019"",source: ""syscall"",type: ""Artifact"",version: ""0"",hash: ""880835553114a2e616bb457d7878f09e""})"
"(:VERTEX {memory address: ""c000502000"",size: ""6000"",subtype: ""memory"",tgid: ""189019"",source: ""syscall"",type: ""Artifact"",version: ""0"",hash: ""6ab8e0a2430763b05d1fbb4dbb446fcd""})"
"(:VERTEX {memory address: ""c0004fa000"",size: ""2000"",subtype: ""memory"",tgid: ""189019"",source: ""syscall"",type: ""Artifact"",version: ""0"",hash: ""157ee78185b1eba92ff6a50984cee002""})"
"(:VERTEX {memory address: ""c0004ec000"",size: ""4000"",subtype: ""memory"",tgid: ""189019"",source: ""syscall"",type: ""Artifact"",version: ""0"",hash: ""ebbc28c5333fba0c225fc5f247908d60""})"
"(:VERTEX {memory address: ""c0004e0000"",size: ""c000"",subtype: ""memory"",tgid: ""189019"",source: ""syscall"",type: ""Artifact"",version: ""0"",hash: ""a6a3508c5085e87819d65535b1cb1dc6""})"
"(:VERTEX {memory address: ""c0004c4000"",size: ""4000"",subtype: ""memory"",tgid: ""189019"",source: ""syscall"",type: ""Artifact"",version: ""0"",hash: ""e6a7799734a51582486f9c29d7273ce6""})"
"(:VERTEX {memory address: ""c00069a000"",size: ""10000"",subtype: ""memory"",tgid: ""189019"",source: ""syscall"",type: ""Artifact"",version: ""0"",hash: ""2e92f6590595aa6f76435972ae0f2455""})"
"(:VERTEX {memory address: ""c000692000"",size: ""8000"",subtype: ""memory"",tgid: ""189019"",source: ""syscall"",type: ""Artifact"",version: ""0"",hash: ""1510b363226e2433b720aed4d656aa33""})"
"(:VERTEX {memory address: ""c000682000"",size: ""8000"",subtype: ""memory"",tgid: ""189019"",source: ""syscall"",type: ""Artifact"",version: ""0"",hash: ""3de0f2e453ad3e94b3b359ef96164802""})"
"(:VERTEX {memory address: ""c000680000"",size: ""2000"",subtype: ""memory"",tgid: ""189019"",source: ""syscall"",type: ""Artifact"",version: ""0"",hash: ""9beeb4e384eb54e4dfe36fe4b1163a45""})"
"(:VERTEX {memory address: ""c00066a000"",size: ""e000"",subtype: ""memory"",tgid: ""189019"",source: ""syscall"",type: ""Artifact"",version: ""0"",hash: ""68875fb1c327477691ad7a0d320a34bd""})"
"(:VERTEX {memory address: ""c00065a000"",size: ""10000"",subtype: ""memory"",tgid: ""189019"",source: ""syscall"",type: ""Artifact"",version: ""0"",hash: ""cabf8d18f72c735aa7956f758b4de1a1""})"
"(:VERTEX {memory address: ""c000650000"",size: ""a000"",subtype: ""memory"",tgid: ""189019"",source: ""syscall"",type: ""Artifact"",version: ""0"",hash: ""598267c77e3832570bc7b02ee707a3d4""})"
"(:VERTEX {memory address: ""c000648000"",size: ""6000"",subtype: ""memory"",tgid: ""189019"",source: ""syscall"",type: ""Artifact"",version: ""0"",hash: ""e0663be8828bd5e446b1c9fffb43b855""})"
"(:VERTEX {memory address: ""c000638000"",size: ""10000"",subtype: ""memory"",tgid: ""189019"",source: ""syscall"",type: ""Artifact"",version: ""0"",hash: ""3e7a13afa680a319dd2da5b6446f78b4""})"
"(:VERTEX {memory address: ""c000628000"",size: ""10000"",subtype: ""memory"",tgid: ""189019"",source: ""syscall"",type: ""Artifact"",version: ""0"",hash: ""f8cd8d9bae1389437af5cf5d225bf9da""})"
"(:VERTEX {memory address: ""7eff8ff46000"",size: ""4000"",subtype: ""memory"",tgid: ""189122"",source: ""syscall"",type: ""Artifact"",version: ""3"",hash: ""5bcbcc2823b556c7ab2004f7751cec5f""})"
"(:VERTEX {memory address: ""7eff8ff41000"",size: ""9000"",subtype: ""memory"",tgid: ""189122"",source: ""syscall"",type: ""Artifact"",version: ""0"",hash: ""eb38888447d46544f8a90d07f3dc45da""})"
"(:VERTEX {memory address: ""7eff8ff27000"",size: ""9000"",subtype: ""memory"",tgid: ""189122"",source: ""syscall"",type: ""Artifact"",version: ""0"",hash: ""2f59e37f4da630785c2e8b91d34ad409""})"
"(:VERTEX {memory address: ""7eff8fee7000"",size: ""40000"",subtype: ""memory"",tgid: ""189122"",source: ""syscall"",type: ""Artifact"",version: ""0"",hash: ""ff0fd3f81088d61bc5ebf335c82f4cf3""})"
"(:VERTEX {memory address: ""7eff8fede000"",size: ""9000"",subtype: ""memory"",tgid: ""189122"",source: ""syscall"",type: ""Artifact"",version: ""0"",hash: ""66527c9729dcfb619d06ae00469356e3""})"
"(:VERTEX {memory address: ""7eff8f732000"",size: ""80000"",subtype: ""memory"",tgid: ""189122"",source: ""syscall"",type: ""Artifact"",version: ""0"",hash: ""22572c2bdb36f8adac804f27fcd19729""})"
"(:VERTEX {memory address: ""7eff8fede000"",size: ""9000"",subtype: ""memory"",tgid: ""189122"",source: ""syscall"",type: ""Artifact"",version: ""1"",hash: ""fce6dce2780707cd0f03503e1804f758""})"
"(:VERTEX {memory address: ""7eff8fed5000"",size: ""9000"",subtype: ""memory"",tgid: ""189122"",source: ""syscall"",type: ""Artifact"",version: ""0"",hash: ""67c448df1bcc04c83b9ebb32385e6c8c""})"
"(:VERTEX {memory address: ""7eff8fecc000"",size: ""9000"",subtype: ""memory"",tgid: ""189122"",source: ""syscall"",type: ""Artifact"",version: ""0"",hash: ""1ec842bc8f874a22493024159a80a7bc""})"
"(:VERTEX {memory address: ""7eff8f6f1000"",size: ""40da4"",subtype: ""memory"",tgid: ""189122"",source: ""syscall"",type: ""Artifact"",version: ""0"",hash: ""cbf0e0806bf801591b53feddfd33bd1d""})"
"(:VERTEX {memory address: ""7eff8f729000"",size: ""9000"",subtype: ""memory"",tgid: ""189122"",source: ""syscall"",type: ""Artifact"",version: ""0"",hash: ""2b68c70e4741c3687ae7bee8b13a23b8""})"
"(:VERTEX {memory address: ""7eff8f720000"",size: ""9000"",subtype: ""memory"",tgid: ""189122"",source: ""syscall"",type: ""Artifact"",version: ""0"",hash: ""b0519f1367abf45e6026367b03eed2c6""})"
"(:VERTEX {memory address: ""7eff8fed5000"",size: ""9000"",subtype: ""memory"",tgid: ""189122"",source: ""syscall"",type: ""Artifact"",version: ""1"",hash: ""143bc0d3ee3c9be1940ceee38a62e0f0""})"
"(:VERTEX {memory address: ""7eff8fecc000"",size: ""9000"",subtype: ""memory"",tgid: ""189122"",source: ""syscall"",type: ""Artifact"",version: ""1"",hash: ""e469e2fb4a45db709986e74063ca2dfc""})"
"(:VERTEX {memory address: ""7eff8f6ee000"",size: ""434b4"",subtype: ""memory"",tgid: ""189122"",source: ""syscall"",type: ""Artifact"",version: ""0"",hash: ""a6669c365fb31203a33290f8bd38d6d4""})"
"(:VERTEX {memory address: ""7eff8f729000"",size: ""9000"",subtype: ""memory"",tgid: ""189122"",source: ""syscall"",type: ""Artifact"",version: ""1"",hash: ""ef442a5f7e19a4514f303f3e627fb0b5""})"
"(:VERTEX {memory address: ""7eff8f720000"",size: ""9000"",subtype: ""memory"",tgid: ""189122"",source: ""syscall"",type: ""Artifact"",version: ""1"",hash: ""99deb5c2d0d2767219fc0f60823e072d""})"
"(:VERTEX {memory address: ""7eff8fed5000"",size: ""9000"",subtype: ""memory"",tgid: ""189122"",source: ""syscall"",type: ""Artifact"",version: ""2"",hash: ""bf9f222d2e3fe2f36121329844fca368""})"
"(:VERTEX {memory address: ""7eff8fecc000"",size: ""9000"",subtype: ""memory"",tgid: ""189122"",source: ""syscall"",type: ""Artifact"",version: ""2"",hash: ""ed6eaffeb8fdcf4bc97e11eba7691c87""})"
"(:VERTEX {memory address: ""7eff8f6ed000"",size: ""441d4"",subtype: ""memory"",tgid: ""189122"",source: ""syscall"",type: ""Artifact"",version: ""0"",hash: ""21e5907e7b25a5d2cac30d12384d2c9e""})"
"(:VERTEX {memory address: ""7eff8f729000"",size: ""9000"",subtype: ""memory"",tgid: ""189122"",source: ""syscall"",type: ""Artifact"",version: ""2"",hash: ""5849eda974de9ff06a13ca15e1a9b86b""})"
"(:VERTEX {memory address: ""7eff8f720000"",size: ""9000"",subtype: ""memory"",tgid: ""189122"",source: ""syscall"",type: ""Artifact"",version: ""2"",hash: ""a39cbfac10358032111ac2928ec587b3""})"
"(:VERTEX {memory address: ""7eff8f717000"",size: ""9000"",subtype: ""memory"",tgid: ""189122"",source: ""syscall"",type: ""Artifact"",version: ""0"",hash: ""39f650c9f267f418ea176fb6b1eb83c0""})"
"(:VERTEX {memory address: ""7eff8fed5000"",size: ""9000"",subtype: ""memory"",tgid: ""189122"",source: ""syscall"",type: ""Artifact"",version: ""3"",hash: ""e355071cb594d2f9176ebd71b4fb0b4f""})"
"(:VERTEX {memory address: ""7eff8fecc000"",size: ""9000"",subtype: ""memory"",tgid: ""189122"",source: ""syscall"",type: ""Artifact"",version: ""3"",hash: ""763aca68c5ddea3d0108ff7fc273fbac""})"
"(:VERTEX {memory address: ""7eff8f729000"",size: ""9000"",subtype: ""memory"",tgid: ""189122"",source: ""syscall"",type: ""Artifact"",version: ""3"",hash: ""a6ad7bbec2301ef8ad5fa426df10bf9c""})"
"(:VERTEX {memory address: ""7eff8f6e1000"",size: ""47bf4"",subtype: ""memory"",tgid: ""189122"",source: ""syscall"",type: ""Artifact"",version: ""0"",hash: ""4310e3f28075a5f01f93c2601e701e10""})"
"(:VERTEX {memory address: ""7eff8f720000"",size: ""9000"",subtype: ""memory"",tgid: ""189122"",source: ""syscall"",type: ""Artifact"",version: ""3"",hash: ""1c5c3a9a31277a2b1b1ca059b3997517""})"
"(:VERTEX {memory address: ""7eff8fecc000"",size: ""9000"",subtype: ""memory"",tgid: ""189122"",source: ""syscall"",type: ""Artifact"",version: ""4"",hash: ""8f865c99a3e74315d0d07900d04b2a54""})"
"(:VERTEX {memory address: ""7eff8f729000"",size: ""9000"",subtype: ""memory"",tgid: ""189122"",source: ""syscall"",type: ""Artifact"",version: ""4"",hash: ""d0cc00d22c0a1d78f4e5ea4d9601e1c9""})"
"(:VERTEX {memory address: ""7eff8f6e0000"",size: ""485a4"",subtype: ""memory"",tgid: ""189122"",source: ""syscall"",type: ""Artifact"",version: ""0"",hash: ""d676d087f1728ff2a5f0a2c2423c4a37""})"
"(:VERTEX {memory address: ""7eff8f720000"",size: ""9000"",subtype: ""memory"",tgid: ""189122"",source: ""syscall"",type: ""Artifact"",version: ""4"",hash: ""dda49ecf4906774a3316209121b6bea3""})"
"(:VERTEX {memory address: ""7eff8f717000"",size: ""9000"",subtype: ""memory"",tgid: ""189122"",source: ""syscall"",type: ""Artifact"",version: ""1"",hash: ""51e3719a7857fcfa48a9b416b8b24f70""})"
"(:VERTEX {memory address: ""7eff8f358000"",size: ""80000"",subtype: ""memory"",tgid: ""189122"",source: ""syscall"",type: ""Artifact"",version: ""0"",hash: ""ddb9687038f8538ed46e2e1a32ca739b""})"
"(:VERTEX {memory address: ""7eff8f359000"",size: ""8000"",subtype: ""memory"",tgid: ""189122"",source: ""syscall"",type: ""Artifact"",version: ""0"",hash: ""8bfcb3628ee3b88cefa1a7646e5b191c""})"
"(:VERTEX {memory address: ""7eff8fecc000"",size: ""9000"",subtype: ""memory"",tgid: ""189122"",source: ""syscall"",type: ""Artifact"",version: ""5"",hash: ""7c4592de20f101b02b34db174fa38336""})"
"(:VERTEX {memory address: ""7eff8f729000"",size: ""9000"",subtype: ""memory"",tgid: ""189122"",source: ""syscall"",type: ""Artifact"",version: ""5"",hash: ""f616148f34f6904631d8903d648433e5""})"
"(:VERTEX {memory address: ""7eff8f6de000"",size: ""4a944"",subtype: ""memory"",tgid: ""189122"",source: ""syscall"",type: ""Artifact"",version: ""0"",hash: ""e98e494d880ecbbd0e0a99bca61a0341""})"
"(:VERTEX {memory address: ""7eff8f720000"",size: ""9000"",subtype: ""memory"",tgid: ""189122"",source: ""syscall"",type: ""Artifact"",version: ""5"",hash: ""01688fd0370dbb619d6503bbf4641e3d""})"
"(:VERTEX {memory address: ""7eff8fecc000"",size: ""9000"",subtype: ""memory"",tgid: ""189122"",source: ""syscall"",type: ""Artifact"",version: ""6"",hash: ""8707efc961a26ad5688896d40135040e""})"
"(:VERTEX {memory address: ""7eff8f729000"",size: ""9000"",subtype: ""memory"",tgid: ""189122"",source: ""syscall"",type: ""Artifact"",version: ""6"",hash: ""83662719c7fb92866d5b623c721a5587""})"
"(:VERTEX {memory address: ""7eff8f6dd000"",size: ""4b204"",subtype: ""memory"",tgid: ""189122"",source: ""syscall"",type: ""Artifact"",version: ""0"",hash: ""72a4f0dff10818d598e18505f1defc29""})"
"(:VERTEX {memory address: ""7eff8f720000"",size: ""9000"",subtype: ""memory"",tgid: ""189122"",source: ""syscall"",type: ""Artifact"",version: ""6"",hash: ""0df75dc21b9ce3f22183a5daae509af9""})"
"(:VERTEX {memory address: ""7eff8fecc000"",size: ""9000"",subtype: ""memory"",tgid: ""189122"",source: ""syscall"",type: ""Artifact"",version: ""7"",hash: ""ea4347e7b6a936b8f8ede7292afa1644""})"
"(:VERTEX {memory address: ""7eff8f729000"",size: ""9000"",subtype: ""memory"",tgid: ""189122"",source: ""syscall"",type: ""Artifact"",version: ""7"",hash: ""a5d34608b2784792f778ebce0df6690e""})"
"(:VERTEX {memory address: ""7eff8f6dd000"",size: ""4b9d4"",subtype: ""memory"",tgid: ""189122"",source: ""syscall"",type: ""Artifact"",version: ""0"",hash: ""0f00c3228ae211ce1ee47597ed7a76a9""})"
"(:VERTEX {memory address: ""7eff8f720000"",size: ""9000"",subtype: ""memory"",tgid: ""189122"",source: ""syscall"",type: ""Artifact"",version: ""7"",hash: ""c86b722c55f3fa0933e926c3b016a4a4""})"
"(:VERTEX {memory address: ""7eff8f721000"",size: ""11000"",subtype: ""memory"",tgid: ""189122"",source: ""syscall"",type: ""Artifact"",version: ""0"",hash: ""640033c4c10ed43fe781958be0ec2957""})"
"(:VERTEX {memory address: ""7eff8fecc000"",size: ""9000"",subtype: ""memory"",tgid: ""189122"",source: ""syscall"",type: ""Artifact"",version: ""8"",hash: ""31e9991a3085ba987ac125d0e24c86e9""})"
"(:VERTEX {memory address: ""7eff8f710000"",size: ""11000"",subtype: ""memory"",tgid: ""189122"",source: ""syscall"",type: ""Artifact"",version: ""0"",hash: ""b56d7cec7e0b132d2d0effe49cd5b5a3""})"
"(:VERTEX {memory address: ""7eff8f704000"",size: ""c000"",subtype: ""memory"",tgid: ""189122"",source: ""syscall"",type: ""Artifact"",version: ""0"",hash: ""07b7ae08c97d6603ad22061d8ed91091""})"
"(:VERTEX {memory address: ""7eff8f6f8000"",size: ""c000"",subtype: ""memory"",tgid: ""189122"",source: ""syscall"",type: ""Artifact"",version: ""0"",hash: ""caaac7923feb15b17f058ec390360e72""})"
"(:VERTEX {memory address: ""7eff8f6e7000"",size: ""11000"",subtype: ""memory"",tgid: ""189122"",source: ""syscall"",type: ""Artifact"",version: ""0"",hash: ""8a235100a59f0ffca3c5e6478bf49390""})"
"(:VERTEX {memory address: ""7eff8f3c0000"",size: ""18000"",subtype: ""memory"",tgid: ""189122"",source: ""syscall"",type: ""Artifact"",version: ""0"",hash: ""97d79207dfc1159bd163148c388857d2""})"
"(:VERTEX {memory address: ""7eff8f340000"",size: ""80000"",subtype: ""memory"",tgid: ""189122"",source: ""syscall"",type: ""Artifact"",version: ""0"",hash: ""37568ead5955cc8ba5af02df1cc78502""})"
"(:VERTEX {memory address: ""7eff8f6de000"",size: ""9000"",subtype: ""memory"",tgid: ""189122"",source: ""syscall"",type: ""Artifact"",version: ""0"",hash: ""cdec0e2dd6d662cd99b177f910c9e189""})"
"(:VERTEX {memory address: ""7eff8f32f000"",size: ""11000"",subtype: ""memory"",tgid: ""189122"",source: ""syscall"",type: ""Artifact"",version: ""0"",hash: ""deb5327f9075305f1825f3f80bcd0677""})"
"(:VERTEX {memory address: ""7eff8f326000"",size: ""9000"",subtype: ""memory"",tgid: ""189122"",source: ""syscall"",type: ""Artifact"",version: ""0"",hash: ""c66522b4cc92120e3dc8e0843106a231""})"
"(:VERTEX {memory address: ""7eff8f2e2000"",size: ""436e4"",subtype: ""memory"",tgid: ""189122"",source: ""syscall"",type: ""Artifact"",version: ""0"",hash: ""29bedd48a593b26c8bbccaaaf9158f86""})"
"(:VERTEX {memory address: ""7eff8f29b000"",size: ""46cd4"",subtype: ""memory"",tgid: ""189122"",source: ""syscall"",type: ""Artifact"",version: ""0"",hash: ""a1b136c0656a34bbd1b909ba1f4ef686""})"
"(:VERTEX {memory address: ""7eff8fedc000"",size: ""b000"",subtype: ""memory"",tgid: ""189122"",source: ""syscall"",type: ""Artifact"",version: ""0"",hash: ""808f440297b8b849d535e0b9ead905d8""})"
"(:VERTEX {memory address: ""7eff8fed1000"",size: ""b000"",subtype: ""memory"",tgid: ""189122"",source: ""syscall"",type: ""Artifact"",version: ""0"",hash: ""b448073b75bb81f715b7be5dd27b8459""})"
"(:VERTEX {memory address: ""7eff8f727000"",size: ""b000"",subtype: ""memory"",tgid: ""189122"",source: ""syscall"",type: ""Artifact"",version: ""0"",hash: ""61e3c1a4c53849e99548e0ca7bbeead3""})"
"(:VERTEX {memory address: ""7eff8fed1000"",size: ""16000"",subtype: ""memory"",tgid: ""189122"",source: ""syscall"",type: ""Artifact"",version: ""0"",hash: ""b5e2a591ecb5972b19f1f8ee949596d7""})"
"(:VERTEX {memory address: ""7eff8f30f000"",size: ""17000"",subtype: ""memory"",tgid: ""189122"",source: ""syscall"",type: ""Artifact"",version: ""0"",hash: ""b0983abf17a92ef5ce85378cc738b900""})"
"(:VERTEX {memory address: ""7eff8f727000"",size: ""b000"",subtype: ""memory"",tgid: ""189122"",source: ""syscall"",type: ""Artifact"",version: ""1"",hash: ""732f3a4031bb1f796a4b00ef569dc117""})"
"(:VERTEX {memory address: ""7eff8f304000"",size: ""b000"",subtype: ""memory"",tgid: ""189122"",source: ""syscall"",type: ""Artifact"",version: ""0"",hash: ""369e413446fead78714067596f23da9a""})"
"(:VERTEX {memory address: ""7eff8fed1000"",size: ""16000"",subtype: ""memory"",tgid: ""189122"",source: ""syscall"",type: ""Artifact"",version: ""1"",hash: ""13a8666b773950cec6cd75679dcda186""})"
"(:VERTEX {memory address: ""7eff8f30f000"",size: ""17000"",subtype: ""memory"",tgid: ""189122"",source: ""syscall"",type: ""Artifact"",version: ""1"",hash: ""29d4986fc0770c2e4d7309a751d5747a""})"
"(:VERTEX {memory address: ""7eff8f727000"",size: ""b000"",subtype: ""memory"",tgid: ""189122"",source: ""syscall"",type: ""Artifact"",version: ""2"",hash: ""d2ae3c3f75e6e8baabff55ad08d7e04b""})"
"(:VERTEX {memory address: ""7eff8f304000"",size: ""b000"",subtype: ""memory"",tgid: ""189122"",source: ""syscall"",type: ""Artifact"",version: ""1"",hash: ""f5f9f75385923f398be22034eff96fdf""})"
"(:VERTEX {memory address: ""7eff8ff41000"",size: ""9000"",subtype: ""memory"",tgid: ""189122"",source: ""syscall"",type: ""Artifact"",version: ""1"",hash: ""a752a1a91a9cdedd8eedaab60a994015""})"
"(:VERTEX {memory address: ""7eff8f2f4000"",size: ""31f84"",subtype: ""memory"",tgid: ""189122"",source: ""syscall"",type: ""Artifact"",version: ""0"",hash: ""19cdbc687c49df4ae5fc7a8f04bb3069""})"
"(:VERTEX {memory address: ""7eff8f2bf000"",size: ""3477c"",subtype: ""memory"",tgid: ""189122"",source: ""syscall"",type: ""Artifact"",version: ""0"",hash: ""9d5909b53039a1415d7fdad5ac289d9a""})"
"(:VERTEX {memory address: ""7eff8fedc000"",size: ""b000"",subtype: ""memory"",tgid: ""189122"",source: ""syscall"",type: ""Artifact"",version: ""1"",hash: ""be21828337e06fb8d22f3f890d037c36""})"
"(:VERTEX {memory address: ""7eff8fed1000"",size: ""b000"",subtype: ""memory"",tgid: ""189122"",source: ""syscall"",type: ""Artifact"",version: ""1"",hash: ""00e51b955cfea13047201adcea46f165""})"
"(:VERTEX {memory address: ""7eff8f2f2000"",size: ""337e4"",subtype: ""memory"",tgid: ""189122"",source: ""syscall"",type: ""Artifact"",version: ""0"",hash: ""c8ba5b8c104eb183d3223c97b9cea611""})"
"(:VERTEX {memory address: ""7eff8f2bb000"",size: ""36114"",subtype: ""memory"",tgid: ""189122"",source: ""syscall"",type: ""Artifact"",version: ""0"",hash: ""b8ca7d86438b4c644ffd6e5fa5dfcd45""})"
"(:VERTEX {memory address: ""7eff8fedc000"",size: ""b000"",subtype: ""memory"",tgid: ""189122"",source: ""syscall"",type: ""Artifact"",version: ""2"",hash: ""abfed3251d5968d296b17401e088332b""})"
"(:VERTEX {memory address: ""7eff8fed1000"",size: ""b000"",subtype: ""memory"",tgid: ""189122"",source: ""syscall"",type: ""Artifact"",version: ""2"",hash: ""210300cddb59333b60ade3fc66623143""})"
"(:VERTEX {memory address: ""7eff8f23b000"",size: ""80000"",subtype: ""memory"",tgid: ""189122"",source: ""syscall"",type: ""Artifact"",version: ""0"",hash: ""b14f9209c152f7d28c657630e6d01d43""})"
"(:VERTEX {memory address: ""7eff8f1bb000"",size: ""80000"",subtype: ""memory"",tgid: ""189122"",source: ""syscall"",type: ""Artifact"",version: ""0"",hash: ""defbdfdaf32c64013c3cbbb3eb6066fa""})"
"(:VERTEX {memory address: ""7eff8fede000"",size: ""9000"",subtype: ""memory"",tgid: ""189122"",source: ""syscall"",type: ""Artifact"",version: ""2"",hash: ""3ee8e5e2272e3dc3be979d9c2c51c811""})"
"(:VERTEX {memory address: ""7f0857727000"",size: ""11000"",subtype: ""memory"",tgid: ""189893"",source: ""syscall"",type: ""Artifact"",version: ""218"",hash: ""5e5d546e08b9804deaee525b66f6ccfd""})"
"(:VERTEX {memory address: ""7f0857727000"",size: ""11000"",subtype: ""memory"",tgid: ""189893"",source: ""syscall"",type: ""Artifact"",version: ""219"",hash: ""d95fb4ef958e3fa8f542d55246dbe4da""})"
"(:VERTEX {memory address: ""7fa4e9213000"",size: ""1000"",subtype: ""memory"",tgid: ""182051"",source: ""syscall"",type: ""Artifact"",version: ""0"",hash: ""ebd0ddaaa35c6556531eb00b64b56a05""})"
"(:VERTEX {memory address: ""7f0857727000"",size: ""11000"",subtype: ""memory"",tgid: ""189893"",source: ""syscall"",type: ""Artifact"",version: ""220"",hash: ""76033d95d7912bb59e2f097e5d99845a""})"
"(:VERTEX {memory address: ""56123de40000"",size: ""1000"",subtype: ""memory"",tgid: ""189078"",source: ""syscall"",type: ""Artifact"",version: ""0"",hash: ""afbc2a848f40d23e8efb6a05b0942b9e""})"
"(:VERTEX {gid: ""1000"",euid: ""1000"",children pid namespace: ""-1"",pid: ""189078"",seen time: ""1690980837.484"",source: ""syscall"",type: ""Process"",net namespace: ""-1"",ipc namespace: ""-1"",ppid: ""59024"",pid namespace: ""-1"",uid: ""1000"",egid: ""1000"",exe: ""/app/cartservice"",mount namespace: ""-1"",name: "".NET Tiered Com"",hash: ""b4d1919c3bbfa42ef0ffab8b031e459b"",user namespace: ""-1""})"
"(:VERTEX {memory address: ""7f0857727000"",size: ""11000"",subtype: ""memory"",tgid: ""189893"",source: ""syscall"",type: ""Artifact"",version: ""221"",hash: ""a71977c928b693e903db6f782682ecc4""})"
"(:VERTEX {memory address: ""7fa6cfb62000"",size: ""2000"",subtype: ""memory"",tgid: ""189078"",source: ""syscall"",type: ""Artifact"",version: ""1"",hash: ""b312c17e3d323d12c72d840f2edd5627""})"
"(:VERTEX {subtype: ""unknown"",tgid: ""189078"",epoch: ""5"",source: ""syscall"",type: ""Artifact"",version: ""0"",hash: ""3030fefc77459067820b817d17490593"",fd: ""8""})"
"(:VERTEX {memory address: ""7f0857727000"",size: ""11000"",subtype: ""memory"",tgid: ""189893"",source: ""syscall"",type: ""Artifact"",version: ""222"",hash: ""28940f87c4092018735cdf7224d6a61a""})"
"(:VERTEX {remote port: ""443"",epoch: ""0"",source: ""syscall"",type: ""Artifact"",version: ""0"",local port: ""40354"",net namespace: ""-1"",local address: ""10.1.251.196"",protocol: ""tcp"",subtype: ""network socket"",remote address: ""10.152.183.1"",hash: ""b51f5bc5d873059fdb75e54ca47a2ace""})"
"(:VERTEX {remote port: ""443"",epoch: ""0"",source: ""syscall"",type: ""Artifact"",version: ""0"",local port: ""40368"",net namespace: ""-1"",local address: ""10.1.251.196"",protocol: ""tcp"",subtype: ""network socket"",remote address: ""10.152.183.1"",hash: ""9a87e253e0e82c9754534657c63a514b""})"
"(:VERTEX {remote port: ""443"",epoch: ""0"",source: ""syscall"",type: ""Artifact"",version: ""0"",local port: ""40376"",net namespace: ""-1"",local address: ""10.1.251.196"",protocol: ""tcp"",subtype: ""network socket"",remote address: ""10.152.183.1"",hash: ""c88bc1234de62eda20dc3b0d81cb479a""})"
"(:VERTEX {remote port: ""443"",epoch: ""0"",source: ""syscall"",type: ""Artifact"",version: ""0"",local port: ""40388"",net namespace: ""-1"",local address: ""10.1.251.196"",protocol: ""tcp"",subtype: ""network socket"",remote address: ""10.152.183.1"",hash: ""43248f73811d773567dfbfc77cc0bcb3""})"
"(:VERTEX {remote port: ""443"",epoch: ""0"",source: ""syscall"",type: ""Artifact"",version: ""0"",local port: ""40402"",net namespace: ""-1"",local address: ""10.1.251.196"",protocol: ""tcp"",subtype: ""network socket"",remote address: ""10.152.183.1"",hash: ""56258c69b858680d791b3c695d96a26d""})"
"(:VERTEX {remote port: ""443"",epoch: ""0"",source: ""syscall"",type: ""Artifact"",version: ""0"",local port: ""40412"",net namespace: ""-1"",local address: ""10.1.251.196"",protocol: ""tcp"",subtype: ""network socket"",remote address: ""10.152.183.1"",hash: ""88f2bafad3a45118ebaf5c860e917128""})"
"(:VERTEX {memory address: ""7eff8f3b0000"",size: ""7000"",subtype: ""memory"",tgid: ""189122"",source: ""syscall"",type: ""Artifact"",version: ""0"",hash: ""91967aec9b3480a40556951948b088d1""})"
"(:VERTEX {memory address: ""7eff8f3b8000"",size: ""7000"",subtype: ""memory"",tgid: ""189122"",source: ""syscall"",type: ""Artifact"",version: ""0"",hash: ""57abe4bcc8baa7ba120d88a1ec685492""})"
"(:VERTEX {memory address: ""7eff8f23c000"",size: ""6000"",subtype: ""memory"",tgid: ""189122"",source: ""syscall"",type: ""Artifact"",version: ""0"",hash: ""784ebf528b0034d58b93dc5276f29725""})"
"(:VERTEX {memory address: ""7eff8f243000"",size: ""7000"",subtype: ""memory"",tgid: ""189122"",source: ""syscall"",type: ""Artifact"",version: ""0"",hash: ""60436906dceea3e75e09bb54ac97fd96""})"
"(:VERTEX {memory address: ""7eff8f24b000"",size: ""7000"",subtype: ""memory"",tgid: ""189122"",source: ""syscall"",type: ""Artifact"",version: ""0"",hash: ""dd1186c0b6229ed7e56462e929d542ac""})"
"(:VERTEX {memory address: ""7eff8f253000"",size: ""7000"",subtype: ""memory"",tgid: ""189122"",source: ""syscall"",type: ""Artifact"",version: ""0"",hash: ""a221b1a1338dcfa1c238308ea84738da""})"
"(:VERTEX {memory address: ""7eff8f25b000"",size: ""7000"",subtype: ""memory"",tgid: ""189122"",source: ""syscall"",type: ""Artifact"",version: ""0"",hash: ""86031742d5a3f6bbe9d3b58b969e62b5""})"
"(:VERTEX {memory address: ""7eff8f263000"",size: ""7000"",subtype: ""memory"",tgid: ""189122"",source: ""syscall"",type: ""Artifact"",version: ""0"",hash: ""1287cc4ded03fe703a64004c4101bef6""})"
"(:VERTEX {memory address: ""7eff8f26b000"",size: ""7000"",subtype: ""memory"",tgid: ""189122"",source: ""syscall"",type: ""Artifact"",version: ""0"",hash: ""54b786558f17952d78914a34b4f5b208""})"
"(:VERTEX {memory address: ""7eff8f273000"",size: ""7000"",subtype: ""memory"",tgid: ""189122"",source: ""syscall"",type: ""Artifact"",version: ""0"",hash: ""6ca3c83c07b4c1d28db265c23f75a6ba""})"
"(:VERTEX {memory address: ""7eff8f27b000"",size: ""7000"",subtype: ""memory"",tgid: ""189122"",source: ""syscall"",type: ""Artifact"",version: ""0"",hash: ""b3d7fec5ade00f0cb23a51c39d3ead00""})"
"(:VERTEX {memory address: ""7eff8f283000"",size: ""7000"",subtype: ""memory"",tgid: ""189122"",source: ""syscall"",type: ""Artifact"",version: ""0"",hash: ""888faead577eafd77d593c0f44befcb9""})"
"(:VERTEX {memory address: ""7eff8f28b000"",size: ""7000"",subtype: ""memory"",tgid: ""189122"",source: ""syscall"",type: ""Artifact"",version: ""0"",hash: ""bd25781a15591498ec5302ba9fff3242""})"
"(:VERTEX {memory address: ""7eff8f293000"",size: ""7000"",subtype: ""memory"",tgid: ""189122"",source: ""syscall"",type: ""Artifact"",version: ""0"",hash: ""dd6cd2ca2221a33ab1dfe53e29d1baa8""})"
"(:VERTEX {memory address: ""7eff8f29b000"",size: ""7000"",subtype: ""memory"",tgid: ""189122"",source: ""syscall"",type: ""Artifact"",version: ""0"",hash: ""044855b38737dc924ccbec592f4bf2d1""})"
"(:VERTEX {memory address: ""7eff8f2a3000"",size: ""7000"",subtype: ""memory"",tgid: ""189122"",source: ""syscall"",type: ""Artifact"",version: ""0"",hash: ""211918da8c3fb63b2d2a3b72c223b34c""})"
"(:VERTEX {memory address: ""7eff8f2ab000"",size: ""7000"",subtype: ""memory"",tgid: ""189122"",source: ""syscall"",type: ""Artifact"",version: ""0"",hash: ""7850a68964bd657091a77ebe2cfff83f""})"
"(:VERTEX {memory address: ""7eff8f2b3000"",size: ""7000"",subtype: ""memory"",tgid: ""189122"",source: ""syscall"",type: ""Artifact"",version: ""0"",hash: ""c7fdf83c3f6d2b91127f0bffe65b98f2""})"
"(:VERTEX {memory address: ""7eff8feef000"",size: ""7000"",subtype: ""memory"",tgid: ""189122"",source: ""syscall"",type: ""Artifact"",version: ""0"",hash: ""9f059e18ed53b560fd7a86f67436f76b""})"
"(:VERTEX {memory address: ""7eff8fef7000"",size: ""7000"",subtype: ""memory"",tgid: ""189122"",source: ""syscall"",type: ""Artifact"",version: ""0"",hash: ""0fa4e90aabb9adade03ed1db8f3d1529""})"
"(:VERTEX {memory address: ""7eff8ff0f000"",size: ""7000"",subtype: ""memory"",tgid: ""189122"",source: ""syscall"",type: ""Artifact"",version: ""0"",hash: ""ac305d297e1d6b51e3d823894a52cf18""})"
"(:VERTEX {memory address: ""7eff8ff1f000"",size: ""7000"",subtype: ""memory"",tgid: ""189122"",source: ""syscall"",type: ""Artifact"",version: ""0"",hash: ""151b22838e132faf3f3381178344f35b""})"
"(:VERTEX {memory address: ""7eff8f1bc000"",size: ""6000"",subtype: ""memory"",tgid: ""189122"",source: ""syscall"",type: ""Artifact"",version: ""0"",hash: ""a842ecc79beffbb6a5ecc77359999258""})"
"(:VERTEX {memory address: ""7eff8f752000"",size: ""7000"",subtype: ""memory"",tgid: ""189122"",source: ""syscall"",type: ""Artifact"",version: ""0"",hash: ""880740f4dd9336698690f3a433fa156b""})"
"(:VERTEX {memory address: ""7eff8f378000"",size: ""7000"",subtype: ""memory"",tgid: ""189122"",source: ""syscall"",type: ""Artifact"",version: ""0"",hash: ""bc8109713b3607e2e7db8e6cae53000d""})"
"(:VERTEX {memory address: ""7eff8f7aa000"",size: ""7000"",subtype: ""memory"",tgid: ""189122"",source: ""syscall"",type: ""Artifact"",version: ""0"",hash: ""bc05beb7baad5730e35bc9f8741f67de""})"
"(:VERTEX {memory address: ""7eff8f7a2000"",size: ""7000"",subtype: ""memory"",tgid: ""189122"",source: ""syscall"",type: ""Artifact"",version: ""0"",hash: ""4b52ecda3ed8370e3e5ed5935c1c3ee8""})"
"(:VERTEX {memory address: ""7eff8f74a000"",size: ""7000"",subtype: ""memory"",tgid: ""189122"",source: ""syscall"",type: ""Artifact"",version: ""0"",hash: ""3abdc3400f54f18d16f168b98e2cd01f""})"
"(:VERTEX {memory address: ""7eff8f76a000"",size: ""7000"",subtype: ""memory"",tgid: ""189122"",source: ""syscall"",type: ""Artifact"",version: ""0"",hash: ""4bc072e2a96e5bcb4c494dca7d199877""})"
"(:VERTEX {memory address: ""7eff8feff000"",size: ""7000"",subtype: ""memory"",tgid: ""189122"",source: ""syscall"",type: ""Artifact"",version: ""0"",hash: ""0df742a11105cca4e68f7477d1bebecf""})"
"(:VERTEX {memory address: ""7eff8ff07000"",size: ""7000"",subtype: ""memory"",tgid: ""189122"",source: ""syscall"",type: ""Artifact"",version: ""0"",hash: ""932eff49f2c264a61ab50666167ef6a2""})"
"(:VERTEX {memory address: ""7eff8fee8000"",size: ""6000"",subtype: ""memory"",tgid: ""189122"",source: ""syscall"",type: ""Artifact"",version: ""0"",hash: ""00820e068d2b5969adf77e7aa099f37e""})"
"(:VERTEX {memory address: ""7eff8f792000"",size: ""7000"",subtype: ""memory"",tgid: ""189122"",source: ""syscall"",type: ""Artifact"",version: ""0"",hash: ""8bfd5543a6ac093dcd23cdc807c63924""})"
"(:VERTEX {memory address: ""7eff8f78a000"",size: ""7000"",subtype: ""memory"",tgid: ""189122"",source: ""syscall"",type: ""Artifact"",version: ""0"",hash: ""2a5a5d51aee5a5de78cfef4fe257290c""})"
"(:VERTEX {memory address: ""7eff8f782000"",size: ""7000"",subtype: ""memory"",tgid: ""189122"",source: ""syscall"",type: ""Artifact"",version: ""0"",hash: ""43a415e38c4fe94e2b76c8be025f6e49""})"
"(:VERTEX {memory address: ""7eff8f75a000"",size: ""7000"",subtype: ""memory"",tgid: ""189122"",source: ""syscall"",type: ""Artifact"",version: ""0"",hash: ""c5434e52d9cbb5f894cc2eea45e05fef""})"
"(:VERTEX {memory address: ""7eff8f733000"",size: ""6000"",subtype: ""memory"",tgid: ""189122"",source: ""syscall"",type: ""Artifact"",version: ""0"",hash: ""2d3686e70d85e3687f405a167bb14da0""})"
"(:VERTEX {memory address: ""7eff8ff17000"",size: ""7000"",subtype: ""memory"",tgid: ""189122"",source: ""syscall"",type: ""Artifact"",version: ""0"",hash: ""bd8ee32136bb29e3a616d28b597c956e""})"
"(:VERTEX {memory address: ""7eff8f73a000"",size: ""7000"",subtype: ""memory"",tgid: ""189122"",source: ""syscall"",type: ""Artifact"",version: ""0"",hash: ""ee2d4c3bc516b8c41c849c4ddde3914c""})"
"(:VERTEX {memory address: ""7eff8f77a000"",size: ""7000"",subtype: ""memory"",tgid: ""189122"",source: ""syscall"",type: ""Artifact"",version: ""0"",hash: ""6a7b6cb861d20388f63c1caa1c710b3e""})"
"(:VERTEX {memory address: ""7eff8f762000"",size: ""7000"",subtype: ""memory"",tgid: ""189122"",source: ""syscall"",type: ""Artifact"",version: ""0"",hash: ""aef1a0402b860b98e43df0f74890fe57""})"
"(:VERTEX {memory address: ""7eff8f742000"",size: ""7000"",subtype: ""memory"",tgid: ""189122"",source: ""syscall"",type: ""Artifact"",version: ""0"",hash: ""da346fae3ded05001727bbeb3b295e96""})"
"(:VERTEX {memory address: ""7eff8f398000"",size: ""7000"",subtype: ""memory"",tgid: ""189122"",source: ""syscall"",type: ""Artifact"",version: ""0"",hash: ""151f8b6f42143d1af017dbab30671019""})"
"(:VERTEX {memory address: ""7eff8f390000"",size: ""7000"",subtype: ""memory"",tgid: ""189122"",source: ""syscall"",type: ""Artifact"",version: ""0"",hash: ""58d6cc8d86a9a8890fb6e32af164179c""})"
"(:VERTEX {memory address: ""7eff8f388000"",size: ""7000"",subtype: ""memory"",tgid: ""189122"",source: ""syscall"",type: ""Artifact"",version: ""0"",hash: ""5db4bd127a754b65fa0ce4cc430ccde5""})"
"(:VERTEX {memory address: ""7eff8f380000"",size: ""7000"",subtype: ""memory"",tgid: ""189122"",source: ""syscall"",type: ""Artifact"",version: ""0"",hash: ""bb8a659d9d0ebbf17fab21fe6a55074d""})"
"(:VERTEX {memory address: ""7eff8f370000"",size: ""7000"",subtype: ""memory"",tgid: ""189122"",source: ""syscall"",type: ""Artifact"",version: ""0"",hash: ""3f46ffa78d187622d62c8d6af9a731d0""})"
"(:VERTEX {memory address: ""7eff8f368000"",size: ""7000"",subtype: ""memory"",tgid: ""189122"",source: ""syscall"",type: ""Artifact"",version: ""0"",hash: ""9b6aa01786c06dac501c6bdcfd21ab04""})"
"(:VERTEX {memory address: ""7eff8f360000"",size: ""7000"",subtype: ""memory"",tgid: ""189122"",source: ""syscall"",type: ""Artifact"",version: ""0"",hash: ""7455974e1a5e03cfde1e21741bb45138""})"
"(:VERTEX {memory address: ""7eff8f358000"",size: ""7000"",subtype: ""memory"",tgid: ""189122"",source: ""syscall"",type: ""Artifact"",version: ""0"",hash: ""def02ac48ea2706f547a328e81f39339""})"
"(:VERTEX {memory address: ""7eff8f341000"",size: ""6000"",subtype: ""memory"",tgid: ""189122"",source: ""syscall"",type: ""Artifact"",version: ""0"",hash: ""f1f00d1e95e8fb438a308190b780c6c3""})"
"(:VERTEX {memory address: ""7eff8f350000"",size: ""7000"",subtype: ""memory"",tgid: ""189122"",source: ""syscall"",type: ""Artifact"",version: ""0"",hash: ""45b52235cafe4784ac7c11a605b3e979""})"
"(:VERTEX {memory address: ""7eff8f348000"",size: ""7000"",subtype: ""memory"",tgid: ""189122"",source: ""syscall"",type: ""Artifact"",version: ""0"",hash: ""1bf9701c5f716bfdc4db6c0e1064b3cf""})"
"(:VERTEX {memory address: ""7eff8f79a000"",size: ""7000"",subtype: ""memory"",tgid: ""189122"",source: ""syscall"",type: ""Artifact"",version: ""0"",hash: ""e7c9f7dcabc275968d89a043334b2510""})"
"(:VERTEX {memory address: ""7eff8f772000"",size: ""7000"",subtype: ""memory"",tgid: ""189122"",source: ""syscall"",type: ""Artifact"",version: ""0"",hash: ""24f68aa9beb80cd8e5cb0d40a0109c62""})"
"(:VERTEX {gid: ""1000"",euid: ""1000"",children pid namespace: ""-1"",pid: ""189078"",seen time: ""1690980846.620"",source: ""syscall"",type: ""Process"",net namespace: ""-1"",ipc namespace: ""-1"",ppid: ""59024"",pid namespace: ""-1"",uid: ""1000"",egid: ""1000"",exe: ""/app/cartservice"",mount namespace: ""-1"",name: "".NET ThreadPool"",hash: ""07b0a2df5ec7b261bc19306ebc0bb5fc"",user namespace: ""-1""})"
"(:VERTEX {remote port: ""443"",epoch: ""0"",source: ""syscall"",type: ""Artifact"",version: ""0"",local port: ""56870"",net namespace: ""-1"",local address: ""10.1.251.196"",protocol: ""tcp"",subtype: ""network socket"",remote address: ""10.152.183.1"",hash: ""448f11aaf6be4bd5e233cb335be4eac6""})"
"(:VERTEX {gid: ""1000"",euid: ""1000"",children pid namespace: ""-1"",pid: ""189078"",seen time: ""1690980848.626"",source: ""syscall"",type: ""Process"",net namespace: ""-1"",ipc namespace: ""-1"",ppid: ""59024"",pid namespace: ""-1"",uid: ""1000"",egid: ""1000"",exe: ""/app/cartservice"",mount namespace: ""-1"",name: "".NET ThreadPool"",hash: ""fb9c73c0d28eecb2a436bc3c7e8a1cc7"",user namespace: ""-1""})"
"(:VERTEX {remote port: ""443"",epoch: ""0"",source: ""syscall"",type: ""Artifact"",version: ""0"",local port: ""56886"",net namespace: ""-1"",local address: ""10.1.251.196"",protocol: ""tcp"",subtype: ""network socket"",remote address: ""10.152.183.1"",hash: ""125ba6a39ee4db2c55c800b955540376""})"
"(:VERTEX {gid: ""1000"",euid: ""1000"",children pid namespace: ""-1"",pid: ""189078"",seen time: ""1690980850.116"",source: ""syscall"",type: ""Process"",net namespace: ""-1"",ipc namespace: ""-1"",ppid: ""59024"",pid namespace: ""-1"",uid: ""1000"",egid: ""1000"",exe: ""/app/cartservice"",mount namespace: ""-1"",name: "".NET ThreadPool"",hash: ""31ecc948e0aa66e67ab183db86c2c97e"",user namespace: ""-1""})"
"(:VERTEX {remote port: ""443"",epoch: ""0"",source: ""syscall"",type: ""Artifact"",version: ""0"",local port: ""56896"",net namespace: ""-1"",local address: ""10.1.251.196"",protocol: ""tcp"",subtype: ""network socket"",remote address: ""10.152.183.1"",hash: ""ea86e8028a6052254e7235e8ea815a8a""})"
"(:VERTEX {remote port: ""443"",epoch: ""0"",source: ""syscall"",type: ""Artifact"",version: ""0"",local port: ""56904"",net namespace: ""-1"",local address: ""10.1.251.196"",protocol: ""tcp"",subtype: ""network socket"",remote address: ""10.152.183.1"",hash: ""69aaf9679d1463eacb3717d1cee2b0f1""})"
"(:VERTEX {remote port: ""443"",epoch: ""0"",source: ""syscall"",type: ""Artifact"",version: ""0"",local port: ""56906"",net namespace: ""-1"",local address: ""10.1.251.196"",protocol: ""tcp"",subtype: ""network socket"",remote address: ""10.152.183.1"",hash: ""c5777ec2cec04d1ba1ec5de9061a2689""})"
"(:VERTEX {remote port: ""443"",epoch: ""0"",source: ""syscall"",type: ""Artifact"",version: ""0"",local port: ""56920"",net namespace: ""-1"",local address: ""10.1.251.196"",protocol: ""tcp"",subtype: ""network socket"",remote address: ""10.152.183.1"",hash: ""f46de75f1172caba8446dc5bc6bc01ed""})"
"(:VERTEX {remote port: ""443"",epoch: ""0"",source: ""syscall"",type: ""Artifact"",version: ""0"",local port: ""56924"",net namespace: ""-1"",local address: ""10.1.251.196"",protocol: ""tcp"",subtype: ""network socket"",remote address: ""10.152.183.1"",hash: ""341183dda2c0bd8169d8506ae603e55e""})"
"(:VERTEX {memory address: ""7f0857727000"",size: ""11000"",subtype: ""memory"",tgid: ""189893"",source: ""syscall"",type: ""Artifact"",version: ""223"",hash: ""e6c8658787362be318a5d2f8655ab7b5""})"
"(:VERTEX {memory address: ""7f0857727000"",size: ""11000"",subtype: ""memory"",tgid: ""189893"",source: ""syscall"",type: ""Artifact"",version: ""224"",hash: ""b343b07fe3f842bc8da1819636d4057a""})"
"(:VERTEX {memory address: ""7f0857727000"",size: ""11000"",subtype: ""memory"",tgid: ""189893"",source: ""syscall"",type: ""Artifact"",version: ""225"",hash: ""2c35b0c20acf89ae63c1e67065bbe90e""})"
"(:VERTEX {memory address: ""7f0857727000"",size: ""11000"",subtype: ""memory"",tgid: ""189893"",source: ""syscall"",type: ""Artifact"",version: ""226"",hash: ""2f743d41f10332d494faf9a49cceb438""})"
"(:VERTEX {memory address: ""7f0857727000"",size: ""11000"",subtype: ""memory"",tgid: ""189893"",source: ""syscall"",type: ""Artifact"",version: ""227"",hash: ""eb7312d60e53a325be36e9dec545d762""})"
"(:VERTEX {memory address: ""7f0857727000"",size: ""11000"",subtype: ""memory"",tgid: ""189893"",source: ""syscall"",type: ""Artifact"",version: ""228"",hash: ""414d3f3e9281cffd04c146878b91cf45""})"
"(:VERTEX {memory address: ""7f0857727000"",size: ""11000"",subtype: ""memory"",tgid: ""189893"",source: ""syscall"",type: ""Artifact"",version: ""229"",hash: ""926aacc2850c3cc83e7fdb77e253acd0""})"
"(:VERTEX {memory address: ""7f0857727000"",size: ""11000"",subtype: ""memory"",tgid: ""189893"",source: ""syscall"",type: ""Artifact"",version: ""230"",hash: ""a9a61313c3518349ca7437ed7195fcd7""})"
"(:VERTEX {memory address: ""7f0857727000"",size: ""11000"",subtype: ""memory"",tgid: ""189893"",source: ""syscall"",type: ""Artifact"",version: ""231"",hash: ""12baec09440917fd37bfb3fa42991fd2""})"
"(:VERTEX {remote port: ""443"",epoch: ""0"",source: ""syscall"",type: ""Artifact"",version: ""0"",local port: ""56926"",net namespace: ""-1"",local address: ""10.1.251.196"",protocol: ""tcp"",subtype: ""network socket"",remote address: ""10.152.183.1"",hash: ""0779b93bd76d76f7d300f3286b0edba2""})"
"(:VERTEX {memory address: ""7f0857727000"",size: ""11000"",subtype: ""memory"",tgid: ""189893"",source: ""syscall"",type: ""Artifact"",version: ""232"",hash: ""496376dfa00170a50a2b5511d2070a63""})"
"(:VERTEX {memory address: ""7f0857727000"",size: ""11000"",subtype: ""memory"",tgid: ""189893"",source: ""syscall"",type: ""Artifact"",version: ""233"",hash: ""66ef32e6f5c43a8e12def3d57e00170c""})"
"(:VERTEX {memory address: ""7fdbdc026000"",size: ""4000"",subtype: ""memory"",tgid: ""189166"",source: ""syscall"",type: ""Artifact"",version: ""0"",hash: ""ee05d868f3caf344704c52162f026bb1""})"
"(:VERTEX {memory address: ""7fdbf07f9000"",size: ""801000"",subtype: ""memory"",tgid: ""189166"",source: ""syscall"",type: ""Artifact"",version: ""0"",hash: ""33465a7eb5355750e93e14d0ac5b3b46""})"
"(:VERTEX {memory address: ""7fdbf07fa000"",size: ""800000"",subtype: ""memory"",tgid: ""189166"",source: ""syscall"",type: ""Artifact"",version: ""0"",hash: ""64356977e8c08e0674310d30b34015fb""})"
"(:VERTEX {gid: ""1000"",euid: ""1000"",children pid namespace: ""4026533558"",start time: ""1690980852.521"",ns pid: ""24"",pid: ""193117"",source: ""syscall"",type: ""Process"",net namespace: ""4026533340"",ipc namespace: ""4026533535"",ppid: ""189166"",pid namespace: ""4026533558"",uid: ""1000"",egid: ""1000"",exe: ""/usr/local/bin/python3.10"",mount namespace: ""4026533557"",name: ""python"",hash: ""74254cf6a78fbca91f7fdb1e1aad799a"",user namespace: ""4026531837""})"
"(:VERTEX {memory address: ""7fdbd0000000"",size: ""4000000"",subtype: ""memory"",tgid: ""189166"",source: ""syscall"",type: ""Artifact"",version: ""0"",hash: ""0b046ec27453f62c1b4f576a7100c21b""})"
"(:VERTEX {memory address: ""7fdbd0000000"",size: ""21000"",subtype: ""memory"",tgid: ""189166"",source: ""syscall"",type: ""Artifact"",version: ""0"",hash: ""319cb42ac37bcfcf8ef9980a86d730ef""})"
"(:VERTEX {memory address: ""7fcbbdbc4000"",size: ""23000"",subtype: ""memory"",tgid: ""188853"",source: ""syscall"",type: ""Artifact"",version: ""0"",hash: ""fb1dc04d7f517cce6bdab33e35d7c090""})"
"(:VERTEX {memory address: ""7fcbbdbc6000"",size: ""21000"",subtype: ""memory"",tgid: ""188853"",source: ""syscall"",type: ""Artifact"",version: ""0"",hash: ""55964513aa76b6a41fce402f1a569cf5""})"
"(:VERTEX {gid: ""1000"",euid: ""1000"",children pid namespace: ""4026532775"",start time: ""1690980853.597"",ns pid: ""13"",pid: ""193118"",source: ""syscall"",type: ""Process"",net namespace: ""4026533128"",ipc namespace: ""4026533528"",ppid: ""188853"",pid namespace: ""4026532775"",uid: ""1000"",egid: ""1000"",exe: ""/src/server"",mount namespace: ""4026532774"",name: ""server"",hash: ""0a34888e4649ecdb77fb7e5dd9bb7297"",user namespace: ""4026531837""})"
"(:VERTEX {memory address: ""7f0857727000"",size: ""11000"",subtype: ""memory"",tgid: ""189893"",source: ""syscall"",type: ""Artifact"",version: ""234"",hash: ""b12ecbd20a350318c9eb0e16a2e12412""})"
"(:VERTEX {memory address: ""7f0857907000"",size: ""2000"",subtype: ""memory"",tgid: ""189893"",source: ""syscall"",type: ""Artifact"",version: ""19"",hash: ""f3408fd8a60c44bb088a3464a4cfa46d""})"
"(:VERTEX {memory address: ""7f08578b2000"",size: ""7000"",subtype: ""memory"",tgid: ""189893"",source: ""syscall"",type: ""Artifact"",version: ""16"",hash: ""6c111e6ad24be1b31d08783b24bb56a9""})"
"(:VERTEX {memory address: ""7f085772f000"",size: ""9000"",subtype: ""memory"",tgid: ""189893"",source: ""syscall"",type: ""Artifact"",version: ""25"",hash: ""93080f6e47698217c6dee46370597388""})"
"(:VERTEX {memory address: ""7f08578ea000"",size: ""2000"",subtype: ""memory"",tgid: ""189893"",source: ""syscall"",type: ""Artifact"",version: ""26"",hash: ""5d0545bf079482736f89f2050aeca501""})"
"(:VERTEX {memory address: ""7f08578b0000"",size: ""2000"",subtype: ""memory"",tgid: ""189893"",source: ""syscall"",type: ""Artifact"",version: ""3"",hash: ""2d5c2ac59d746a38a1047fcc36b98425""})"
"(:VERTEX {memory address: ""7f0857818000"",size: ""7000"",subtype: ""memory"",tgid: ""189893"",source: ""syscall"",type: ""Artifact"",version: ""57"",hash: ""c4bb4243654f7668ee7ecda59ef3961c""})"
"(:VERTEX {memory address: ""7f0857726000"",size: ""9000"",subtype: ""memory"",tgid: ""189893"",source: ""syscall"",type: ""Artifact"",version: ""8"",hash: ""b647394855e136e8cff3af5cd0c90933""})"
"(:VERTEX {memory address: ""7f0857716000"",size: ""10000"",subtype: ""memory"",tgid: ""189893"",source: ""syscall"",type: ""Artifact"",version: ""1"",hash: ""ea6e2bc712ecff2bf1f1fbfe204f6b36""})"
"(:VERTEX {memory address: ""7f08556fa000"",size: ""9000"",subtype: ""memory"",tgid: ""189893"",source: ""syscall"",type: ""Artifact"",version: ""67"",hash: ""09d86287e54cc34350a5d086afd35612""})"
"(:VERTEX {memory address: ""7f08556e1000"",size: ""9000"",subtype: ""memory"",tgid: ""189893"",source: ""syscall"",type: ""Artifact"",version: ""44"",hash: ""d26032e90aab7913e4c984fee6a45147""})"
"(:VERTEX {memory address: ""7f08556d8000"",size: ""9000"",subtype: ""memory"",tgid: ""189893"",source: ""syscall"",type: ""Artifact"",version: ""34"",hash: ""f7377edfa3f3006dc9573e530b80b839""})"
"(:VERTEX {memory address: ""7f08556cf000"",size: ""9000"",subtype: ""memory"",tgid: ""189893"",source: ""syscall"",type: ""Artifact"",version: ""35"",hash: ""e0336e0ab3c4d9edbb62b2fce2b70b37""})"
"(:VERTEX {memory address: ""7eff8ff40000"",size: ""a000"",subtype: ""memory"",tgid: ""189122"",source: ""syscall"",type: ""Artifact"",version: ""0"",hash: ""e1d35d2c414cac1f188b60c785512112""})"
"(:VERTEX {memory address: ""7f08556c6000"",size: ""9000"",subtype: ""memory"",tgid: ""189893"",source: ""syscall"",type: ""Artifact"",version: ""31"",hash: ""852aec00d42e4bc3e12ef68666b2e138""})"
"(:VERTEX {memory address: ""7eff8ff25000"",size: ""b000"",subtype: ""memory"",tgid: ""189122"",source: ""syscall"",type: ""Artifact"",version: ""2"",hash: ""e6866ec3afea179a819f4bccce668b4d""})"
"(:VERTEX {memory address: ""7eff8ff1a000"",size: ""b000"",subtype: ""memory"",tgid: ""189122"",source: ""syscall"",type: ""Artifact"",version: ""2"",hash: ""c461d4f4eb3cc38992c11c1dbe804753""})"
"(:VERTEX {memory address: ""7f08556bd000"",size: ""9000"",subtype: ""memory"",tgid: ""189893"",source: ""syscall"",type: ""Artifact"",version: ""24"",hash: ""1ff576ba1463c1df2c45af68ecc2147c""})"
"(:VERTEX {memory address: ""7f08556b4000"",size: ""9000"",subtype: ""memory"",tgid: ""189893"",source: ""syscall"",type: ""Artifact"",version: ""24"",hash: ""d5b8ddcd7230e82ee16dec1b6fca7487""})"
"(:VERTEX {memory address: ""7f08556ab000"",size: ""9000"",subtype: ""memory"",tgid: ""189893"",source: ""syscall"",type: ""Artifact"",version: ""36"",hash: ""5888c5ead55c73001b2993f34f3116e3""})"
"(:VERTEX {memory address: ""7f08556a2000"",size: ""9000"",subtype: ""memory"",tgid: ""189893"",source: ""syscall"",type: ""Artifact"",version: ""18"",hash: ""bc4255a0fa42d19b0163b80ad8b841d8""})"
"(:VERTEX {memory address: ""7f0855699000"",size: ""9000"",subtype: ""memory"",tgid: ""189893"",source: ""syscall"",type: ""Artifact"",version: ""15"",hash: ""63b6caa7c72bfd5940092642a1826ed4""})"
"(:VERTEX {memory address: ""7f0855690000"",size: ""9000"",subtype: ""memory"",tgid: ""189893"",source: ""syscall"",type: ""Artifact"",version: ""20"",hash: ""d2ff55ae9046012762c0a76c5c4520ff""})"
"(:VERTEX {memory address: ""7f0855687000"",size: ""9000"",subtype: ""memory"",tgid: ""189893"",source: ""syscall"",type: ""Artifact"",version: ""21"",hash: ""e9cd1e8e3c2e4863e9b57b0f1fc42ebb""})"
"(:VERTEX {memory address: ""7f08556ab000"",size: ""9000"",subtype: ""memory"",tgid: ""189893"",source: ""syscall"",type: ""Artifact"",version: ""37"",hash: ""0694c5ab673d09c39f343f4ed00a786b""})"
"(:VERTEX {memory address: ""7f0857774000"",size: ""6000"",subtype: ""memory"",tgid: ""189893"",source: ""syscall"",type: ""Artifact"",version: ""17"",hash: ""cfa05de22f534ba8fd0266c658747002""})"
"(:VERTEX {memory address: ""7f0855699000"",size: ""9000"",subtype: ""memory"",tgid: ""189893"",source: ""syscall"",type: ""Artifact"",version: ""16"",hash: ""0a71a0d42d5efa7aab95db108c36098f""})"
"(:VERTEX {memory address: ""7f0857774000"",size: ""6000"",subtype: ""memory"",tgid: ""189893"",source: ""syscall"",type: ""Artifact"",version: ""18"",hash: ""8985603d886b85ea757365679016a9f7""})"
"(:VERTEX {memory address: ""7f085567e000"",size: ""9000"",subtype: ""memory"",tgid: ""189893"",source: ""syscall"",type: ""Artifact"",version: ""21"",hash: ""176e4dcddbd08a737232b3500a3c26ec""})"
"(:VERTEX {memory address: ""7f0855675000"",size: ""9000"",subtype: ""memory"",tgid: ""189893"",source: ""syscall"",type: ""Artifact"",version: ""15"",hash: ""d3fa16fb97c58737add8b4f9c0857311""})"
"(:VERTEX {memory address: ""7f085567b000"",size: ""c000"",subtype: ""memory"",tgid: ""189893"",source: ""syscall"",type: ""Artifact"",version: ""0"",hash: ""e8d8ccbbcfd5be4f81a61124bc6e3fed""})"
"(:VERTEX {memory address: ""7f0855672000"",size: ""9000"",subtype: ""memory"",tgid: ""189893"",source: ""syscall"",type: ""Artifact"",version: ""0"",hash: ""50679e13052f1b3472cc54ea4f847821""})"
"(:VERTEX {memory address: ""7f0855661000"",size: ""11000"",subtype: ""memory"",tgid: ""189893"",source: ""syscall"",type: ""Artifact"",version: ""0"",hash: ""e2bb885d8246f7cff85b8f5550f5b614""})"
"(:VERTEX {memory address: ""7f0855669000"",size: ""9000"",subtype: ""memory"",tgid: ""189893"",source: ""syscall"",type: ""Artifact"",version: ""0"",hash: ""769d1ee1b0cbcea6fdb8d7a3d0635668""})"
"(:VERTEX {memory address: ""7f0855669000"",size: ""9000"",subtype: ""memory"",tgid: ""189893"",source: ""syscall"",type: ""Artifact"",version: ""1"",hash: ""f5960558c6abc136d9ae7f26e8ab53d8""})"
"(:VERTEX {memory address: ""7f0855660000"",size: ""9000"",subtype: ""memory"",tgid: ""189893"",source: ""syscall"",type: ""Artifact"",version: ""11"",hash: ""113d40f4a0920050cb442678d2a5286b""})"
"(:VERTEX {memory address: ""7f0855657000"",size: ""9000"",subtype: ""memory"",tgid: ""189893"",source: ""syscall"",type: ""Artifact"",version: ""0"",hash: ""afe3bb9d20fc4e05898bcafe00c96300""})"
"(:VERTEX {memory address: ""7f085567e000"",size: ""9000"",subtype: ""memory"",tgid: ""189893"",source: ""syscall"",type: ""Artifact"",version: ""22"",hash: ""a0695b6e4d709a8dd415bc08ac8fccee""})"
"(:VERTEX {memory address: ""7f0855675000"",size: ""9000"",subtype: ""memory"",tgid: ""189893"",source: ""syscall"",type: ""Artifact"",version: ""16"",hash: ""7878ea089ce043800b16ab84dcab76eb""})"
"(:VERTEX {memory address: ""7f085566c000"",size: ""9000"",subtype: ""memory"",tgid: ""189893"",source: ""syscall"",type: ""Artifact"",version: ""11"",hash: ""f2df90d5f826a7ca8b21085e897298ee""})"
"(:VERTEX {memory address: ""7f0857773000"",size: ""7000"",subtype: ""memory"",tgid: ""189893"",source: ""syscall"",type: ""Artifact"",version: ""28"",hash: ""421168c21ce7f25dfe0f3f3112ab93ae""})"
"(:VERTEX {memory address: ""7f085567e000"",size: ""9000"",subtype: ""memory"",tgid: ""189893"",source: ""syscall"",type: ""Artifact"",version: ""23"",hash: ""4617635037b1e13691ffe3a2901edda5""})"
"(:VERTEX {memory address: ""7f085567e000"",size: ""9000"",subtype: ""memory"",tgid: ""189893"",source: ""syscall"",type: ""Artifact"",version: ""24"",hash: ""e6529a79beceb8aac872af3bdd36f3e4""})"
"(:VERTEX {memory address: ""7f0857773000"",size: ""7000"",subtype: ""memory"",tgid: ""189893"",source: ""syscall"",type: ""Artifact"",version: ""29"",hash: ""68d644112212f84a5fea870ccadd3c54""})"
"(:VERTEX {memory address: ""7f0855675000"",size: ""9000"",subtype: ""memory"",tgid: ""189893"",source: ""syscall"",type: ""Artifact"",version: ""17"",hash: ""048f633c372c3dd9aef7bfb2ba2b7352""})"
"(:VERTEX {memory address: ""7f0857772000"",size: ""8000"",subtype: ""memory"",tgid: ""189893"",source: ""syscall"",type: ""Artifact"",version: ""15"",hash: ""b8002f34d409f80fc4d6129e0f2e40df""})"
"(:VERTEX {memory address: ""7f0855675000"",size: ""9000"",subtype: ""memory"",tgid: ""189893"",source: ""syscall"",type: ""Artifact"",version: ""18"",hash: ""e4c52215a08301b7ddf05300b4558fb0""})"
"(:VERTEX {memory address: ""7f0855663000"",size: ""9000"",subtype: ""memory"",tgid: ""189893"",source: ""syscall"",type: ""Artifact"",version: ""13"",hash: ""ab9c43741ed4ae9b5d6c7a8d75799934""})"
"(:VERTEX {memory address: ""7f085565a000"",size: ""9000"",subtype: ""memory"",tgid: ""189893"",source: ""syscall"",type: ""Artifact"",version: ""20"",hash: ""9a59c38b2562220fbb92b2bcc92586dd""})"
"(:VERTEX {memory address: ""7f0855651000"",size: ""9000"",subtype: ""memory"",tgid: ""189893"",source: ""syscall"",type: ""Artifact"",version: ""8"",hash: ""a7b63288ee4f33338fa3d8c5b6ac71fc""})"
"(:VERTEX {memory address: ""7f0855648000"",size: ""9000"",subtype: ""memory"",tgid: ""189893"",source: ""syscall"",type: ""Artifact"",version: ""10"",hash: ""580d9b8174f134ce2fa6b8d344be334a""})"
"(:VERTEX {memory address: ""7f085563f000"",size: ""9000"",subtype: ""memory"",tgid: ""189893"",source: ""syscall"",type: ""Artifact"",version: ""11"",hash: ""bc1fc1c63927fd25179691117d2c8fab""})"
"(:VERTEX {memory address: ""7f0857759000"",size: ""6000"",subtype: ""memory"",tgid: ""189893"",source: ""syscall"",type: ""Artifact"",version: ""4"",hash: ""d2a9f3c94d2aea67b25bb0f89cbd02f6""})"
"(:VERTEX {memory address: ""7f08578ad000"",size: ""3000"",subtype: ""memory"",tgid: ""189893"",source: ""syscall"",type: ""Artifact"",version: ""2"",hash: ""4a614ffcb825e6c319304765e06c8782""})"
"(:VERTEX {memory address: ""7f0857774000"",size: ""6000"",subtype: ""memory"",tgid: ""189893"",source: ""syscall"",type: ""Artifact"",version: ""19"",hash: ""f3c265088e96581c15a6b55a7fd75d5c""})"
"(:VERTEX {memory address: ""7f0855675000"",size: ""9000"",subtype: ""memory"",tgid: ""189893"",source: ""syscall"",type: ""Artifact"",version: ""19"",hash: ""e08d1eaac0d4b11ae3da5eebe4c62d45""})"
"(:VERTEX {memory address: ""7f0855663000"",size: ""9000"",subtype: ""memory"",tgid: ""189893"",source: ""syscall"",type: ""Artifact"",version: ""14"",hash: ""dd9225ce4fa712203a86fcb3ae884787""})"
"(:VERTEX {memory address: ""7f0855675000"",size: ""9000"",subtype: ""memory"",tgid: ""189893"",source: ""syscall"",type: ""Artifact"",version: ""20"",hash: ""9d96b6f9d0563fdee4e1019fb393ed2f""})"
"(:VERTEX {memory address: ""7f085565a000"",size: ""12000"",subtype: ""memory"",tgid: ""189893"",source: ""syscall"",type: ""Artifact"",version: ""0"",hash: ""1819d5b97871fcdf06fae2583ce6444f""})"
"(:VERTEX {memory address: ""7f0855648000"",size: ""9000"",subtype: ""memory"",tgid: ""189893"",source: ""syscall"",type: ""Artifact"",version: ""11"",hash: ""52404d164d4b692cdca062e126daf485""})"
"(:VERTEX {memory address: ""7f0855675000"",size: ""9000"",subtype: ""memory"",tgid: ""189893"",source: ""syscall"",type: ""Artifact"",version: ""21"",hash: ""1475b6c61c5c2ecfe08c12113506b388""})"
"(:VERTEX {memory address: ""7f08578ad000"",size: ""3000"",subtype: ""memory"",tgid: ""189893"",source: ""syscall"",type: ""Artifact"",version: ""3"",hash: ""a6488831fdea4e5e453ae737fd66e412""})"
"(:VERTEX {memory address: ""7f0857774000"",size: ""6000"",subtype: ""memory"",tgid: ""189893"",source: ""syscall"",type: ""Artifact"",version: ""20"",hash: ""c22a51637fd4cfbe9996a0674650d846""})"
"(:VERTEX {memory address: ""7f0855663000"",size: ""9000"",subtype: ""memory"",tgid: ""189893"",source: ""syscall"",type: ""Artifact"",version: ""15"",hash: ""09d77325d06a54edf4e1821abd0137be""})"
"(:VERTEX {memory address: ""7f085565a000"",size: ""9000"",subtype: ""memory"",tgid: ""189893"",source: ""syscall"",type: ""Artifact"",version: ""21"",hash: ""e4f4be084a0549cd12c1afad7e712876""})"
"(:VERTEX {memory address: ""7f085565a000"",size: ""9000"",subtype: ""memory"",tgid: ""189893"",source: ""syscall"",type: ""Artifact"",version: ""22"",hash: ""8bcfbf7388e22cc51ca6c133a2fcee65""})"
"(:VERTEX {memory address: ""7f0855648000"",size: ""9000"",subtype: ""memory"",tgid: ""189893"",source: ""syscall"",type: ""Artifact"",version: ""12"",hash: ""5da12f1a3e5bcd1074254172ff33460c""})"
"(:VERTEX {memory address: ""7f0855636000"",size: ""9000"",subtype: ""memory"",tgid: ""189893"",source: ""syscall"",type: ""Artifact"",version: ""6"",hash: ""3661d38bb13591b213108c69603a2686""})"
"(:VERTEX {memory address: ""7f085562d000"",size: ""9000"",subtype: ""memory"",tgid: ""189893"",source: ""syscall"",type: ""Artifact"",version: ""5"",hash: ""826e80a9f4645324a9858229497ec585""})"
"(:VERTEX {memory address: ""7f0855624000"",size: ""9000"",subtype: ""memory"",tgid: ""189893"",source: ""syscall"",type: ""Artifact"",version: ""5"",hash: ""4339609970d731ce553f20d23390d80d""})"
"(:VERTEX {memory address: ""7f0857774000"",size: ""6000"",subtype: ""memory"",tgid: ""189893"",source: ""syscall"",type: ""Artifact"",version: ""21"",hash: ""24a17eb85eeec9c1654fe89c24379bdc""})"
"(:VERTEX {memory address: ""7f0855648000"",size: ""9000"",subtype: ""memory"",tgid: ""189893"",source: ""syscall"",type: ""Artifact"",version: ""13"",hash: ""834015dea87ef3dbffa14fddfed54a8e""})"
"(:VERTEX {memory address: ""7f0855636000"",size: ""9000"",subtype: ""memory"",tgid: ""189893"",source: ""syscall"",type: ""Artifact"",version: ""7"",hash: ""ced0b2b39707ca81c595d81ad21872cf""})"
"(:VERTEX {memory address: ""7f0855624000"",size: ""9000"",subtype: ""memory"",tgid: ""189893"",source: ""syscall"",type: ""Artifact"",version: ""6"",hash: ""f2a21be431802b2e51ad203d1f2e38a9""})"
"(:VERTEX {memory address: ""7f08556e1000"",size: ""9000"",subtype: ""memory"",tgid: ""189893"",source: ""syscall"",type: ""Artifact"",version: ""45"",hash: ""18600e1f8fc09b25ea6b6480390040cc""})"
"(:VERTEX {memory address: ""7f08556d8000"",size: ""9000"",subtype: ""memory"",tgid: ""189893"",source: ""syscall"",type: ""Artifact"",version: ""35"",hash: ""c2749dff0c23d0970001298ac140ccb4""})"
"(:VERTEX {memory address: ""7f08556cf000"",size: ""9000"",subtype: ""memory"",tgid: ""189893"",source: ""syscall"",type: ""Artifact"",version: ""36"",hash: ""c108dbe90e2309dd63ecdf1425e9f369""})"
"(:VERTEX {memory address: ""7f08556bd000"",size: ""9000"",subtype: ""memory"",tgid: ""189893"",source: ""syscall"",type: ""Artifact"",version: ""25"",hash: ""7b9f4d4af8c1e0e6da6a3d0c4969b7d5""})"
"(:VERTEX {memory address: ""7f08556a2000"",size: ""9000"",subtype: ""memory"",tgid: ""189893"",source: ""syscall"",type: ""Artifact"",version: ""19"",hash: ""d7dee2c0fd4f4d4dbe14558d3a7809ff""})"
"(:VERTEX {memory address: ""7f0855699000"",size: ""9000"",subtype: ""memory"",tgid: ""189893"",source: ""syscall"",type: ""Artifact"",version: ""17"",hash: ""e28be26d36ac398a4e611b9fd2f253a6""})"
"(:VERTEX {memory address: ""7f08556fa000"",size: ""9000"",subtype: ""memory"",tgid: ""189893"",source: ""syscall"",type: ""Artifact"",version: ""68"",hash: ""384e745fee0c548ad93b74794bf694e5""})"
"(:VERTEX {memory address: ""7f08556a2000"",size: ""9000"",subtype: ""memory"",tgid: ""189893"",source: ""syscall"",type: ""Artifact"",version: ""20"",hash: ""8d9a0fd791c414535c9060388fc5404e""})"
"(:VERTEX {memory address: ""7f0855687000"",size: ""9000"",subtype: ""memory"",tgid: ""189893"",source: ""syscall"",type: ""Artifact"",version: ""22"",hash: ""26146ffa03ce689bdd5911f50cc6a355""})"
"(:VERTEX {memory address: ""7f085567e000"",size: ""9000"",subtype: ""memory"",tgid: ""189893"",source: ""syscall"",type: ""Artifact"",version: ""25"",hash: ""1288fb921e995e0e87a867ca25b147e2""})"
"(:VERTEX {memory address: ""7f0855675000"",size: ""9000"",subtype: ""memory"",tgid: ""189893"",source: ""syscall"",type: ""Artifact"",version: ""22"",hash: ""833aeedb007e15ceaad876cea10449f8""})"
"(:VERTEX {memory address: ""7f085566c000"",size: ""9000"",subtype: ""memory"",tgid: ""189893"",source: ""syscall"",type: ""Artifact"",version: ""12"",hash: ""2c259a7030cea4edc639a6859a52306f""})"
"(:VERTEX {memory address: ""7f0855663000"",size: ""9000"",subtype: ""memory"",tgid: ""189893"",source: ""syscall"",type: ""Artifact"",version: ""16"",hash: ""d60f210fa037b5502c2f0f643862ef88""})"
"(:VERTEX {memory address: ""7f0855675000"",size: ""9000"",subtype: ""memory"",tgid: ""189893"",source: ""syscall"",type: ""Artifact"",version: ""23"",hash: ""894b160dd6eaf5450ab4cb447679cd95""})"
"(:VERTEX {memory address: ""7f085780c000"",size: ""4000"",subtype: ""memory"",tgid: ""189893"",source: ""syscall"",type: ""Artifact"",version: ""16"",hash: ""10d1e97d22218b8f290e7dad580bc862""})"
"(:VERTEX {memory address: ""7f08556d9000"",size: ""11000"",subtype: ""memory"",tgid: ""189893"",source: ""syscall"",type: ""Artifact"",version: ""50"",hash: ""9647d737487aab265b098f9e2d56cd44""})"
"(:VERTEX {memory address: ""7eff8f3a0000"",size: ""7000"",subtype: ""memory"",tgid: ""189122"",source: ""syscall"",type: ""Artifact"",version: ""0"",hash: ""c4356f2eda07b908e9e3332f5c07ae30""})"
"(:VERTEX {memory address: ""7f0857727000"",size: ""11000"",subtype: ""memory"",tgid: ""189893"",source: ""syscall"",type: ""Artifact"",version: ""235"",hash: ""e8e7a7bcc7b769ccaba4770782b82314""})"
"(:VERTEX {remote port: ""443"",epoch: ""0"",source: ""syscall"",type: ""Artifact"",version: ""0"",local port: ""38934"",net namespace: ""-1"",local address: ""10.1.251.196"",protocol: ""tcp"",subtype: ""network socket"",remote address: ""10.152.183.1"",hash: ""9b2983203ab341a9bec6b90b87a22db4""})"
"(:VERTEX {remote port: ""443"",epoch: ""0"",source: ""syscall"",type: ""Artifact"",version: ""0"",local port: ""38936"",net namespace: ""-1"",local address: ""10.1.251.196"",protocol: ""tcp"",subtype: ""network socket"",remote address: ""10.152.183.1"",hash: ""6896cab597031c79a10c5ebc8b57312e""})"
"(:VERTEX {remote port: ""443"",epoch: ""0"",source: ""syscall"",type: ""Artifact"",version: ""0"",local port: ""38946"",net namespace: ""-1"",local address: ""10.1.251.196"",protocol: ""tcp"",subtype: ""network socket"",remote address: ""10.152.183.1"",hash: ""4bba675f3bf5650c1b9921574cba54c6""})"
"(:VERTEX {remote port: ""443"",epoch: ""0"",source: ""syscall"",type: ""Artifact"",version: ""0"",local port: ""38952"",net namespace: ""-1"",local address: ""10.1.251.196"",protocol: ""tcp"",subtype: ""network socket"",remote address: ""10.152.183.1"",hash: ""e7381a6c3b1c07192b968495bd45a8a5""})"
"(:VERTEX {remote port: ""443"",epoch: ""0"",source: ""syscall"",type: ""Artifact"",version: ""0"",local port: ""38960"",net namespace: ""-1"",local address: ""10.1.251.196"",protocol: ""tcp"",subtype: ""network socket"",remote address: ""10.152.183.1"",hash: ""1bca81ec65debd1400029948e11c0dd8""})"
"(:VERTEX {remote port: ""443"",epoch: ""0"",source: ""syscall"",type: ""Artifact"",version: ""0"",local port: ""38970"",net namespace: ""-1"",local address: ""10.1.251.196"",protocol: ""tcp"",subtype: ""network socket"",remote address: ""10.152.183.1"",hash: ""5ef30d963b82d9432ed956192f90643d""})"
"(:VERTEX {memory address: ""7f07f17fb000"",size: ""801000"",subtype: ""memory"",tgid: ""189209"",source: ""syscall"",type: ""Artifact"",version: ""0"",hash: ""cb82a0103bcf8ed145666c0c6a9699d2""})"
"(:VERTEX {memory address: ""7f07f17fc000"",size: ""800000"",subtype: ""memory"",tgid: ""189209"",source: ""syscall"",type: ""Artifact"",version: ""0"",hash: ""811575bbc277b04d779582ae66ba4e9d""})"
"(:VERTEX {gid: ""0"",euid: ""999"",children pid namespace: ""4026533564"",start time: ""1690980861.989"",ns pid: ""157"",pid: ""193128"",source: ""syscall"",type: ""Process"",net namespace: ""4026532705"",ipc namespace: ""4026532772"",ppid: ""189209"",pid namespace: ""4026533564"",cwd: ""/"",uid: ""999"",egid: ""0"",exe: ""/usr/bin/kube-controllers"",mount namespace: ""4026533563"",name: ""kube-controller"",hash: ""1df5fccd95c3e0ccbea143c6a7358280"",user namespace: ""4026531837""})"
"(:VERTEX {path: ""/sys/devices/system/cpu/online"",subtype: ""file"",permissions: ""0444"",epoch: ""0"",source: ""syscall"",type: ""Artifact"",version: ""0"",hash: ""5e70b545594dd25d619bea155973df8d""})"
"(:VERTEX {memory address: ""7f07dc000000"",size: ""4000000"",subtype: ""memory"",tgid: ""189209"",source: ""syscall"",type: ""Artifact"",version: ""0"",hash: ""caf432716bb563a824a418ef77d7966f""})"
"(:VERTEX {memory address: ""7f07dc000000"",size: ""21000"",subtype: ""memory"",tgid: ""189209"",source: ""syscall"",type: ""Artifact"",version: ""0"",hash: ""e47ebdb6fc259b4cc261068c31e6f5a6""})"
"(:VERTEX {remote port: ""11110"",epoch: ""0"",source: ""syscall"",type: ""Artifact"",version: ""0"",local port: ""8080"",net namespace: ""-1"",local address: ""0000:0000:0000:0000:0000:0000:0000:0000"",protocol: ""tcp"",subtype: ""network socket"",remote address: ""0000:0000:0000:0000:0000:FFFF:C0A8:2F80"",hash: ""2fb773c413d1c20a60db829c6ce2ad0f""})"
"(:VERTEX {gid: ""1000"",euid: ""1000"",children pid namespace: ""-1"",pid: ""189078"",seen time: ""1690980863.404"",source: ""syscall"",type: ""Process"",net namespace: ""-1"",ipc namespace: ""-1"",ppid: ""59024"",pid namespace: ""-1"",uid: ""1000"",egid: ""1000"",exe: ""/app/cartservice"",mount namespace: ""-1"",name: "".NET ThreadPool"",hash: ""2045a2db174b23d8346f836564da8bce"",user namespace: ""-1""})"
"(:VERTEX {memory address: ""7fa6cef9a000"",size: ""183000"",subtype: ""memory"",tgid: ""189078"",source: ""syscall"",type: ""Artifact"",version: ""4"",hash: ""798e8b3f07b0e4d122838adde429040f""})"
"(:VERTEX {memory address: ""7fa6cef9c000"",size: ""181000"",subtype: ""memory"",tgid: ""189078"",source: ""syscall"",type: ""Artifact"",version: ""4"",hash: ""02ef82dd860e26a119cb23deabf71ff1""})"
"(:VERTEX {gid: ""1000"",euid: ""1000"",children pid namespace: ""4026533552"",start time: ""1690980863.404"",ns pid: ""59"",pid: ""193129"",source: ""syscall"",type: ""Process"",net namespace: ""4026533266"",ipc namespace: ""4026533539"",ppid: ""189078"",pid namespace: ""4026533552"",uid: ""1000"",egid: ""1000"",exe: ""/app/cartservice"",mount namespace: ""4026533551"",name: "".NET ThreadPool"",hash: ""f91b5aefd680a8f931e0c2a82a0b431c"",user namespace: ""4026531837""})"
"(:VERTEX {memory address: ""7fa6cfb52000"",size: ""4000"",subtype: ""memory"",tgid: ""189078"",source: ""syscall"",type: ""Artifact"",version: ""4"",hash: ""68b67e434f80cf68bcc8371a915fa0d1""})"
"(:VERTEX {memory address: ""7fa6cfb52000"",size: ""1000"",subtype: ""memory"",tgid: ""189078"",source: ""syscall"",type: ""Artifact"",version: ""4"",hash: ""691579b018274cee7823795953d3b0ab""})"
"(:VERTEX {path: ""/proc/189078/task/59/comm"",subtype: ""file"",permissions: ""0644"",epoch: ""0"",source: ""syscall"",type: ""Artifact"",version: ""0"",hash: ""d2b6ad2baf63eaff118342ce781a2635""})"
"(:VERTEX {subtype: ""unnamed pipe"",tgid: ""189078"",epoch: ""9"",source: ""syscall"",read fd: ""196"",type: ""Artifact"",version: ""0"",hash: ""745a5a440360d5bf27c3991de26fdd0c"",write fd: ""204""})"
"(:VERTEX {remote port: """",epoch: ""0"",source: ""syscall"",type: ""Artifact"",version: ""0"",local port: ""44346"",net namespace: ""4026533266"",local address: ""0000:0000:0000:0000:0000:FFFF:0A01:FBCE"",protocol: ""tcp"",subtype: ""network socket"",remote address: """",hash: ""6662f4e35bf790bbbc9d4a153feeb32b""})"
"(:VERTEX {remote port: ""54515"",epoch: ""0"",source: ""syscall"",type: ""Artifact"",version: ""0"",local port: ""8080"",net namespace: ""-1"",local address: ""0000:0000:0000:0000:0000:0000:0000:0000"",protocol: ""tcp"",subtype: ""network socket"",remote address: ""0000:0000:0000:0000:0000:FFFF:C0A8:2F80"",hash: ""fff4f6f75f8772907af6c1b1f1c04239""})"
"(:VERTEX {gid: ""1000"",euid: ""1000"",children pid namespace: ""4026533562"",start time: ""1690980870.010"",ns pid: ""14"",pid: ""193134"",source: ""syscall"",type: ""Process"",net namespace: ""4026532954"",ipc namespace: ""4026533493"",ppid: ""182051"",pid namespace: ""4026533562"",cwd: ""/data"",uid: ""1000"",egid: ""1000"",exe: ""/usr/local/bin/redis-server"",mount namespace: ""4026533561"",name: ""redis-server"",hash: ""c42792210fa4a8362271f0be96d0524f"",user namespace: ""4026531837""})"
"(:VERTEX {subtype: ""unnamed pipe"",tgid: ""182051"",epoch: ""0"",source: ""syscall"",read fd: ""10"",type: ""Artifact"",version: ""0"",hash: ""4e66ef3b9ebc89e61d50166151ba26ef"",write fd: ""11""})"
"(:VERTEX {path: ""/data/temp-14.rdb"",subtype: ""file"",permissions: ""0600"",epoch: ""0"",source: ""syscall"",type: ""Artifact"",version: ""0"",hash: ""893b8bb8db4ee591dd3cb629dc1c380c""})"
"(:VERTEX {path: ""/proc/193134/smaps"",subtype: ""file"",permissions: ""0444"",epoch: ""0"",source: ""syscall"",type: ""Artifact"",version: ""0"",hash: ""bde1db1ea3c7d5e5069b8b0eebd23c97""})"
"(:VERTEX {remote port: ""443"",epoch: ""0"",source: ""syscall"",type: ""Artifact"",version: ""0"",local port: ""39598"",net namespace: ""-1"",local address: ""10.1.251.196"",protocol: ""tcp"",subtype: ""network socket"",remote address: ""10.152.183.1"",hash: ""81ce2300904454d58b72ecbf9caad13c""})"
"(:VERTEX {gid: ""0"",euid: ""999"",children pid namespace: ""-1"",pid: ""189264"",seen time: ""1690980873.260"",source: ""syscall"",type: ""Process"",net namespace: ""-1"",ipc namespace: ""-1"",ppid: ""2140"",pid namespace: ""-1"",uid: ""999"",egid: ""0"",mount namespace: ""-1"",name: ""kube-controller"",hash: ""53696dfc032aa3c8ddf3582f8a41b92f"",user namespace: ""-1""})"
"(:VERTEX {remote port: ""443"",epoch: ""0"",source: ""syscall"",type: ""Artifact"",version: ""0"",local port: ""39600"",net namespace: ""-1"",local address: ""10.1.251.196"",protocol: ""tcp"",subtype: ""network socket"",remote address: ""10.152.183.1"",hash: ""ba06fd5ed28f1f8cd3938145254c3a32""})"
"(:VERTEX {remote port: ""443"",epoch: ""0"",source: ""syscall"",type: ""Artifact"",version: ""0"",local port: ""39616"",net namespace: ""4026532705"",local address: ""10.1.251.196"",protocol: ""tcp"",subtype: ""network socket"",remote address: ""10.152.183.1"",hash: ""9af68ca7c1abca927845e1ab557aefca""})"
"(:VERTEX {remote port: ""443"",epoch: ""0"",source: ""syscall"",type: ""Artifact"",version: ""0"",local port: ""39642"",net namespace: ""-1"",local address: ""10.1.251.196"",protocol: ""tcp"",subtype: ""network socket"",remote address: ""10.152.183.1"",hash: ""375a65341b4c6e21fbd3fa8d209727bf""})"
"(:VERTEX {remote port: ""443"",epoch: ""0"",source: ""syscall"",type: ""Artifact"",version: ""0"",local port: ""39628"",net namespace: ""4026532705"",local address: ""10.1.251.196"",protocol: ""tcp"",subtype: ""network socket"",remote address: ""10.152.183.1"",hash: ""da302f89651e33ff734e5c879b06ad89""})"
"(:VERTEX {remote port: ""443"",epoch: ""0"",source: ""syscall"",type: ""Artifact"",version: ""0"",local port: ""39646"",net namespace: ""-1"",local address: ""10.1.251.196"",protocol: ""tcp"",subtype: ""network socket"",remote address: ""10.152.183.1"",hash: ""f3bf7d418c56104d5dfa7fb446893ad2""})"
"(:VERTEX {remote port: ""24829"",epoch: ""0"",source: ""syscall"",type: ""Artifact"",version: ""0"",local port: ""8080"",net namespace: ""-1"",local address: ""0000:0000:0000:0000:0000:0000:0000:0000"",protocol: ""tcp"",subtype: ""network socket"",remote address: ""0000:0000:0000:0000:0000:FFFF:C0A8:2F80"",hash: ""0eb2e7e05db331f5cba0ae96a8dcdce1""})"
"(:VERTEX {remote port: ""443"",epoch: ""0"",source: ""syscall"",type: ""Artifact"",version: ""0"",local port: ""52320"",net namespace: ""-1"",local address: ""10.1.251.196"",protocol: ""tcp"",subtype: ""network socket"",remote address: ""10.152.183.1"",hash: ""d3129137c1367aeb9ad2daf0c3237ea6""})"
"(:VERTEX {remote port: ""443"",epoch: ""0"",source: ""syscall"",type: ""Artifact"",version: ""0"",local port: ""52324"",net namespace: ""-1"",local address: ""10.1.251.196"",protocol: ""tcp"",subtype: ""network socket"",remote address: ""10.152.183.1"",hash: ""c20aeca8214f63804d983d0a88d96917""})"
"(:VERTEX {remote port: ""443"",epoch: ""0"",source: ""syscall"",type: ""Artifact"",version: ""0"",local port: ""52348"",net namespace: ""-1"",local address: ""10.1.251.196"",protocol: ""tcp"",subtype: ""network socket"",remote address: ""10.152.183.1"",hash: ""397ff34a20a2c385156615046698afb3""})"
"(:VERTEX {remote port: ""443"",epoch: ""0"",source: ""syscall"",type: ""Artifact"",version: ""0"",local port: ""52352"",net namespace: ""-1"",local address: ""10.1.251.196"",protocol: ""tcp"",subtype: ""network socket"",remote address: ""10.152.183.1"",hash: ""9d8d71fd32dc487b07906869a747a45f""})"
"(:VERTEX {remote port: ""443"",epoch: ""0"",source: ""syscall"",type: ""Artifact"",version: ""0"",local port: ""52338"",net namespace: ""-1"",local address: ""10.1.251.196"",protocol: ""tcp"",subtype: ""network socket"",remote address: ""10.152.183.1"",hash: ""0ce89befb838d0f02055c1ef81bc64af""})"
"(:VERTEX {remote port: ""443"",epoch: ""0"",source: ""syscall"",type: ""Artifact"",version: ""0"",local port: ""52364"",net namespace: ""-1"",local address: ""10.1.251.196"",protocol: ""tcp"",subtype: ""network socket"",remote address: ""10.152.183.1"",hash: ""5982f724af3363fdde73d8bfa7d81eb0""})"
"(:VERTEX {remote port: ""443"",epoch: ""0"",source: ""syscall"",type: ""Artifact"",version: ""0"",local port: ""52378"",net namespace: ""-1"",local address: ""10.1.251.196"",protocol: ""tcp"",subtype: ""network socket"",remote address: ""10.152.183.1"",hash: ""d0e404bf5ac4b9ff0977e0eb8f4246e2""})"
"(:VERTEX {remote port: ""443"",epoch: ""0"",source: ""syscall"",type: ""Artifact"",version: ""0"",local port: ""43590"",net namespace: ""-1"",local address: ""10.1.251.196"",protocol: ""tcp"",subtype: ""network socket"",remote address: ""10.152.183.1"",hash: ""729159d3853749cf5d2e86ad9c895ca9""})"
"(:VERTEX {remote port: ""443"",epoch: ""0"",source: ""syscall"",type: ""Artifact"",version: ""0"",local port: ""43606"",net namespace: ""-1"",local address: ""10.1.251.196"",protocol: ""tcp"",subtype: ""network socket"",remote address: ""10.152.183.1"",hash: ""9fe5b372f19ca7ee5771d243fbc20741""})"
"(:VERTEX {remote port: ""443"",epoch: ""0"",source: ""syscall"",type: ""Artifact"",version: ""0"",local port: ""43620"",net namespace: ""-1"",local address: ""10.1.251.196"",protocol: ""tcp"",subtype: ""network socket"",remote address: ""10.152.183.1"",hash: ""51dcfcc320a6dd69be71eb1c87f2582c""})"
"(:VERTEX {remote port: ""443"",epoch: ""0"",source: ""syscall"",type: ""Artifact"",version: ""0"",local port: ""43632"",net namespace: ""-1"",local address: ""10.1.251.196"",protocol: ""tcp"",subtype: ""network socket"",remote address: ""10.152.183.1"",hash: ""5a2d57b50597623ae13edc4d015b8c39""})"
"(:VERTEX {remote port: ""443"",epoch: ""0"",source: ""syscall"",type: ""Artifact"",version: ""0"",local port: ""43634"",net namespace: ""-1"",local address: ""10.1.251.196"",protocol: ""tcp"",subtype: ""network socket"",remote address: ""10.152.183.1"",hash: ""5fcd0661f78a1d7d9970856e1e64f503""})"
"(:VERTEX {remote port: ""443"",epoch: ""0"",source: ""syscall"",type: ""Artifact"",version: ""0"",local port: ""43646"",net namespace: ""4026532705"",local address: ""10.1.251.196"",protocol: ""tcp"",subtype: ""network socket"",remote address: ""10.152.183.1"",hash: ""03304b3e060eee2667d65ba3c0bfd10d""})"
"(:VERTEX {remote port: ""4203"",epoch: ""0"",source: ""syscall"",type: ""Artifact"",version: ""0"",local port: ""8080"",net namespace: ""-1"",local address: ""0000:0000:0000:0000:0000:0000:0000:0000"",protocol: ""tcp"",subtype: ""network socket"",remote address: ""0000:0000:0000:0000:0000:FFFF:C0A8:2F80"",hash: ""cc1018a9259b1127668161a3ac9ce4ae""})"
"(:VERTEX {remote port: ""35648"",epoch: ""0"",source: ""syscall"",type: ""Artifact"",version: ""0"",local port: ""8080"",net namespace: ""-1"",local address: ""0000:0000:0000:0000:0000:0000:0000:0000"",protocol: ""tcp"",subtype: ""network socket"",remote address: ""0000:0000:0000:0000:0000:FFFF:C0A8:2F80"",hash: ""7835b870d64b53018227c9f2b6a3446f""})"
"(:VERTEX {gid: ""1000"",euid: ""1000"",children pid namespace: ""-1"",pid: ""6257"",seen time: ""1693399708.546"",source: ""syscall"",type: ""Process"",net namespace: ""-1"",ipc namespace: ""-1"",ppid: ""1"",pid namespace: ""-1"",cwd: ""/"",uid: ""1000"",egid: ""1000"",exe: ""/usr/lib/systemd/systemd"",mount namespace: ""-1"",name: ""systemd"",hash: ""98b2d2c98d0a1dec504382ad598bc532"",user namespace: ""-1""})"
"(:VERTEX {path: ""/sys"",subtype: ""directory"",permissions: ""0555"",epoch: ""0"",source: ""syscall"",type: ""Artifact"",version: ""0"",hash: ""88cd5a7ee47fdc85dea662449c90e238""})"
"(:VERTEX {path: ""/sys/dev/block"",subtype: ""directory"",permissions: ""0755"",epoch: ""0"",source: ""syscall"",type: ""Artifact"",version: ""0"",hash: ""ceb21fd09c6ad0f4289f45db31ca1fdf""})"
"(:VERTEX {path: ""/sys/dev"",subtype: ""directory"",permissions: ""0755"",epoch: ""0"",source: ""syscall"",type: ""Artifact"",version: ""0"",hash: ""35efe92d04454ec3e869c4cd6ff23db6""})"
"(:VERTEX {path: ""/sys/dev/block/8:2"",subtype: ""link"",permissions: ""0777"",epoch: ""0"",source: ""syscall"",type: ""Artifact"",version: ""0"",hash: ""39457ec4adff58961852143640bebe35""})"
"(:VERTEX {path: ""/sys/devices"",subtype: ""directory"",permissions: ""0755"",epoch: ""0"",source: ""syscall"",type: ""Artifact"",version: ""0"",hash: ""5f712adb3d295463e60c3ec30d8969b6""})"
"(:VERTEX {path: ""/sys/devices/pci0000:00"",subtype: ""directory"",permissions: ""0755"",epoch: ""0"",source: ""syscall"",type: ""Artifact"",version: ""0"",hash: ""802048418eff216e06bb81430cd9f857""})"
"(:VERTEX {path: ""/sys/devices/pci0000:00/0000:00:10.0"",subtype: ""directory"",permissions: ""0755"",epoch: ""0"",source: ""syscall"",type: ""Artifact"",version: ""0"",hash: ""9a03e9704f11f1cf509a517c548c56a1""})"
"(:VERTEX {path: ""/sys/devices/pci0000:00/0000:00:10.0/host32"",subtype: ""directory"",permissions: ""0755"",epoch: ""0"",source: ""syscall"",type: ""Artifact"",version: ""0"",hash: ""a3e32fad98a6e5b7a54455a6ed31cbb0""})"
"(:VERTEX {path: ""/sys/devices/pci0000:00/0000:00:10.0/host32/target32:0:0"",subtype: ""directory"",permissions: ""0755"",epoch: ""0"",source: ""syscall"",type: ""Artifact"",version: ""0"",hash: ""347b56f47bafd23c341c6d5503502082""})"
"(:VERTEX {path: ""/sys/devices/pci0000:00/0000:00:10.0/host32/target32:0:0/32:0:0:0"",subtype: ""directory"",permissions: ""0755"",epoch: ""0"",source: ""syscall"",type: ""Artifact"",version: ""0"",hash: ""222c215a713025c268ce443a4d43b31e""})"
"(:VERTEX {path: ""/sys/devices/pci0000:00/0000:00:10.0/host32/target32:0:0/32:0:0:0/block"",subtype: ""directory"",permissions: ""0755"",epoch: ""0"",source: ""syscall"",type: ""Artifact"",version: ""0"",hash: ""ae0e5b17052ba0f23c67c6a3c4e4d172""})"
"(:VERTEX {path: ""/sys/devices/pci0000:00/0000:00:10.0/host32/target32:0:0/32:0:0:0/block/sda"",subtype: ""directory"",permissions: ""0755"",epoch: ""0"",source: ""syscall"",type: ""Artifact"",version: ""0"",hash: ""3149b1d2e4b0156d8c9d986a072eb53b""})"
"(:VERTEX {path: ""/sys/devices/pci0000:00/0000:00:10.0/host32/target32:0:0/32:0:0:0/block/sda/sda2"",subtype: ""directory"",permissions: ""0755"",epoch: ""0"",source: ""syscall"",type: ""Artifact"",version: ""0"",hash: ""d34562bc65814bdf0f5069430d05643c""})"
"(:VERTEX {path: ""/sys/devices/pci0000:00/0000:00:10.0/host32/target32:0:0/32:0:0:0/block/sda/sda2/uevent"",subtype: ""file"",permissions: ""0644"",epoch: ""0"",source: ""syscall"",type: ""Artifact"",version: ""0"",hash: ""95379d60f37d422d47cbbb354b575de9""})"
"(:VERTEX {path: ""/run/udev/data/b8:2"",subtype: ""file"",permissions: ""0644"",epoch: ""0"",source: ""syscall"",type: ""Artifact"",version: ""0"",hash: ""9c8f7f0733936fdd217842de1c2d508b""})"
"(:VERTEX {path: ""/"",subtype: ""directory"",permissions: ""0755"",epoch: ""0"",source: ""syscall"",type: ""Artifact"",version: ""0"",hash: ""2940488a0e3c1b3238183afaeb05a262""})"
"(:VERTEX {path: ""/sys/dev/block/7:2"",subtype: ""link"",permissions: ""0777"",epoch: ""0"",source: ""syscall"",type: ""Artifact"",version: ""0"",hash: ""d104f99d46908af9941701768e85d647""})"
"(:VERTEX {path: ""/sys/devices/virtual"",subtype: ""directory"",permissions: ""0755"",epoch: ""0"",source: ""syscall"",type: ""Artifact"",version: ""0"",hash: ""4e8889f638f7cf9a58820a3c9311d29a""})"
"(:VERTEX {path: ""/sys/devices/virtual/block"",subtype: ""directory"",permissions: ""0755"",epoch: ""0"",source: ""syscall"",type: ""Artifact"",version: ""0"",hash: ""a8edd63b32b0301298c23f69b905e890""})"
"(:VERTEX {path: ""/sys/devices/virtual/block/loop2"",subtype: ""directory"",permissions: ""0755"",epoch: ""0"",source: ""syscall"",type: ""Artifact"",version: ""0"",hash: ""298df27ded13ac33323cda6a9bbdd22c""})"
"(:VERTEX {path: ""/sys/devices/virtual/block/loop2/uevent"",subtype: ""file"",permissions: ""0644"",epoch: ""0"",source: ""syscall"",type: ""Artifact"",version: ""0"",hash: ""17d07d58e402097bfdfe890de6b6eed1""})"
"(:VERTEX {path: ""/run/udev/data/b7:2"",subtype: ""file"",permissions: ""0644"",epoch: ""0"",source: ""syscall"",type: ""Artifact"",version: ""0"",hash: ""1c8c4005d2cc4febeea719698768f796""})"
"(:VERTEX {path: ""/sys/dev/block/7:1"",subtype: ""link"",permissions: ""0777"",epoch: ""0"",source: ""syscall"",type: ""Artifact"",version: ""0"",hash: ""15b69cb37ae21e9b974b93b8051562ba""})"
"(:VERTEX {path: ""/sys/devices/virtual/block/loop1"",subtype: ""directory"",permissions: ""0755"",epoch: ""0"",source: ""syscall"",type: ""Artifact"",version: ""0"",hash: ""a122eaeea79a63992cf1ea7d3f3ab509""})"
"(:VERTEX {path: ""/sys/devices/virtual/block/loop1/uevent"",subtype: ""file"",permissions: ""0644"",epoch: ""0"",source: ""syscall"",type: ""Artifact"",version: ""0"",hash: ""c7f29b762c5f34abad2038b0bbe38876""})"
"(:VERTEX {path: ""/run/udev/data/b7:1"",subtype: ""file"",permissions: ""0644"",epoch: ""0"",source: ""syscall"",type: ""Artifact"",version: ""0"",hash: ""bc2723a4a32dae88533711779cca6d2e""})"
"(:VERTEX {path: ""/sys/dev/block/7:0"",subtype: ""link"",permissions: ""0777"",epoch: ""0"",source: ""syscall"",type: ""Artifact"",version: ""0"",hash: ""ce3f79f1aece8844520d7600ca741cc9""})"
"(:VERTEX {path: ""/sys/devices/virtual/block/loop0"",subtype: ""directory"",permissions: ""0755"",epoch: ""0"",source: ""syscall"",type: ""Artifact"",version: ""0"",hash: ""f24c3c46eb582acddc83beb64abbbbec""})"
"(:VERTEX {path: ""/sys/devices/virtual/block/loop0/uevent"",subtype: ""file"",permissions: ""0644"",epoch: ""0"",source: ""syscall"",type: ""Artifact"",version: ""0"",hash: ""bc00b1dcdf2f80a9da84b7941bdb784b""})"
"(:VERTEX {path: ""/run/udev/data/b7:0"",subtype: ""file"",permissions: ""0644"",epoch: ""0"",source: ""syscall"",type: ""Artifact"",version: ""0"",hash: ""ca0318214534c7b3455140b95c55b1dd""})"
"(:VERTEX {path: ""/sys/dev/block/7:3"",subtype: ""link"",permissions: ""0777"",epoch: ""0"",source: ""syscall"",type: ""Artifact"",version: ""0"",hash: ""2e5a086eae02459f342b3f75e94fc30c""})"
"(:VERTEX {path: ""/sys/devices/virtual/block/loop3"",subtype: ""directory"",permissions: ""0755"",epoch: ""0"",source: ""syscall"",type: ""Artifact"",version: ""0"",hash: ""460d01f24b9b6d7bc3ee054019cd96a6""})"
"(:VERTEX {path: ""/sys/devices/virtual/block/loop3/uevent"",subtype: ""file"",permissions: ""0644"",epoch: ""0"",source: ""syscall"",type: ""Artifact"",version: ""0"",hash: ""214e687ac290e0e737f27400eafa7e30""})"
"(:VERTEX {path: ""/run/udev/data/b7:3"",subtype: ""file"",permissions: ""0644"",epoch: ""0"",source: ""syscall"",type: ""Artifact"",version: ""0"",hash: ""fa6fe6a6f1fcae82b6e191d7bf340f4c""})"
"(:VERTEX {path: ""/sys/dev/block/7:4"",subtype: ""link"",permissions: ""0777"",epoch: ""0"",source: ""syscall"",type: ""Artifact"",version: ""0"",hash: ""f966da8928938f69c10b475734b60049""})"
"(:VERTEX {path: ""/sys/devices/virtual/block/loop4"",subtype: ""directory"",permissions: ""0755"",epoch: ""0"",source: ""syscall"",type: ""Artifact"",version: ""0"",hash: ""91bd79ac3e4ba09b6a1588added2f306""})"
"(:VERTEX {path: ""/sys/devices/virtual/block/loop4/uevent"",subtype: ""file"",permissions: ""0644"",epoch: ""0"",source: ""syscall"",type: ""Artifact"",version: ""0"",hash: ""ec9fa2a22141c21e5e73a2b8562cefb5""})"
"(:VERTEX {path: ""/run/udev/data/b7:4"",subtype: ""file"",permissions: ""0644"",epoch: ""0"",source: ""syscall"",type: ""Artifact"",version: ""0"",hash: ""7f93c32d472535a5ecb0ec7307547ff6""})"
"(:VERTEX {path: ""/sys/dev/block/7:6"",subtype: ""link"",permissions: ""0777"",epoch: ""0"",source: ""syscall"",type: ""Artifact"",version: ""0"",hash: ""649d7d81777943b8672bcc47daa1faa9""})"
"(:VERTEX {path: ""/sys/devices/virtual/block/loop6"",subtype: ""directory"",permissions: ""0755"",epoch: ""0"",source: ""syscall"",type: ""Artifact"",version: ""0"",hash: ""20fd3e9835e60a54cfb64ff9e3364ffb""})"
"(:VERTEX {path: ""/sys/devices/virtual/block/loop6/uevent"",subtype: ""file"",permissions: ""0644"",epoch: ""0"",source: ""syscall"",type: ""Artifact"",version: ""0"",hash: ""055af2ef29c96cfc8839eb4441686723""})"
"(:VERTEX {path: ""/run/udev/data/b7:6"",subtype: ""file"",permissions: ""0644"",epoch: ""0"",source: ""syscall"",type: ""Artifact"",version: ""0"",hash: ""2957e607d3fce4ebca3c01e150febbec""})"
"(:VERTEX {path: ""/sys/dev/block/7:5"",subtype: ""link"",permissions: ""0777"",epoch: ""0"",source: ""syscall"",type: ""Artifact"",version: ""0"",hash: ""92c6d7cdbacb3be695b9d9fbc749893f""})"
"(:VERTEX {path: ""/sys/devices/virtual/block/loop5"",subtype: ""directory"",permissions: ""0755"",epoch: ""0"",source: ""syscall"",type: ""Artifact"",version: ""0"",hash: ""1e9a85620865f81711810bbfab3fca9c""})"
"(:VERTEX {path: ""/sys/devices/virtual/block/loop5/uevent"",subtype: ""file"",permissions: ""0644"",epoch: ""0"",source: ""syscall"",type: ""Artifact"",version: ""0"",hash: ""5d99f05f05277bccceb920098fb792e1""})"
"(:VERTEX {path: ""/run/udev/data/b7:5"",subtype: ""file"",permissions: ""0644"",epoch: ""0"",source: ""syscall"",type: ""Artifact"",version: ""0"",hash: ""86ca4c14164b673248ded841b491afb3""})"
"(:VERTEX {path: ""/sys/dev/block/7:7"",subtype: ""link"",permissions: ""0777"",epoch: ""0"",source: ""syscall"",type: ""Artifact"",version: ""0"",hash: ""0559caa273029282db92235337eea2ad""})"
"(:VERTEX {path: ""/sys/devices/virtual/block/loop7"",subtype: ""directory"",permissions: ""0755"",epoch: ""0"",source: ""syscall"",type: ""Artifact"",version: ""0"",hash: ""e6b82ce8930ef620eee67c748dda5b19""})"
"(:VERTEX {path: ""/sys/devices/virtual/block/loop7/uevent"",subtype: ""file"",permissions: ""0644"",epoch: ""0"",source: ""syscall"",type: ""Artifact"",version: ""0"",hash: ""7e9fefcb73cdb19818e8776e0196b5a6""})"
"(:VERTEX {path: ""/run/udev/data/b7:7"",subtype: ""file"",permissions: ""0644"",epoch: ""0"",source: ""syscall"",type: ""Artifact"",version: ""0"",hash: ""47f679b55c8cbedbf22e720b2619c170""})"
"(:VERTEX {path: ""/sys/dev/block/7:8"",subtype: ""link"",permissions: ""0777"",epoch: ""0"",source: ""syscall"",type: ""Artifact"",version: ""0"",hash: ""ee8a869489b3877679b4efe60985b8eb""})"
"(:VERTEX {path: ""/sys/devices/virtual/block/loop8"",subtype: ""directory"",permissions: ""0755"",epoch: ""0"",source: ""syscall"",type: ""Artifact"",version: ""0"",hash: ""6bae82cda467a94c152ed130ed28d0d3""})"
"(:VERTEX {path: ""/sys/devices/virtual/block/loop8/uevent"",subtype: ""file"",permissions: ""0644"",epoch: ""0"",source: ""syscall"",type: ""Artifact"",version: ""0"",hash: ""b4546e69a2ae5f2732409b35fd33da8a""})"
"(:VERTEX {path: ""/run/udev/data/b7:8"",subtype: ""file"",permissions: ""0644"",epoch: ""0"",source: ""syscall"",type: ""Artifact"",version: ""0"",hash: ""fc51edf6bc73b3543d8022c01ddb4a19""})"
"(:VERTEX {path: ""/sys/dev/block/7:9"",subtype: ""link"",permissions: ""0777"",epoch: ""0"",source: ""syscall"",type: ""Artifact"",version: ""0"",hash: ""601bb444d756edc6c16598474170d94c""})"
"(:VERTEX {path: ""/sys/devices/virtual/block/loop9"",subtype: ""directory"",permissions: ""0755"",epoch: ""0"",source: ""syscall"",type: ""Artifact"",version: ""0"",hash: ""92221120bd1a11f0d1b04cdedb513fda""})"
"(:VERTEX {path: ""/sys/devices/virtual/block/loop9/uevent"",subtype: ""file"",permissions: ""0644"",epoch: ""0"",source: ""syscall"",type: ""Artifact"",version: ""0"",hash: ""8e976c2547534b242872cdae2fc4631e""})"
"(:VERTEX {path: ""/run/udev/data/b7:9"",subtype: ""file"",permissions: ""0644"",epoch: ""0"",source: ""syscall"",type: ""Artifact"",version: ""0"",hash: ""6945d69564e1ff05cfa3aaa461843ca9""})"
"(:VERTEX {path: ""/proc/6257/status"",subtype: ""file"",permissions: ""0444"",epoch: ""0"",source: ""syscall"",type: ""Artifact"",version: ""0"",hash: ""0a391cf3d726c9667f886dc52be21926""})"
"(:VERTEX {path: ""/proc/6257/mountinfo"",subtype: ""file"",permissions: ""0444"",epoch: ""0"",source: ""syscall"",type: ""Artifact"",version: ""0"",hash: ""bb52e78c248895712bd82bc7b4a9cd40""})"
"(:VERTEX {path: ""/run/mount/utab"",subtype: ""file"",permissions: ""0644"",epoch: ""0"",source: ""syscall"",type: ""Artifact"",version: ""0"",hash: ""7b65297e7853d3c2609c9699289a1337""})"
"(:VERTEX {gid: ""1000"",euid: ""1000"",children pid namespace: ""-1"",start time: ""1693401663.745"",pid: ""172683"",source: ""syscall"",type: ""Process"",net namespace: ""-1"",ipc namespace: ""-1"",ppid: ""4221"",pid namespace: ""-1"",cwd: ""/data"",uid: ""1000"",egid: ""1000"",exe: ""/usr/local/bin/redis-server"",mount namespace: ""-1"",command line: ""redis-server"",name: ""redis-server"",hash: ""35ba2821486e6bdebca04be9bf6b1e56"",user namespace: ""-1""})"
"(:VERTEX {path: ""/proc/172683/stat"",subtype: ""file"",permissions: ""0444"",epoch: ""0"",source: ""syscall"",type: ""Artifact"",version: ""0"",hash: ""fa7cbc37d6ee21ca0abc45196390773c""})"
"(:VERTEX {gid: ""0"",euid: ""999"",children pid namespace: ""-1"",pid: ""181613"",seen time: ""1693402008.701"",source: ""syscall"",type: ""Process"",net namespace: ""-1"",ipc namespace: ""-1"",ppid: ""181602"",pid namespace: ""-1"",uid: ""999"",egid: ""0"",exe: ""/"",mount namespace: ""-1"",name: ""runc:[2:INIT]"",hash: ""8b9045086b5606622ea381c514993b8d"",user namespace: ""-1""})"
"(:VERTEX {path: ""/proc/181613/attr/apparmor/exec"",subtype: ""file"",permissions: ""0666"",epoch: ""0"",source: ""syscall"",type: ""Artifact"",version: ""0"",hash: ""2bf55c7521e720bd2facf4b772629db0""})"
"(:VERTEX {gid: ""0"",euid: ""999"",children pid namespace: ""-1"",start time: ""1693402008.701"",pid: ""181613"",source: ""syscall"",type: ""Process"",net namespace: ""-1"",ipc namespace: ""-1"",ppid: ""181602"",pid namespace: ""-1"",cwd: ""/"",uid: ""999"",egid: ""0"",exe: ""/usr/bin/check-status"",mount namespace: ""-1"",command line: ""/usr/bin/check-status -r"",name: ""check-status"",hash: ""e7925823e05c27f3023e1ae34768783a"",user namespace: ""-1""})"
"(:VERTEX {memory address: ""7f1579939000"",size: ""2000"",subtype: ""memory"",tgid: ""181613"",source: ""syscall"",type: ""Artifact"",version: ""0"",hash: ""52b08bff375ff0c5c8054e8a0a76d95c""})"
"(:VERTEX {memory address: ""7f15794ee000"",size: ""21f4c0"",subtype: ""memory"",tgid: ""181613"",source: ""syscall"",type: ""Artifact"",version: ""0"",hash: ""f1a795434c83c6285e913f8ac393b510""})"
"(:VERTEX {memory address: ""7f1579509000"",size: ""1ff000"",subtype: ""memory"",tgid: ""181613"",source: ""syscall"",type: ""Artifact"",version: ""0"",hash: ""2c2088336a4177db65372265badb91d0""})"
"(:VERTEX {memory address: ""7f1579708000"",size: ""2000"",subtype: ""memory"",tgid: ""181613"",source: ""syscall"",type: ""Artifact"",version: ""0"",hash: ""2f69664f609b72233a8f5ab89edece20""})"
"(:VERTEX {memory address: ""7f157970a000"",size: ""34c0"",subtype: ""memory"",tgid: ""181613"",source: ""syscall"",type: ""Artifact"",version: ""0"",hash: ""84f8b077ad1bbb8540a2e93fbdc8de17""})"
"(:VERTEX {memory address: ""7f1579128000"",size: ""3c58c0"",subtype: ""memory"",tgid: ""181613"",source: ""syscall"",type: ""Artifact"",version: ""0"",hash: ""ec28263ebbb01aa9cc539293de885b97""})"
"(:VERTEX {memory address: ""7f15792e4000"",size: ""200000"",subtype: ""memory"",tgid: ""181613"",source: ""syscall"",type: ""Artifact"",version: ""0"",hash: ""41c48872563385331c25920fd6c37e19""})"
"(:VERTEX {memory address: ""7f15794e4000"",size: ""6000"",subtype: ""memory"",tgid: ""181613"",source: ""syscall"",type: ""Artifact"",version: ""0"",hash: ""ce13b37a102e5f905777768eb684f082""})"
"(:VERTEX {memory address: ""7f15794ea000"",size: ""38c0"",subtype: ""memory"",tgid: ""181613"",source: ""syscall"",type: ""Artifact"",version: ""0"",hash: ""6591cef06e0a86c20492bcddeae83f85""})"
"(:VERTEX {memory address: ""7f1579936000"",size: ""3000"",subtype: ""memory"",tgid: ""181613"",source: ""syscall"",type: ""Artifact"",version: ""0"",hash: ""270cdc2317d4edb3b8c255051d5ee294""})"
"(:VERTEX {memory address: ""7f15794e4000"",size: ""4000"",subtype: ""memory"",tgid: ""181613"",source: ""syscall"",type: ""Artifact"",version: ""0"",hash: ""5b1de905b5ef2cec4dd4bb7b6591eed0""})"
"(:VERTEX {memory address: ""7f1579708000"",size: ""1000"",subtype: ""memory"",tgid: ""181613"",source: ""syscall"",type: ""Artifact"",version: ""0"",hash: ""291f895aec17eeef8d426a898e454f04""})"
"(:VERTEX {memory address: ""7f157993b000"",size: ""1000"",subtype: ""memory"",tgid: ""181613"",source: ""syscall"",type: ""Artifact"",version: ""0"",hash: ""f51c86b7fc59653b3c66f20ccf08946e""})"
"(:VERTEX {memory address: ""7f15798f6000"",size: ""40000"",subtype: ""memory"",tgid: ""181613"",source: ""syscall"",type: ""Artifact"",version: ""0"",hash: ""cab9ad108a2e95b4a790419c6743b321""})"
"(:VERTEX {memory address: ""7f15798d6000"",size: ""20000"",subtype: ""memory"",tgid: ""181613"",source: ""syscall"",type: ""Artifact"",version: ""0"",hash: ""3514a9d7ff7455388951409352fc4896""})"
"(:VERTEX {memory address: ""7f15797d6000"",size: ""100000"",subtype: ""memory"",tgid: ""181613"",source: ""syscall"",type: ""Artifact"",version: ""0"",hash: ""8c6fb3ad5d8681657968288f17aab7c1""})"
"(:VERTEX {memory address: ""7f1578928000"",size: ""800000"",subtype: ""memory"",tgid: ""181613"",source: ""syscall"",type: ""Artifact"",version: ""0"",hash: ""59e783957074323ed46e80b08fcacadc""})"
"(:VERTEX {memory address: ""7f1574928000"",size: ""4000000"",subtype: ""memory"",tgid: ""181613"",source: ""syscall"",type: ""Artifact"",version: ""0"",hash: ""b5483cbe0fc290d1998a35cd3069e064""})"
"(:VERTEX {memory address: ""7f1554928000"",size: ""20000000"",subtype: ""memory"",tgid: ""181613"",source: ""syscall"",type: ""Artifact"",version: ""0"",hash: ""faba873574b001c505ca0e31c47d9727""})"
"(:VERTEX {memory address: ""c000000000"",size: ""4000000"",subtype: ""memory"",tgid: ""181613"",source: ""syscall"",type: ""Artifact"",version: ""0"",hash: ""ec70e738f5578090a7280822f3463a55""})"
"(:VERTEX {memory address: ""7f1552928000"",size: ""2000000"",subtype: ""memory"",tgid: ""181613"",source: ""syscall"",type: ""Artifact"",version: ""0"",hash: ""3abc3cdac7ffa7cd9de2243909646398""})"
"(:VERTEX {memory address: ""7f1552717000"",size: ""210c10"",subtype: ""memory"",tgid: ""181613"",source: ""syscall"",type: ""Artifact"",version: ""0"",hash: ""35647a5fe3ac7e16889717cde6ec7c5d""})"
"(:VERTEX {memory address: ""c000000000"",size: ""400000"",subtype: ""memory"",tgid: ""181613"",source: ""syscall"",type: ""Artifact"",version: ""0"",hash: ""9d0c508fcf0745efbb80902cc214b80b""})"
"(:VERTEX {memory address: ""7f15798d6000"",size: ""20000"",subtype: ""memory"",tgid: ""181613"",source: ""syscall"",type: ""Artifact"",version: ""1"",hash: ""008f311ada175076f65b5c3d32173b1c""})"
"(:VERTEX {memory address: ""7f1579856000"",size: ""1000"",subtype: ""memory"",tgid: ""181613"",source: ""syscall"",type: ""Artifact"",version: ""0"",hash: ""65413f66969608060afd28895630c4ce""})"
"(:VERTEX {memory address: ""7f1578d2e000"",size: ""1000"",subtype: ""memory"",tgid: ""181613"",source: ""syscall"",type: ""Artifact"",version: ""0"",hash: ""17f8c373ffa0f9277c61175d4419ca2b""})"
"(:VERTEX {memory address: ""7f1576958000"",size: ""1000"",subtype: ""memory"",tgid: ""181613"",source: ""syscall"",type: ""Artifact"",version: ""0"",hash: ""625fcecf198f4ae5f9181aeb5c79f11b""})"
"(:VERTEX {memory address: ""7f1564aa8000"",size: ""1000"",subtype: ""memory"",tgid: ""181613"",source: ""syscall"",type: ""Artifact"",version: ""0"",hash: ""edb8fae866e7ac99de4f57445758a2cf""})"
"(:VERTEX {memory address: ""7f1552617000"",size: ""100000"",subtype: ""memory"",tgid: ""181613"",source: ""syscall"",type: ""Artifact"",version: ""0"",hash: ""d06a49733c55dc0aa161bfc7587313c4""})"
"(:VERTEX {memory address: ""7f15797c6000"",size: ""10000"",subtype: ""memory"",tgid: ""181613"",source: ""syscall"",type: ""Artifact"",version: ""0"",hash: ""baa4cd4047396eeb2a7e352f0b9f5a06""})"
"(:VERTEX {memory address: ""7f15797b6000"",size: ""10000"",subtype: ""memory"",tgid: ""181613"",source: ""syscall"",type: ""Artifact"",version: ""0"",hash: ""83b39a3b76de5aef738b8c1bb7dcc5dc""})"
"(:VERTEX {memory address: ""7f1551e16000"",size: ""801000"",subtype: ""memory"",tgid: ""181613"",source: ""syscall"",type: ""Artifact"",version: ""0"",hash: ""cbaf2585a8d6f9161b81b4ed48d6dd32""})"
"(:VERTEX {memory address: ""7f1551e17000"",size: ""800000"",subtype: ""memory"",tgid: ""181613"",source: ""syscall"",type: ""Artifact"",version: ""0"",hash: ""57442e8cfd804ee90c1cdcbf9db58edc""})"
"(:VERTEX {gid: ""0"",euid: ""999"",children pid namespace: ""4026533508"",start time: ""1693402008.719"",ns pid: ""640"",pid: ""181619"",source: ""syscall"",type: ""Process"",net namespace: ""4026532699"",ipc namespace: ""4026533353"",ppid: ""181613"",pid namespace: ""4026533508"",cwd: ""/"",uid: ""999"",egid: ""0"",exe: ""/usr/bin/check-status"",mount namespace: ""4026533507"",command line: ""/usr/bin/check-status -r"",name: ""check-status"",hash: ""4f846f08ed320ec07804fd458275c837"",user namespace: ""4026531837""})"
"(:VERTEX {memory address: ""7f1551615000"",size: ""801000"",subtype: ""memory"",tgid: ""181613"",source: ""syscall"",type: ""Artifact"",version: ""0"",hash: ""7a723caaa70ecb15c4762c5d766036a8""})"
"(:VERTEX {memory address: ""7f1551616000"",size: ""800000"",subtype: ""memory"",tgid: ""181613"",source: ""syscall"",type: ""Artifact"",version: ""0"",hash: ""bd70a84e14c932e8c2f2ba5933bc191a""})"
"(:VERTEX {gid: ""0"",euid: ""999"",children pid namespace: ""4026533508"",start time: ""1693402008.719"",ns pid: ""641"",pid: ""181620"",source: ""syscall"",type: ""Process"",net namespace: ""4026532699"",ipc namespace: ""4026533353"",ppid: ""181613"",pid namespace: ""4026533508"",cwd: ""/"",uid: ""999"",egid: ""0"",exe: ""/usr/bin/check-status"",mount namespace: ""4026533507"",command line: ""/usr/bin/check-status -r"",name: ""check-status"",hash: ""1ac4709cc910e80adfb2a9e1c6606c9b"",user namespace: ""4026531837""})"
"(:VERTEX {memory address: ""7f1550e14000"",size: ""801000"",subtype: ""memory"",tgid: ""181613"",source: ""syscall"",type: ""Artifact"",version: ""0"",hash: ""8c13f91f9b45481e05f52ace73518a9b""})"
"(:VERTEX {memory address: ""7f1550e15000"",size: ""800000"",subtype: ""memory"",tgid: ""181613"",source: ""syscall"",type: ""Artifact"",version: ""0"",hash: ""cffb734ddd3425b8593ee9976cd32e46""})"
"(:VERTEX {gid: ""0"",euid: ""999"",children pid namespace: ""4026533508"",start time: ""1693402008.719"",ns pid: ""642"",pid: ""181621"",source: ""syscall"",type: ""Process"",net namespace: ""4026532699"",ipc namespace: ""4026533353"",ppid: ""181613"",pid namespace: ""4026533508"",cwd: ""/"",uid: ""999"",egid: ""0"",exe: ""/usr/bin/check-status"",mount namespace: ""4026533507"",command line: ""/usr/bin/check-status -r"",name: ""check-status"",hash: ""9e2a0966386f3bdd8801c1f192ec6f4c"",user namespace: ""4026531837""})"
"(:VERTEX {memory address: ""7f1548e14000"",size: ""8000000"",subtype: ""memory"",tgid: ""181613"",source: ""syscall"",type: ""Artifact"",version: ""0"",hash: ""dd7b058c4f82269a93dac182e629656a""})"
"(:VERTEX {memory address: ""7f1544000000"",size: ""8000000"",subtype: ""memory"",tgid: ""181613"",source: ""syscall"",type: ""Artifact"",version: ""0"",hash: ""4e8fc9651cc68ad0edce3bac235f7e9d""})"
"(:VERTEX {memory address: ""7f154c000000"",size: ""21000"",subtype: ""memory"",tgid: ""181613"",source: ""syscall"",type: ""Artifact"",version: ""0"",hash: ""6df2a8eeb846f3b6d211d282c943e2c8""})"
"(:VERTEX {memory address: ""7f1544000000"",size: ""21000"",subtype: ""memory"",tgid: ""181613"",source: ""syscall"",type: ""Artifact"",version: ""0"",hash: ""a49c1fc4bc03ca0a64f8c49107a37db6""})"
"(:VERTEX {memory address: ""7f1579776000"",size: ""40000"",subtype: ""memory"",tgid: ""181613"",source: ""syscall"",type: ""Artifact"",version: ""0"",hash: ""0561b9b24315c0d598b44e51ed5ff4d6""})"
"(:VERTEX {memory address: ""7f1550613000"",size: ""801000"",subtype: ""memory"",tgid: ""181613"",source: ""syscall"",type: ""Artifact"",version: ""0"",hash: ""3d876ad7bb9ce37c21f7242cd08707fe""})"
"(:VERTEX {memory address: ""7f1550614000"",size: ""800000"",subtype: ""memory"",tgid: ""181613"",source: ""syscall"",type: ""Artifact"",version: ""0"",hash: ""65167cd85c18f913ee792d0a4b033faf""})"
"(:VERTEX {memory address: ""7f1548000000"",size: ""4000000"",subtype: ""memory"",tgid: ""181613"",source: ""syscall"",type: ""Artifact"",version: ""0"",hash: ""2772eba99f1fedc3645cd45e5085ad3c""})"
"(:VERTEX {gid: ""0"",euid: ""999"",children pid namespace: ""4026533508"",start time: ""1693402008.719"",ns pid: ""643"",pid: ""181622"",source: ""syscall"",type: ""Process"",net namespace: ""4026532699"",ipc namespace: ""4026533353"",ppid: ""181613"",pid namespace: ""4026533508"",cwd: ""/"",uid: ""999"",egid: ""0"",exe: ""/usr/bin/check-status"",mount namespace: ""4026533507"",command line: ""/usr/bin/check-status -r"",name: ""check-status"",hash: ""59641d5acff47a5d2ed64685b25037c9"",user namespace: ""4026531837""})"
"(:VERTEX {memory address: ""7f1548000000"",size: ""21000"",subtype: ""memory"",tgid: ""181613"",source: ""syscall"",type: ""Artifact"",version: ""0"",hash: ""786ed114b9780a2fb340384a1799f749""})"
"(:VERTEX {memory address: ""7f153c000000"",size: ""8000000"",subtype: ""memory"",tgid: ""181613"",source: ""syscall"",type: ""Artifact"",version: ""0"",hash: ""f5d59ca843637c7f03946f396b6054f8""})"
"(:VERTEX {memory address: ""7f153c000000"",size: ""21000"",subtype: ""memory"",tgid: ""181613"",source: ""syscall"",type: ""Artifact"",version: ""0"",hash: ""4fee2a35d0b2598686d33511b1994a5f""})"
"(:VERTEX {memory address: ""7f15437ff000"",size: ""801000"",subtype: ""memory"",tgid: ""181613"",source: ""syscall"",type: ""Artifact"",version: ""0"",hash: ""1b4dbae5b68562606b533ba78c271cfb""})"
"(:VERTEX {memory address: ""7f1543800000"",size: ""800000"",subtype: ""memory"",tgid: ""181613"",source: ""syscall"",type: ""Artifact"",version: ""0"",hash: ""8d857e9953ecdb0dce55b17d85626a26""})"
"(:VERTEX {gid: ""0"",euid: ""999"",children pid namespace: ""4026533508"",start time: ""1693402008.726"",ns pid: ""644"",pid: ""181623"",source: ""syscall"",type: ""Process"",net namespace: ""4026532699"",ipc namespace: ""4026533353"",ppid: ""181613"",pid namespace: ""4026533508"",cwd: ""/"",uid: ""999"",egid: ""0"",exe: ""/usr/bin/check-status"",mount namespace: ""4026533507"",command line: ""/usr/bin/check-status -r"",name: ""check-status"",hash: ""1c3fa7376631e2e8417d479b427a4215"",user namespace: ""4026531837""})"
"(:VERTEX {memory address: ""7f15505d3000"",size: ""40000"",subtype: ""memory"",tgid: ""181613"",source: ""syscall"",type: ""Artifact"",version: ""0"",hash: ""e3119b1ea8a3d91df6367f018e74d471""})"
"(:VERTEX {path: ""/status/status.json"",subtype: ""file"",permissions: ""0644"",epoch: ""50"",source: ""syscall"",type: ""Artifact"",version: ""0"",hash: ""46668ae8a9339e9f470d2c803853bb5b""})"
"(:VERTEX {remote port: ""45122"",epoch: ""0"",source: ""syscall"",type: ""Artifact"",version: ""0"",local port: ""6379"",net namespace: ""-1"",local address: ""0.0.0.0"",protocol: ""tcp"",subtype: ""network socket"",remote address: ""192.168.47.128"",hash: ""3eb05e4866e120e92feacd7ef1103efa""})"
"(:VERTEX {remote port: ""48662"",epoch: ""0"",source: ""syscall"",type: ""Artifact"",version: ""0"",local port: ""8080"",net namespace: ""-1"",local address: ""0000:0000:0000:0000:0000:0000:0000:0000"",protocol: ""tcp"",subtype: ""network socket"",remote address: ""0000:0000:0000:0000:0000:FFFF:C0A8:2F80"",hash: ""de12bc58ef49d210f504998acaacdbb3""})"
"(:VERTEX {gid: ""1000"",euid: ""1000"",children pid namespace: ""-1"",pid: ""172367"",seen time: ""1693401660.372"",source: ""syscall"",type: ""Process"",net namespace: ""-1"",ipc namespace: ""-1"",ppid: ""3533"",pid namespace: ""-1"",uid: ""1000"",egid: ""1000"",mount namespace: ""-1"",name: ""python"",hash: ""804a40c3b31a3383739da177d23a295b"",user namespace: ""-1""})"
"(:VERTEX {remote port: ""37788"",epoch: ""0"",source: ""syscall"",type: ""Artifact"",version: ""0"",local port: ""8080"",net namespace: ""-1"",local address: ""0000:0000:0000:0000:0000:0000:0000:0000"",protocol: ""tcp"",subtype: ""network socket"",remote address: ""0000:0000:0000:0000:0000:FFFF:C0A8:2F80"",hash: ""df9fb9484c28597e07da814246ad295f""})"
"(:VERTEX {gid: ""1000"",euid: ""1000"",children pid namespace: ""-1"",pid: ""173105"",seen time: ""1693401685.723"",source: ""syscall"",type: ""Process"",net namespace: ""-1"",ipc namespace: ""-1"",ppid: ""3485"",pid namespace: ""-1"",uid: ""1000"",egid: ""1000"",mount namespace: ""-1"",name: ""python"",hash: ""28b93ac52aa38fda3a41e77685ad5121"",user namespace: ""-1""})"
"(:VERTEX {memory address: ""7f63bd2e2000"",size: ""11000"",subtype: ""memory"",tgid: ""172956"",source: ""syscall"",type: ""Artifact"",version: ""1270"",hash: ""330399d2830c044fc992077f2f2f377f""})"
"(:VERTEX {gid: ""1000"",euid: ""1000"",children pid namespace: ""-1"",start time: ""1693401675.791"",pid: ""172956"",source: ""syscall"",type: ""Process"",net namespace: ""-1"",ipc namespace: ""-1"",ppid: ""3806"",pid namespace: ""-1"",cwd: ""/usr/src/app"",uid: ""1000"",egid: ""1000"",exe: ""/usr/local/bin/node"",mount namespace: ""-1"",command line: ""node server.js"",name: ""node"",hash: ""c9776c3a45b412b934d95cb862c141bb"",user namespace: ""-1""})"
"(:VERTEX {memory address: ""7f63bd2e2000"",size: ""11000"",subtype: ""memory"",tgid: ""172956"",source: ""syscall"",type: ""Artifact"",version: ""1271"",hash: ""19ecca2dd24e25c543327877f8335dbf""})"
"(:VERTEX {memory address: ""7f63bd2e2000"",size: ""11000"",subtype: ""memory"",tgid: ""172956"",source: ""syscall"",type: ""Artifact"",version: ""1272"",hash: ""eb272fd970cc357be42f6f12fb98a5dc""})"
"(:VERTEX {memory address: ""7f63bd2e2000"",size: ""11000"",subtype: ""memory"",tgid: ""172956"",source: ""syscall"",type: ""Artifact"",version: ""1273"",hash: ""829bae4a0d325c577d3fdab1b7d9702d""})"
"(:VERTEX {memory address: ""7f63bd2e2000"",size: ""11000"",subtype: ""memory"",tgid: ""172956"",source: ""syscall"",type: ""Artifact"",version: ""1274"",hash: ""8339f87dcb34503a7a51be62165f5ccb""})"
"(:VERTEX {memory address: ""7f63bd2f1000"",size: ""2000"",subtype: ""memory"",tgid: ""172956"",source: ""syscall"",type: ""Artifact"",version: ""82"",hash: ""a88516c6b672a34962b186b948e1c4a8""})"
"(:VERTEX {memory address: ""7f63bd2e8000"",size: ""9000"",subtype: ""memory"",tgid: ""172956"",source: ""syscall"",type: ""Artifact"",version: ""18"",hash: ""4cd8445318bfbce424707c9e746b59cd""})"
"(:VERTEX {memory address: ""7f63bb114000"",size: ""11000"",subtype: ""memory"",tgid: ""172956"",source: ""syscall"",type: ""Artifact"",version: ""368"",hash: ""c6771fa1b269d69b88b751e3a6eea89d""})"
"(:VERTEX {memory address: ""7f63bd1bd000"",size: ""9000"",subtype: ""memory"",tgid: ""172956"",source: ""syscall"",type: ""Artifact"",version: ""268"",hash: ""47c92d20ddba2f6442a6e4a610c1d394""})"
"(:VERTEX {memory address: ""7f63bd2e2000"",size: ""11000"",subtype: ""memory"",tgid: ""172956"",source: ""syscall"",type: ""Artifact"",version: ""1275"",hash: ""7ca4c7e3a7ec62d2b0179b39abcd5208""})"
"(:VERTEX {memory address: ""1c0561980000"",size: ""40000"",subtype: ""memory"",tgid: ""172956"",source: ""syscall"",type: ""Artifact"",version: ""2"",hash: ""7de14fe0938ac8b29aab97d686cb9e4b""})"
"(:VERTEX {memory address: ""ce06300000"",size: ""40000"",subtype: ""memory"",tgid: ""172956"",source: ""syscall"",type: ""Artifact"",version: ""2"",hash: ""3346a772a2eb9a40990a8d4cef3203bd""})"
"(:VERTEX {memory address: ""24c73be40000"",size: ""40000"",subtype: ""memory"",tgid: ""172956"",source: ""syscall"",type: ""Artifact"",version: ""2"",hash: ""4296e0a33d05f8d2e87ad186d057d168""})"
"(:VERTEX {memory address: ""1dce6d6c0000"",size: ""40000"",subtype: ""memory"",tgid: ""172956"",source: ""syscall"",type: ""Artifact"",version: ""2"",hash: ""f743954f9b2ae041a3d521679efe2298""})"
"(:VERTEX {memory address: ""7f63bd2ef000"",size: ""4000"",subtype: ""memory"",tgid: ""172956"",source: ""syscall"",type: ""Artifact"",version: ""55"",hash: ""a5bbc514efe9e3738d9a903c5cc0fd59""})"
"(:VERTEX {memory address: ""7f63bd2eb000"",size: ""4000"",subtype: ""memory"",tgid: ""172956"",source: ""syscall"",type: ""Artifact"",version: ""47"",hash: ""872999f1e15f3ab6c688af835e0268f0""})"
"(:VERTEX {memory address: ""7f63bd2e5000"",size: ""6000"",subtype: ""memory"",tgid: ""172956"",source: ""syscall"",type: ""Artifact"",version: ""7"",hash: ""5f52566d7a0a869b6cbde15655ffddbc""})"
"(:VERTEX {memory address: ""11f76ac0000"",size: ""40000"",subtype: ""memory"",tgid: ""172956"",source: ""syscall"",type: ""Artifact"",version: ""52"",hash: ""9cc5397077a61726821dbf5b766276e4""})"
"(:VERTEX {memory address: ""31798280000"",size: ""40000"",subtype: ""memory"",tgid: ""172956"",source: ""syscall"",type: ""Artifact"",version: ""52"",hash: ""10c49cd52613ce33271b63028112d269""})"
"(:VERTEX {memory address: ""7cb45600000"",size: ""40000"",subtype: ""memory"",tgid: ""172956"",source: ""syscall"",type: ""Artifact"",version: ""52"",hash: ""8a6a4ed4fa3e0116abd6287aff45b1e0""})"
"(:VERTEX {memory address: ""3030c7dc0000"",size: ""40000"",subtype: ""memory"",tgid: ""172956"",source: ""syscall"",type: ""Artifact"",version: ""52"",hash: ""7c3b95d7d44db662aa3f17832a952b7d""})"
"(:VERTEX {memory address: ""7f63bd2e2000"",size: ""11000"",subtype: ""memory"",tgid: ""172956"",source: ""syscall"",type: ""Artifact"",version: ""1276"",hash: ""5f6b00059b65d91f1d932f7619f76d48""})"
"(:VERTEX {memory address: ""7f63bd2e2000"",size: ""11000"",subtype: ""memory"",tgid: ""172956"",source: ""syscall"",type: ""Artifact"",version: ""1277"",hash: ""9c9481c30806ddac0e39fbd604f1af5d""})"
"(:VERTEX {memory address: ""7f63bd2e2000"",size: ""11000"",subtype: ""memory"",tgid: ""172956"",source: ""syscall"",type: ""Artifact"",version: ""1278"",hash: ""e903576cb3d8e28c78929580d189a1f6""})"
"(:VERTEX {memory address: ""7f63bd2e2000"",size: ""11000"",subtype: ""memory"",tgid: ""172956"",source: ""syscall"",type: ""Artifact"",version: ""1279"",hash: ""8ca9b20686e62b09eb74becf5aa06742""})"
"(:VERTEX {memory address: ""7f63bd2e2000"",size: ""11000"",subtype: ""memory"",tgid: ""172956"",source: ""syscall"",type: ""Artifact"",version: ""1280"",hash: ""be5936cb78f68d0b155a1d16d0f2a34d""})"
"(:VERTEX {memory address: ""7f63bd2e2000"",size: ""11000"",subtype: ""memory"",tgid: ""172956"",source: ""syscall"",type: ""Artifact"",version: ""1281"",hash: ""f4f33b301f106812a024bb18c08c8a2b""})"
"(:VERTEX {memory address: ""7f63bd2e2000"",size: ""11000"",subtype: ""memory"",tgid: ""172956"",source: ""syscall"",type: ""Artifact"",version: ""1282"",hash: ""ba00f600ea80625c357fcfd492f099ad""})"
"(:VERTEX {memory address: ""7f63bd2e2000"",size: ""11000"",subtype: ""memory"",tgid: ""172956"",source: ""syscall"",type: ""Artifact"",version: ""1283"",hash: ""95f45e6d77556902478e6e174baed7c0""})"
"(:VERTEX {memory address: ""7f63bd2e2000"",size: ""11000"",subtype: ""memory"",tgid: ""172956"",source: ""syscall"",type: ""Artifact"",version: ""1284"",hash: ""0bfb334bf618a1fb6100ef16d95bca16""})"
"(:VERTEX {memory address: ""7f63bd2f1000"",size: ""2000"",subtype: ""memory"",tgid: ""172956"",source: ""syscall"",type: ""Artifact"",version: ""83"",hash: ""e7b8e012833ee551ec15aaf8fa78e6be""})"
"(:VERTEX {memory address: ""7f63bd2e8000"",size: ""9000"",subtype: ""memory"",tgid: ""172956"",source: ""syscall"",type: ""Artifact"",version: ""19"",hash: ""ce7bdfb779ee3dce475ef29bba113304""})"
"(:VERTEX {memory address: ""7f63bd1bd000"",size: ""9000"",subtype: ""memory"",tgid: ""172956"",source: ""syscall"",type: ""Artifact"",version: ""269"",hash: ""cfd71fbd545c69bd8440514c73254440""})"
"(:VERTEX {memory address: ""7f63bb15d000"",size: ""9000"",subtype: ""memory"",tgid: ""172956"",source: ""syscall"",type: ""Artifact"",version: ""152"",hash: ""f50c25636466e46971b8914a162881b8""})"
"(:VERTEX {memory address: ""7f63bb11c000"",size: ""9000"",subtype: ""memory"",tgid: ""172956"",source: ""syscall"",type: ""Artifact"",version: ""269"",hash: ""8cda2fcbaefb4bc3a9314963e1734ded""})"
"(:VERTEX {memory address: ""7f63bb11c000"",size: ""9000"",subtype: ""memory"",tgid: ""172956"",source: ""syscall"",type: ""Artifact"",version: ""270"",hash: ""70eccbd39cf0462abc943862dff9910d""})"
"(:VERTEX {memory address: ""7f63bd1bd000"",size: ""9000"",subtype: ""memory"",tgid: ""172956"",source: ""syscall"",type: ""Artifact"",version: ""270"",hash: ""2dd82c6d629498b96cbce0025ec8e655""})"
"(:VERTEX {memory address: ""7f63bb114000"",size: ""11000"",subtype: ""memory"",tgid: ""172956"",source: ""syscall"",type: ""Artifact"",version: ""369"",hash: ""75ab2cf9e96c6b984d7b001d15c378ed""})"
"(:VERTEX {memory address: ""7f63bd2f1000"",size: ""2000"",subtype: ""memory"",tgid: ""172956"",source: ""syscall"",type: ""Artifact"",version: ""84"",hash: ""5c8175c602a786c6c9e7f8bede046191""})"
"(:VERTEX {memory address: ""7f63bd2e8000"",size: ""9000"",subtype: ""memory"",tgid: ""172956"",source: ""syscall"",type: ""Artifact"",version: ""20"",hash: ""5863cfc00e7b7e7c750074f3a9da85d0""})"
"(:VERTEX {memory address: ""7f63bd1bd000"",size: ""9000"",subtype: ""memory"",tgid: ""172956"",source: ""syscall"",type: ""Artifact"",version: ""271"",hash: ""351ca41f30a6f47e354604bb7a111bee""})"
"(:VERTEX {memory address: ""7f63bb15d000"",size: ""9000"",subtype: ""memory"",tgid: ""172956"",source: ""syscall"",type: ""Artifact"",version: ""153"",hash: ""1dea8569c81bc1a08a6977c73199f507""})"
"(:VERTEX {memory address: ""7f63bb11c000"",size: ""9000"",subtype: ""memory"",tgid: ""172956"",source: ""syscall"",type: ""Artifact"",version: ""271"",hash: ""b75667e68fd820306b7139573fe2bbbf""})"
"(:VERTEX {memory address: ""7f63bb113000"",size: ""9000"",subtype: ""memory"",tgid: ""172956"",source: ""syscall"",type: ""Artifact"",version: ""233"",hash: ""8c4d32757a21179503bcf5d148404530""})"
"(:VERTEX {memory address: ""7f63bb11d000"",size: ""8000"",subtype: ""memory"",tgid: ""172956"",source: ""syscall"",type: ""Artifact"",version: ""0"",hash: ""d05198d323d11634820943ca35bd525f""})"
"(:VERTEX {memory address: ""7f63bb10a000"",size: ""9000"",subtype: ""memory"",tgid: ""172956"",source: ""syscall"",type: ""Artifact"",version: ""192"",hash: ""03feb3b1fb37513a1858dab7d8f555f1""})"
"(:VERTEX {memory address: ""7f63bb11c000"",size: ""9000"",subtype: ""memory"",tgid: ""172956"",source: ""syscall"",type: ""Artifact"",version: ""272"",hash: ""8b5d86f54c772eac8b61483f3385c1be""})"
"(:VERTEX {memory address: ""7f63bb11c000"",size: ""9000"",subtype: ""memory"",tgid: ""172956"",source: ""syscall"",type: ""Artifact"",version: ""273"",hash: ""8480558b46b8c2b5b2cc60132bb61fc4""})"
"(:VERTEX {memory address: ""7f63bb10a000"",size: ""9000"",subtype: ""memory"",tgid: ""172956"",source: ""syscall"",type: ""Artifact"",version: ""193"",hash: ""9b6afed2b1d63aeed61ed89934b57949""})"
"(:VERTEX {memory address: ""7f63bb11c000"",size: ""9000"",subtype: ""memory"",tgid: ""172956"",source: ""syscall"",type: ""Artifact"",version: ""274"",hash: ""2bd35e8cd97b7bdef7c78d61c22d12bb""})"
"(:VERTEX {memory address: ""7f63bb11c000"",size: ""9000"",subtype: ""memory"",tgid: ""172956"",source: ""syscall"",type: ""Artifact"",version: ""275"",hash: ""87b7f0dd269c2e127663d2d44248e851""})"
"(:VERTEX {memory address: ""7f63bb15d000"",size: ""9000"",subtype: ""memory"",tgid: ""172956"",source: ""syscall"",type: ""Artifact"",version: ""154"",hash: ""dae7f4063404a5e40783fab55a8b32c6""})"
"(:VERTEX {memory address: ""7f63bb11c000"",size: ""9000"",subtype: ""memory"",tgid: ""172956"",source: ""syscall"",type: ""Artifact"",version: ""276"",hash: ""81a6fa1ca461620eeb83d9522768909c""})"
"(:VERTEX {memory address: ""7f63bd2e2000"",size: ""11000"",subtype: ""memory"",tgid: ""172956"",source: ""syscall"",type: ""Artifact"",version: ""1285"",hash: ""f2e8624389954c5ff0569b1ce7b3e322""})"
"(:VERTEX {remote port: ""53"",epoch: ""0"",source: ""syscall"",type: ""Artifact"",version: ""0"",local port: ""59763"",net namespace: ""4026532992"",local address: ""10.1.251.244"",protocol: ""udp"",subtype: ""network socket"",remote address: ""10.152.183.10"",hash: ""707bed7de4b32f7d7bac28d9dc509dbd""})"
"(:VERTEX {gid: ""1000"",euid: ""1000"",children pid namespace: ""4026533560"",start time: ""1693401652.402"",ns pid: ""8"",pid: ""172440"",source: ""syscall"",type: ""Process"",net namespace: ""4026532992"",ipc namespace: ""4026533517"",ppid: ""172248"",pid namespace: ""4026533560"",cwd: ""/src"",uid: ""1000"",egid: ""1000"",exe: ""/src/server"",mount namespace: ""4026533559"",command line: ""/src/server"",name: ""server"",hash: ""4bfdd0cca11fa550b13e0ae61c891d1a"",user namespace: ""4026531837""})"
"(:VERTEX {remote port: ""53"",epoch: ""0"",source: ""syscall"",type: ""Artifact"",version: ""0"",local port: ""59624"",net namespace: ""4026532992"",local address: ""10.1.251.244"",protocol: ""udp"",subtype: ""network socket"",remote address: ""10.152.183.10"",hash: ""675a5a3392fdb880311dced5f11f23ba""})"
"(:VERTEX {gid: ""1000"",euid: ""1000"",children pid namespace: ""4026533560"",start time: ""1693401652.402"",ns pid: ""7"",pid: ""172439"",source: ""syscall"",type: ""Process"",net namespace: ""4026532992"",ipc namespace: ""4026533517"",ppid: ""172248"",pid namespace: ""4026533560"",cwd: ""/src"",uid: ""1000"",egid: ""1000"",exe: ""/src/server"",mount namespace: ""4026533559"",command line: ""/src/server"",name: ""server"",hash: ""eb30410ebf6e2798259fbc6aa478e08b"",user namespace: ""4026531837""})"
"(:VERTEX {gid: ""1000"",euid: ""1000"",children pid namespace: ""-1"",start time: ""1693401652.337"",pid: ""172248"",source: ""syscall"",type: ""Process"",net namespace: ""-1"",ipc namespace: ""-1"",ppid: ""3646"",pid namespace: ""-1"",cwd: ""/src"",uid: ""1000"",egid: ""1000"",exe: ""/src/server"",mount namespace: ""-1"",command line: ""/src/server"",name: ""server"",hash: ""c31b666ce1aa267d0832231b78c5c264"",user namespace: ""-1""})"
"(:VERTEX {remote port: ""36210"",epoch: ""0"",source: ""syscall"",type: ""Artifact"",version: ""0"",local port: ""50051"",net namespace: ""-1"",local address: ""0000:0000:0000:0000:0000:0000:0000:0000"",protocol: ""tcp"",subtype: ""network socket"",remote address: ""0000:0000:0000:0000:0000:FFFF:C0A8:2F80"",hash: ""a3561bf1c78b46b70034ba570664d14a""})"
"(:VERTEX {gid: ""1000"",euid: ""1000"",children pid namespace: ""-1"",start time: ""1693401675.712"",pid: ""173004"",source: ""syscall"",type: ""Process"",net namespace: ""-1"",ipc namespace: ""-1"",ppid: ""4538"",pid namespace: ""-1"",cwd: ""/usr/src/app"",uid: ""1000"",egid: ""1000"",exe: ""/usr/local/bin/node"",mount namespace: ""-1"",command line: ""node index.js"",name: ""node"",hash: ""33ead49fb30681557641c8f86d6d95da"",user namespace: ""-1""})"
"(:VERTEX {memory address: ""7f17b78e4000"",size: ""1000"",subtype: ""memory"",tgid: ""173004"",source: ""syscall"",type: ""Artifact"",version: ""2"",hash: ""6568ca4fc58b6dcc6a4a4aa383285282""})"
"(:VERTEX {memory address: ""7f17b78a0000"",size: ""2000"",subtype: ""memory"",tgid: ""173004"",source: ""syscall"",type: ""Artifact"",version: ""2"",hash: ""0e3b4278361fcf5a15961c6c3eb0c71d""})"
"(:VERTEX {memory address: ""7f17b7769000"",size: ""11000"",subtype: ""memory"",tgid: ""173004"",source: ""syscall"",type: ""Artifact"",version: ""13"",hash: ""7cccee74c1398048a65d33b061e737c3""})"
"(:VERTEX {memory address: ""7f17b7769000"",size: ""11000"",subtype: ""memory"",tgid: ""173004"",source: ""syscall"",type: ""Artifact"",version: ""14"",hash: ""5ee3efe21790acfac473d523d7180a59""})"
"(:VERTEX {memory address: ""7f17b7769000"",size: ""11000"",subtype: ""memory"",tgid: ""173004"",source: ""syscall"",type: ""Artifact"",version: ""15"",hash: ""448d7138db7106773a19ca3f6902afca""})"
"(:VERTEX {memory address: ""7f17b7769000"",size: ""11000"",subtype: ""memory"",tgid: ""173004"",source: ""syscall"",type: ""Artifact"",version: ""16"",hash: ""f77379d862c5c22c45adf4663a4b0f3b""})"
"(:VERTEX {memory address: ""284bf18c0000"",size: ""40000"",subtype: ""memory"",tgid: ""173004"",source: ""syscall"",type: ""Artifact"",version: ""5"",hash: ""4e54b63512b0af0584b6fdc3fda0648a""})"
"(:VERTEX {memory address: ""eb539480000"",size: ""40000"",subtype: ""memory"",tgid: ""173004"",source: ""syscall"",type: ""Artifact"",version: ""5"",hash: ""a5997ea57a60aec04e84006696c6d4b0""})"
"(:VERTEX {memory address: ""3bc46c2c0000"",size: ""40000"",subtype: ""memory"",tgid: ""173004"",source: ""syscall"",type: ""Artifact"",version: ""5"",hash: ""2fae4d635669b8b3cb5bac0c7c1fd92e""})"
"(:VERTEX {memory address: ""1c113c540000"",size: ""40000"",subtype: ""memory"",tgid: ""173004"",source: ""syscall"",type: ""Artifact"",version: ""5"",hash: ""9aaafb41aaa1529d6b72c654ba991bee""})"
"(:VERTEX {memory address: ""7f17b77f9000"",size: ""6000"",subtype: ""memory"",tgid: ""173004"",source: ""syscall"",type: ""Artifact"",version: ""1"",hash: ""1dc8482880651f0f27c341a8b0f4723f""})"
"(:VERTEX {memory address: ""7f17b77a6000"",size: ""6000"",subtype: ""memory"",tgid: ""173004"",source: ""syscall"",type: ""Artifact"",version: ""0"",hash: ""3a4a327c5094544cf32526f73fe7fe5d""})"
"(:VERTEX {memory address: ""1f2f965c0000"",size: ""40000"",subtype: ""memory"",tgid: ""173004"",source: ""syscall"",type: ""Artifact"",version: ""3"",hash: ""39edfcdf3b4be47a0de89eeea6ff8ab3""})"
"(:VERTEX {memory address: ""67b16f80000"",size: ""40000"",subtype: ""memory"",tgid: ""173004"",source: ""syscall"",type: ""Artifact"",version: ""3"",hash: ""6a1002c664e00faa0a1288db948587b4""})"
"(:VERTEX {memory address: ""a22d8e80000"",size: ""40000"",subtype: ""memory"",tgid: ""173004"",source: ""syscall"",type: ""Artifact"",version: ""3"",hash: ""6a6e016ae5ca957630baebcf9b56702b""})"
"(:VERTEX {memory address: ""33a571b00000"",size: ""40000"",subtype: ""memory"",tgid: ""173004"",source: ""syscall"",type: ""Artifact"",version: ""3"",hash: ""027e6294797a15b18cc2022b730f8020""})"
"(:VERTEX {memory address: ""7f63bd2e2000"",size: ""11000"",subtype: ""memory"",tgid: ""172956"",source: ""syscall"",type: ""Artifact"",version: ""1286"",hash: ""96420222a85650ed2ca95fe4615d6312""})"
"(:VERTEX {memory address: ""7f63bd2e2000"",size: ""11000"",subtype: ""memory"",tgid: ""172956"",source: ""syscall"",type: ""Artifact"",version: ""1287"",hash: ""1880e7e512395cc1abdae4454c5f125e""})"
"(:VERTEX {memory address: ""7f63bd2e2000"",size: ""11000"",subtype: ""memory"",tgid: ""172956"",source: ""syscall"",type: ""Artifact"",version: ""1288"",hash: ""0d76c971d730ea7f20e9ef320bd511b6""})"
"(:VERTEX {memory address: ""7f63bd2e2000"",size: ""11000"",subtype: ""memory"",tgid: ""172956"",source: ""syscall"",type: ""Artifact"",version: ""1289"",hash: ""12b87ccf9e999ec8495061e72df4238f""})"
"(:VERTEX {memory address: ""7f63bd2e2000"",size: ""11000"",subtype: ""memory"",tgid: ""172956"",source: ""syscall"",type: ""Artifact"",version: ""1290"",hash: ""2ec98c882f3c49b16abe65222a8b75df""})"
"(:VERTEX {memory address: ""7f63bd2e2000"",size: ""11000"",subtype: ""memory"",tgid: ""172956"",source: ""syscall"",type: ""Artifact"",version: ""1291"",hash: ""d487f0f679ab9f44a857c2de58700f88""})"
"(:VERTEX {remote port: ""57828"",epoch: ""0"",source: ""syscall"",type: ""Artifact"",version: ""0"",local port: ""50051"",net namespace: ""-1"",local address: ""0000:0000:0000:0000:0000:0000:0000:0000"",protocol: ""tcp"",subtype: ""network socket"",remote address: ""0000:0000:0000:0000:0000:FFFF:C0A8:2F80"",hash: ""05962fe563552d35acef3cc1b4c100f1""})"
"(:VERTEX {gid: ""1000"",euid: ""1000"",children pid namespace: ""-1"",pid: ""172187"",seen time: ""1693401815.273"",source: ""syscall"",type: ""Process"",net namespace: ""-1"",ipc namespace: ""-1"",ppid: ""4424"",pid namespace: ""-1"",uid: ""1000"",egid: ""1000"",mount namespace: ""-1"",name: ""shippingservice"",hash: ""bf1530f2fa988fc818831380a6407595"",user namespace: ""-1""})"
"(:VERTEX {remote port: ""48668"",epoch: ""0"",source: ""syscall"",type: ""Artifact"",version: ""0"",local port: ""8080"",net namespace: ""-1"",local address: ""0000:0000:0000:0000:0000:0000:0000:0000"",protocol: ""tcp"",subtype: ""network socket"",remote address: ""0000:0000:0000:0000:0000:FFFF:C0A8:2F80"",hash: ""eafcc4c2feff5f5b6cbca90e914b4e5f""})"
"(:VERTEX {remote port: ""59412"",epoch: ""0"",source: ""syscall"",type: ""Artifact"",version: ""0"",local port: ""7000"",net namespace: ""-1"",local address: ""0000:0000:0000:0000:0000:0000:0000:0000"",protocol: ""tcp"",subtype: ""network socket"",remote address: ""0000:0000:0000:0000:0000:FFFF:C0A8:2F80"",hash: ""cf30126b58f0e8b9d4dbd1ccb6d8e7cc""})"
"(:VERTEX {memory address: ""7f63bd2e2000"",size: ""11000"",subtype: ""memory"",tgid: ""172956"",source: ""syscall"",type: ""Artifact"",version: ""1292"",hash: ""10e628c8c45200fd4da6e48039a2e83e""})"
"(:VERTEX {memory address: ""7f63bd2e2000"",size: ""11000"",subtype: ""memory"",tgid: ""172956"",source: ""syscall"",type: ""Artifact"",version: ""1293"",hash: ""84e5fa6710f3b669881f471871cb0653""})"
"(:VERTEX {memory address: ""7f63bd2e2000"",size: ""11000"",subtype: ""memory"",tgid: ""172956"",source: ""syscall"",type: ""Artifact"",version: ""1294"",hash: ""93bd93235ad591b2060ede2cfa27b81f""})"
"(:VERTEX {memory address: ""7f63bd2e2000"",size: ""11000"",subtype: ""memory"",tgid: ""172956"",source: ""syscall"",type: ""Artifact"",version: ""1295"",hash: ""655c969627a6e04f205f762003ef4844""})"
"(:VERTEX {memory address: ""7f63bd2e2000"",size: ""11000"",subtype: ""memory"",tgid: ""172956"",source: ""syscall"",type: ""Artifact"",version: ""1296"",hash: ""3984241a8be90ca4b5cabe8fc729dd16""})"
"(:VERTEX {memory address: ""7f63bd2e2000"",size: ""11000"",subtype: ""memory"",tgid: ""172956"",source: ""syscall"",type: ""Artifact"",version: ""1297"",hash: ""54eab0827b2c86f91fde92b39073f7e7""})"
"(:VERTEX {memory address: ""7f63bd2e2000"",size: ""11000"",subtype: ""memory"",tgid: ""172956"",source: ""syscall"",type: ""Artifact"",version: ""1298"",hash: ""b1af1d3f6860006c41a10356a2e8cce7""})"
"(:VERTEX {memory address: ""7f63bd2e2000"",size: ""11000"",subtype: ""memory"",tgid: ""172956"",source: ""syscall"",type: ""Artifact"",version: ""1299"",hash: ""2290a450940feb4a03ddfb6bfaa1c8e7""})"
"(:VERTEX {gid: ""1000"",euid: ""1000"",children pid namespace: ""-1"",pid: ""172093"",seen time: ""1693401954.643"",source: ""syscall"",type: ""Process"",net namespace: ""-1"",ipc namespace: ""-1"",ppid: ""3362"",pid namespace: ""-1"",uid: ""1000"",egid: ""1000"",exe: ""/opt/java/openjdk/bin/java"",mount namespace: ""-1"",name: ""Service Thread"",hash: ""2296fe82fe9351d3a4e3b04a91e98ace"",user namespace: ""-1""})"
"(:VERTEX {remote port: ""48706"",epoch: ""0"",source: ""syscall"",type: ""Artifact"",version: ""0"",local port: ""8080"",net namespace: ""4026532992"",local address: ""0000:0000:0000:0000:0000:0000:0000:0000"",protocol: ""tcp"",subtype: ""network socket"",remote address: ""0000:0000:0000:0000:0000:FFFF:C0A8:2F80"",hash: ""8d735165679db1b411db09ff6dcb9a6c""})"
"(:VERTEX {gid: ""1000"",euid: ""1000"",children pid namespace: ""-1"",pid: ""6027"",seen time: ""1693401666.121"",source: ""syscall"",type: ""Process"",net namespace: ""-1"",ipc namespace: ""-1"",ppid: ""6012"",pid namespace: ""-1"",cwd: ""/loadgen"",uid: ""1000"",egid: ""1000"",exe: ""/usr/local/bin/python3.11"",mount namespace: ""-1"",name: ""locust"",hash: ""0702784a54811f66ae8e8f09de757b17"",user namespace: ""-1""})"
"(:VERTEX {path: ""/proc/7/stat"",subtype: ""file"",permissions: ""0444"",epoch: ""0"",source: ""syscall"",type: ""Artifact"",version: ""0"",hash: ""a453c1d1b0c0c2814d7848b72856e07e""})"
"(:VERTEX {path: ""/proc/7/statm"",subtype: ""file"",permissions: ""0444"",epoch: ""0"",source: ""syscall"",type: ""Artifact"",version: ""0"",hash: ""4d5acfd567e5883a6024cd38fd6cd2ed""})"
"(:VERTEX {remote port: ""45126"",epoch: ""0"",source: ""syscall"",type: ""Artifact"",version: ""0"",local port: ""6379"",net namespace: ""-1"",local address: ""0.0.0.0"",protocol: ""tcp"",subtype: ""network socket"",remote address: ""192.168.47.128"",hash: ""cdb321a01f1c4e3776dff2458d0ae26d""})"
"(:VERTEX {memory address: ""7f63bd2e2000"",size: ""11000"",subtype: ""memory"",tgid: ""172956"",source: ""syscall"",type: ""Artifact"",version: ""1300"",hash: ""de3548e658f596b9314d5cc470011939""})"
"(:VERTEX {memory address: ""7f63bd2e2000"",size: ""11000"",subtype: ""memory"",tgid: ""172956"",source: ""syscall"",type: ""Artifact"",version: ""1301"",hash: ""d41797e216348598409efa264d0fe77c""})"
"(:VERTEX {memory address: ""7f63bd2e2000"",size: ""11000"",subtype: ""memory"",tgid: ""172956"",source: ""syscall"",type: ""Artifact"",version: ""1302"",hash: ""8dc2e5b655aa13836feee126479b8f29""})"
"(:VERTEX {memory address: ""7f63bd2e2000"",size: ""11000"",subtype: ""memory"",tgid: ""172956"",source: ""syscall"",type: ""Artifact"",version: ""1303"",hash: ""b49f824a3c321ec7d961efbd561f4644""})"
"(:VERTEX {memory address: ""7f23ee877000"",size: ""7000"",subtype: ""memory"",tgid: ""172093"",source: ""syscall"",type: ""Artifact"",version: ""0"",hash: ""bd02064daec3dcd464ad023515df9b06""})"
"(:VERTEX {memory address: ""7f23ee9d1000"",size: ""7000"",subtype: ""memory"",tgid: ""172093"",source: ""syscall"",type: ""Artifact"",version: ""0"",hash: ""8b1027bb1999798fdc837b9c5bbd6f37""})"
"(:VERTEX {memory address: ""7f23ee9d9000"",size: ""7000"",subtype: ""memory"",tgid: ""172093"",source: ""syscall"",type: ""Artifact"",version: ""0"",hash: ""cf321a3adaa3a57e64b2cb5499b4edc5""})"
"(:VERTEX {memory address: ""7f23ee9e9000"",size: ""7000"",subtype: ""memory"",tgid: ""172093"",source: ""syscall"",type: ""Artifact"",version: ""0"",hash: ""8d7a3d558e41d4d8096c5f753d8f74b7""})"
"(:VERTEX {memory address: ""7f23ee897000"",size: ""7000"",subtype: ""memory"",tgid: ""172093"",source: ""syscall"",type: ""Artifact"",version: ""0"",hash: ""e13ae39b1df121746d78b4e21c3a0aed""})"
"(:VERTEX {memory address: ""7f63bd2e2000"",size: ""11000"",subtype: ""memory"",tgid: ""172956"",source: ""syscall"",type: ""Artifact"",version: ""1304"",hash: ""9bb3bd3680fb95b6af0a3de2d5a63b4b""})"
"(:VERTEX {memory address: ""7f63bd2e2000"",size: ""11000"",subtype: ""memory"",tgid: ""172956"",source: ""syscall"",type: ""Artifact"",version: ""1305"",hash: ""50a14b24f2fa2eab203049706f86c7ab""})"
"(:VERTEX {memory address: ""7f63bd2e2000"",size: ""11000"",subtype: ""memory"",tgid: ""172956"",source: ""syscall"",type: ""Artifact"",version: ""1306"",hash: ""dec6025fdb8481042e002200a307283c""})"
"(:VERTEX {memory address: ""7f63bd2e2000"",size: ""11000"",subtype: ""memory"",tgid: ""172956"",source: ""syscall"",type: ""Artifact"",version: ""1307"",hash: ""20a429e6472e55e815c00693bb0ec446""})"
"(:VERTEX {remote port: ""37796"",epoch: ""1"",source: ""syscall"",type: ""Artifact"",version: ""0"",local port: ""8080"",net namespace: ""-1"",local address: ""0000:0000:0000:0000:0000:0000:0000:0000"",protocol: ""tcp"",subtype: ""network socket"",remote address: ""0000:0000:0000:0000:0000:FFFF:C0A8:2F80"",hash: ""4469a4d2b6fb2408869401a2865dac5d""})"
"(:VERTEX {remote port: ""57838"",epoch: ""0"",source: ""syscall"",type: ""Artifact"",version: ""0"",local port: ""50051"",net namespace: ""-1"",local address: ""0000:0000:0000:0000:0000:0000:0000:0000"",protocol: ""tcp"",subtype: ""network socket"",remote address: ""0000:0000:0000:0000:0000:FFFF:C0A8:2F80"",hash: ""e2f6eba6a9273fbe23de0c2968a8528e""})"
"(:VERTEX {gid: ""1000"",euid: ""1000"",children pid namespace: ""-1"",pid: ""172110"",seen time: ""1693401652.899"",source: ""syscall"",type: ""Process"",net namespace: ""-1"",ipc namespace: ""-1"",ppid: ""4424"",pid namespace: ""-1"",uid: ""1000"",egid: ""1000"",mount namespace: ""-1"",name: ""shippingservice"",hash: ""9e9ff3a84ae7d5db58c63e3a432f6582"",user namespace: ""-1""})"
"(:VERTEX {gid: ""0"",euid: ""999"",children pid namespace: ""-1"",pid: ""181704"",seen time: ""1693402013.305"",source: ""syscall"",type: ""Process"",net namespace: ""-1"",ipc namespace: ""-1"",ppid: ""181695"",pid namespace: ""-1"",uid: ""999"",egid: ""0"",exe: ""/"",mount namespace: ""-1"",name: ""runc:[2:INIT]"",hash: ""c8e51e881b08788afe47183c471f61d5"",user namespace: ""-1""})"
"(:VERTEX {path: ""/proc/181704/attr/apparmor/exec"",subtype: ""file"",permissions: ""0666"",epoch: ""0"",source: ""syscall"",type: ""Artifact"",version: ""0"",hash: ""c71c6ac18fae3942a0d6cbd7b4b4bcad""})"
"(:VERTEX {gid: ""0"",euid: ""999"",children pid namespace: ""-1"",start time: ""1693402013.305"",pid: ""181704"",source: ""syscall"",type: ""Process"",net namespace: ""-1"",ipc namespace: ""-1"",ppid: ""181695"",pid namespace: ""-1"",cwd: ""/"",uid: ""999"",egid: ""0"",exe: ""/usr/bin/check-status"",mount namespace: ""-1"",command line: ""/usr/bin/check-status -l"",name: ""check-status"",hash: ""99ba3e107c1820a3d424f790c4b60af5"",user namespace: ""-1""})"
"(:VERTEX {memory address: ""7fa9d70a3000"",size: ""2000"",subtype: ""memory"",tgid: ""181704"",source: ""syscall"",type: ""Artifact"",version: ""0"",hash: ""21cfcdbf9ba11a86e206eec466d5ada5""})"
"(:VERTEX {memory address: ""7fa9d6c58000"",size: ""21f4c0"",subtype: ""memory"",tgid: ""181704"",source: ""syscall"",type: ""Artifact"",version: ""0"",hash: ""85f8f9e540bd7220183da8a5fe3ed6cc""})"
"(:VERTEX {memory address: ""7fa9d6c73000"",size: ""1ff000"",subtype: ""memory"",tgid: ""181704"",source: ""syscall"",type: ""Artifact"",version: ""0"",hash: ""4f5a6c43bb872d3f3e6ce05c417e1c3b""})"
"(:VERTEX {memory address: ""7fa9d6e72000"",size: ""2000"",subtype: ""memory"",tgid: ""181704"",source: ""syscall"",type: ""Artifact"",version: ""0"",hash: ""b9715a28e28ffe88519ea937bae6c13c""})"
"(:VERTEX {memory address: ""7fa9d6e74000"",size: ""34c0"",subtype: ""memory"",tgid: ""181704"",source: ""syscall"",type: ""Artifact"",version: ""0"",hash: ""688f57601d8fab82df94e02ff7419a4f""})"
"(:VERTEX {memory address: ""7fa9d6892000"",size: ""3c58c0"",subtype: ""memory"",tgid: ""181704"",source: ""syscall"",type: ""Artifact"",version: ""0"",hash: ""a7ce24463c5aeeb463c1008b829a5e59""})"
"(:VERTEX {memory address: ""7fa9d6a4e000"",size: ""200000"",subtype: ""memory"",tgid: ""181704"",source: ""syscall"",type: ""Artifact"",version: ""0"",hash: ""06347cf4cc9b3feaaf38ff5106594cc3""})"
"(:VERTEX {memory address: ""7fa9d6c4e000"",size: ""6000"",subtype: ""memory"",tgid: ""181704"",source: ""syscall"",type: ""Artifact"",version: ""0"",hash: ""9e984893b5cbaa9c3cc22266170e03cb""})"
"(:VERTEX {memory address: ""7fa9d6c54000"",size: ""38c0"",subtype: ""memory"",tgid: ""181704"",source: ""syscall"",type: ""Artifact"",version: ""0"",hash: ""daf182992a0a6e75ff09c7e5f0a437a7""})"
"(:VERTEX {memory address: ""7fa9d70a0000"",size: ""3000"",subtype: ""memory"",tgid: ""181704"",source: ""syscall"",type: ""Artifact"",version: ""0"",hash: ""3be8be3c95051fdafa26bee60221d712""})"
"(:VERTEX {memory address: ""7fa9d6c4e000"",size: ""4000"",subtype: ""memory"",tgid: ""181704"",source: ""syscall"",type: ""Artifact"",version: ""0"",hash: ""1ef75827c0373f738825e399e23b0d79""})"
"(:VERTEX {memory address: ""7fa9d6e72000"",size: ""1000"",subtype: ""memory"",tgid: ""181704"",source: ""syscall"",type: ""Artifact"",version: ""0"",hash: ""3541f3bd05d268ff6f66daac35848543""})"
"(:VERTEX {memory address: ""7fa9d70a5000"",size: ""1000"",subtype: ""memory"",tgid: ""181704"",source: ""syscall"",type: ""Artifact"",version: ""0"",hash: ""7e326247b013ab65ee2677c5a56a5b4a""})"
"(:VERTEX {memory address: ""7fa9d7060000"",size: ""40000"",subtype: ""memory"",tgid: ""181704"",source: ""syscall"",type: ""Artifact"",version: ""0"",hash: ""d792fe6ad6247d4f99c63017a92f93a3""})"
"(:VERTEX {memory address: ""7fa9d7040000"",size: ""20000"",subtype: ""memory"",tgid: ""181704"",source: ""syscall"",type: ""Artifact"",version: ""0"",hash: ""a34d5226ed0332a1fde89fadf9e9d027""})"
"(:VERTEX {memory address: ""7fa9d6f40000"",size: ""100000"",subtype: ""memory"",tgid: ""181704"",source: ""syscall"",type: ""Artifact"",version: ""0"",hash: ""ea2d67e87a023517070d97ee364e5548""})"
"(:VERTEX {memory address: ""7fa9d6092000"",size: ""800000"",subtype: ""memory"",tgid: ""181704"",source: ""syscall"",type: ""Artifact"",version: ""0"",hash: ""4aeba20e221ecbfbfc659d5a8f12e867""})"
"(:VERTEX {memory address: ""7fa9d6f30000"",size: ""10000"",subtype: ""memory"",tgid: ""181704"",source: ""syscall"",type: ""Artifact"",version: ""0"",hash: ""93b90ec67420aecddcaf409c06289372""})"
"(:VERTEX {memory address: ""7fa9d6f20000"",size: ""10000"",subtype: ""memory"",tgid: ""181704"",source: ""syscall"",type: ""Artifact"",version: ""0"",hash: ""c846d28b3e72b9bcb23456aa500826c6""})"
"(:VERTEX {memory address: ""7fa9af580000"",size: ""801000"",subtype: ""memory"",tgid: ""181704"",source: ""syscall"",type: ""Artifact"",version: ""0"",hash: ""8bfc225194f9c23dd26b1fd06f78fd5e""})"
"(:VERTEX {memory address: ""7fa9af581000"",size: ""800000"",subtype: ""memory"",tgid: ""181704"",source: ""syscall"",type: ""Artifact"",version: ""0"",hash: ""cc709c967dd8019eff396b41b551c6c9""})"
"(:VERTEX {gid: ""0"",euid: ""999"",children pid namespace: ""4026533508"",start time: ""1693402013.316"",ns pid: ""650"",pid: ""181710"",source: ""syscall"",type: ""Process"",net namespace: ""4026532699"",ipc namespace: ""4026533353"",ppid: ""181704"",pid namespace: ""4026533508"",cwd: ""/"",uid: ""999"",egid: ""0"",exe: ""/usr/bin/check-status"",mount namespace: ""4026533507"",command line: ""/usr/bin/check-status -l"",name: ""check-status"",hash: ""ec5645bf60566a000099d5f2bd784824"",user namespace: ""4026531837""})"
"(:VERTEX {memory address: ""7fa9aed7f000"",size: ""801000"",subtype: ""memory"",tgid: ""181704"",source: ""syscall"",type: ""Artifact"",version: ""0"",hash: ""722a25bdec22cfaae7ac42256826778c""})"
"(:VERTEX {memory address: ""7fa9aed80000"",size: ""800000"",subtype: ""memory"",tgid: ""181704"",source: ""syscall"",type: ""Artifact"",version: ""0"",hash: ""8787da9789d3bf4cb3d2b374864b1fe3""})"
"(:VERTEX {gid: ""0"",euid: ""999"",children pid namespace: ""4026533508"",start time: ""1693402013.316"",ns pid: ""651"",pid: ""181711"",source: ""syscall"",type: ""Process"",net namespace: ""4026532699"",ipc namespace: ""4026533353"",ppid: ""181704"",pid namespace: ""4026533508"",cwd: ""/"",uid: ""999"",egid: ""0"",exe: ""/usr/bin/check-status"",mount namespace: ""4026533507"",command line: ""/usr/bin/check-status -l"",name: ""check-status"",hash: ""b2a5a52f1849dbd4d0e987de4df32047"",user namespace: ""4026531837""})"
"(:VERTEX {memory address: ""7fa9ae57e000"",size: ""801000"",subtype: ""memory"",tgid: ""181704"",source: ""syscall"",type: ""Artifact"",version: ""0"",hash: ""5c34dc923b652a463287bdeac5fa0d74""})"
"(:VERTEX {memory address: ""7fa9ae57f000"",size: ""800000"",subtype: ""memory"",tgid: ""181704"",source: ""syscall"",type: ""Artifact"",version: ""0"",hash: ""e01547ea522a13ed5074464d7872cbf0""})"
"(:VERTEX {gid: ""0"",euid: ""999"",children pid namespace: ""4026533508"",start time: ""1693402013.316"",ns pid: ""652"",pid: ""181712"",source: ""syscall"",type: ""Process"",net namespace: ""4026532699"",ipc namespace: ""4026533353"",ppid: ""181704"",pid namespace: ""4026533508"",cwd: ""/"",uid: ""999"",egid: ""0"",exe: ""/usr/bin/check-status"",mount namespace: ""4026533507"",command line: ""/usr/bin/check-status -l"",name: ""check-status"",hash: ""352afe5a7012842d62ab746b79d44ca7"",user namespace: ""4026531837""})"
"(:VERTEX {memory address: ""7fa9a657e000"",size: ""8000000"",subtype: ""memory"",tgid: ""181704"",source: ""syscall"",type: ""Artifact"",version: ""0"",hash: ""12bf553b3f98719fcd74968bbda6d796""})"
"(:VERTEX {memory address: ""7fa9a8000000"",size: ""21000"",subtype: ""memory"",tgid: ""181704"",source: ""syscall"",type: ""Artifact"",version: ""0"",hash: ""d61c295dbc36f671f2d04cf9f9888279""})"
"(:VERTEX {memory address: ""7fa9a0000000"",size: ""8000000"",subtype: ""memory"",tgid: ""181704"",source: ""syscall"",type: ""Artifact"",version: ""0"",hash: ""17e8bb4eaaa36d7aaacaf2593c83d8ec""})"
"(:VERTEX {memory address: ""7fa9a0000000"",size: ""21000"",subtype: ""memory"",tgid: ""181704"",source: ""syscall"",type: ""Artifact"",version: ""0"",hash: ""8214c9c1c94720d79a8eab2cefe19158""})"
"(:VERTEX {memory address: ""7fa9d6ee0000"",size: ""40000"",subtype: ""memory"",tgid: ""181704"",source: ""syscall"",type: ""Artifact"",version: ""0"",hash: ""6917fd1fb52e9ade2b98831dbcaf609b""})"
"(:VERTEX {memory address: ""7fa9add7d000"",size: ""801000"",subtype: ""memory"",tgid: ""181704"",source: ""syscall"",type: ""Artifact"",version: ""0"",hash: ""2f208c766c78987e2d9b72ac36357c25""})"
"(:VERTEX {memory address: ""7fa9add7e000"",size: ""800000"",subtype: ""memory"",tgid: ""181704"",source: ""syscall"",type: ""Artifact"",version: ""0"",hash: ""bcab5e117c1ce1f4fb18232155319b47""})"
"(:VERTEX {gid: ""0"",euid: ""999"",children pid namespace: ""4026533508"",start time: ""1693402013.327"",ns pid: ""653"",pid: ""181713"",source: ""syscall"",type: ""Process"",net namespace: ""4026532699"",ipc namespace: ""4026533353"",ppid: ""181704"",pid namespace: ""4026533508"",cwd: ""/"",uid: ""999"",egid: ""0"",exe: ""/usr/bin/check-status"",mount namespace: ""4026533507"",command line: ""/usr/bin/check-status -l"",name: ""check-status"",hash: ""2d5f083156213b33551902d8ad298305"",user namespace: ""4026531837""})"
"(:VERTEX {memory address: ""7fa9a4000000"",size: ""4000000"",subtype: ""memory"",tgid: ""181704"",source: ""syscall"",type: ""Artifact"",version: ""0"",hash: ""c9000afd306d3756fa57642eafbc98a0""})"
"(:VERTEX {memory address: ""7fa99c000000"",size: ""4000000"",subtype: ""memory"",tgid: ""181704"",source: ""syscall"",type: ""Artifact"",version: ""0"",hash: ""a19ea5ad3f9eaf9e8ada8ee4bf626a92""})"
"(:VERTEX {memory address: ""7fa9a4000000"",size: ""21000"",subtype: ""memory"",tgid: ""181704"",source: ""syscall"",type: ""Artifact"",version: ""0"",hash: ""1c059721c18acb2520fab9c5f73761ae""})"
"(:VERTEX {memory address: ""7fa99c000000"",size: ""21000"",subtype: ""memory"",tgid: ""181704"",source: ""syscall"",type: ""Artifact"",version: ""0"",hash: ""eb90ce6954c392084b359b9b8c368f7d""})"
"(:VERTEX {memory address: ""7fa9ad57c000"",size: ""801000"",subtype: ""memory"",tgid: ""181704"",source: ""syscall"",type: ""Artifact"",version: ""0"",hash: ""9a77b3d071e89b8e058f1d922bbf5521""})"
"(:VERTEX {memory address: ""7fa9ad57d000"",size: ""800000"",subtype: ""memory"",tgid: ""181704"",source: ""syscall"",type: ""Artifact"",version: ""0"",hash: ""2222cdf3efebf1c2e8b0d79d36c8df35""})"
"(:VERTEX {gid: ""0"",euid: ""999"",children pid namespace: ""4026533508"",start time: ""1693402013.334"",ns pid: ""654"",pid: ""181714"",source: ""syscall"",type: ""Process"",net namespace: ""4026532699"",ipc namespace: ""4026533353"",ppid: ""181704"",pid namespace: ""4026533508"",cwd: ""/"",uid: ""999"",egid: ""0"",exe: ""/usr/bin/check-status"",mount namespace: ""4026533507"",command line: ""/usr/bin/check-status -l"",name: ""check-status"",hash: ""2bf4554c663f5cd12db3320640082346"",user namespace: ""4026531837""})"
"(:VERTEX {memory address: ""7f63bd2e2000"",size: ""11000"",subtype: ""memory"",tgid: ""172956"",source: ""syscall"",type: ""Artifact"",version: ""1308"",hash: ""3e20ff424d689beaa45c95d65fe8814b""})"
"(:VERTEX {memory address: ""7f63bd2e2000"",size: ""11000"",subtype: ""memory"",tgid: ""172956"",source: ""syscall"",type: ""Artifact"",version: ""1309"",hash: ""35c28ce4bf9ca3bddb91fac693124ce9""})"
"(:VERTEX {memory address: ""7f63bd2e2000"",size: ""11000"",subtype: ""memory"",tgid: ""172956"",source: ""syscall"",type: ""Artifact"",version: ""1310"",hash: ""aaa69d0fae700881508dd7335e4c88bb""})"
"(:VERTEX {memory address: ""7f63bd2e2000"",size: ""11000"",subtype: ""memory"",tgid: ""172956"",source: ""syscall"",type: ""Artifact"",version: ""1311"",hash: ""d6a319fc3408c18217c5b27cac43011b""})"
"(:VERTEX {memory address: ""7f63bd2e2000"",size: ""11000"",subtype: ""memory"",tgid: ""172956"",source: ""syscall"",type: ""Artifact"",version: ""1312"",hash: ""8439628fa920212f370df673e4d922c4""})"
"(:VERTEX {memory address: ""7f63bd2e2000"",size: ""11000"",subtype: ""memory"",tgid: ""172956"",source: ""syscall"",type: ""Artifact"",version: ""1313"",hash: ""ef8a6e176f2c556374cf073583c19028""})"
"(:VERTEX {memory address: ""7f63bd2e2000"",size: ""11000"",subtype: ""memory"",tgid: ""172956"",source: ""syscall"",type: ""Artifact"",version: ""1314"",hash: ""855184ef1a1a473ba1026c57c7330ed7""})"
"(:VERTEX {memory address: ""7f63bd2e2000"",size: ""11000"",subtype: ""memory"",tgid: ""172956"",source: ""syscall"",type: ""Artifact"",version: ""1315"",hash: ""d49a29317eed5a74e851cb2a25025339""})"
"(:VERTEX {memory address: ""c000600000"",size: ""200000"",subtype: ""memory"",tgid: ""172248"",source: ""syscall"",type: ""Artifact"",version: ""0"",hash: ""414fab61a155126b0b347400bbabc93b""})"
"(:VERTEX {memory address: ""c0007a8000"",size: ""8000"",subtype: ""memory"",tgid: ""172248"",source: ""syscall"",type: ""Artifact"",version: ""0"",hash: ""6015622e177b951e01b3e1edc37cf106""})"
"(:VERTEX {memory address: ""c000798000"",size: ""8000"",subtype: ""memory"",tgid: ""172248"",source: ""syscall"",type: ""Artifact"",version: ""0"",hash: ""f6d701370170e49ff0a494e2a6b86a2d""})"
"(:VERTEX {memory address: ""c000788000"",size: ""10000"",subtype: ""memory"",tgid: ""172248"",source: ""syscall"",type: ""Artifact"",version: ""0"",hash: ""64825b3488c2807b9e3ac7f0d6770c63""})"
"(:VERTEX {memory address: ""c000786000"",size: ""2000"",subtype: ""memory"",tgid: ""172248"",source: ""syscall"",type: ""Artifact"",version: ""0"",hash: ""da1f95d806dbc1dd7b270ab82ab2bd70""})"
"(:VERTEX {memory address: ""c000782000"",size: ""2000"",subtype: ""memory"",tgid: ""172248"",source: ""syscall"",type: ""Artifact"",version: ""0"",hash: ""4d80abb85dd2dfafa9d253d64cf0bb23""})"
"(:VERTEX {memory address: ""c00077c000"",size: ""4000"",subtype: ""memory"",tgid: ""172248"",source: ""syscall"",type: ""Artifact"",version: ""0"",hash: ""64e2889588f80c8d3f15e2e386db0006""})"
"(:VERTEX {memory address: ""c000772000"",size: ""8000"",subtype: ""memory"",tgid: ""172248"",source: ""syscall"",type: ""Artifact"",version: ""0"",hash: ""1788a5415adbcdea3c8d85154bbe161c""})"
"(:VERTEX {memory address: ""c000764000"",size: ""c000"",subtype: ""memory"",tgid: ""172248"",source: ""syscall"",type: ""Artifact"",version: ""0"",hash: ""a26ce1c2dbe8914d1f0a26c6af578c76""})"
"(:VERTEX {memory address: ""c00075e000"",size: ""4000"",subtype: ""memory"",tgid: ""172248"",source: ""syscall"",type: ""Artifact"",version: ""0"",hash: ""7ecf630fed7209e6a2ab6d857a75cf8e""})"
"(:VERTEX {memory address: ""c000756000"",size: ""6000"",subtype: ""memory"",tgid: ""172248"",source: ""syscall"",type: ""Artifact"",version: ""0"",hash: ""2af3379f2ca0784a08f779edec63e577""})"
"(:VERTEX {memory address: ""c00074a000"",size: ""a000"",subtype: ""memory"",tgid: ""172248"",source: ""syscall"",type: ""Artifact"",version: ""0"",hash: ""dbb269cf5534396a09d23df1cfb61da2""})"
"(:VERTEX {memory address: ""7f63bd2e2000"",size: ""11000"",subtype: ""memory"",tgid: ""172956"",source: ""syscall"",type: ""Artifact"",version: ""1316"",hash: ""bd3030e0582463a376f3d52285460a4d""})"
"(:VERTEX {memory address: ""7f63bd2e2000"",size: ""11000"",subtype: ""memory"",tgid: ""172956"",source: ""syscall"",type: ""Artifact"",version: ""1317"",hash: ""f7ec7168795f7f7bbf59c5ca654b84a6""})"
"(:VERTEX {memory address: ""7f63bd2e2000"",size: ""11000"",subtype: ""memory"",tgid: ""172956"",source: ""syscall"",type: ""Artifact"",version: ""1318"",hash: ""bf9db04961116408c401da50c470d5d1""})"
"(:VERTEX {memory address: ""7f63bd2e2000"",size: ""11000"",subtype: ""memory"",tgid: ""172956"",source: ""syscall"",type: ""Artifact"",version: ""1319"",hash: ""ec7510ab642be97e9c18ce6ecc041527""})"
"(:VERTEX {memory address: ""7f63bd2e2000"",size: ""11000"",subtype: ""memory"",tgid: ""172956"",source: ""syscall"",type: ""Artifact"",version: ""1320"",hash: ""d2755918929f57c3a60046489a71b52f""})"
"(:VERTEX {memory address: ""7f63bd2e2000"",size: ""11000"",subtype: ""memory"",tgid: ""172956"",source: ""syscall"",type: ""Artifact"",version: ""1321"",hash: ""bc067f428e6cb163e9bc3a0c5a14cace""})"
"(:VERTEX {memory address: ""7f63bd2e2000"",size: ""11000"",subtype: ""memory"",tgid: ""172956"",source: ""syscall"",type: ""Artifact"",version: ""1322"",hash: ""20d467195159299e8ff3be06c6cb94aa""})"
"(:VERTEX {memory address: ""7f63bd2e2000"",size: ""11000"",subtype: ""memory"",tgid: ""172956"",source: ""syscall"",type: ""Artifact"",version: ""1323"",hash: ""ba17b91866dcf00c9af0d42ebf24c4a8""})"
"(:VERTEX {memory address: ""7f63bd2e2000"",size: ""11000"",subtype: ""memory"",tgid: ""172956"",source: ""syscall"",type: ""Artifact"",version: ""1324"",hash: ""317cfb64c0dd36b3a98d06816508edff""})"
"(:VERTEX {memory address: ""7f63bd2e2000"",size: ""11000"",subtype: ""memory"",tgid: ""172956"",source: ""syscall"",type: ""Artifact"",version: ""1325"",hash: ""cc34b4f30d00dbe74f0009e290eb4fc0""})"
"(:VERTEX {memory address: ""7f63bd2e2000"",size: ""11000"",subtype: ""memory"",tgid: ""172956"",source: ""syscall"",type: ""Artifact"",version: ""1326"",hash: ""4307587c5daad8dd70dcc27e1b4f2d1b""})"
"(:VERTEX {memory address: ""7f63bd2e2000"",size: ""11000"",subtype: ""memory"",tgid: ""172956"",source: ""syscall"",type: ""Artifact"",version: ""1327"",hash: ""8af233257ed7da8815b5c8c994a16cc5""})"
"(:VERTEX {remote port: ""53"",epoch: ""0"",source: ""syscall"",type: ""Artifact"",version: ""0"",local port: ""33569"",net namespace: ""4026532992"",local address: ""10.1.251.244"",protocol: ""udp"",subtype: ""network socket"",remote address: ""10.152.183.10"",hash: ""e2d118e97599ff87e13f3b4fe11fb3e4""})"
"(:VERTEX {gid: ""1000"",euid: ""1000"",children pid namespace: ""4026533560"",start time: ""1693401652.531"",ns pid: ""10"",pid: ""172442"",source: ""syscall"",type: ""Process"",net namespace: ""4026532992"",ipc namespace: ""4026533517"",ppid: ""172248"",pid namespace: ""4026533560"",cwd: ""/src"",uid: ""1000"",egid: ""1000"",exe: ""/src/server"",mount namespace: ""4026533559"",command line: ""/src/server"",name: ""server"",hash: ""e048edaddf70d7a05094eaaada1e0b85"",user namespace: ""4026531837""})"
"(:VERTEX {remote port: ""53"",epoch: ""0"",source: ""syscall"",type: ""Artifact"",version: ""0"",local port: ""45242"",net namespace: ""4026532992"",local address: ""10.1.251.244"",protocol: ""udp"",subtype: ""network socket"",remote address: ""10.152.183.10"",hash: ""bb54d3e8df6b82dfcfce78a6c94ca826""})"
"(:VERTEX {memory address: ""7f23f14f0000"",size: ""10000"",subtype: ""memory"",tgid: ""172093"",source: ""syscall"",type: ""Artifact"",version: ""0"",hash: ""43194689c38b12189b2757df9ae2a58b""})"
"(:VERTEX {memory address: ""7f23ee1ae000"",size: ""2000"",subtype: ""memory"",tgid: ""172093"",source: ""syscall"",type: ""Artifact"",version: ""45"",hash: ""0bf34d205c1528ede5e1a16b20949f38""})"
"(:VERTEX {memory address: ""7f23f1600000"",size: ""10000"",subtype: ""memory"",tgid: ""172093"",source: ""syscall"",type: ""Artifact"",version: ""0"",hash: ""194fb5c92e2847ae9a4ef1e53c0e6f76""})"
"(:VERTEX {memory address: ""7f23ee1aa000"",size: ""4000"",subtype: ""memory"",tgid: ""172093"",source: ""syscall"",type: ""Artifact"",version: ""3"",hash: ""87c870d2f6ec87fb3e6ba1e67e21de9c""})"
"(:VERTEX {memory address: ""7f23f1610000"",size: ""10000"",subtype: ""memory"",tgid: ""172093"",source: ""syscall"",type: ""Artifact"",version: ""0"",hash: ""ec7aa4aa94995c00c2e703458e05f266""})"
"(:VERTEX {memory address: ""7f23f4e86000"",size: ""10000"",subtype: ""memory"",tgid: ""172093"",source: ""syscall"",type: ""Artifact"",version: ""0"",hash: ""2475911b0b8b812ab23699ca205ba9ae""})"
"(:VERTEX {memory address: ""7f23ee1aa000"",size: ""4000"",subtype: ""memory"",tgid: ""172093"",source: ""syscall"",type: ""Artifact"",version: ""4"",hash: ""fbc43488a7517cc8f710991493a21e74""})"
"(:VERTEX {memory address: ""7f63bd2e2000"",size: ""11000"",subtype: ""memory"",tgid: ""172956"",source: ""syscall"",type: ""Artifact"",version: ""1328"",hash: ""862da26425689a7c85d51e162ddefcaa""})"
"(:VERTEX {memory address: ""7f63bd2e2000"",size: ""11000"",subtype: ""memory"",tgid: ""172956"",source: ""syscall"",type: ""Artifact"",version: ""1329"",hash: ""2adaf97fe5dae8149452cfa534643dbf""})"
"(:VERTEX {memory address: ""7f63bd2e2000"",size: ""11000"",subtype: ""memory"",tgid: ""172956"",source: ""syscall"",type: ""Artifact"",version: ""1330"",hash: ""2936b1943aa686e5d6ff4eafa23f9379""})"
"(:VERTEX {memory address: ""7f63bd2e2000"",size: ""11000"",subtype: ""memory"",tgid: ""172956"",source: ""syscall"",type: ""Artifact"",version: ""1331"",hash: ""34951bddde443e259ce8cf8bfbd6aa18""})"
"(:VERTEX {remote port: ""59422"",epoch: ""0"",source: ""syscall"",type: ""Artifact"",version: ""0"",local port: ""7000"",net namespace: ""-1"",local address: ""0000:0000:0000:0000:0000:0000:0000:0000"",protocol: ""tcp"",subtype: ""network socket"",remote address: ""0000:0000:0000:0000:0000:FFFF:C0A8:2F80"",hash: ""aadb8f8d4da30c81159894a8f1c1ee89""})"
"(:VERTEX {memory address: ""7f63bd2ef000"",size: ""4000"",subtype: ""memory"",tgid: ""172956"",source: ""syscall"",type: ""Artifact"",version: ""56"",hash: ""e70a6449595e76fec903ad683612870b""})"
"(:VERTEX {memory address: ""7f63bb114000"",size: ""11000"",subtype: ""memory"",tgid: ""172956"",source: ""syscall"",type: ""Artifact"",version: ""370"",hash: ""8b821bc92ce48d15b2e290afb436b6e2""})"
"(:VERTEX {memory address: ""7f63bb114000"",size: ""11000"",subtype: ""memory"",tgid: ""172956"",source: ""syscall"",type: ""Artifact"",version: ""371"",hash: ""231ad5edd3f044153f59d4d4e4b5f18f""})"
"(:VERTEX {memory address: ""7f63bb114000"",size: ""11000"",subtype: ""memory"",tgid: ""172956"",source: ""syscall"",type: ""Artifact"",version: ""372"",hash: ""ba3b51fc1330e0c868a363d0f0adb88c""})"
"(:VERTEX {memory address: ""7f63bb114000"",size: ""11000"",subtype: ""memory"",tgid: ""172956"",source: ""syscall"",type: ""Artifact"",version: ""373"",hash: ""f0b16be33ae84fd351f735e4db0cafc5""})"
"(:VERTEX {remote port: ""45138"",epoch: ""0"",source: ""syscall"",type: ""Artifact"",version: ""0"",local port: ""6379"",net namespace: ""-1"",local address: ""0.0.0.0"",protocol: ""tcp"",subtype: ""network socket"",remote address: ""192.168.47.128"",hash: ""726902e16c440359e14a64c3c8c1e634""})"
"(:VERTEX {remote port: ""48676"",epoch: ""1"",source: ""syscall"",type: ""Artifact"",version: ""0"",local port: ""8080"",net namespace: ""-1"",local address: ""0000:0000:0000:0000:0000:0000:0000:0000"",protocol: ""tcp"",subtype: ""network socket"",remote address: ""0000:0000:0000:0000:0000:FFFF:C0A8:2F80"",hash: ""2aa83b7e0c115bb09164b6f1a02f3520""})"
"(:VERTEX {remote port: ""39180"",epoch: ""0"",source: ""syscall"",type: ""Artifact"",version: ""0"",local port: ""50051"",net namespace: ""-1"",local address: ""0000:0000:0000:0000:0000:0000:0000:0000"",protocol: ""tcp"",subtype: ""network socket"",remote address: ""0000:0000:0000:0000:0000:FFFF:C0A8:2F80"",hash: ""bfe3a70822fe699fe2ae31de5507c1c1""})"
"(:VERTEX {memory address: ""7f17b7809000"",size: ""11000"",subtype: ""memory"",tgid: ""173004"",source: ""syscall"",type: ""Artifact"",version: ""99"",hash: ""ac3c6067fb41786f9c81382dbfe8878b""})"
"(:VERTEX {memory address: ""7f17b7809000"",size: ""11000"",subtype: ""memory"",tgid: ""173004"",source: ""syscall"",type: ""Artifact"",version: ""100"",hash: ""3cd6ed0646e118a4f81dcdd2429da327""})"
"(:VERTEX {memory address: ""7f17b7809000"",size: ""11000"",subtype: ""memory"",tgid: ""173004"",source: ""syscall"",type: ""Artifact"",version: ""101"",hash: ""727012448493dddd98ef7ac230f0545b""})"
"(:VERTEX {memory address: ""7f17b7809000"",size: ""11000"",subtype: ""memory"",tgid: ""173004"",source: ""syscall"",type: ""Artifact"",version: ""102"",hash: ""882a1437871c32d074203d7362c0a7fb""})"
"(:VERTEX {memory address: ""7f17b7809000"",size: ""11000"",subtype: ""memory"",tgid: ""173004"",source: ""syscall"",type: ""Artifact"",version: ""103"",hash: ""6b8e00da7fc43f63d5f5e88cdc49dad1""})"
"(:VERTEX {remote port: ""50726"",epoch: ""0"",source: ""syscall"",type: ""Artifact"",version: ""0"",local port: ""3550"",net namespace: ""-1"",local address: ""0000:0000:0000:0000:0000:0000:0000:0000"",protocol: ""tcp"",subtype: ""network socket"",remote address: ""0000:0000:0000:0000:0000:FFFF:C0A8:2F80"",hash: ""6c60571b2a8a1516d5eabb620da4de73""})"
"(:VERTEX {gid: ""1000"",euid: ""1000"",children pid namespace: ""-1"",pid: ""172805"",seen time: ""1693401824.255"",source: ""syscall"",type: ""Process"",net namespace: ""-1"",ipc namespace: ""-1"",ppid: ""3889"",pid namespace: ""-1"",uid: ""1000"",egid: ""1000"",mount namespace: ""-1"",name: ""server"",hash: ""d9a22feaee1a2c84a5c28febe68ab0f7"",user namespace: ""-1""})"
"(:VERTEX {remote port: ""50730"",epoch: ""0"",source: ""syscall"",type: ""Artifact"",version: ""0"",local port: ""3550"",net namespace: ""-1"",local address: ""0000:0000:0000:0000:0000:0000:0000:0000"",protocol: ""tcp"",subtype: ""network socket"",remote address: ""0000:0000:0000:0000:0000:FFFF:C0A8:2F80"",hash: ""ad85bff98cfb34401885ad8071ac0448""})"
"(:VERTEX {remote port: ""43782"",epoch: ""0"",source: ""syscall"",type: ""Artifact"",version: ""0"",local port: ""8080"",net namespace: ""-1"",local address: ""0000:0000:0000:0000:0000:0000:0000:0000"",protocol: ""tcp"",subtype: ""network socket"",remote address: ""0000:0000:0000:0000:0000:FFFF:C0A8:2F80"",hash: ""ab33b7768aad48775eb827ad1c83d4d1""})"
"(:VERTEX {memory address: ""7f63bb114000"",size: ""11000"",subtype: ""memory"",tgid: ""172956"",source: ""syscall"",type: ""Artifact"",version: ""374"",hash: ""3c33d9cb0eeeeb47f04bb37082622709""})"
"(:VERTEX {memory address: ""7f63bb114000"",size: ""11000"",subtype: ""memory"",tgid: ""172956"",source: ""syscall"",type: ""Artifact"",version: ""375"",hash: ""6b72f93dea3a748d2efc15d5adf6ae1f""})"
"(:VERTEX {memory address: ""7f63bb114000"",size: ""11000"",subtype: ""memory"",tgid: ""172956"",source: ""syscall"",type: ""Artifact"",version: ""376"",hash: ""9b76b13cf3ebd2dee6a9c54a518b63bf""})"
"(:VERTEX {memory address: ""7f63bb114000"",size: ""11000"",subtype: ""memory"",tgid: ""172956"",source: ""syscall"",type: ""Artifact"",version: ""377"",hash: ""4c2fbf8a5b83c1cc44edb1ff89391e02""})"
"(:VERTEX {remote port: ""41316"",epoch: ""0"",source: ""syscall"",type: ""Artifact"",version: ""0"",local port: ""50051"",net namespace: ""-1"",local address: ""0000:0000:0000:0000:0000:0000:0000:0000"",protocol: ""tcp"",subtype: ""network socket"",remote address: ""0000:0000:0000:0000:0000:FFFF:C0A8:2F80"",hash: ""20b15da112c19e9f5c1e508566879c80""})"
"(:VERTEX {memory address: ""7f63bb114000"",size: ""11000"",subtype: ""memory"",tgid: ""172956"",source: ""syscall"",type: ""Artifact"",version: ""378"",hash: ""ec5216466c70faddd2d15103bfa359da""})"
"(:VERTEX {memory address: ""3030c7dc0000"",size: ""40000"",subtype: ""memory"",tgid: ""172956"",source: ""syscall"",type: ""Artifact"",version: ""53"",hash: ""07310ae0ce9f138589cf8a1bc3f9061c""})"
"(:VERTEX {memory address: ""7cb45600000"",size: ""40000"",subtype: ""memory"",tgid: ""172956"",source: ""syscall"",type: ""Artifact"",version: ""53"",hash: ""784c3d3270a05a0dd8070dfb2ee656d5""})"
"(:VERTEX {memory address: ""31798280000"",size: ""40000"",subtype: ""memory"",tgid: ""172956"",source: ""syscall"",type: ""Artifact"",version: ""53"",hash: ""4cd52a31614775444788ac849f58068c""})"
"(:VERTEX {memory address: ""11f76ac0000"",size: ""40000"",subtype: ""memory"",tgid: ""172956"",source: ""syscall"",type: ""Artifact"",version: ""53"",hash: ""20a3e5c393ea59af0f979747341e11b6""})"
"(:VERTEX {memory address: ""7f63bd2eb000"",size: ""4000"",subtype: ""memory"",tgid: ""172956"",source: ""syscall"",type: ""Artifact"",version: ""48"",hash: ""1aa540130b2ce3c0d83aa8d28c919b9c""})"
"(:VERTEX {memory address: ""1dce6d6c0000"",size: ""40000"",subtype: ""memory"",tgid: ""172956"",source: ""syscall"",type: ""Artifact"",version: ""3"",hash: ""873a56e4549f84d20dd28766611954e2""})"
"(:VERTEX {memory address: ""7f63bd2e2000"",size: ""11000"",subtype: ""memory"",tgid: ""172956"",source: ""syscall"",type: ""Artifact"",version: ""1332"",hash: ""1ccf0a21fd8875bd9158e2ef2ec39e3f""})"
"(:VERTEX {memory address: ""24c73be40000"",size: ""40000"",subtype: ""memory"",tgid: ""172956"",source: ""syscall"",type: ""Artifact"",version: ""3"",hash: ""5bab1d96ec03e4131b7907eacf941378""})"
"(:VERTEX {memory address: ""ce06300000"",size: ""40000"",subtype: ""memory"",tgid: ""172956"",source: ""syscall"",type: ""Artifact"",version: ""3"",hash: ""f26b846ff503a1eee0dc051db1013b22""})"
"(:VERTEX {memory address: ""1c0561980000"",size: ""40000"",subtype: ""memory"",tgid: ""172956"",source: ""syscall"",type: ""Artifact"",version: ""3"",hash: ""a211c2b24d0522c9cd902489171f5190""})"
"(:VERTEX {memory address: ""7f63bd2e2000"",size: ""11000"",subtype: ""memory"",tgid: ""172956"",source: ""syscall"",type: ""Artifact"",version: ""1333"",hash: ""888303df5b2560bba8add250c2b40944""})"
"(:VERTEX {memory address: ""7f63bd2f1000"",size: ""2000"",subtype: ""memory"",tgid: ""172956"",source: ""syscall"",type: ""Artifact"",version: ""85"",hash: ""88866d224d2e1ca1cbb1f04f900055d9""})"
"(:VERTEX {memory address: ""7f63bd2e8000"",size: ""9000"",subtype: ""memory"",tgid: ""172956"",source: ""syscall"",type: ""Artifact"",version: ""21"",hash: ""8352dc13d757f70ff1d47b10c14a32fe""})"
"(:VERTEX {memory address: ""7f63bd1bd000"",size: ""9000"",subtype: ""memory"",tgid: ""172956"",source: ""syscall"",type: ""Artifact"",version: ""272"",hash: ""2e19b4d6ea993d0a4cfdd56b8a27cc02""})"
"(:VERTEX {memory address: ""7f63bb15d000"",size: ""9000"",subtype: ""memory"",tgid: ""172956"",source: ""syscall"",type: ""Artifact"",version: ""155"",hash: ""985500a07c1e2fa77cb07530c6b75075""})"
"(:VERTEX {memory address: ""7f63bd2e2000"",size: ""11000"",subtype: ""memory"",tgid: ""172956"",source: ""syscall"",type: ""Artifact"",version: ""1334"",hash: ""228a68f261a78258f68a21bec5150bab""})"
"(:VERTEX {remote port: ""47536"",epoch: ""0"",source: ""syscall"",type: ""Artifact"",version: ""0"",local port: ""8080"",net namespace: ""-1"",local address: ""0000:0000:0000:0000:0000:0000:0000:0000"",protocol: ""tcp"",subtype: ""network socket"",remote address: ""0000:0000:0000:0000:0000:FFFF:C0A8:2F80"",hash: ""5fae053d1b3d781dd977625bd9480707""})"
"(:VERTEX {memory address: ""7f63bd2e2000"",size: ""11000"",subtype: ""memory"",tgid: ""172956"",source: ""syscall"",type: ""Artifact"",version: ""1335"",hash: ""e87efbd8b39fc6e66e7487f205c1bbc3""})"
"(:VERTEX {memory address: ""7f63bd2e2000"",size: ""11000"",subtype: ""memory"",tgid: ""172956"",source: ""syscall"",type: ""Artifact"",version: ""1336"",hash: ""17139f656076ec8ecf03375eb284fb5c""})"
"(:VERTEX {memory address: ""7f63bd2e2000"",size: ""11000"",subtype: ""memory"",tgid: ""172956"",source: ""syscall"",type: ""Artifact"",version: ""1337"",hash: ""4dc7b9991a1193c900bac3026cabff02""})"
"(:VERTEX {memory address: ""7f63bd2f1000"",size: ""2000"",subtype: ""memory"",tgid: ""172956"",source: ""syscall"",type: ""Artifact"",version: ""86"",hash: ""0bcd88ee87c3c9cd1a1b98eeaff2098b""})"
"(:VERTEX {memory address: ""7f63bd2e8000"",size: ""9000"",subtype: ""memory"",tgid: ""172956"",source: ""syscall"",type: ""Artifact"",version: ""22"",hash: ""74b6b1240f8c5596b386785ce3da1761""})"
"(:VERTEX {memory address: ""7f63bd1bd000"",size: ""9000"",subtype: ""memory"",tgid: ""172956"",source: ""syscall"",type: ""Artifact"",version: ""273"",hash: ""e552486dd8241a2c881b3a2505d531fc""})"
"(:VERTEX {memory address: ""7f63bd1bd000"",size: ""9000"",subtype: ""memory"",tgid: ""172956"",source: ""syscall"",type: ""Artifact"",version: ""274"",hash: ""1e48b65d54660eccabf596c2e51951b7""})"
"(:VERTEX {memory address: ""7f63bd2e2000"",size: ""11000"",subtype: ""memory"",tgid: ""172956"",source: ""syscall"",type: ""Artifact"",version: ""1338"",hash: ""cd17e11ff3e434a5f862d9b9e959c1d9""})"
"(:VERTEX {memory address: ""7f63bd2e2000"",size: ""11000"",subtype: ""memory"",tgid: ""172956"",source: ""syscall"",type: ""Artifact"",version: ""1339"",hash: ""453c73c8408bac90fe9e742a3ce79ed5""})"
"(:VERTEX {memory address: ""7f63bd2e2000"",size: ""11000"",subtype: ""memory"",tgid: ""172956"",source: ""syscall"",type: ""Artifact"",version: ""1340"",hash: ""45ae97082b752cc8c5e622913c2508e0""})"
"(:VERTEX {memory address: ""7f63bd2e2000"",size: ""11000"",subtype: ""memory"",tgid: ""172956"",source: ""syscall"",type: ""Artifact"",version: ""1341"",hash: ""0745447392b491957c32c25b24e6a883""})"
"(:VERTEX {memory address: ""7f63bd2f1000"",size: ""2000"",subtype: ""memory"",tgid: ""172956"",source: ""syscall"",type: ""Artifact"",version: ""87"",hash: ""3db55afbfdcea69a7172c732f2cc584a""})"
"(:VERTEX {memory address: ""7f63bd2e8000"",size: ""9000"",subtype: ""memory"",tgid: ""172956"",source: ""syscall"",type: ""Artifact"",version: ""23"",hash: ""c9cd2d025385b4ace5bec3e053ea95ee""})"
"(:VERTEX {memory address: ""7f63bd1bd000"",size: ""9000"",subtype: ""memory"",tgid: ""172956"",source: ""syscall"",type: ""Artifact"",version: ""275"",hash: ""8101e00d59d0a49e7f89ac9ab35298bd""})"
"(:VERTEX {memory address: ""7f63bd2e2000"",size: ""11000"",subtype: ""memory"",tgid: ""172956"",source: ""syscall"",type: ""Artifact"",version: ""1342"",hash: ""5c220c51702c6f431f0f52fd31e71a7c""})"
"(:VERTEX {remote port: ""33232"",epoch: ""0"",source: ""syscall"",type: ""Artifact"",version: ""0"",local port: ""6379"",net namespace: ""-1"",local address: ""0.0.0.0"",protocol: ""tcp"",subtype: ""network socket"",remote address: ""192.168.47.128"",hash: ""54c63d34295279e0d760c77f5bb79ec2""})"
"(:VERTEX {memory address: ""7f63bd2e2000"",size: ""11000"",subtype: ""memory"",tgid: ""172956"",source: ""syscall"",type: ""Artifact"",version: ""1343"",hash: ""c56c26de1ab5c1a68654a6c9ca01e7f7""})"
"(:VERTEX {memory address: ""7f63bd2e2000"",size: ""11000"",subtype: ""memory"",tgid: ""172956"",source: ""syscall"",type: ""Artifact"",version: ""1344"",hash: ""09fac4e739de1e8e1453b4e6ca7623b5""})"
"(:VERTEX {memory address: ""7f63bd2e2000"",size: ""11000"",subtype: ""memory"",tgid: ""172956"",source: ""syscall"",type: ""Artifact"",version: ""1345"",hash: ""31548cc41ab228ea1812a586f182f59d""})"
"(:VERTEX {memory address: ""7f63bd2e2000"",size: ""11000"",subtype: ""memory"",tgid: ""172956"",source: ""syscall"",type: ""Artifact"",version: ""1346"",hash: ""d508d5021e2007f1d1dd7a55a8e14d35""})"
"(:VERTEX {memory address: ""7f63bd2e2000"",size: ""11000"",subtype: ""memory"",tgid: ""172956"",source: ""syscall"",type: ""Artifact"",version: ""1347"",hash: ""aabcc0e30917ea6568d687169250ce71""})"
"(:VERTEX {memory address: ""7f63bd2e2000"",size: ""11000"",subtype: ""memory"",tgid: ""172956"",source: ""syscall"",type: ""Artifact"",version: ""1348"",hash: ""d9cc7b08ff54d47d9c3766b43ee36d56""})"
"(:VERTEX {memory address: ""7f63bd2f1000"",size: ""2000"",subtype: ""memory"",tgid: ""172956"",source: ""syscall"",type: ""Artifact"",version: ""88"",hash: ""2f71f32929dda82528d47de7172ec1e0""})"
"(:VERTEX {memory address: ""7f63bd2e8000"",size: ""9000"",subtype: ""memory"",tgid: ""172956"",source: ""syscall"",type: ""Artifact"",version: ""24"",hash: ""d588903191a8ca351d012b2a56a32c1a""})"
"(:VERTEX {memory address: ""7f63bd1bd000"",size: ""9000"",subtype: ""memory"",tgid: ""172956"",source: ""syscall"",type: ""Artifact"",version: ""276"",hash: ""7430446189ff2aa4d21979a47bcad1ea""})"
"(:VERTEX {memory address: ""7f63bb15d000"",size: ""9000"",subtype: ""memory"",tgid: ""172956"",source: ""syscall"",type: ""Artifact"",version: ""156"",hash: ""fe03a371595cb15508826be6d21f89a4""})"
"(:VERTEX {memory address: ""7f63bb11c000"",size: ""9000"",subtype: ""memory"",tgid: ""172956"",source: ""syscall"",type: ""Artifact"",version: ""277"",hash: ""f92034dce59325e63cb3ee3024ac04d4""})"
"(:VERTEX {memory address: ""7f63bb113000"",size: ""9000"",subtype: ""memory"",tgid: ""172956"",source: ""syscall"",type: ""Artifact"",version: ""234"",hash: ""bf08d9e775a8fb70dbaebb23e7026546""})"
"(:VERTEX {memory address: ""7f63bb10a000"",size: ""9000"",subtype: ""memory"",tgid: ""172956"",source: ""syscall"",type: ""Artifact"",version: ""194"",hash: ""d9cf1d439693202ae58b555c3b7b74e6""})"
"(:VERTEX {memory address: ""7f63bb0f1000"",size: ""9000"",subtype: ""memory"",tgid: ""172956"",source: ""syscall"",type: ""Artifact"",version: ""88"",hash: ""caec84780624dfe2560b170fc8972da1""})"
"(:VERTEX {memory address: ""7f63bb0e8000"",size: ""9000"",subtype: ""memory"",tgid: ""172956"",source: ""syscall"",type: ""Artifact"",version: ""88"",hash: ""705a945b35c5518a264541834074ac64""})"
"(:VERTEX {memory address: ""7f63bb11c000"",size: ""9000"",subtype: ""memory"",tgid: ""172956"",source: ""syscall"",type: ""Artifact"",version: ""278"",hash: ""977a7b4ba0b635c7750a697e9c10676b""})"
"(:VERTEX {memory address: ""7f63bb0e8000"",size: ""9000"",subtype: ""memory"",tgid: ""172956"",source: ""syscall"",type: ""Artifact"",version: ""89"",hash: ""c57425426976ac8fa2bd0adfd3224a5f""})"
"(:VERTEX {memory address: ""7f63bb0e8000"",size: ""9000"",subtype: ""memory"",tgid: ""172956"",source: ""syscall"",type: ""Artifact"",version: ""90"",hash: ""8f8c886ec959b9e3da01c2c156ab5fe2""})"
"(:VERTEX {memory address: ""7f63bb0df000"",size: ""9000"",subtype: ""memory"",tgid: ""172956"",source: ""syscall"",type: ""Artifact"",version: ""66"",hash: ""d49065215d8ea7e715d50dcc9c0da313""})"
"(:VERTEX {memory address: ""7f63bb0d6000"",size: ""9000"",subtype: ""memory"",tgid: ""172956"",source: ""syscall"",type: ""Artifact"",version: ""92"",hash: ""a63c887f8ee0f2786aada998cb06ec12""})"
"(:VERTEX {memory address: ""7f63bb0cd000"",size: ""9000"",subtype: ""memory"",tgid: ""172956"",source: ""syscall"",type: ""Artifact"",version: ""76"",hash: ""a5bcdf3272d63880ea177a2fd1a780c3""})"
"(:VERTEX {memory address: ""7f63bb0a4000"",size: ""9000"",subtype: ""memory"",tgid: ""172956"",source: ""syscall"",type: ""Artifact"",version: ""10"",hash: ""87b6498ffbf67d93f59faa738dae21d8""})"
"(:VERTEX {memory address: ""7f63bb0e8000"",size: ""9000"",subtype: ""memory"",tgid: ""172956"",source: ""syscall"",type: ""Artifact"",version: ""91"",hash: ""e1cf5509733253569610ced3a9d01263""})"
"(:VERTEX {memory address: ""7f63bb0e8000"",size: ""9000"",subtype: ""memory"",tgid: ""172956"",source: ""syscall"",type: ""Artifact"",version: ""92"",hash: ""0de959a249c32990d67cc37f669915a8""})"
"(:VERTEX {memory address: ""7f63bb0df000"",size: ""9000"",subtype: ""memory"",tgid: ""172956"",source: ""syscall"",type: ""Artifact"",version: ""67"",hash: ""353b2cbb1a3fc159f0de2707ee391d7c""})"
"(:VERTEX {memory address: ""7f63bb0e8000"",size: ""9000"",subtype: ""memory"",tgid: ""172956"",source: ""syscall"",type: ""Artifact"",version: ""93"",hash: ""640f9584ca14521ed3f8b450c2caff6f""})"
"(:VERTEX {memory address: ""7f63bb0e8000"",size: ""9000"",subtype: ""memory"",tgid: ""172956"",source: ""syscall"",type: ""Artifact"",version: ""94"",hash: ""7a86e580265109c0e78f2c081df16748""})"
"(:VERTEX {memory address: ""7f63bb0d6000"",size: ""9000"",subtype: ""memory"",tgid: ""172956"",source: ""syscall"",type: ""Artifact"",version: ""93"",hash: ""37e1f346bdbeb4eea63eeae7d7fbe02c""})"
"(:VERTEX {memory address: ""7f63bb0cd000"",size: ""9000"",subtype: ""memory"",tgid: ""172956"",source: ""syscall"",type: ""Artifact"",version: ""77"",hash: ""a518a5e42f9910ca964958ec622627c3""})"
"(:VERTEX {memory address: ""7f63bb0a4000"",size: ""9000"",subtype: ""memory"",tgid: ""172956"",source: ""syscall"",type: ""Artifact"",version: ""11"",hash: ""fd2718cb05d668ab37239d948dedcfaa""})"
"(:VERTEX {memory address: ""7f63bb09b000"",size: ""9000"",subtype: ""memory"",tgid: ""172956"",source: ""syscall"",type: ""Artifact"",version: ""17"",hash: ""e4a7095e9c6ceae92c6615fafde26150""})"
"(:VERTEX {memory address: ""7f63bd2e5000"",size: ""3000"",subtype: ""memory"",tgid: ""172956"",source: ""syscall"",type: ""Artifact"",version: ""3"",hash: ""bccd8f04cffbb1c7d5dc8ae8a29e441b""})"
"(:VERTEX {memory address: ""7f63bb0e8000"",size: ""9000"",subtype: ""memory"",tgid: ""172956"",source: ""syscall"",type: ""Artifact"",version: ""95"",hash: ""24709010388d7f0fb4c27adc5b5a4bc7""})"
"(:VERTEX {memory address: ""7f63bb0ce000"",size: ""11000"",subtype: ""memory"",tgid: ""172956"",source: ""syscall"",type: ""Artifact"",version: ""4"",hash: ""1104abfe30dbd9c08e785966419a1d7d""})"
"(:VERTEX {memory address: ""7f63bb0e8000"",size: ""9000"",subtype: ""memory"",tgid: ""172956"",source: ""syscall"",type: ""Artifact"",version: ""96"",hash: ""1467d00e1ce7e3ab973e6a51efb759af""})"
"(:VERTEX {memory address: ""7f63bb092000"",size: ""9000"",subtype: ""memory"",tgid: ""172956"",source: ""syscall"",type: ""Artifact"",version: ""6"",hash: ""e583161f1b356ed98251837841e99da7""})"
"(:VERTEX {memory address: ""7f63bd2e5000"",size: ""3000"",subtype: ""memory"",tgid: ""172956"",source: ""syscall"",type: ""Artifact"",version: ""4"",hash: ""fdfaa8cea6dcdba6a806893a0fc98d11""})"
"(:VERTEX {memory address: ""7f63bb0e8000"",size: ""9000"",subtype: ""memory"",tgid: ""172956"",source: ""syscall"",type: ""Artifact"",version: ""97"",hash: ""ed14ad3e24a51e3e06c86435182b4f15""})"
"(:VERTEX {memory address: ""7f63bb0d6000"",size: ""9000"",subtype: ""memory"",tgid: ""172956"",source: ""syscall"",type: ""Artifact"",version: ""94"",hash: ""fcee221560f08400a1c1a0a9829f15da""})"
"(:VERTEX {memory address: ""7f63bb0cd000"",size: ""9000"",subtype: ""memory"",tgid: ""172956"",source: ""syscall"",type: ""Artifact"",version: ""78"",hash: ""486d115ff036d68ee3a002acd6a20347""})"
"(:VERTEX {memory address: ""7f63bb092000"",size: ""9000"",subtype: ""memory"",tgid: ""172956"",source: ""syscall"",type: ""Artifact"",version: ""7"",hash: ""add294710ac55d29b4b740fca855e3de""})"
"(:VERTEX {memory address: ""7f63bb089000"",size: ""9000"",subtype: ""memory"",tgid: ""172956"",source: ""syscall"",type: ""Artifact"",version: ""8"",hash: ""c92c133e8db1a1ca65d81288382f8eab""})"
"(:VERTEX {memory address: ""7f63bb080000"",size: ""9000"",subtype: ""memory"",tgid: ""172956"",source: ""syscall"",type: ""Artifact"",version: ""5"",hash: ""a0ad27e41efe60d7b8017d8fa884d85d""})"
"(:VERTEX {memory address: ""7f63bb077000"",size: ""9000"",subtype: ""memory"",tgid: ""172956"",source: ""syscall"",type: ""Artifact"",version: ""3"",hash: ""563adbd721c401d79a1d9186b725532b""})"
"(:VERTEX {memory address: ""7f63bb0cd000"",size: ""9000"",subtype: ""memory"",tgid: ""172956"",source: ""syscall"",type: ""Artifact"",version: ""79"",hash: ""7afd5c8e8721c091d61bc7359ecf1678""})"
"(:VERTEX {memory address: ""7f63bb092000"",size: ""9000"",subtype: ""memory"",tgid: ""172956"",source: ""syscall"",type: ""Artifact"",version: ""8"",hash: ""622ec602ca78078878a73e8ef7829d2f""})"
"(:VERTEX {memory address: ""7f63bb080000"",size: ""9000"",subtype: ""memory"",tgid: ""172956"",source: ""syscall"",type: ""Artifact"",version: ""6"",hash: ""096acf563caf0309b4fe04496682a75f""})"
"(:VERTEX {memory address: ""7f63bb06e000"",size: ""9000"",subtype: ""memory"",tgid: ""172956"",source: ""syscall"",type: ""Artifact"",version: ""2"",hash: ""f9f5e8a6490e0666edea91304ecd7f01""})"
"(:VERTEX {memory address: ""7f63bd1bd000"",size: ""9000"",subtype: ""memory"",tgid: ""172956"",source: ""syscall"",type: ""Artifact"",version: ""277"",hash: ""f694b94fe9f546d16d42338ebbd89143""})"
"(:VERTEX {memory address: ""7f63bb11c000"",size: ""9000"",subtype: ""memory"",tgid: ""172956"",source: ""syscall"",type: ""Artifact"",version: ""279"",hash: ""9c0b37a001dfb84f31b78e6dc2a08c93""})"
"(:VERTEX {memory address: ""7f63bb113000"",size: ""9000"",subtype: ""memory"",tgid: ""172956"",source: ""syscall"",type: ""Artifact"",version: ""235"",hash: ""8f5157cf4dc6054ff98edea40d3d0d46""})"
"(:VERTEX {memory address: ""7f63bb10a000"",size: ""9000"",subtype: ""memory"",tgid: ""172956"",source: ""syscall"",type: ""Artifact"",version: ""195"",hash: ""e8d08a2297ab5202b34d46f6eaefb7d4""})"
"(:VERTEX {memory address: ""7f63bb0f1000"",size: ""9000"",subtype: ""memory"",tgid: ""172956"",source: ""syscall"",type: ""Artifact"",version: ""89"",hash: ""36477c7386482a1385794c93f4d4645e""})"
"(:VERTEX {memory address: ""7f63bb0e8000"",size: ""9000"",subtype: ""memory"",tgid: ""172956"",source: ""syscall"",type: ""Artifact"",version: ""98"",hash: ""263d17b5338fa4bdf9b7fe81765d0236""})"
"(:VERTEX {memory address: ""7f63bb0df000"",size: ""9000"",subtype: ""memory"",tgid: ""172956"",source: ""syscall"",type: ""Artifact"",version: ""68"",hash: ""d6f333ea3a7ded46d56e307fd1bb98d7""})"
"(:VERTEX {memory address: ""7f63bb0d6000"",size: ""9000"",subtype: ""memory"",tgid: ""172956"",source: ""syscall"",type: ""Artifact"",version: ""95"",hash: ""9731c3b0aeea020376f825a068d1f41d""})"
"(:VERTEX {memory address: ""7f63bb0a4000"",size: ""9000"",subtype: ""memory"",tgid: ""172956"",source: ""syscall"",type: ""Artifact"",version: ""12"",hash: ""034a00986e216d2b50ddcd39fe0537d0""})"
"(:VERTEX {memory address: ""7f63bb09b000"",size: ""9000"",subtype: ""memory"",tgid: ""172956"",source: ""syscall"",type: ""Artifact"",version: ""18"",hash: ""54795d39835b1981d2bea8a0098624ab""})"
"(:VERTEX {memory address: ""7f63bb0e8000"",size: ""9000"",subtype: ""memory"",tgid: ""172956"",source: ""syscall"",type: ""Artifact"",version: ""99"",hash: ""0d32406e0cad2b18175cac93c19882a5""})"
"(:VERTEX {memory address: ""7f63bb0a4000"",size: ""9000"",subtype: ""memory"",tgid: ""172956"",source: ""syscall"",type: ""Artifact"",version: ""13"",hash: ""0f4b8e7c087ce86d6a45614b70d0acb6""})"
"(:VERTEX {memory address: ""7f63bb092000"",size: ""9000"",subtype: ""memory"",tgid: ""172956"",source: ""syscall"",type: ""Artifact"",version: ""9"",hash: ""284cc56974d76aeecf2ddadd1dbbd578""})"
"(:VERTEX {memory address: ""7f63bb089000"",size: ""9000"",subtype: ""memory"",tgid: ""172956"",source: ""syscall"",type: ""Artifact"",version: ""9"",hash: ""abc514c7dac314dfe25316b26d3d05ae""})"
"(:VERTEX {memory address: ""7f63bb092000"",size: ""9000"",subtype: ""memory"",tgid: ""172956"",source: ""syscall"",type: ""Artifact"",version: ""10"",hash: ""91c98a7d921b6369ccaf443ec3ef5f8d""})"
"(:VERTEX {memory address: ""7f63bb114000"",size: ""11000"",subtype: ""memory"",tgid: ""172956"",source: ""syscall"",type: ""Artifact"",version: ""379"",hash: ""85ad36f9773a1046a7cf87fedff798b4""})"
"(:VERTEX {memory address: ""7f63bd2e2000"",size: ""11000"",subtype: ""memory"",tgid: ""172956"",source: ""syscall"",type: ""Artifact"",version: ""1349"",hash: ""a5f06fa5993fad36302adebe77cdfee3""})"
"(:VERTEX {memory address: ""7f63bd2e2000"",size: ""11000"",subtype: ""memory"",tgid: ""172956"",source: ""syscall"",type: ""Artifact"",version: ""1350"",hash: ""a8c58c6098bf9d9d4e19d47f0817c624""})"
"(:VERTEX {memory address: ""7f63bd2e2000"",size: ""11000"",subtype: ""memory"",tgid: ""172956"",source: ""syscall"",type: ""Artifact"",version: ""1351"",hash: ""5135582665e260094a8b0bb80fa4b5a3""})"
"(:VERTEX {memory address: ""7f63bd2e2000"",size: ""11000"",subtype: ""memory"",tgid: ""172956"",source: ""syscall"",type: ""Artifact"",version: ""1352"",hash: ""32279de50b03ab7a01d2b1acdd4eefc9""})"
"(:VERTEX {memory address: ""7f63bd2e2000"",size: ""11000"",subtype: ""memory"",tgid: ""172956"",source: ""syscall"",type: ""Artifact"",version: ""1353"",hash: ""b44ba092b92a696c65a9ec50788dc327""})"
"(:VERTEX {memory address: ""7f63bd2e2000"",size: ""11000"",subtype: ""memory"",tgid: ""172956"",source: ""syscall"",type: ""Artifact"",version: ""1354"",hash: ""3b15ccef824dfa9d65ea610fa7fe5c7e""})"
"(:VERTEX {memory address: ""7f63bd2e2000"",size: ""11000"",subtype: ""memory"",tgid: ""172956"",source: ""syscall"",type: ""Artifact"",version: ""1355"",hash: ""4b9f0c50134a22b055e4546440cfefa9""})"
"(:VERTEX {memory address: ""7f63bd2e2000"",size: ""11000"",subtype: ""memory"",tgid: ""172956"",source: ""syscall"",type: ""Artifact"",version: ""1356"",hash: ""4f05627fe4660cb2a16a02f074f5d082""})"
"(:VERTEX {memory address: ""7f17b7809000"",size: ""11000"",subtype: ""memory"",tgid: ""173004"",source: ""syscall"",type: ""Artifact"",version: ""104"",hash: ""aa8b553f814d95a3892cb05528882c85""})"
"(:VERTEX {memory address: ""7f63bd2e2000"",size: ""11000"",subtype: ""memory"",tgid: ""172956"",source: ""syscall"",type: ""Artifact"",version: ""1357"",hash: ""1595830efc538fadbd2f3f60de680ad8""})"
"(:VERTEX {memory address: ""7f17b7809000"",size: ""11000"",subtype: ""memory"",tgid: ""173004"",source: ""syscall"",type: ""Artifact"",version: ""105"",hash: ""f5b5dc9fa8d5a7cf90d129e7cf452d5b""})"
"(:VERTEX {memory address: ""7f63bd2e2000"",size: ""11000"",subtype: ""memory"",tgid: ""172956"",source: ""syscall"",type: ""Artifact"",version: ""1358"",hash: ""31f5464f971a1ed49308433eeffaa3ea""})"
"(:VERTEX {memory address: ""7f63bd2e2000"",size: ""11000"",subtype: ""memory"",tgid: ""172956"",source: ""syscall"",type: ""Artifact"",version: ""1359"",hash: ""cbc3c059d3ec5c80d4bd59771de25a1f""})"
"(:VERTEX {memory address: ""7f23ee81f000"",size: ""7000"",subtype: ""memory"",tgid: ""172093"",source: ""syscall"",type: ""Artifact"",version: ""0"",hash: ""9b484aef84ff89c2cb02b46584004c4e""})"
"(:VERTEX {memory address: ""7f23ee7e7000"",size: ""7000"",subtype: ""memory"",tgid: ""172093"",source: ""syscall"",type: ""Artifact"",version: ""0"",hash: ""7fb3c9b86cd7378a7e2cd1d6b693c74f""})"
"(:VERTEX {memory address: ""7f23ee7ff000"",size: ""7000"",subtype: ""memory"",tgid: ""172093"",source: ""syscall"",type: ""Artifact"",version: ""0"",hash: ""1ed3890e1cc3526c3a588ac97cb43bd0""})"
"(:VERTEX {memory address: ""7f23ee807000"",size: ""7000"",subtype: ""memory"",tgid: ""172093"",source: ""syscall"",type: ""Artifact"",version: ""0"",hash: ""2e163a0caee42267b1b131734506b5ea""})"
"(:VERTEX {memory address: ""7f23ee80f000"",size: ""7000"",subtype: ""memory"",tgid: ""172093"",source: ""syscall"",type: ""Artifact"",version: ""0"",hash: ""387307b0a0c84cf04a07853e3a7277e2""})"
"(:VERTEX {memory address: ""7f23ee817000"",size: ""7000"",subtype: ""memory"",tgid: ""172093"",source: ""syscall"",type: ""Artifact"",version: ""0"",hash: ""3ae3e56cedb41ee71f50fb753caafa40""})"
"(:VERTEX {memory address: ""7f23ee9f1000"",size: ""7000"",subtype: ""memory"",tgid: ""172093"",source: ""syscall"",type: ""Artifact"",version: ""0"",hash: ""ec5cd9797dab740802eecbb8f1721eac""})"
"(:VERTEX {memory address: ""7f23ee9e1000"",size: ""7000"",subtype: ""memory"",tgid: ""172093"",source: ""syscall"",type: ""Artifact"",version: ""0"",hash: ""7585d0cdc3dd73fbc2557c9b0613ca5b""})"
"(:VERTEX {memory address: ""7f23ee8f9000"",size: ""7000"",subtype: ""memory"",tgid: ""172093"",source: ""syscall"",type: ""Artifact"",version: ""0"",hash: ""04e27af29cece8b54b57af8d89b3de00""})"
"(:VERTEX {memory address: ""7f23ee88f000"",size: ""7000"",subtype: ""memory"",tgid: ""172093"",source: ""syscall"",type: ""Artifact"",version: ""0"",hash: ""0d18b71728de91d243e6181de71a344c""})"
"(:VERTEX {memory address: ""7f23ee82f000"",size: ""7000"",subtype: ""memory"",tgid: ""172093"",source: ""syscall"",type: ""Artifact"",version: ""0"",hash: ""8cc2bbec576f3fab7180ac1f3392f328""})"
"(:VERTEX {memory address: ""7f23ee7d7000"",size: ""7000"",subtype: ""memory"",tgid: ""172093"",source: ""syscall"",type: ""Artifact"",version: ""0"",hash: ""7724650035ed2376469b298de093225a""})"
"(:VERTEX {memory address: ""7f23ee7cf000"",size: ""7000"",subtype: ""memory"",tgid: ""172093"",source: ""syscall"",type: ""Artifact"",version: ""0"",hash: ""973b8003945cbb588afd1ae6aa02c0a6""})"
"(:VERTEX {memory address: ""7f23ee7c7000"",size: ""7000"",subtype: ""memory"",tgid: ""172093"",source: ""syscall"",type: ""Artifact"",version: ""0"",hash: ""7d7620b8f488952623e46f545c79b3aa""})"
"(:VERTEX {memory address: ""7f23ee7b8000"",size: ""6000"",subtype: ""memory"",tgid: ""172093"",source: ""syscall"",type: ""Artifact"",version: ""0"",hash: ""975cbd538f3aed1817366a64b0721648""})"
"(:VERTEX {memory address: ""7f23ee9b1000"",size: ""7000"",subtype: ""memory"",tgid: ""172093"",source: ""syscall"",type: ""Artifact"",version: ""0"",hash: ""309d9d2af404347eef2aa7c82c895e72""})"
"(:VERTEX {memory address: ""7f23ee9a9000"",size: ""7000"",subtype: ""memory"",tgid: ""172093"",source: ""syscall"",type: ""Artifact"",version: ""0"",hash: ""ee86a4d66cd4b0b758b6eea0b7a497d2""})"
"(:VERTEX {memory address: ""7f23ee9a1000"",size: ""7000"",subtype: ""memory"",tgid: ""172093"",source: ""syscall"",type: ""Artifact"",version: ""0"",hash: ""fb54f488080ed15fa535e6b49ffe481b""})"
"(:VERTEX {memory address: ""7f23ee999000"",size: ""7000"",subtype: ""memory"",tgid: ""172093"",source: ""syscall"",type: ""Artifact"",version: ""0"",hash: ""7b9a931310e229840cec420085ba0a11""})"
"(:VERTEX {memory address: ""7f23ee991000"",size: ""7000"",subtype: ""memory"",tgid: ""172093"",source: ""syscall"",type: ""Artifact"",version: ""0"",hash: ""c8b955ea1fd56e0e30df973fe2d3c40f""})"
"(:VERTEX {memory address: ""7f23ee989000"",size: ""7000"",subtype: ""memory"",tgid: ""172093"",source: ""syscall"",type: ""Artifact"",version: ""0"",hash: ""b99c3d90e9f49931d6816ecb418dd59c""})"
"(:VERTEX {memory address: ""7f23ee981000"",size: ""7000"",subtype: ""memory"",tgid: ""172093"",source: ""syscall"",type: ""Artifact"",version: ""0"",hash: ""a99d8a1a62258da73b3f3af6655855c3""})"
"(:VERTEX {memory address: ""7f23ee971000"",size: ""7000"",subtype: ""memory"",tgid: ""172093"",source: ""syscall"",type: ""Artifact"",version: ""0"",hash: ""961a0ead0839e287c3db6e37732e16bd""})"
"(:VERTEX {memory address: ""7f23ee969000"",size: ""7000"",subtype: ""memory"",tgid: ""172093"",source: ""syscall"",type: ""Artifact"",version: ""0"",hash: ""c6785f1226af0ec4d0751f3bda5ec7a5""})"
"(:VERTEX {memory address: ""7f23ee961000"",size: ""7000"",subtype: ""memory"",tgid: ""172093"",source: ""syscall"",type: ""Artifact"",version: ""0"",hash: ""f99d6d31fca6ba9f5ba18d321b5a41f4""})"
"(:VERTEX {memory address: ""7f23ee951000"",size: ""7000"",subtype: ""memory"",tgid: ""172093"",source: ""syscall"",type: ""Artifact"",version: ""0"",hash: ""f2f046ae58e5cf9dd7ae3cd46cfa3576""})"
"(:VERTEX {memory address: ""7f23ee949000"",size: ""7000"",subtype: ""memory"",tgid: ""172093"",source: ""syscall"",type: ""Artifact"",version: ""0"",hash: ""b3ab0f7b5d5f4ca20700d2516d0f0d55""})"
"(:VERTEX {memory address: ""7f23ee941000"",size: ""7000"",subtype: ""memory"",tgid: ""172093"",source: ""syscall"",type: ""Artifact"",version: ""0"",hash: ""d65ecd168b672aa801a2e54026e99f15""})"
"(:VERTEX {memory address: ""7f23ee93a000"",size: ""6000"",subtype: ""memory"",tgid: ""172093"",source: ""syscall"",type: ""Artifact"",version: ""0"",hash: ""9471b3487d00a61e6b7a681f384cdfe0""})"
"(:VERTEX {memory address: ""7f23ee931000"",size: ""7000"",subtype: ""memory"",tgid: ""172093"",source: ""syscall"",type: ""Artifact"",version: ""0"",hash: ""f3609ddb7bdc27653cb9dd8f70c696bd""})"
"(:VERTEX {memory address: ""7f23ee929000"",size: ""7000"",subtype: ""memory"",tgid: ""172093"",source: ""syscall"",type: ""Artifact"",version: ""0"",hash: ""2a6bc4357d8a5e6f9f1245d0fa6cef38""})"
"(:VERTEX {memory address: ""7f23ee921000"",size: ""7000"",subtype: ""memory"",tgid: ""172093"",source: ""syscall"",type: ""Artifact"",version: ""0"",hash: ""43e93fe4297bcac8b7e8d287dc778ac0""})"
"(:VERTEX {memory address: ""7f23ee919000"",size: ""7000"",subtype: ""memory"",tgid: ""172093"",source: ""syscall"",type: ""Artifact"",version: ""0"",hash: ""3c1fa8a60ebb1285f43f595c17c61423""})"
"(:VERTEX {memory address: ""7f23ee901000"",size: ""7000"",subtype: ""memory"",tgid: ""172093"",source: ""syscall"",type: ""Artifact"",version: ""0"",hash: ""81fe4e30bf4b24cef1c3be210f04c756""})"
"(:VERTEX {memory address: ""7f23ee8f1000"",size: ""7000"",subtype: ""memory"",tgid: ""172093"",source: ""syscall"",type: ""Artifact"",version: ""0"",hash: ""80e8c3951890e5bc3e85c79ddd077058""})"
"(:VERTEX {memory address: ""7f23ee8e9000"",size: ""7000"",subtype: ""memory"",tgid: ""172093"",source: ""syscall"",type: ""Artifact"",version: ""0"",hash: ""1ac0dbb6f7ae0450e5ca58f1a31762d9""})"
"(:VERTEX {memory address: ""7f23ee8d9000"",size: ""7000"",subtype: ""memory"",tgid: ""172093"",source: ""syscall"",type: ""Artifact"",version: ""0"",hash: ""742649a4325ebbac05bf3e1714e78d6c""})"
"(:VERTEX {memory address: ""7f23ee8c9000"",size: ""7000"",subtype: ""memory"",tgid: ""172093"",source: ""syscall"",type: ""Artifact"",version: ""0"",hash: ""40e3ef3fd54e7ecea88e837103039e7c""})"
"(:VERTEX {memory address: ""7f23ee8ba000"",size: ""6000"",subtype: ""memory"",tgid: ""172093"",source: ""syscall"",type: ""Artifact"",version: ""0"",hash: ""3bb7b5267da23449dc86b4bb5bf393c7""})"
"(:VERTEX {memory address: ""7f23ef7a1000"",size: ""7000"",subtype: ""memory"",tgid: ""172093"",source: ""syscall"",type: ""Artifact"",version: ""0"",hash: ""a82e5e79ddb842d85f789efaf80505be""})"
"(:VERTEX {memory address: ""7f23ee9ba000"",size: ""6000"",subtype: ""memory"",tgid: ""172093"",source: ""syscall"",type: ""Artifact"",version: ""0"",hash: ""6f291b76beb45cf045c7ce2ae5b7c9ad""})"
"(:VERTEX {memory address: ""7f23eea11000"",size: ""7000"",subtype: ""memory"",tgid: ""172093"",source: ""syscall"",type: ""Artifact"",version: ""0"",hash: ""b817488156978f2874fb1b053b472c67""})"
"(:VERTEX {memory address: ""7f23eea29000"",size: ""7000"",subtype: ""memory"",tgid: ""172093"",source: ""syscall"",type: ""Artifact"",version: ""0"",hash: ""a69617c459db28cf2b241f4b9b927b25""})"
"(:VERTEX {memory address: ""7f23eea21000"",size: ""7000"",subtype: ""memory"",tgid: ""172093"",source: ""syscall"",type: ""Artifact"",version: ""0"",hash: ""cfbcdba967e76efee1d6db43dd411bf8""})"
"(:VERTEX {memory address: ""7f23eea19000"",size: ""7000"",subtype: ""memory"",tgid: ""172093"",source: ""syscall"",type: ""Artifact"",version: ""0"",hash: ""8a8232ba61abe88e4794d652206daf20""})"
"(:VERTEX {memory address: ""7f23ee9f9000"",size: ""7000"",subtype: ""memory"",tgid: ""172093"",source: ""syscall"",type: ""Artifact"",version: ""0"",hash: ""4b62894cac5d36ea823d29ba3a258acd""})"
"(:VERTEX {memory address: ""7f23eea09000"",size: ""7000"",subtype: ""memory"",tgid: ""172093"",source: ""syscall"",type: ""Artifact"",version: ""0"",hash: ""e30027340545120fa1d532c4be8cd7ef""})"
"(:VERTEX {memory address: ""7f23ee837000"",size: ""7000"",subtype: ""memory"",tgid: ""172093"",source: ""syscall"",type: ""Artifact"",version: ""0"",hash: ""93f6651c6cbb539005ae23e18847a5e5""})"
"(:VERTEX {gid: ""1000"",euid: ""1000"",children pid namespace: ""-1"",pid: ""172064"",seen time: ""1693402017.561"",source: ""syscall"",type: ""Process"",net namespace: ""-1"",ipc namespace: ""-1"",ppid: ""3120"",pid namespace: ""-1"",uid: ""1000"",egid: ""1000"",exe: ""/app/cartservice"",mount namespace: ""-1"",name: "".NET ThreadPool"",hash: ""1fcaf700c5db4e16c3fb0ff908f1358e"",user namespace: ""-1""})"
"(:VERTEX {remote port: ""52092"",epoch: ""0"",source: ""syscall"",type: ""Artifact"",version: ""0"",local port: ""7070"",net namespace: ""4026532635"",local address: ""0000:0000:0000:0000:0000:0000:0000:0000"",protocol: ""tcp"",subtype: ""network socket"",remote address: ""0000:0000:0000:0000:0000:FFFF:C0A8:2F80"",hash: ""6e1759e6e74b4620ce095d5ea12aff7b""})"
"(:VERTEX {gid: ""1000"",euid: ""1000"",children pid namespace: ""4026533434"",start time: ""1693401655.696"",ns pid: ""18"",pid: ""172547"",source: ""syscall"",type: ""Process"",net namespace: ""4026532635"",ipc namespace: ""4026533291"",ppid: ""172064"",pid namespace: ""4026533434"",uid: ""1000"",egid: ""1000"",exe: ""/app/cartservice"",mount namespace: ""4026533433"",name: "".NET ThreadPool"",hash: ""1b94b94cfacb4e66b6174ec8cea79f9c"",user namespace: ""4026531837""})"
"(:VERTEX {remote port: ""53890"",epoch: ""0"",source: ""syscall"",type: ""Artifact"",version: ""0"",local port: ""8080"",net namespace: ""4026532992"",local address: ""0000:0000:0000:0000:0000:0000:0000:0000"",protocol: ""tcp"",subtype: ""network socket"",remote address: ""0000:0000:0000:0000:0000:FFFF:C0A8:2F80"",hash: ""3b4264db37b36345cf3a4291a7bcdca1""})"
"(:VERTEX {remote port: ""53622"",epoch: ""0"",source: ""syscall"",type: ""Artifact"",version: ""0"",local port: ""5050"",net namespace: ""-1"",local address: ""0000:0000:0000:0000:0000:0000:0000:0000"",protocol: ""tcp"",subtype: ""network socket"",remote address: ""0000:0000:0000:0000:0000:FFFF:C0A8:2F80"",hash: ""8b4238b5cfdb8ea0b45ceb4045afedf8""})"
"(:VERTEX {gid: ""1000"",euid: ""1000"",children pid namespace: ""-1"",pid: ""172203"",seen time: ""1693401928.155"",source: ""syscall"",type: ""Process"",net namespace: ""-1"",ipc namespace: ""-1"",ppid: ""3384"",pid namespace: ""-1"",uid: ""1000"",egid: ""1000"",mount namespace: ""-1"",name: ""checkoutservice"",hash: ""132989decc27368398ac67347df5c97d"",user namespace: ""-1""})"
"(:VERTEX {remote port: ""49434"",epoch: ""0"",source: ""syscall"",type: ""Artifact"",version: ""0"",local port: ""9555"",net namespace: ""4026532757"",local address: ""0000:0000:0000:0000:0000:0000:0000:0000"",protocol: ""tcp"",subtype: ""network socket"",remote address: ""0000:0000:0000:0000:0000:FFFF:C0A8:2F80"",hash: ""cbd5a94ddd18f8aefd22da2445bb6b9f""})"
"(:VERTEX {gid: ""1000"",euid: ""1000"",children pid namespace: ""4026533522"",start time: ""1693401659.400"",ns pid: ""34"",pid: ""172584"",source: ""syscall"",type: ""Process"",net namespace: ""4026532757"",ipc namespace: ""4026533394"",ppid: ""172093"",pid namespace: ""4026533522"",uid: ""1000"",egid: ""1000"",exe: ""/opt/java/openjdk/bin/java"",mount namespace: ""4026533521"",name: ""java"",hash: ""32e0a372c9eb5967b192497d1a9e52c0"",user namespace: ""4026531837""})"
"(:VERTEX {remote port: ""53636"",epoch: ""0"",source: ""syscall"",type: ""Artifact"",version: ""0"",local port: ""5050"",net namespace: ""-1"",local address: ""0000:0000:0000:0000:0000:0000:0000:0000"",protocol: ""tcp"",subtype: ""network socket"",remote address: ""0000:0000:0000:0000:0000:FFFF:C0A8:2F80"",hash: ""7dc5bdb1c4c0282a9f3f813b8e9cdefd""})"
"(:VERTEX {gid: ""1000"",euid: ""1000"",children pid namespace: ""-1"",pid: ""172156"",seen time: ""1693401653.122"",source: ""syscall"",type: ""Process"",net namespace: ""-1"",ipc namespace: ""-1"",ppid: ""3384"",pid namespace: ""-1"",uid: ""1000"",egid: ""1000"",mount namespace: ""-1"",name: ""checkoutservice"",hash: ""1aab382e7cfabe06fa622350f25ed9c9"",user namespace: ""-1""})"
"(:VERTEX {remote port: ""52108"",epoch: ""0"",source: ""syscall"",type: ""Artifact"",version: ""0"",local port: ""7070"",net namespace: ""4026532635"",local address: ""0000:0000:0000:0000:0000:0000:0000:0000"",protocol: ""tcp"",subtype: ""network socket"",remote address: ""0000:0000:0000:0000:0000:FFFF:C0A8:2F80"",hash: ""c5b16d035ac8d051711909248025484b""})"
"(:VERTEX {gid: ""1000"",euid: ""1000"",children pid namespace: ""4026533434"",start time: ""1693401958.459"",ns pid: ""55"",pid: ""180351"",source: ""syscall"",type: ""Process"",net namespace: ""4026532635"",ipc namespace: ""4026533291"",ppid: ""172064"",pid namespace: ""4026533434"",uid: ""1000"",egid: ""1000"",exe: ""/app/cartservice"",mount namespace: ""4026533433"",name: "".NET ThreadPool"",hash: ""b24759efa60830543006323ab173b66d"",user namespace: ""4026531837""})"
"(:VERTEX {remote port: ""49446"",epoch: ""0"",source: ""syscall"",type: ""Artifact"",version: ""0"",local port: ""9555"",net namespace: ""4026532757"",local address: ""0000:0000:0000:0000:0000:0000:0000:0000"",protocol: ""tcp"",subtype: ""network socket"",remote address: ""0000:0000:0000:0000:0000:FFFF:C0A8:2F80"",hash: ""68a646543f23ae5c1a819118d4026005""})"
"(:VERTEX {memory address: ""7f23f1620000"",size: ""10000"",subtype: ""memory"",tgid: ""172093"",source: ""syscall"",type: ""Artifact"",version: ""0"",hash: ""46952bd4e08fa40f1b7ef9e35ee6bad9""})"
"(:VERTEX {memory address: ""7f23ee1a6000"",size: ""4000"",subtype: ""memory"",tgid: ""172093"",source: ""syscall"",type: ""Artifact"",version: ""0"",hash: ""1c05897fe9bc48a4343ba402bd5fc6a0""})"
"(:VERTEX {memory address: ""7f23f4e96000"",size: ""10000"",subtype: ""memory"",tgid: ""172093"",source: ""syscall"",type: ""Artifact"",version: ""0"",hash: ""ac450c63602e7b06c86a0175b1709a68""})"
"(:VERTEX {memory address: ""7f63bd2e2000"",size: ""11000"",subtype: ""memory"",tgid: ""172956"",source: ""syscall"",type: ""Artifact"",version: ""1360"",hash: ""a8513421c2f744ad55dbef4bf84f18c4""})"
"(:VERTEX {memory address: ""7f63bd2e2000"",size: ""11000"",subtype: ""memory"",tgid: ""172956"",source: ""syscall"",type: ""Artifact"",version: ""1361"",hash: ""63396b80776a3d43037c85e0d1e3cad2""})"
"(:VERTEX {memory address: ""7f63bd2e2000"",size: ""11000"",subtype: ""memory"",tgid: ""172956"",source: ""syscall"",type: ""Artifact"",version: ""1362"",hash: ""6de34e5b45fa1feaf2b41fc6b5d26ffc""})"
"(:VERTEX {memory address: ""7f63bd2e2000"",size: ""11000"",subtype: ""memory"",tgid: ""172956"",source: ""syscall"",type: ""Artifact"",version: ""1363"",hash: ""5b1bd660b7287a6d63c9d9a6130b5e50""})"
"(:VERTEX {memory address: ""7f63bd2e2000"",size: ""11000"",subtype: ""memory"",tgid: ""172956"",source: ""syscall"",type: ""Artifact"",version: ""1364"",hash: ""a20e833d1cbfddf539526dc6a57fe10a""})"
"(:VERTEX {memory address: ""7f63bd2e2000"",size: ""11000"",subtype: ""memory"",tgid: ""172956"",source: ""syscall"",type: ""Artifact"",version: ""1365"",hash: ""5592fdb9293d6547f5140bf1f2e7ab1a""})"
"(:VERTEX {memory address: ""7f23ee1a5000"",size: ""1000"",subtype: ""memory"",tgid: ""172093"",source: ""syscall"",type: ""Artifact"",version: ""0"",hash: ""5fb9253ad9de54d6f05923ad115a0463""})"
"(:VERTEX {memory address: ""7f23ee1a3000"",size: ""2000"",subtype: ""memory"",tgid: ""172093"",source: ""syscall"",type: ""Artifact"",version: ""0"",hash: ""fc3909d1c24d8e4395f54db8b7e7a26c""})"
"(:VERTEX {memory address: ""7f63bd2e2000"",size: ""11000"",subtype: ""memory"",tgid: ""172956"",source: ""syscall"",type: ""Artifact"",version: ""1366"",hash: ""6f6bd5596bee13f9170ec75b6f29d3aa""})"
"(:VERTEX {memory address: ""7f63bd2e2000"",size: ""11000"",subtype: ""memory"",tgid: ""172956"",source: ""syscall"",type: ""Artifact"",version: ""1367"",hash: ""41c1fc58883dc004a18f9d84fb6e9454""})"
"(:VERTEX {memory address: ""7f23ee1a3000"",size: ""2000"",subtype: ""memory"",tgid: ""172093"",source: ""syscall"",type: ""Artifact"",version: ""1"",hash: ""7679b008df1ae4103343fe56dc7cc2a6""})"
"(:VERTEX {memory address: ""7f63bd2e2000"",size: ""11000"",subtype: ""memory"",tgid: ""172956"",source: ""syscall"",type: ""Artifact"",version: ""1368"",hash: ""9a0b7231a6a811af0d8f46026578273a""})"
"(:VERTEX {memory address: ""7f63bd2f1000"",size: ""2000"",subtype: ""memory"",tgid: ""172956"",source: ""syscall"",type: ""Artifact"",version: ""89"",hash: ""f90034495221c330cd195babc1c03407""})"
"(:VERTEX {memory address: ""7f63bd2e8000"",size: ""9000"",subtype: ""memory"",tgid: ""172956"",source: ""syscall"",type: ""Artifact"",version: ""25"",hash: ""91d1716cab980b10a01a8a50338d3fa7""})"
"(:VERTEX {memory address: ""7f63bd1bd000"",size: ""9000"",subtype: ""memory"",tgid: ""172956"",source: ""syscall"",type: ""Artifact"",version: ""278"",hash: ""4c1de327aae920f9af5c9ede1092e9d0""})"
"(:VERTEX {memory address: ""7f63bb114000"",size: ""11000"",subtype: ""memory"",tgid: ""172956"",source: ""syscall"",type: ""Artifact"",version: ""380"",hash: ""8918b09fde1294b702e7b5e75255f3f2""})"
"(:VERTEX {memory address: ""7f63bb15d000"",size: ""9000"",subtype: ""memory"",tgid: ""172956"",source: ""syscall"",type: ""Artifact"",version: ""157"",hash: ""5cf9644009a34b42aa9439a45da896cb""})"
"(:VERTEX {memory address: ""7f63bb11c000"",size: ""9000"",subtype: ""memory"",tgid: ""172956"",source: ""syscall"",type: ""Artifact"",version: ""280"",hash: ""907e2f27ce4e8ac63cc996e3a63a0d8c""})"
"(:VERTEX {memory address: ""7f63bb113000"",size: ""9000"",subtype: ""memory"",tgid: ""172956"",source: ""syscall"",type: ""Artifact"",version: ""236"",hash: ""47a48755d8be3f12e111854cf6b1e2ab""})"
"(:VERTEX {memory address: ""7f63bb11d000"",size: ""8000"",subtype: ""memory"",tgid: ""172956"",source: ""syscall"",type: ""Artifact"",version: ""1"",hash: ""4bf986b8de0bbb597a67ca00e17ad2e2""})"
"(:VERTEX {memory address: ""7f63bb10a000"",size: ""9000"",subtype: ""memory"",tgid: ""172956"",source: ""syscall"",type: ""Artifact"",version: ""196"",hash: ""3f5d43902acfbb4f1fc79d6a8cab2792""})"
"(:VERTEX {memory address: ""7f63bb11c000"",size: ""9000"",subtype: ""memory"",tgid: ""172956"",source: ""syscall"",type: ""Artifact"",version: ""281"",hash: ""8ff9b518fb6f6a617e7a59eb36dd7360""})"
"(:VERTEX {memory address: ""7f63bb10a000"",size: ""9000"",subtype: ""memory"",tgid: ""172956"",source: ""syscall"",type: ""Artifact"",version: ""197"",hash: ""fbf111934b631cd6f84fe0a62fc8f731""})"
"(:VERTEX {memory address: ""7f63bb0f1000"",size: ""9000"",subtype: ""memory"",tgid: ""172956"",source: ""syscall"",type: ""Artifact"",version: ""90"",hash: ""53d983f290c0c8d4e6fc0b9f96f49774""})"
"(:VERTEX {memory address: ""7f63bd1e6000"",size: ""7000"",subtype: ""memory"",tgid: ""172956"",source: ""syscall"",type: ""Artifact"",version: ""221"",hash: ""a4cd79926b8ebece25c397504d2de24b""})"
"(:VERTEX {memory address: ""7f63bb11c000"",size: ""9000"",subtype: ""memory"",tgid: ""172956"",source: ""syscall"",type: ""Artifact"",version: ""282"",hash: ""53e0f4a7e597ad8beaaeaeac7dced333""})"
"(:VERTEX {memory address: ""7f63bb0e8000"",size: ""9000"",subtype: ""memory"",tgid: ""172956"",source: ""syscall"",type: ""Artifact"",version: ""100"",hash: ""85baacc9915ee384a256471b0bb2a1dc""})"
"(:VERTEX {memory address: ""7f63bb11c000"",size: ""9000"",subtype: ""memory"",tgid: ""172956"",source: ""syscall"",type: ""Artifact"",version: ""283"",hash: ""fb2900c1a501d24d39f76eff27da22ed""})"
"(:VERTEX {memory address: ""7f63bd1e6000"",size: ""7000"",subtype: ""memory"",tgid: ""172956"",source: ""syscall"",type: ""Artifact"",version: ""222"",hash: ""9e46cf71fed145f7e1d2c84e56b4e916""})"
"(:VERTEX {memory address: ""7f63bb0e8000"",size: ""9000"",subtype: ""memory"",tgid: ""172956"",source: ""syscall"",type: ""Artifact"",version: ""101"",hash: ""cab181f50e92d26b1aa58d3758c0d223""})"
"(:VERTEX {memory address: ""7f63bb0df000"",size: ""9000"",subtype: ""memory"",tgid: ""172956"",source: ""syscall"",type: ""Artifact"",version: ""69"",hash: ""f97655f0ae1b8fddc94a88d77f561198""})"
"(:VERTEX {memory address: ""7f63bb0e8000"",size: ""9000"",subtype: ""memory"",tgid: ""172956"",source: ""syscall"",type: ""Artifact"",version: ""102"",hash: ""63ad6a0eb08a2d283aa112b1d9b1695d""})"
"(:VERTEX {memory address: ""7f63bd1bd000"",size: ""9000"",subtype: ""memory"",tgid: ""172956"",source: ""syscall"",type: ""Artifact"",version: ""279"",hash: ""09e9ed5d1c967fe084aa9436a8afe31d""})"
"(:VERTEX {memory address: ""7f63bb11c000"",size: ""9000"",subtype: ""memory"",tgid: ""172956"",source: ""syscall"",type: ""Artifact"",version: ""284"",hash: ""7d9335b8f9d46e9eb81f94d273e5594a""})"
"(:VERTEX {memory address: ""7f63bb113000"",size: ""9000"",subtype: ""memory"",tgid: ""172956"",source: ""syscall"",type: ""Artifact"",version: ""237"",hash: ""dd28d02c0f42c5ff189c446b6df84e4b""})"
"(:VERTEX {memory address: ""7f63bb10a000"",size: ""9000"",subtype: ""memory"",tgid: ""172956"",source: ""syscall"",type: ""Artifact"",version: ""198"",hash: ""b5f41da1b56c50c03dababcaa09757b4""})"
"(:VERTEX {memory address: ""7f23ee198000"",size: ""b000"",subtype: ""memory"",tgid: ""172093"",source: ""syscall"",type: ""Artifact"",version: ""0"",hash: ""8b9e7b2814f6cd0a828ed8e035f9bc0b""})"
"(:VERTEX {memory address: ""7f23ee19a000"",size: ""9000"",subtype: ""memory"",tgid: ""172093"",source: ""syscall"",type: ""Artifact"",version: ""0"",hash: ""c8d1a48f818deb0528a145c92425c704""})"
"(:VERTEX {memory address: ""7f23ee190000"",size: ""a000"",subtype: ""memory"",tgid: ""172093"",source: ""syscall"",type: ""Artifact"",version: ""0"",hash: ""e55339c6b44ee2e467f6cf5e9b0a82c1""})"
"(:VERTEX {memory address: ""7f63bb114000"",size: ""11000"",subtype: ""memory"",tgid: ""172956"",source: ""syscall"",type: ""Artifact"",version: ""381"",hash: ""af71f5f907df82687f74267e3c4f6ada""})"
"(:VERTEX {memory address: ""7f63bd1bd000"",size: ""9000"",subtype: ""memory"",tgid: ""172956"",source: ""syscall"",type: ""Artifact"",version: ""280"",hash: ""db7d8d289d46d07b6b5f46b83413f681""})"
"(:VERTEX {memory address: ""7f63bd2e2000"",size: ""11000"",subtype: ""memory"",tgid: ""172956"",source: ""syscall"",type: ""Artifact"",version: ""1369"",hash: ""1b3cc60602f38f71d8079f7673e08432""})"
"(:VERTEX {memory address: ""7f63bd2e2000"",size: ""11000"",subtype: ""memory"",tgid: ""172956"",source: ""syscall"",type: ""Artifact"",version: ""1370"",hash: ""337f01e418ba0c285fda625950eed8b3""})"
"(:VERTEX {memory address: ""7f63bd2e2000"",size: ""11000"",subtype: ""memory"",tgid: ""172956"",source: ""syscall"",type: ""Artifact"",version: ""1371"",hash: ""954282658119903b648635f4fe8bb619""})"
"(:VERTEX {memory address: ""7f63bd2e2000"",size: ""11000"",subtype: ""memory"",tgid: ""172956"",source: ""syscall"",type: ""Artifact"",version: ""1372"",hash: ""ab78e499e2483fd9a6efb48b9299a7a5""})"
"(:VERTEX {memory address: ""7f63bd2f1000"",size: ""2000"",subtype: ""memory"",tgid: ""172956"",source: ""syscall"",type: ""Artifact"",version: ""90"",hash: ""d23d4547d9b4b98a1d3bedea94b81b46""})"
"(:VERTEX {memory address: ""7f63bd2e8000"",size: ""9000"",subtype: ""memory"",tgid: ""172956"",source: ""syscall"",type: ""Artifact"",version: ""26"",hash: ""c08e8d75e41b6fbddb9d826a3ae60dea""})"
"(:VERTEX {memory address: ""7f63bd1bd000"",size: ""9000"",subtype: ""memory"",tgid: ""172956"",source: ""syscall"",type: ""Artifact"",version: ""281"",hash: ""025c6d6b409e606e1c6c1e2a6e8a7610""})"
"(:VERTEX {memory address: ""7f63bb15d000"",size: ""9000"",subtype: ""memory"",tgid: ""172956"",source: ""syscall"",type: ""Artifact"",version: ""158"",hash: ""cb10763473b4417177c086f55ffbfb3f""})"
"(:VERTEX {memory address: ""7f63bb11c000"",size: ""9000"",subtype: ""memory"",tgid: ""172956"",source: ""syscall"",type: ""Artifact"",version: ""285"",hash: ""2b723924eacf5b42a2cc305e8691afae""})"
"(:VERTEX {memory address: ""7f63bd1e6000"",size: ""7000"",subtype: ""memory"",tgid: ""172956"",source: ""syscall"",type: ""Artifact"",version: ""223"",hash: ""97061fb915086a048de7d3cb8eee5587""})"
"(:VERTEX {memory address: ""7f63bb113000"",size: ""9000"",subtype: ""memory"",tgid: ""172956"",source: ""syscall"",type: ""Artifact"",version: ""238"",hash: ""a71b249a706799a61e8516ea7c0e3182""})"
"(:VERTEX {memory address: ""7f63bb10b000"",size: ""11000"",subtype: ""memory"",tgid: ""172956"",source: ""syscall"",type: ""Artifact"",version: ""28"",hash: ""09830b8be6d1a775ae0e23e619739028""})"
"(:VERTEX {memory address: ""7f63bb113000"",size: ""9000"",subtype: ""memory"",tgid: ""172956"",source: ""syscall"",type: ""Artifact"",version: ""239"",hash: ""cc052d7d8c9a7ce1d052d24ad094187b""})"
"(:VERTEX {memory address: ""7f63bb10a000"",size: ""9000"",subtype: ""memory"",tgid: ""172956"",source: ""syscall"",type: ""Artifact"",version: ""199"",hash: ""8fe0bda79e4733df2224243be07d7d1b""})"
"(:VERTEX {memory address: ""7f63bb113000"",size: ""9000"",subtype: ""memory"",tgid: ""172956"",source: ""syscall"",type: ""Artifact"",version: ""240"",hash: ""65fb2ad5374d0063d0b9a65f449f3394""})"
"(:VERTEX {memory address: ""7f63bb0f1000"",size: ""9000"",subtype: ""memory"",tgid: ""172956"",source: ""syscall"",type: ""Artifact"",version: ""91"",hash: ""2c76c6fc5dfda5671617811b885a93c7""})"
"(:VERTEX {memory address: ""7f63bb113000"",size: ""9000"",subtype: ""memory"",tgid: ""172956"",source: ""syscall"",type: ""Artifact"",version: ""241"",hash: ""9b15c53a337f4efdce03f0b3583e37d4""})"
"(:VERTEX {memory address: ""7f63bb0f1000"",size: ""9000"",subtype: ""memory"",tgid: ""172956"",source: ""syscall"",type: ""Artifact"",version: ""92"",hash: ""762b3e7c22fff1ee75f143dd9f524a12""})"
"(:VERTEX {memory address: ""7f63bb0f1000"",size: ""9000"",subtype: ""memory"",tgid: ""172956"",source: ""syscall"",type: ""Artifact"",version: ""93"",hash: ""35732d09d05b645d1f82df1181a3918b""})"
"(:VERTEX {memory address: ""7f63bb15d000"",size: ""9000"",subtype: ""memory"",tgid: ""172956"",source: ""syscall"",type: ""Artifact"",version: ""159"",hash: ""e8fcfdcb3358cfe6b960534071386fa1""})"
"(:VERTEX {memory address: ""7f63bb11c000"",size: ""9000"",subtype: ""memory"",tgid: ""172956"",source: ""syscall"",type: ""Artifact"",version: ""286"",hash: ""55e620896195572af9547c5ad4d16d1b""})"
"(:VERTEX {memory address: ""7f63bb113000"",size: ""9000"",subtype: ""memory"",tgid: ""172956"",source: ""syscall"",type: ""Artifact"",version: ""242"",hash: ""ce30f6bba412a6daf2f9b80131521b38""})"
"(:VERTEX {memory address: ""7f63bb10a000"",size: ""9000"",subtype: ""memory"",tgid: ""172956"",source: ""syscall"",type: ""Artifact"",version: ""200"",hash: ""bf71a2a64b83652a9198915e6a410f38""})"
"(:VERTEX {memory address: ""7f63bb114000"",size: ""11000"",subtype: ""memory"",tgid: ""172956"",source: ""syscall"",type: ""Artifact"",version: ""382"",hash: ""61568e2df7ed55ee2792d5b9913d47ce""})"
"(:VERTEX {memory address: ""7f63bd2e2000"",size: ""11000"",subtype: ""memory"",tgid: ""172956"",source: ""syscall"",type: ""Artifact"",version: ""1373"",hash: ""5182ea2327257f02324b4fb894fb5e27""})"
"(:VERTEX {memory address: ""7f63bd2e2000"",size: ""11000"",subtype: ""memory"",tgid: ""172956"",source: ""syscall"",type: ""Artifact"",version: ""1374"",hash: ""babe9459f6229381d393b0e827a53e9c""})"
"(:VERTEX {memory address: ""7f63bd2e2000"",size: ""11000"",subtype: ""memory"",tgid: ""172956"",source: ""syscall"",type: ""Artifact"",version: ""1375"",hash: ""56b29dadd294defe95d0b234908c19e2""})"
"(:VERTEX {memory address: ""7f63bd2e2000"",size: ""11000"",subtype: ""memory"",tgid: ""172956"",source: ""syscall"",type: ""Artifact"",version: ""1376"",hash: ""e120ca419f2d279cbc077a78ddf2c147""})"
"(:VERTEX {memory address: ""7f63bd2e2000"",size: ""11000"",subtype: ""memory"",tgid: ""172956"",source: ""syscall"",type: ""Artifact"",version: ""1377"",hash: ""bcaff1e327cef4efcdb87ca04ae58f86""})"
"(:VERTEX {memory address: ""7f17b7809000"",size: ""11000"",subtype: ""memory"",tgid: ""173004"",source: ""syscall"",type: ""Artifact"",version: ""106"",hash: ""f27ccf09e883a19578d8bfa316ca7697""})"
"(:VERTEX {memory address: ""7f17b7809000"",size: ""11000"",subtype: ""memory"",tgid: ""173004"",source: ""syscall"",type: ""Artifact"",version: ""107"",hash: ""a4efc2fb357a8819255b11865f03c74b""})"
"(:VERTEX {memory address: ""7f63bd2e2000"",size: ""11000"",subtype: ""memory"",tgid: ""172956"",source: ""syscall"",type: ""Artifact"",version: ""1378"",hash: ""a70e439611133c4a39919c6bed10e364""})"
"(:VERTEX {memory address: ""7f63bd2f1000"",size: ""2000"",subtype: ""memory"",tgid: ""172956"",source: ""syscall"",type: ""Artifact"",version: ""91"",hash: ""c03a2a184e9ec5e2eecfde20c78ebae0""})"
"(:VERTEX {memory address: ""7f63bd2e8000"",size: ""9000"",subtype: ""memory"",tgid: ""172956"",source: ""syscall"",type: ""Artifact"",version: ""27"",hash: ""81d60b1d5d24d9820ac0021a60508c3e""})"
"(:VERTEX {memory address: ""7f63bb114000"",size: ""11000"",subtype: ""memory"",tgid: ""172956"",source: ""syscall"",type: ""Artifact"",version: ""383"",hash: ""16826728496ad73fea7a5662621b05db""})"
"(:VERTEX {memory address: ""7f63bd1bd000"",size: ""9000"",subtype: ""memory"",tgid: ""172956"",source: ""syscall"",type: ""Artifact"",version: ""282"",hash: ""2ca39d026ea02410f7c4af03f28090b4""})"
"(:VERTEX {memory address: ""7f63bb114000"",size: ""11000"",subtype: ""memory"",tgid: ""172956"",source: ""syscall"",type: ""Artifact"",version: ""384"",hash: ""b8cefadee34e24a4a62990412f7e5f55""})"
"(:VERTEX {memory address: ""7f63bd2f1000"",size: ""2000"",subtype: ""memory"",tgid: ""172956"",source: ""syscall"",type: ""Artifact"",version: ""92"",hash: ""b2062eb065e11db8a8e570830d87a0ed""})"
"(:VERTEX {memory address: ""7f63bd2e8000"",size: ""9000"",subtype: ""memory"",tgid: ""172956"",source: ""syscall"",type: ""Artifact"",version: ""28"",hash: ""5c12bebda6109238af23a4165ea94f91""})"
"(:VERTEX {memory address: ""7f63bb114000"",size: ""11000"",subtype: ""memory"",tgid: ""172956"",source: ""syscall"",type: ""Artifact"",version: ""385"",hash: ""3e056c8a169a079a8908801c72275b02""})"
"(:VERTEX {memory address: ""7f63bd1bd000"",size: ""9000"",subtype: ""memory"",tgid: ""172956"",source: ""syscall"",type: ""Artifact"",version: ""283"",hash: ""9f722383e1e5fbebfb02b8ede79ef970""})"
"(:VERTEX {memory address: ""7f63bb15d000"",size: ""9000"",subtype: ""memory"",tgid: ""172956"",source: ""syscall"",type: ""Artifact"",version: ""160"",hash: ""9f3d7cafffe85912af5c3a8cf1a8b3d5""})"
"(:VERTEX {memory address: ""7f63bb11c000"",size: ""9000"",subtype: ""memory"",tgid: ""172956"",source: ""syscall"",type: ""Artifact"",version: ""287"",hash: ""9ea850411fb4721014d4744191e7300e""})"
"(:VERTEX {memory address: ""7f63bb113000"",size: ""9000"",subtype: ""memory"",tgid: ""172956"",source: ""syscall"",type: ""Artifact"",version: ""243"",hash: ""ad6214c0bb59a7338602bdc72db66424""})"
"(:VERTEX {memory address: ""7f63bb113000"",size: ""9000"",subtype: ""memory"",tgid: ""172956"",source: ""syscall"",type: ""Artifact"",version: ""244"",hash: ""d6bfb7bb4e785fd921d57b17d5d9a3c5""})"
"(:VERTEX {memory address: ""7f63bb10a000"",size: ""9000"",subtype: ""memory"",tgid: ""172956"",source: ""syscall"",type: ""Artifact"",version: ""201"",hash: ""36707b35be7e56b0195343ce7209e8ac""})"
"(:VERTEX {memory address: ""7f63bd1bd000"",size: ""9000"",subtype: ""memory"",tgid: ""172956"",source: ""syscall"",type: ""Artifact"",version: ""284"",hash: ""bfe8118a61c9eeb394b363b18ee7a669""})"
"(:VERTEX {memory address: ""7f63bb11c000"",size: ""9000"",subtype: ""memory"",tgid: ""172956"",source: ""syscall"",type: ""Artifact"",version: ""288"",hash: ""b145a306e95d4fe5800ce0c8f6aff69e""})"
"(:VERTEX {memory address: ""7f63bb113000"",size: ""9000"",subtype: ""memory"",tgid: ""172956"",source: ""syscall"",type: ""Artifact"",version: ""245"",hash: ""0f3a27f13b5ec5dddd7e1262d50a1e8f""})"
"(:VERTEX {memory address: ""7f63bb114000"",size: ""11000"",subtype: ""memory"",tgid: ""172956"",source: ""syscall"",type: ""Artifact"",version: ""386"",hash: ""87ea89ad7195cf6afa5d1592411220d0""})"
"(:VERTEX {memory address: ""7f63bd2e2000"",size: ""11000"",subtype: ""memory"",tgid: ""172956"",source: ""syscall"",type: ""Artifact"",version: ""1379"",hash: ""6318cf8e4447e3502cef41d08ae285e9""})"
"(:VERTEX {memory address: ""7f63bd2f1000"",size: ""2000"",subtype: ""memory"",tgid: ""172956"",source: ""syscall"",type: ""Artifact"",version: ""93"",hash: ""481e8ac112b4efc88ee2541b362a4fc5""})"
"(:VERTEX {memory address: ""7f63bd2e8000"",size: ""9000"",subtype: ""memory"",tgid: ""172956"",source: ""syscall"",type: ""Artifact"",version: ""29"",hash: ""a4ac75a02b5f274fe0c23ac7f2ee8d0b""})"
"(:VERTEX {memory address: ""7f63bd1bd000"",size: ""9000"",subtype: ""memory"",tgid: ""172956"",source: ""syscall"",type: ""Artifact"",version: ""285"",hash: ""9d6c661f955cf50da7f4d7e857199cc3""})"
"(:VERTEX {memory address: ""7f63bb15d000"",size: ""9000"",subtype: ""memory"",tgid: ""172956"",source: ""syscall"",type: ""Artifact"",version: ""161"",hash: ""cda9d3ff297df53c37c1232e84a3edc2""})"
"(:VERTEX {memory address: ""7f63bb11c000"",size: ""9000"",subtype: ""memory"",tgid: ""172956"",source: ""syscall"",type: ""Artifact"",version: ""289"",hash: ""803d259bdb57cf822b3d9d86a2068dfb""})"
"(:VERTEX {memory address: ""7f63bb11c000"",size: ""9000"",subtype: ""memory"",tgid: ""172956"",source: ""syscall"",type: ""Artifact"",version: ""290"",hash: ""7cef06bd80f9703bfa4646990f18c431""})"
"(:VERTEX {memory address: ""7f63bb113000"",size: ""9000"",subtype: ""memory"",tgid: ""172956"",source: ""syscall"",type: ""Artifact"",version: ""246"",hash: ""de38857161cfeeb8f1d1515af1ef7be3""})"
"(:VERTEX {memory address: ""7f63bb114000"",size: ""8000"",subtype: ""memory"",tgid: ""172956"",source: ""syscall"",type: ""Artifact"",version: ""6"",hash: ""9ac0af1a7c1fe233794f60308f7c86fc""})"
"(:VERTEX {memory address: ""7f63bb113000"",size: ""9000"",subtype: ""memory"",tgid: ""172956"",source: ""syscall"",type: ""Artifact"",version: ""247"",hash: ""0c489906975389a85fbc3f5f0f9a7a8e""})"
"(:VERTEX {memory address: ""7f63bb10a000"",size: ""9000"",subtype: ""memory"",tgid: ""172956"",source: ""syscall"",type: ""Artifact"",version: ""202"",hash: ""4a66faccf03ae5a13d52954c9736ef1e""})"
"(:VERTEX {memory address: ""7f63bd1bd000"",size: ""9000"",subtype: ""memory"",tgid: ""172956"",source: ""syscall"",type: ""Artifact"",version: ""286"",hash: ""e82fa48bbc2defc8c86382ed0411c559""})"
"(:VERTEX {memory address: ""7f63bb11c000"",size: ""9000"",subtype: ""memory"",tgid: ""172956"",source: ""syscall"",type: ""Artifact"",version: ""291"",hash: ""c1260a64005c70f06f9dcb80f817a949""})"
"(:VERTEX {gid: ""1000"",euid: ""1000"",children pid namespace: ""-1"",pid: ""172064"",seen time: ""1693402019.256"",source: ""syscall"",type: ""Process"",net namespace: ""-1"",ipc namespace: ""-1"",ppid: ""3120"",pid namespace: ""-1"",uid: ""1000"",egid: ""1000"",exe: ""/app/cartservice"",mount namespace: ""-1"",name: "".NET ThreadPool"",hash: ""675f5e6162f4618a504cbe41afce85b4"",user namespace: ""-1""})"
"(:VERTEX {memory address: ""7fb49c5e2000"",size: ""1000"",subtype: ""memory"",tgid: ""172064"",source: ""syscall"",type: ""Artifact"",version: ""4"",hash: ""922ae6289cd95edec7cba0208ef58548""})"
"(:VERTEX {subtype: ""unknown"",tgid: ""172064"",epoch: ""19"",source: ""syscall"",type: ""Artifact"",version: ""0"",hash: ""ec05d74ef10cc5340d5a02c4ec5d4c27"",fd: ""8""})"
"(:VERTEX {memory address: ""7fb49c5e3000"",size: ""1000"",subtype: ""memory"",tgid: ""172064"",source: ""syscall"",type: ""Artifact"",version: ""5"",hash: ""bb255aa61d3463e2d9959400c8f3b131""})"
"(:VERTEX {remote port: ""33242"",epoch: ""0"",source: ""syscall"",type: ""Artifact"",version: ""0"",local port: ""6379"",net namespace: ""-1"",local address: ""0.0.0.0"",protocol: ""tcp"",subtype: ""network socket"",remote address: ""192.168.47.128"",hash: ""42cf76c0c011a743a8533d42bb9f9f5a""})"
"(:VERTEX {remote port: ""43800"",epoch: ""0"",source: ""syscall"",type: ""Artifact"",version: ""0"",local port: ""8080"",net namespace: ""-1"",local address: ""0000:0000:0000:0000:0000:0000:0000:0000"",protocol: ""tcp"",subtype: ""network socket"",remote address: ""0000:0000:0000:0000:0000:FFFF:C0A8:2F80"",hash: ""47a082219c3add5a6d3b28ce8eed3377""})"
"(:VERTEX {remote port: ""47550"",epoch: ""0"",source: ""syscall"",type: ""Artifact"",version: ""0"",local port: ""8080"",net namespace: ""-1"",local address: ""0000:0000:0000:0000:0000:0000:0000:0000"",protocol: ""tcp"",subtype: ""network socket"",remote address: ""0000:0000:0000:0000:0000:FFFF:C0A8:2F80"",hash: ""bd4abbb5a2309a40833c43bbff1b252c""})"
"(:VERTEX {remote port: ""39196"",epoch: ""0"",source: ""syscall"",type: ""Artifact"",version: ""0"",local port: ""50051"",net namespace: ""-1"",local address: ""0000:0000:0000:0000:0000:0000:0000:0000"",protocol: ""tcp"",subtype: ""network socket"",remote address: ""0000:0000:0000:0000:0000:FFFF:C0A8:2F80"",hash: ""c0e8a451fee7d13defbd023bc1be5b9d""})"
"(:VERTEX {memory address: ""7f63bd2e2000"",size: ""11000"",subtype: ""memory"",tgid: ""172956"",source: ""syscall"",type: ""Artifact"",version: ""1380"",hash: ""8ffe0736629ce84f00b85c3ffb201064""})"
"(:VERTEX {memory address: ""7f63bd2e2000"",size: ""11000"",subtype: ""memory"",tgid: ""172956"",source: ""syscall"",type: ""Artifact"",version: ""1381"",hash: ""b9a7794ffecaeed27a9d412f2cba257f""})"
"(:VERTEX {memory address: ""7f63bd2e2000"",size: ""11000"",subtype: ""memory"",tgid: ""172956"",source: ""syscall"",type: ""Artifact"",version: ""1382"",hash: ""1b92b92f7c5f0f978dbff19cb1ea06c7""})"
"(:VERTEX {memory address: ""7f63bd2e2000"",size: ""11000"",subtype: ""memory"",tgid: ""172956"",source: ""syscall"",type: ""Artifact"",version: ""1383"",hash: ""4f474d36c2612f26f13de36a7dcfd57f""})"
"(:VERTEX {memory address: ""7f23f4ea6000"",size: ""10000"",subtype: ""memory"",tgid: ""172093"",source: ""syscall"",type: ""Artifact"",version: ""0"",hash: ""f7531d73ed9af2ae027adba1c7b3468c""})"
"(:VERTEX {memory address: ""7f23f453d000"",size: ""1000"",subtype: ""memory"",tgid: ""172093"",source: ""syscall"",type: ""Artifact"",version: ""0"",hash: ""b9d0cc3571e8b7a5aa93c0b22dc7a6d7""})"
"(:VERTEX {memory address: ""7f23ee19b000"",size: ""8000"",subtype: ""memory"",tgid: ""172093"",source: ""syscall"",type: ""Artifact"",version: ""0"",hash: ""8a183c644d8d8fcb7380004de15692f0""})"
"(:VERTEX {memory address: ""7f63bd2e2000"",size: ""11000"",subtype: ""memory"",tgid: ""172956"",source: ""syscall"",type: ""Artifact"",version: ""1384"",hash: ""af12f05edd1462f4d63b229226a3ea27""})"
"(:VERTEX {memory address: ""7f63bd2e2000"",size: ""11000"",subtype: ""memory"",tgid: ""172956"",source: ""syscall"",type: ""Artifact"",version: ""1385"",hash: ""24bfc1994032e0c05807ddb92d23bf26""})"
"(:VERTEX {memory address: ""7f63bd2e2000"",size: ""11000"",subtype: ""memory"",tgid: ""172956"",source: ""syscall"",type: ""Artifact"",version: ""1386"",hash: ""c349b70661dad7d95f92c7a54c5fcc90""})"
"(:VERTEX {memory address: ""7f63bd2e2000"",size: ""11000"",subtype: ""memory"",tgid: ""172956"",source: ""syscall"",type: ""Artifact"",version: ""1387"",hash: ""13a3378613abc93a109875b2f8197781""})"
"(:VERTEX {memory address: ""7f63bd2e2000"",size: ""11000"",subtype: ""memory"",tgid: ""172956"",source: ""syscall"",type: ""Artifact"",version: ""1388"",hash: ""9640ee20af7f2c339f0421f3b65a12f4""})"
"(:VERTEX {memory address: ""7f63bd2e2000"",size: ""11000"",subtype: ""memory"",tgid: ""172956"",source: ""syscall"",type: ""Artifact"",version: ""1389"",hash: ""e2fd872082fdd004ffb4b79960603fd7""})"
"(:VERTEX {memory address: ""7f17b7809000"",size: ""11000"",subtype: ""memory"",tgid: ""173004"",source: ""syscall"",type: ""Artifact"",version: ""108"",hash: ""26fbd16171bd738d2d779a572d20c577""})"
"(:VERTEX {memory address: ""7f63bd2e2000"",size: ""11000"",subtype: ""memory"",tgid: ""172956"",source: ""syscall"",type: ""Artifact"",version: ""1390"",hash: ""1f1809c1f3f9e16fae807787c312278d""})"
"(:VERTEX {memory address: ""1c0561980000"",size: ""40000"",subtype: ""memory"",tgid: ""172956"",source: ""syscall"",type: ""Artifact"",version: ""4"",hash: ""d3163f8b452937bc5618f0f67e672a7a""})"
"(:VERTEX {memory address: ""ce06300000"",size: ""40000"",subtype: ""memory"",tgid: ""172956"",source: ""syscall"",type: ""Artifact"",version: ""4"",hash: ""1f4ccd17a4c55b65d5b112a79d49500b""})"
"(:VERTEX {memory address: ""24c73be40000"",size: ""40000"",subtype: ""memory"",tgid: ""172956"",source: ""syscall"",type: ""Artifact"",version: ""4"",hash: ""a99bc0d149d351e1db327b9a23fb0718""})"
"(:VERTEX {memory address: ""1dce6d6c0000"",size: ""40000"",subtype: ""memory"",tgid: ""172956"",source: ""syscall"",type: ""Artifact"",version: ""4"",hash: ""0d0ced9abf4f6ec26ac6847e46a7b312""})"
"(:VERTEX {memory address: ""7f63bd2ef000"",size: ""4000"",subtype: ""memory"",tgid: ""172956"",source: ""syscall"",type: ""Artifact"",version: ""57"",hash: ""8fc0c1f2380e0beae2b490c95d38bc80""})"
"(:VERTEX {memory address: ""11f76ac0000"",size: ""40000"",subtype: ""memory"",tgid: ""172956"",source: ""syscall"",type: ""Artifact"",version: ""54"",hash: ""f3bc595422c8d4ba32b64cd825a611ec""})"
"(:VERTEX {memory address: ""31798280000"",size: ""40000"",subtype: ""memory"",tgid: ""172956"",source: ""syscall"",type: ""Artifact"",version: ""54"",hash: ""8c3efb5aa188882e8e35ada7ab8aaced""})"
"(:VERTEX {memory address: ""7cb45600000"",size: ""40000"",subtype: ""memory"",tgid: ""172956"",source: ""syscall"",type: ""Artifact"",version: ""54"",hash: ""981e930f648ffe157331df97360bbf83""})"
"(:VERTEX {memory address: ""3030c7dc0000"",size: ""40000"",subtype: ""memory"",tgid: ""172956"",source: ""syscall"",type: ""Artifact"",version: ""54"",hash: ""4ca8ecb0b3e42bca014c8b3cebdc7973""})"
"(:VERTEX {memory address: ""7f63bd2e2000"",size: ""11000"",subtype: ""memory"",tgid: ""172956"",source: ""syscall"",type: ""Artifact"",version: ""1391"",hash: ""a16cd06bc1d9f9eadea829788631ce72""})"
"(:VERTEX {memory address: ""7f63bd2e2000"",size: ""11000"",subtype: ""memory"",tgid: ""172956"",source: ""syscall"",type: ""Artifact"",version: ""1392"",hash: ""439db02a2810d7a9e26feed952cc51ba""})"
"(:VERTEX {memory address: ""7f63bd2e2000"",size: ""11000"",subtype: ""memory"",tgid: ""172956"",source: ""syscall"",type: ""Artifact"",version: ""1393"",hash: ""8605a4afab7b81971a928a2e2f3fbc32""})"
"(:VERTEX {memory address: ""7f63bd2e2000"",size: ""11000"",subtype: ""memory"",tgid: ""172956"",source: ""syscall"",type: ""Artifact"",version: ""1394"",hash: ""8e1566f58362eb3215ce151e09ccd742""})"
"(:VERTEX {memory address: ""7f63bd2f1000"",size: ""2000"",subtype: ""memory"",tgid: ""172956"",source: ""syscall"",type: ""Artifact"",version: ""94"",hash: ""0a3e387301961a8091a54ca5901b2152""})"
"(:VERTEX {memory address: ""7f63bd2e8000"",size: ""9000"",subtype: ""memory"",tgid: ""172956"",source: ""syscall"",type: ""Artifact"",version: ""30"",hash: ""934a522f8be80f6d72aac00aa897ef3a""})"
"(:VERTEX {memory address: ""7f63bd1bd000"",size: ""9000"",subtype: ""memory"",tgid: ""172956"",source: ""syscall"",type: ""Artifact"",version: ""287"",hash: ""092838a857508c8c9b5f458335e65002""})"
"(:VERTEX {memory address: ""7f63bb15d000"",size: ""9000"",subtype: ""memory"",tgid: ""172956"",source: ""syscall"",type: ""Artifact"",version: ""162"",hash: ""db90085184f59eba6332a17d63854a8d""})"
"(:VERTEX {memory address: ""7f63bb114000"",size: ""11000"",subtype: ""memory"",tgid: ""172956"",source: ""syscall"",type: ""Artifact"",version: ""387"",hash: ""ae8151b7d3cceec05d34b94486d90b0e""})"
"(:VERTEX {memory address: ""7f63bb11c000"",size: ""9000"",subtype: ""memory"",tgid: ""172956"",source: ""syscall"",type: ""Artifact"",version: ""292"",hash: ""0ea1d1636ccbb315e9afd58b34b02d62""})"
"(:VERTEX {memory address: ""7f63bb11c000"",size: ""9000"",subtype: ""memory"",tgid: ""172956"",source: ""syscall"",type: ""Artifact"",version: ""293"",hash: ""dd46c11ef38212c0c60fcc1dda83ae59""})"
"(:VERTEX {memory address: ""7f63bb113000"",size: ""9000"",subtype: ""memory"",tgid: ""172956"",source: ""syscall"",type: ""Artifact"",version: ""248"",hash: ""bec9b7bc01dfb39384baeff14f89a777""})"
"(:VERTEX {memory address: ""7f63bd1e6000"",size: ""7000"",subtype: ""memory"",tgid: ""172956"",source: ""syscall"",type: ""Artifact"",version: ""224"",hash: ""f72e96fcad42a53c06ca4298588ffa3b""})"
"(:VERTEX {memory address: ""7f63bd1bd000"",size: ""9000"",subtype: ""memory"",tgid: ""172956"",source: ""syscall"",type: ""Artifact"",version: ""288"",hash: ""b28d36813d1ac57779692e1df4074db9""})"
"(:VERTEX {memory address: ""7f63bb114000"",size: ""11000"",subtype: ""memory"",tgid: ""172956"",source: ""syscall"",type: ""Artifact"",version: ""388"",hash: ""2e687a45e683f6809af80f2973db6cc9""})"
"(:VERTEX {memory address: ""7f63bd2e2000"",size: ""11000"",subtype: ""memory"",tgid: ""172956"",source: ""syscall"",type: ""Artifact"",version: ""1395"",hash: ""6b2b016e17d491438acd1da9fab68f74""})"
"(:VERTEX {memory address: ""7f63bd2f1000"",size: ""2000"",subtype: ""memory"",tgid: ""172956"",source: ""syscall"",type: ""Artifact"",version: ""95"",hash: ""fa2a4f4176055e5446909e954f594655""})"
"(:VERTEX {memory address: ""7f63bd2e8000"",size: ""9000"",subtype: ""memory"",tgid: ""172956"",source: ""syscall"",type: ""Artifact"",version: ""31"",hash: ""b5cc0ccdfb78f446eda9f1f076d484eb""})"
"(:VERTEX {memory address: ""7f63bd1bd000"",size: ""9000"",subtype: ""memory"",tgid: ""172956"",source: ""syscall"",type: ""Artifact"",version: ""289"",hash: ""98cd30e9db11ede0a3d0b06db99a3c9f""})"
"(:VERTEX {memory address: ""7f63bb15d000"",size: ""9000"",subtype: ""memory"",tgid: ""172956"",source: ""syscall"",type: ""Artifact"",version: ""163"",hash: ""b29d88bf78ada645b159d10740e461ea""})"
"(:VERTEX {memory address: ""7f63bb11c000"",size: ""9000"",subtype: ""memory"",tgid: ""172956"",source: ""syscall"",type: ""Artifact"",version: ""294"",hash: ""2dfca858ca67aedecf223d33f84d3d5a""})"
"(:VERTEX {memory address: ""7f63bb113000"",size: ""9000"",subtype: ""memory"",tgid: ""172956"",source: ""syscall"",type: ""Artifact"",version: ""249"",hash: ""e4a7ad98d46e1b15d51d3e9efb2d11e7""})"
"(:VERTEX {memory address: ""7f63bb10a000"",size: ""9000"",subtype: ""memory"",tgid: ""172956"",source: ""syscall"",type: ""Artifact"",version: ""203"",hash: ""ce9f0fbd5562b3f351efac6582d6c7e9""})"
"(:VERTEX {memory address: ""7f63bb0f1000"",size: ""9000"",subtype: ""memory"",tgid: ""172956"",source: ""syscall"",type: ""Artifact"",version: ""94"",hash: ""495d9a8443fc0c0f84b3d007a3fe0da6""})"
"(:VERTEX {memory address: ""7f63bb0e8000"",size: ""9000"",subtype: ""memory"",tgid: ""172956"",source: ""syscall"",type: ""Artifact"",version: ""103"",hash: ""602c858a7b891599909d037fa42e96ea""})"
"(:VERTEX {memory address: ""7f63bb0df000"",size: ""9000"",subtype: ""memory"",tgid: ""172956"",source: ""syscall"",type: ""Artifact"",version: ""70"",hash: ""2d73242d4c49f1d9f0ed292aa629c9e8""})"
"(:VERTEX {memory address: ""7f63bb0d6000"",size: ""9000"",subtype: ""memory"",tgid: ""172956"",source: ""syscall"",type: ""Artifact"",version: ""96"",hash: ""8d5b54f3714573b06d3b40331e2204a9""})"
"(:VERTEX {memory address: ""7f63bb0cd000"",size: ""9000"",subtype: ""memory"",tgid: ""172956"",source: ""syscall"",type: ""Artifact"",version: ""80"",hash: ""58f31d57e1f1ad8f9ddb90b0fc863459""})"
"(:VERTEX {memory address: ""7f63bb113000"",size: ""9000"",subtype: ""memory"",tgid: ""172956"",source: ""syscall"",type: ""Artifact"",version: ""250"",hash: ""0878bae0e40d61cf645b1695578d93b4""})"
"(:VERTEX {memory address: ""7f63bb0df000"",size: ""9000"",subtype: ""memory"",tgid: ""172956"",source: ""syscall"",type: ""Artifact"",version: ""71"",hash: ""134a476797c0018c88a57e9a122117b2""})"
"(:VERTEX {memory address: ""7f63bb0cd000"",size: ""9000"",subtype: ""memory"",tgid: ""172956"",source: ""syscall"",type: ""Artifact"",version: ""81"",hash: ""6a7fc825f2e0dcea70df5bc268ecfb0b""})"
"(:VERTEX {memory address: ""7f63bb0a2000"",size: ""b000"",subtype: ""memory"",tgid: ""172956"",source: ""syscall"",type: ""Artifact"",version: ""0"",hash: ""c50fedb35c80a0dc92d11ef0bf84d3eb""})"
"(:VERTEX {memory address: ""7f63bb0df000"",size: ""9000"",subtype: ""memory"",tgid: ""172956"",source: ""syscall"",type: ""Artifact"",version: ""72"",hash: ""aae3d9c125637ea01ecf94ef6636bbe4""})"
"(:VERTEX {memory address: ""7f63bb0cd000"",size: ""9000"",subtype: ""memory"",tgid: ""172956"",source: ""syscall"",type: ""Artifact"",version: ""82"",hash: ""68243368e13ee5a5653dd89673c66ed0""})"
"(:VERTEX {memory address: ""7f63bb099000"",size: ""9000"",subtype: ""memory"",tgid: ""172956"",source: ""syscall"",type: ""Artifact"",version: ""36"",hash: ""d3db0be9ae9fbf6d5beeee31a7cc1184""})"
"(:VERTEX {memory address: ""7f63bb090000"",size: ""9000"",subtype: ""memory"",tgid: ""172956"",source: ""syscall"",type: ""Artifact"",version: ""41"",hash: ""74a9e9a01b803d9dfaff9884efd63dfa""})"
"(:VERTEX {memory address: ""7f63bb087000"",size: ""9000"",subtype: ""memory"",tgid: ""172956"",source: ""syscall"",type: ""Artifact"",version: ""63"",hash: ""800399dd1cf05105f4f15f0b2617516f""})"
"(:VERTEX {memory address: ""7f63bb0df000"",size: ""9000"",subtype: ""memory"",tgid: ""172956"",source: ""syscall"",type: ""Artifact"",version: ""73"",hash: ""d48e9c02dd0ba3502238f299fc14f0c8""})"
"(:VERTEX {memory address: ""7f63bb0df000"",size: ""9000"",subtype: ""memory"",tgid: ""172956"",source: ""syscall"",type: ""Artifact"",version: ""74"",hash: ""fcf78acdb8d56a6bfb3e914dc53e10d3""})"
"(:VERTEX {memory address: ""7f63bb0cd000"",size: ""9000"",subtype: ""memory"",tgid: ""172956"",source: ""syscall"",type: ""Artifact"",version: ""83"",hash: ""1cb99249a0b033d299c2dfd01be68245""})"
"(:VERTEX {memory address: ""7f63bb0df000"",size: ""9000"",subtype: ""memory"",tgid: ""172956"",source: ""syscall"",type: ""Artifact"",version: ""75"",hash: ""22a82b037dac689ed6c80f4dd8dc16ba""})"
"(:VERTEX {memory address: ""7f63bb0a4000"",size: ""9000"",subtype: ""memory"",tgid: ""172956"",source: ""syscall"",type: ""Artifact"",version: ""14"",hash: ""5d579d79887f694c189ca46eac83a796""})"
"(:VERTEX {memory address: ""7f63bb09b000"",size: ""9000"",subtype: ""memory"",tgid: ""172956"",source: ""syscall"",type: ""Artifact"",version: ""19"",hash: ""4fbc55b4bd8df643c75e3107083510e1""})"
"(:VERTEX {memory address: ""7f63bb09b000"",size: ""9000"",subtype: ""memory"",tgid: ""172956"",source: ""syscall"",type: ""Artifact"",version: ""20"",hash: ""998806e667a89f65901c536e7f307dfd""})"
"(:VERTEX {memory address: ""7f63bb092000"",size: ""9000"",subtype: ""memory"",tgid: ""172956"",source: ""syscall"",type: ""Artifact"",version: ""11"",hash: ""bda89f1efa85b3f89411b224f11d9db5""})"
"(:VERTEX {memory address: ""7f63bb089000"",size: ""9000"",subtype: ""memory"",tgid: ""172956"",source: ""syscall"",type: ""Artifact"",version: ""10"",hash: ""314590a73029c5d596a2751d496765b5""})"
"(:VERTEX {memory address: ""7f63bb080000"",size: ""9000"",subtype: ""memory"",tgid: ""172956"",source: ""syscall"",type: ""Artifact"",version: ""7"",hash: ""5e1c95f09d61f73e59e430fb4d9ade37""})"
"(:VERTEX {memory address: ""7f63bb077000"",size: ""9000"",subtype: ""memory"",tgid: ""172956"",source: ""syscall"",type: ""Artifact"",version: ""4"",hash: ""654241c6f7b6fa0ef30092247f4bce1d""})"
"(:VERTEX {memory address: ""7f63bb06e000"",size: ""9000"",subtype: ""memory"",tgid: ""172956"",source: ""syscall"",type: ""Artifact"",version: ""3"",hash: ""33db8d3bc6620fafc09302339b160d36""})"
"(:VERTEX {memory address: ""7f63bb065000"",size: ""9000"",subtype: ""memory"",tgid: ""172956"",source: ""syscall"",type: ""Artifact"",version: ""4"",hash: ""cf02fda42d91671b6dd8fc356b429d82""})"
"(:VERTEX {memory address: ""7f63bd2e4000"",size: ""4000"",subtype: ""memory"",tgid: ""172956"",source: ""syscall"",type: ""Artifact"",version: ""26"",hash: ""d862de10469284879abffc94a88e99d2""})"
"(:VERTEX {memory address: ""7f63bd1e6000"",size: ""7000"",subtype: ""memory"",tgid: ""172956"",source: ""syscall"",type: ""Artifact"",version: ""225"",hash: ""cc2b341e935e87daba5e2e42653b47ee""})"
"(:VERTEX {memory address: ""7f63bb09b000"",size: ""9000"",subtype: ""memory"",tgid: ""172956"",source: ""syscall"",type: ""Artifact"",version: ""21"",hash: ""8ad83d36f6f1e597f76c68da91803710""})"
"(:VERTEX {memory address: ""7f63bb092000"",size: ""9000"",subtype: ""memory"",tgid: ""172956"",source: ""syscall"",type: ""Artifact"",version: ""12"",hash: ""ad862fd4b1762ae020017ab10746c80d""})"
"(:VERTEX {memory address: ""7f63bb08f000"",size: ""15000"",subtype: ""memory"",tgid: ""172956"",source: ""syscall"",type: ""Artifact"",version: ""0"",hash: ""28d6c00d792293d5c5a40c9395e74537""})"
"(:VERTEX {memory address: ""7f63bb086000"",size: ""9000"",subtype: ""memory"",tgid: ""172956"",source: ""syscall"",type: ""Artifact"",version: ""1"",hash: ""7c2deec775db4af67ecc8461bd498470""})"
"(:VERTEX {memory address: ""7f63bb065000"",size: ""9000"",subtype: ""memory"",tgid: ""172956"",source: ""syscall"",type: ""Artifact"",version: ""5"",hash: ""c1573fe21859fe30626d05d12703ad5c""})"
"(:VERTEX {memory address: ""7f63bd2e4000"",size: ""4000"",subtype: ""memory"",tgid: ""172956"",source: ""syscall"",type: ""Artifact"",version: ""27"",hash: ""03550a9d6e3941c7d2dfe1a7d30a2772""})"
"(:VERTEX {memory address: ""7f63bd1e6000"",size: ""7000"",subtype: ""memory"",tgid: ""172956"",source: ""syscall"",type: ""Artifact"",version: ""226"",hash: ""cd0d5dbb9ca753f0712e954b235015f4""})"
"(:VERTEX {memory address: ""7f63bb09b000"",size: ""9000"",subtype: ""memory"",tgid: ""172956"",source: ""syscall"",type: ""Artifact"",version: ""22"",hash: ""297d5d7cd30c64923408c6e53b9f514a""})"
"(:VERTEX {memory address: ""7f63bb092000"",size: ""9000"",subtype: ""memory"",tgid: ""172956"",source: ""syscall"",type: ""Artifact"",version: ""13"",hash: ""0e1cdf32b189d5884e1632bd29a6b36b""})"
"(:VERTEX {memory address: ""7f63bb089000"",size: ""9000"",subtype: ""memory"",tgid: ""172956"",source: ""syscall"",type: ""Artifact"",version: ""11"",hash: ""59ab9b36c140e88c0a342c531f7c4752""})"
"(:VERTEX {memory address: ""7f63bb080000"",size: ""9000"",subtype: ""memory"",tgid: ""172956"",source: ""syscall"",type: ""Artifact"",version: ""8"",hash: ""c6d5583c5293493b0a5be471c560463c""})"
"(:VERTEX {memory address: ""7f63bb065000"",size: ""9000"",subtype: ""memory"",tgid: ""172956"",source: ""syscall"",type: ""Artifact"",version: ""6"",hash: ""f1ffd5c773208aaa7606c665c1482b74""})"
"(:VERTEX {memory address: ""7f63bb05c000"",size: ""9000"",subtype: ""memory"",tgid: ""172956"",source: ""syscall"",type: ""Artifact"",version: ""4"",hash: ""617ebe8023d57ababfa31247b0c0d559""})"
"(:VERTEX {memory address: ""7f63bb053000"",size: ""9000"",subtype: ""memory"",tgid: ""172956"",source: ""syscall"",type: ""Artifact"",version: ""6"",hash: ""bf28eaf7a62031a404c98e691ee54740""})"
"(:VERTEX {memory address: ""7f63bb04a000"",size: ""9000"",subtype: ""memory"",tgid: ""172956"",source: ""syscall"",type: ""Artifact"",version: ""6"",hash: ""564fc72daa8f8f3a2aff465803ebf443""})"
"(:VERTEX {memory address: ""7f63bb089000"",size: ""9000"",subtype: ""memory"",tgid: ""172956"",source: ""syscall"",type: ""Artifact"",version: ""12"",hash: ""835af9004043a02f2b6d99bea8bf8dba""})"
"(:VERTEX {memory address: ""7f63bb080000"",size: ""9000"",subtype: ""memory"",tgid: ""172956"",source: ""syscall"",type: ""Artifact"",version: ""9"",hash: ""fea9d2185e616e1b799b22f2cca2c070""})"
"(:VERTEX {memory address: ""7f63bb053000"",size: ""9000"",subtype: ""memory"",tgid: ""172956"",source: ""syscall"",type: ""Artifact"",version: ""7"",hash: ""8a9d5bd816252567bb67d152db95a8ec""})"
"(:VERTEX {memory address: ""7f63bb04a000"",size: ""9000"",subtype: ""memory"",tgid: ""172956"",source: ""syscall"",type: ""Artifact"",version: ""7"",hash: ""c9f302f27a9eed9f263f4e46d5ac5884""})"
"(:VERTEX {memory address: ""7f63bb041000"",size: ""9000"",subtype: ""memory"",tgid: ""172956"",source: ""syscall"",type: ""Artifact"",version: ""5"",hash: ""58649b8ba98051911f12effba91d6c6f""})"
"(:VERTEX {memory address: ""7f63bb038000"",size: ""9000"",subtype: ""memory"",tgid: ""172956"",source: ""syscall"",type: ""Artifact"",version: ""5"",hash: ""edf83d5c90b100dfd13d8823dbf57ccd""})"
"(:VERTEX {memory address: ""7f63bb02f000"",size: ""9000"",subtype: ""memory"",tgid: ""172956"",source: ""syscall"",type: ""Artifact"",version: ""5"",hash: ""d012a79b1f197774071a280711e73319""})"
"(:VERTEX {memory address: ""7f63bb026000"",size: ""9000"",subtype: ""memory"",tgid: ""172956"",source: ""syscall"",type: ""Artifact"",version: ""7"",hash: ""bc4af5450f24f0cf924ec2522638b65f""})"
"(:VERTEX {memory address: ""7f63bd1bd000"",size: ""9000"",subtype: ""memory"",tgid: ""172956"",source: ""syscall"",type: ""Artifact"",version: ""290"",hash: ""80fef59dc84d3038546c793ef4212b6b""})"
"(:VERTEX {memory address: ""7f63bb11c000"",size: ""9000"",subtype: ""memory"",tgid: ""172956"",source: ""syscall"",type: ""Artifact"",version: ""295"",hash: ""8e3b96531b027f6cc6521b7ba360ea8f""})"
"(:VERTEX {memory address: ""7f63bb113000"",size: ""9000"",subtype: ""memory"",tgid: ""172956"",source: ""syscall"",type: ""Artifact"",version: ""251"",hash: ""9abec7f8ca8b46fdc0b5f256213ed15d""})"
"(:VERTEX {memory address: ""7f63bb10a000"",size: ""9000"",subtype: ""memory"",tgid: ""172956"",source: ""syscall"",type: ""Artifact"",version: ""204"",hash: ""f2903eac92eb0aeaed307f4aebceb1c1""})"
"(:VERTEX {memory address: ""7f63bb0e8000"",size: ""9000"",subtype: ""memory"",tgid: ""172956"",source: ""syscall"",type: ""Artifact"",version: ""104"",hash: ""c1e54cf09d3df55767622b27fe3fc2db""})"
"(:VERTEX {memory address: ""7f63bb0df000"",size: ""9000"",subtype: ""memory"",tgid: ""172956"",source: ""syscall"",type: ""Artifact"",version: ""76"",hash: ""249f3978ba8e4cc2e2642c6eaceb3067""})"
"(:VERTEX {memory address: ""7f63bb0d6000"",size: ""9000"",subtype: ""memory"",tgid: ""172956"",source: ""syscall"",type: ""Artifact"",version: ""97"",hash: ""5b104d10a323d6e46d6c82ba08157d68""})"
"(:VERTEX {memory address: ""7f63bb0cd000"",size: ""9000"",subtype: ""memory"",tgid: ""172956"",source: ""syscall"",type: ""Artifact"",version: ""84"",hash: ""16190185fb19436120f5662c9faa3602""})"
"(:VERTEX {memory address: ""7f63bb0a4000"",size: ""9000"",subtype: ""memory"",tgid: ""172956"",source: ""syscall"",type: ""Artifact"",version: ""15"",hash: ""3f86410168c2564eed71b7a756ed7c52""})"
"(:VERTEX {memory address: ""7f63bb09b000"",size: ""9000"",subtype: ""memory"",tgid: ""172956"",source: ""syscall"",type: ""Artifact"",version: ""23"",hash: ""4934624f41095e1825aba844866789a4""})"
"(:VERTEX {memory address: ""7f63bb092000"",size: ""9000"",subtype: ""memory"",tgid: ""172956"",source: ""syscall"",type: ""Artifact"",version: ""14"",hash: ""be364e55ca559947735b83884b2222a8""})"
"(:VERTEX {memory address: ""7f63bb080000"",size: ""9000"",subtype: ""memory"",tgid: ""172956"",source: ""syscall"",type: ""Artifact"",version: ""10"",hash: ""1a329da73f6e5c071977eb305d3567b3""})"
"(:VERTEX {memory address: ""7f63bb077000"",size: ""9000"",subtype: ""memory"",tgid: ""172956"",source: ""syscall"",type: ""Artifact"",version: ""5"",hash: ""90b35a5d162339838a4e6028eadd03a6""})"
"(:VERTEX {memory address: ""7f63bb06e000"",size: ""9000"",subtype: ""memory"",tgid: ""172956"",source: ""syscall"",type: ""Artifact"",version: ""4"",hash: ""ce046d13f9b22f7cb524db21c46cc749""})"
"(:VERTEX {memory address: ""7f63bb065000"",size: ""9000"",subtype: ""memory"",tgid: ""172956"",source: ""syscall"",type: ""Artifact"",version: ""7"",hash: ""77c2803e5d4967d1aa3f6d3b633350a7""})"
"(:VERTEX {memory address: ""7f63bb0cd000"",size: ""9000"",subtype: ""memory"",tgid: ""172956"",source: ""syscall"",type: ""Artifact"",version: ""85"",hash: ""c958a71cd8c5eedd8a356e887719442f""})"
"(:VERTEX {memory address: ""7f63bb092000"",size: ""9000"",subtype: ""memory"",tgid: ""172956"",source: ""syscall"",type: ""Artifact"",version: ""15"",hash: ""b5d0482625f0754b047afd4f96a7547e""})"
"(:VERTEX {memory address: ""7f63bb06e000"",size: ""9000"",subtype: ""memory"",tgid: ""172956"",source: ""syscall"",type: ""Artifact"",version: ""5"",hash: ""b8fef5f852e586348ec05d392bb5862f""})"
"(:VERTEX {memory address: ""7f63bb05c000"",size: ""9000"",subtype: ""memory"",tgid: ""172956"",source: ""syscall"",type: ""Artifact"",version: ""5"",hash: ""a9827428fd6914eeb3a83855574309a6""})"
"(:VERTEX {memory address: ""7f63bb038000"",size: ""9000"",subtype: ""memory"",tgid: ""172956"",source: ""syscall"",type: ""Artifact"",version: ""6"",hash: ""50fc8bb261c35c99343c8bf17ddefbef""})"
"(:VERTEX {memory address: ""7f63bb06e000"",size: ""9000"",subtype: ""memory"",tgid: ""172956"",source: ""syscall"",type: ""Artifact"",version: ""6"",hash: ""9d91646602a93ad602674e288009ddf0""})"
"(:VERTEX {memory address: ""7f63bd1bd000"",size: ""9000"",subtype: ""memory"",tgid: ""172956"",source: ""syscall"",type: ""Artifact"",version: ""291"",hash: ""9c6da9ce18b99ddf8355ec7ca9e030d8""})"
"(:VERTEX {memory address: ""7f63bb114000"",size: ""11000"",subtype: ""memory"",tgid: ""172956"",source: ""syscall"",type: ""Artifact"",version: ""389"",hash: ""0cc3c3eb5e54fc1b8a611d4a31be7e90""})"
"(:VERTEX {memory address: ""7f63bd2e2000"",size: ""11000"",subtype: ""memory"",tgid: ""172956"",source: ""syscall"",type: ""Artifact"",version: ""1396"",hash: ""855c14c51322f26fc6671f90928bb887""})"
"(:VERTEX {memory address: ""7f63bd2e2000"",size: ""11000"",subtype: ""memory"",tgid: ""172956"",source: ""syscall"",type: ""Artifact"",version: ""1397"",hash: ""7483175d7846a57a434e9d89ae0e0994""})"
"(:VERTEX {memory address: ""7f63bd2e2000"",size: ""11000"",subtype: ""memory"",tgid: ""172956"",source: ""syscall"",type: ""Artifact"",version: ""1398"",hash: ""e6467e60e3a0333c8986e9d48fd4cfff""})"
"(:VERTEX {memory address: ""7f63bd2e2000"",size: ""11000"",subtype: ""memory"",tgid: ""172956"",source: ""syscall"",type: ""Artifact"",version: ""1399"",hash: ""fd3f3c421d73901b66aa78f6e76e7bc7""})"
"(:VERTEX {memory address: ""7f63bd2e2000"",size: ""11000"",subtype: ""memory"",tgid: ""172956"",source: ""syscall"",type: ""Artifact"",version: ""1400"",hash: ""641a486d2fe130e01886153ab2b81eb1""})"
"(:VERTEX {memory address: ""7f63bd2e2000"",size: ""11000"",subtype: ""memory"",tgid: ""172956"",source: ""syscall"",type: ""Artifact"",version: ""1401"",hash: ""90c6a4a4053e5df5625e4c8e3a672907""})"
"(:VERTEX {memory address: ""7f63bd2e2000"",size: ""11000"",subtype: ""memory"",tgid: ""172956"",source: ""syscall"",type: ""Artifact"",version: ""1402"",hash: ""df9bbce91047f737a99179ffb8ee220c""})"
"(:VERTEX {memory address: ""7f63bd2e2000"",size: ""11000"",subtype: ""memory"",tgid: ""172956"",source: ""syscall"",type: ""Artifact"",version: ""1403"",hash: ""b42465c02d4e3072a7d53b397944cb97""})"
"(:VERTEX {memory address: ""7f63bd2e2000"",size: ""11000"",subtype: ""memory"",tgid: ""172956"",source: ""syscall"",type: ""Artifact"",version: ""1404"",hash: ""40aa06314aaa94edb91151abdb4e0989""})"
"(:VERTEX {memory address: ""7f63bd2e2000"",size: ""11000"",subtype: ""memory"",tgid: ""172956"",source: ""syscall"",type: ""Artifact"",version: ""1405"",hash: ""0aee709a0a2d84d6524a041c9ce266a2""})"
"(:VERTEX {memory address: ""7f63bd2e2000"",size: ""11000"",subtype: ""memory"",tgid: ""172956"",source: ""syscall"",type: ""Artifact"",version: ""1406"",hash: ""3e91139920ea035b09ab38f40ddca68c""})"
"(:VERTEX {memory address: ""7f63bd2e2000"",size: ""11000"",subtype: ""memory"",tgid: ""172956"",source: ""syscall"",type: ""Artifact"",version: ""1407"",hash: ""2e3bce58354e85522376d034b2b97e55""})"
"(:VERTEX {memory address: ""7f63bd2e2000"",size: ""11000"",subtype: ""memory"",tgid: ""172956"",source: ""syscall"",type: ""Artifact"",version: ""1408"",hash: ""66886e8eaacec8bed3ff9e261de8e49b""})"
"(:VERTEX {memory address: ""7f63bd2e2000"",size: ""11000"",subtype: ""memory"",tgid: ""172956"",source: ""syscall"",type: ""Artifact"",version: ""1409"",hash: ""f9b6e2182d725b9c8ae80ba62e11685c""})"
"(:VERTEX {memory address: ""7f63bd2e2000"",size: ""11000"",subtype: ""memory"",tgid: ""172956"",source: ""syscall"",type: ""Artifact"",version: ""1410"",hash: ""c39cd591cda09b641288c2a49d2d5753""})"
"(:VERTEX {memory address: ""7f63bd2e2000"",size: ""11000"",subtype: ""memory"",tgid: ""172956"",source: ""syscall"",type: ""Artifact"",version: ""1411"",hash: ""8f1eb9329967bd73fbd04886b524f785""})"
"(:VERTEX {memory address: ""7f63bd2e2000"",size: ""11000"",subtype: ""memory"",tgid: ""172956"",source: ""syscall"",type: ""Artifact"",version: ""1412"",hash: ""c96bd1d1d81384398aaac1d580269bce""})"
"(:VERTEX {remote port: ""47566"",epoch: ""0"",source: ""syscall"",type: ""Artifact"",version: ""0"",local port: ""8080"",net namespace: ""-1"",local address: ""0000:0000:0000:0000:0000:0000:0000:0000"",protocol: ""tcp"",subtype: ""network socket"",remote address: ""0000:0000:0000:0000:0000:FFFF:C0A8:2F80"",hash: ""693ad7d1451c480fc7413075f9562e32""})"
"(:VERTEX {remote port: ""42694"",epoch: ""0"",source: ""syscall"",type: ""Artifact"",version: ""0"",local port: ""7000"",net namespace: ""-1"",local address: ""0000:0000:0000:0000:0000:0000:0000:0000"",protocol: ""tcp"",subtype: ""network socket"",remote address: ""0000:0000:0000:0000:0000:FFFF:C0A8:2F80"",hash: ""a7a07c59c8b8afc2b2f50a52c5a69916""})"
"(:VERTEX {remote port: ""33246"",epoch: ""0"",source: ""syscall"",type: ""Artifact"",version: ""0"",local port: ""6379"",net namespace: ""-1"",local address: ""0.0.0.0"",protocol: ""tcp"",subtype: ""network socket"",remote address: ""192.168.47.128"",hash: ""54f23c26adfece6a6abdfdfc41d6284d""})"
"(:VERTEX {path: ""/sys/dev/loop6"",subtype: ""directory"",permissions: ""0755"",epoch: ""0"",source: ""syscall"",type: ""Artifact"",version: ""0"",hash: ""7099ba8c299e535d3777b43eb9e169b8""})"
"(:VERTEX {memory address: ""7fc7f7f96000"",size: ""1000"",subtype: ""memory"",tgid: ""181855"",source: ""syscall"",type: ""Artifact"",version: ""0"",hash: ""bb227be4946e4626d6a95bf308b75bcd""})"
"(:VERTEX {gid: ""0"",euid: ""999"",children pid namespace: ""-1"",pid: ""181855"",seen time: ""1693402022.374"",source: ""syscall"",type: ""Process"",net namespace: ""-1"",ipc namespace: ""-1"",ppid: ""181825"",pid namespace: ""-1"",uid: ""999"",egid: ""0"",exe: ""/usr/bin/check-status"",mount namespace: ""-1"",name: ""check-status"",hash: ""8f98547eb2e690303bd0b2e6db997931"",user namespace: ""-1""})"
"(:VERTEX {memory address: ""7f63bd2e2000"",size: ""11000"",subtype: ""memory"",tgid: ""172956"",source: ""syscall"",type: ""Artifact"",version: ""1413"",hash: ""4d24466cd46ccc30aa0e05823864e74b""})"
"(:VERTEX {memory address: ""7f63bd2e2000"",size: ""11000"",subtype: ""memory"",tgid: ""172956"",source: ""syscall"",type: ""Artifact"",version: ""1414"",hash: ""9675ad564cc16f8996287af52c9dbe33""})"
"(:VERTEX {memory address: ""7f63bd2e2000"",size: ""11000"",subtype: ""memory"",tgid: ""172956"",source: ""syscall"",type: ""Artifact"",version: ""1415"",hash: ""4f5bcb385bb26583d52cb4ebbebb8008""})"
"(:VERTEX {memory address: ""7f63bd2e2000"",size: ""11000"",subtype: ""memory"",tgid: ""172956"",source: ""syscall"",type: ""Artifact"",version: ""1416"",hash: ""330d6fef7b9865eac100c86c48f9c83a""})"
"(:VERTEX {memory address: ""7f63bd2e2000"",size: ""11000"",subtype: ""memory"",tgid: ""172956"",source: ""syscall"",type: ""Artifact"",version: ""1417"",hash: ""90e6b124aa0f71a9cdcafd819c728370""})"
"(:VERTEX {memory address: ""7f63bd2e2000"",size: ""11000"",subtype: ""memory"",tgid: ""172956"",source: ""syscall"",type: ""Artifact"",version: ""1418"",hash: ""db4e99262b515ddfe68d9b5b02fba5b3""})"
"(:VERTEX {memory address: ""7f63bd2e2000"",size: ""11000"",subtype: ""memory"",tgid: ""172956"",source: ""syscall"",type: ""Artifact"",version: ""1419"",hash: ""65d530ea1f6b95fedf20df8f51eb5b5f""})"
"(:VERTEX {memory address: ""7f63bd2f1000"",size: ""2000"",subtype: ""memory"",tgid: ""172956"",source: ""syscall"",type: ""Artifact"",version: ""96"",hash: ""fc697e0f3e8cdc9894e010b01872f838""})"
"(:VERTEX {memory address: ""7f63bd2e8000"",size: ""9000"",subtype: ""memory"",tgid: ""172956"",source: ""syscall"",type: ""Artifact"",version: ""32"",hash: ""107e7532aa66e7bb436ff361966867cc""})"
"(:VERTEX {memory address: ""7f63bd1bd000"",size: ""9000"",subtype: ""memory"",tgid: ""172956"",source: ""syscall"",type: ""Artifact"",version: ""292"",hash: ""3e79ceec38c6cf2ec63b8a335bcda4fb""})"
"(:VERTEX {memory address: ""7f63bb15d000"",size: ""9000"",subtype: ""memory"",tgid: ""172956"",source: ""syscall"",type: ""Artifact"",version: ""164"",hash: ""e32a21eebb43ac2edcdecb9dab0d5d12""})"
"(:VERTEX {memory address: ""7f63bb11c000"",size: ""9000"",subtype: ""memory"",tgid: ""172956"",source: ""syscall"",type: ""Artifact"",version: ""296"",hash: ""14e04c9bf021adfab4cdca88b6c7a732""})"
"(:VERTEX {memory address: ""7f63bb11c000"",size: ""9000"",subtype: ""memory"",tgid: ""172956"",source: ""syscall"",type: ""Artifact"",version: ""297"",hash: ""02750633d902997fcaffce9232daf1ed""})"
"(:VERTEX {memory address: ""7f63bb113000"",size: ""9000"",subtype: ""memory"",tgid: ""172956"",source: ""syscall"",type: ""Artifact"",version: ""252"",hash: ""a28bdaf42bae22df5405386f64f4a1a1""})"
"(:VERTEX {memory address: ""7f63bb10b000"",size: ""11000"",subtype: ""memory"",tgid: ""172956"",source: ""syscall"",type: ""Artifact"",version: ""29"",hash: ""c6f244df224e8fec2556d8053473e9b7""})"
"(:VERTEX {memory address: ""7f63bb113000"",size: ""9000"",subtype: ""memory"",tgid: ""172956"",source: ""syscall"",type: ""Artifact"",version: ""253"",hash: ""b0dc21c32b95315ea060dbbdb596c35b""})"
"(:VERTEX {memory address: ""7f63bb10a000"",size: ""9000"",subtype: ""memory"",tgid: ""172956"",source: ""syscall"",type: ""Artifact"",version: ""205"",hash: ""5a61f687a2d41a8ad0fa749a549cbb95""})"
"(:VERTEX {memory address: ""7f63bb113000"",size: ""9000"",subtype: ""memory"",tgid: ""172956"",source: ""syscall"",type: ""Artifact"",version: ""254"",hash: ""97d99a2d8a26e3bda52124d235288b97""})"
"(:VERTEX {memory address: ""7f63bb113000"",size: ""9000"",subtype: ""memory"",tgid: ""172956"",source: ""syscall"",type: ""Artifact"",version: ""255"",hash: ""448b03b174440dbb93feb80c4821694d""})"
"(:VERTEX {memory address: ""7f63bb15d000"",size: ""9000"",subtype: ""memory"",tgid: ""172956"",source: ""syscall"",type: ""Artifact"",version: ""165"",hash: ""23d3407a2f65b22d8aa2a4126b444811""})"
"(:VERTEX {memory address: ""7f63bb11c000"",size: ""9000"",subtype: ""memory"",tgid: ""172956"",source: ""syscall"",type: ""Artifact"",version: ""298"",hash: ""5723efd29443125e6b9708cf8af99323""})"
"(:VERTEX {memory address: ""7f63bb113000"",size: ""9000"",subtype: ""memory"",tgid: ""172956"",source: ""syscall"",type: ""Artifact"",version: ""256"",hash: ""d184a421a67cb61aefe6373a5214aa57""})"
"(:VERTEX {memory address: ""7f63bb10a000"",size: ""9000"",subtype: ""memory"",tgid: ""172956"",source: ""syscall"",type: ""Artifact"",version: ""206"",hash: ""12f032334ba40b15f6912693a6d044d6""})"
"(:VERTEX {memory address: ""7f63bd2e4000"",size: ""4000"",subtype: ""memory"",tgid: ""172956"",source: ""syscall"",type: ""Artifact"",version: ""28"",hash: ""0e222c31edfed8b3fcf9a5755c985759""})"
"(:VERTEX {memory address: ""7f63bd2e2000"",size: ""11000"",subtype: ""memory"",tgid: ""172956"",source: ""syscall"",type: ""Artifact"",version: ""1420"",hash: ""0c944e0deb8a7551e4804d5dce3b7489""})"
"(:VERTEX {remote port: ""41330"",epoch: ""0"",source: ""syscall"",type: ""Artifact"",version: ""0"",local port: ""50051"",net namespace: ""-1"",local address: ""0000:0000:0000:0000:0000:0000:0000:0000"",protocol: ""tcp"",subtype: ""network socket"",remote address: ""0000:0000:0000:0000:0000:FFFF:C0A8:2F80"",hash: ""c6360741909528a750d010b39de0de6f""})"
"(:VERTEX {memory address: ""7f63bd2e2000"",size: ""11000"",subtype: ""memory"",tgid: ""172956"",source: ""syscall"",type: ""Artifact"",version: ""1421"",hash: ""69c1caca5b942c6ac16acaf2e907dcee""})"
"(:VERTEX {memory address: ""7f63bd2e2000"",size: ""11000"",subtype: ""memory"",tgid: ""172956"",source: ""syscall"",type: ""Artifact"",version: ""1422"",hash: ""0203840fc97a08e0c25610ce60355a20""})"
"(:VERTEX {memory address: ""7f63bd2e2000"",size: ""11000"",subtype: ""memory"",tgid: ""172956"",source: ""syscall"",type: ""Artifact"",version: ""1423"",hash: ""f42379b184a4b18ce2cea58acba6348e""})"
"(:VERTEX {memory address: ""7f63bd2e2000"",size: ""11000"",subtype: ""memory"",tgid: ""172956"",source: ""syscall"",type: ""Artifact"",version: ""1424"",hash: ""652ba0a7358fe22e0a66138734784541""})"
"(:VERTEX {memory address: ""7f63bd2e2000"",size: ""11000"",subtype: ""memory"",tgid: ""172956"",source: ""syscall"",type: ""Artifact"",version: ""1425"",hash: ""1c6bc52e971530cae8eba7f70c258a1c""})"
"(:VERTEX {memory address: ""7f63bd2f1000"",size: ""2000"",subtype: ""memory"",tgid: ""172956"",source: ""syscall"",type: ""Artifact"",version: ""97"",hash: ""75cdf11a3fe9861a9aab5f23c1db0ac9""})"
"(:VERTEX {memory address: ""7f63bd2e8000"",size: ""9000"",subtype: ""memory"",tgid: ""172956"",source: ""syscall"",type: ""Artifact"",version: ""33"",hash: ""2b19c1a07280ec7f2e8f700ee13aa879""})"
"(:VERTEX {memory address: ""7f63bd1bd000"",size: ""9000"",subtype: ""memory"",tgid: ""172956"",source: ""syscall"",type: ""Artifact"",version: ""293"",hash: ""20786de103157ec02a7417c072f9ad56""})"
"(:VERTEX {memory address: ""7f63bb15d000"",size: ""9000"",subtype: ""memory"",tgid: ""172956"",source: ""syscall"",type: ""Artifact"",version: ""166"",hash: ""692fd582d3b3377eb293f5d27c5586cc""})"
"(:VERTEX {memory address: ""7f63bb11c000"",size: ""9000"",subtype: ""memory"",tgid: ""172956"",source: ""syscall"",type: ""Artifact"",version: ""299"",hash: ""749aa3f04d7dbf0c18bd65f8ba869ac5""})"
"(:VERTEX {memory address: ""7f63bd1e6000"",size: ""7000"",subtype: ""memory"",tgid: ""172956"",source: ""syscall"",type: ""Artifact"",version: ""227"",hash: ""bf899aa0a503bbfd8982ad73d2d649a9""})"
"(:VERTEX {memory address: ""7f63bb113000"",size: ""9000"",subtype: ""memory"",tgid: ""172956"",source: ""syscall"",type: ""Artifact"",version: ""257"",hash: ""61b9cd3b2235d5bdda5ec2b46122a1c8""})"
"(:VERTEX {memory address: ""7f63bb10b000"",size: ""11000"",subtype: ""memory"",tgid: ""172956"",source: ""syscall"",type: ""Artifact"",version: ""30"",hash: ""35144685de29d5bd95d54850c3351545""})"
"(:VERTEX {memory address: ""7f63bb113000"",size: ""9000"",subtype: ""memory"",tgid: ""172956"",source: ""syscall"",type: ""Artifact"",version: ""258"",hash: ""c118da1550525fdf6125a018ef060c7e""})"
"(:VERTEX {memory address: ""7f63bb114000"",size: ""8000"",subtype: ""memory"",tgid: ""172956"",source: ""syscall"",type: ""Artifact"",version: ""7"",hash: ""48625929381ab88ec750cbb9051d4dc5""})"
"(:VERTEX {memory address: ""7f63bb113000"",size: ""9000"",subtype: ""memory"",tgid: ""172956"",source: ""syscall"",type: ""Artifact"",version: ""259"",hash: ""418cc72b4303522dcbae521013b3a0c3""})"
"(:VERTEX {memory address: ""7f63bd1bd000"",size: ""9000"",subtype: ""memory"",tgid: ""172956"",source: ""syscall"",type: ""Artifact"",version: ""294"",hash: ""e016a9f0d6741991d98f91e54e85c367""})"
"(:VERTEX {memory address: ""7f63bd2e4000"",size: ""4000"",subtype: ""memory"",tgid: ""172956"",source: ""syscall"",type: ""Artifact"",version: ""29"",hash: ""542cc4c2fd87548c2fda7ea4f199c162""})"
"(:VERTEX {memory address: ""7f63bb114000"",size: ""11000"",subtype: ""memory"",tgid: ""172956"",source: ""syscall"",type: ""Artifact"",version: ""390"",hash: ""abc4c09fba261e9263a90f24aaf58dd9""})"
"(:VERTEX {memory address: ""7f63bd2e2000"",size: ""11000"",subtype: ""memory"",tgid: ""172956"",source: ""syscall"",type: ""Artifact"",version: ""1426"",hash: ""fc9ced5a5b8cc0c788c424b636c8214f""})"
"(:VERTEX {gid: ""0"",euid: ""999"",children pid namespace: ""-1"",pid: ""174036"",seen time: ""1693401723.534"",source: ""syscall"",type: ""Process"",net namespace: ""-1"",ipc namespace: ""-1"",ppid: ""3207"",pid namespace: ""-1"",uid: ""999"",egid: ""0"",exe: ""/usr/bin/kube-controllers"",mount namespace: ""-1"",name: ""kube-controller"",hash: ""2e9ad92fc09b1d07949ff7bbb6f8b684"",user namespace: ""-1""})"
"(:VERTEX {memory address: ""7f63bd2e2000"",size: ""11000"",subtype: ""memory"",tgid: ""172956"",source: ""syscall"",type: ""Artifact"",version: ""1427"",hash: ""ed6b26a18f152ae3e20f155ed11eb865""})"
"(:VERTEX {memory address: ""7f63bd2e2000"",size: ""11000"",subtype: ""memory"",tgid: ""172956"",source: ""syscall"",type: ""Artifact"",version: ""1428"",hash: ""429935089a067a09d8cc4ad9b79515d0""})"
"(:VERTEX {memory address: ""7f63bd2e2000"",size: ""11000"",subtype: ""memory"",tgid: ""172956"",source: ""syscall"",type: ""Artifact"",version: ""1429"",hash: ""35b6b9c377b69ab1c113acca6f8ed42d""})"
"(:VERTEX {memory address: ""7f63bd2e2000"",size: ""11000"",subtype: ""memory"",tgid: ""172956"",source: ""syscall"",type: ""Artifact"",version: ""1430"",hash: ""86306870fefda59ed75005171dfe5600""})"
"(:VERTEX {memory address: ""7f63bd2e2000"",size: ""11000"",subtype: ""memory"",tgid: ""172956"",source: ""syscall"",type: ""Artifact"",version: ""1431"",hash: ""febd4bb0e224ecfe7b887076ff2e825e""})"
"(:VERTEX {memory address: ""7f63bd2e2000"",size: ""11000"",subtype: ""memory"",tgid: ""172956"",source: ""syscall"",type: ""Artifact"",version: ""1432"",hash: ""d3104906e2fa9f8ea4dfc53a0f7ff374""})"
"(:VERTEX {memory address: ""7f63bd2e2000"",size: ""11000"",subtype: ""memory"",tgid: ""172956"",source: ""syscall"",type: ""Artifact"",version: ""1433"",hash: ""8f018a59408a31d317c6b1d3bd61b584""})"
"(:VERTEX {memory address: ""7f63bd2e2000"",size: ""11000"",subtype: ""memory"",tgid: ""172956"",source: ""syscall"",type: ""Artifact"",version: ""1434"",hash: ""1174c199d2a1eeeba13ddbf4f96edbe9""})"
"(:VERTEX {memory address: ""7f63bd2e2000"",size: ""11000"",subtype: ""memory"",tgid: ""172956"",source: ""syscall"",type: ""Artifact"",version: ""1435"",hash: ""8d8465cc001ef2ebe81efafe9eb2f344""})"
"(:VERTEX {memory address: ""7f63bd2e2000"",size: ""11000"",subtype: ""memory"",tgid: ""172956"",source: ""syscall"",type: ""Artifact"",version: ""1436"",hash: ""a5e96c88dccf851aaf1d649c91c46d9d""})"
"(:VERTEX {memory address: ""7f63bd2e2000"",size: ""11000"",subtype: ""memory"",tgid: ""172956"",source: ""syscall"",type: ""Artifact"",version: ""1437"",hash: ""572d83765091c3b9ed68dc7b451bf40d""})"
"(:VERTEX {memory address: ""7f63bd2e2000"",size: ""11000"",subtype: ""memory"",tgid: ""172956"",source: ""syscall"",type: ""Artifact"",version: ""1438"",hash: ""8eaad97f9cfffad0dbd87d8b6f2888e1""})"
"(:VERTEX {memory address: ""7f17b7809000"",size: ""11000"",subtype: ""memory"",tgid: ""173004"",source: ""syscall"",type: ""Artifact"",version: ""109"",hash: ""fd541b468f039de88dd15baca7e9aae6""})"
"(:VERTEX {memory address: ""7f17b78ad000"",size: ""7000"",subtype: ""memory"",tgid: ""173004"",source: ""syscall"",type: ""Artifact"",version: ""29"",hash: ""263cbb2d473658c8f382b9be59770b0d""})"
"(:VERTEX {memory address: ""7f17b78fc000"",size: ""2000"",subtype: ""memory"",tgid: ""173004"",source: ""syscall"",type: ""Artifact"",version: ""6"",hash: ""95856ba1b592a14014eefe3cc21f55f4""})"
"(:VERTEX {memory address: ""7f17b78ad000"",size: ""7000"",subtype: ""memory"",tgid: ""173004"",source: ""syscall"",type: ""Artifact"",version: ""30"",hash: ""cb215603c7c3fbcfb7f9fc417c73193f""})"
"(:VERTEX {memory address: ""7f17b78fc000"",size: ""2000"",subtype: ""memory"",tgid: ""173004"",source: ""syscall"",type: ""Artifact"",version: ""7"",hash: ""7c3908e152bfc8faa80dc794ace462dd""})"
"(:VERTEX {memory address: ""7f17b7809000"",size: ""11000"",subtype: ""memory"",tgid: ""173004"",source: ""syscall"",type: ""Artifact"",version: ""110"",hash: ""c87d65241b182db6b33c06b23d5911d6""})"
"(:VERTEX {memory address: ""7f63bd2e2000"",size: ""11000"",subtype: ""memory"",tgid: ""172956"",source: ""syscall"",type: ""Artifact"",version: ""1439"",hash: ""bdfde5d12ff41ebdb7faca102c470810""})"
"(:VERTEX {memory address: ""7f63bd2e2000"",size: ""11000"",subtype: ""memory"",tgid: ""172956"",source: ""syscall"",type: ""Artifact"",version: ""1440"",hash: ""75909fe294a6071b8b05d84129f0f690""})"
"(:VERTEX {memory address: ""7f63bd2e2000"",size: ""11000"",subtype: ""memory"",tgid: ""172956"",source: ""syscall"",type: ""Artifact"",version: ""1441"",hash: ""b488e04027ef5ae3e0883f9fdae86264""})"
"(:VERTEX {memory address: ""7f63bd2e2000"",size: ""11000"",subtype: ""memory"",tgid: ""172956"",source: ""syscall"",type: ""Artifact"",version: ""1442"",hash: ""4ab7f0f7fe0c856912d70c5e408b23bc""})"
"(:VERTEX {memory address: ""7f63bd2e2000"",size: ""11000"",subtype: ""memory"",tgid: ""172956"",source: ""syscall"",type: ""Artifact"",version: ""1443"",hash: ""258b91e8c0840380ff702f098eac9355""})"
"(:VERTEX {memory address: ""7f63bd2e2000"",size: ""11000"",subtype: ""memory"",tgid: ""172956"",source: ""syscall"",type: ""Artifact"",version: ""1444"",hash: ""3f956ab2bf559ecdb08b9d08eaf709a1""})"
"(:VERTEX {memory address: ""7f63bd2e2000"",size: ""11000"",subtype: ""memory"",tgid: ""172956"",source: ""syscall"",type: ""Artifact"",version: ""1445"",hash: ""6f464ddb287b4ca8bc9fbf4fcb81e829""})"
"(:VERTEX {memory address: ""7f63bd2e2000"",size: ""11000"",subtype: ""memory"",tgid: ""172956"",source: ""syscall"",type: ""Artifact"",version: ""1446"",hash: ""18b481fa54180b6781e70ed9a843ff51""})"
"(:VERTEX {memory address: ""7f63bd2e2000"",size: ""11000"",subtype: ""memory"",tgid: ""172956"",source: ""syscall"",type: ""Artifact"",version: ""1447"",hash: ""aa3bd480625919b147943232c0470a46""})"
"(:VERTEX {memory address: ""7f63bd2e2000"",size: ""11000"",subtype: ""memory"",tgid: ""172956"",source: ""syscall"",type: ""Artifact"",version: ""1448"",hash: ""6bcacdb363e6085fbc7fdb6106dbc7b4""})"
"(:VERTEX {memory address: ""7f63bd2e2000"",size: ""11000"",subtype: ""memory"",tgid: ""172956"",source: ""syscall"",type: ""Artifact"",version: ""1449"",hash: ""22059bb8bf7a9902cecde64e8829ee7e""})"
"(:VERTEX {memory address: ""3030c7dc0000"",size: ""40000"",subtype: ""memory"",tgid: ""172956"",source: ""syscall"",type: ""Artifact"",version: ""55"",hash: ""d154911a72041351cf53c6d761c9c13e""})"
"(:VERTEX {memory address: ""7cb45600000"",size: ""40000"",subtype: ""memory"",tgid: ""172956"",source: ""syscall"",type: ""Artifact"",version: ""55"",hash: ""cdafe88ac3b0ccdcefac653fd2aaceb7""})"
"(:VERTEX {memory address: ""31798280000"",size: ""40000"",subtype: ""memory"",tgid: ""172956"",source: ""syscall"",type: ""Artifact"",version: ""55"",hash: ""d0e13aaeb2ee39bc3020b525a3a0d1e2""})"
"(:VERTEX {memory address: ""11f76ac0000"",size: ""40000"",subtype: ""memory"",tgid: ""172956"",source: ""syscall"",type: ""Artifact"",version: ""55"",hash: ""4c456cce5ebf02e04d5cc56e672a892a""})"
"(:VERTEX {memory address: ""7f63bd2ef000"",size: ""4000"",subtype: ""memory"",tgid: ""172956"",source: ""syscall"",type: ""Artifact"",version: ""58"",hash: ""a56a3ff40b8e7a4e3416ee78aad4b3fa""})"
"(:VERTEX {memory address: ""7f63bd2eb000"",size: ""4000"",subtype: ""memory"",tgid: ""172956"",source: ""syscall"",type: ""Artifact"",version: ""49"",hash: ""eb5906d9f6c4a28964da30cd605b835d""})"
"(:VERTEX {memory address: ""1dce6d6c0000"",size: ""40000"",subtype: ""memory"",tgid: ""172956"",source: ""syscall"",type: ""Artifact"",version: ""5"",hash: ""45c3a7a2ff12423a3887792440ec4f34""})"
"(:VERTEX {memory address: ""24c73be40000"",size: ""40000"",subtype: ""memory"",tgid: ""172956"",source: ""syscall"",type: ""Artifact"",version: ""5"",hash: ""1f19d2290e6e1da4a4f9acb9a745961d""})"
"(:VERTEX {memory address: ""ce06300000"",size: ""40000"",subtype: ""memory"",tgid: ""172956"",source: ""syscall"",type: ""Artifact"",version: ""5"",hash: ""f07614a03c78a8ed72b5a6d280b7348e""})"
"(:VERTEX {memory address: ""1c0561980000"",size: ""40000"",subtype: ""memory"",tgid: ""172956"",source: ""syscall"",type: ""Artifact"",version: ""5"",hash: ""7c96ebc4f147a3877e584f130c4bac4b""})"
"(:VERTEX {memory address: ""7f63bd2e2000"",size: ""11000"",subtype: ""memory"",tgid: ""172956"",source: ""syscall"",type: ""Artifact"",version: ""1450"",hash: ""7df0620f343fef2c2f56c7de8c9332e2""})"
"(:VERTEX {memory address: ""7f63bd2e2000"",size: ""11000"",subtype: ""memory"",tgid: ""172956"",source: ""syscall"",type: ""Artifact"",version: ""1451"",hash: ""a4b8ca49c2c875a51f72290b04b484c3""})"
"(:VERTEX {memory address: ""7f63bd2e2000"",size: ""11000"",subtype: ""memory"",tgid: ""172956"",source: ""syscall"",type: ""Artifact"",version: ""1452"",hash: ""91271ae2e06ac0422254620c97bcbbf3""})"
"(:VERTEX {memory address: ""7f63bd2e2000"",size: ""11000"",subtype: ""memory"",tgid: ""172956"",source: ""syscall"",type: ""Artifact"",version: ""1453"",hash: ""dd8c07daa78c6318753e318172838c2d""})"
"(:VERTEX {memory address: ""7f63bd2e2000"",size: ""11000"",subtype: ""memory"",tgid: ""172956"",source: ""syscall"",type: ""Artifact"",version: ""1454"",hash: ""ed7b51d8f43e4ec7d1b1bf0032577af4""})"
"(:VERTEX {memory address: ""7f63bd2e2000"",size: ""11000"",subtype: ""memory"",tgid: ""172956"",source: ""syscall"",type: ""Artifact"",version: ""1455"",hash: ""d5c28cf2a838d3d96f50bbdee70d1b25""})"
"(:VERTEX {memory address: ""7f63bd2e2000"",size: ""11000"",subtype: ""memory"",tgid: ""172956"",source: ""syscall"",type: ""Artifact"",version: ""1456"",hash: ""dd874b33bf3e77eb2a166b3c9176f4dd""})"
"(:VERTEX {memory address: ""7f63bd2e2000"",size: ""11000"",subtype: ""memory"",tgid: ""172956"",source: ""syscall"",type: ""Artifact"",version: ""1457"",hash: ""120b43ed1588bed09117f6e5f40e9b4f""})"
"(:VERTEX {memory address: ""7f63bd2e2000"",size: ""11000"",subtype: ""memory"",tgid: ""172956"",source: ""syscall"",type: ""Artifact"",version: ""1458"",hash: ""f588ff6e65442aa2f247a0ed274e80d5""})"
"(:VERTEX {memory address: ""7f63bd2e2000"",size: ""11000"",subtype: ""memory"",tgid: ""172956"",source: ""syscall"",type: ""Artifact"",version: ""1459"",hash: ""e985aeaaf777f4e208f0a4a26508e39c""})"
"(:VERTEX {memory address: ""7f63bd2e2000"",size: ""11000"",subtype: ""memory"",tgid: ""172956"",source: ""syscall"",type: ""Artifact"",version: ""1460"",hash: ""497f2c452d2af65702182173ca30d99f""})"
"(:VERTEX {memory address: ""7f17b7809000"",size: ""11000"",subtype: ""memory"",tgid: ""173004"",source: ""syscall"",type: ""Artifact"",version: ""111"",hash: ""c04e2999c9fcbf12981bbddef1ca5736""})"
"(:VERTEX {memory address: ""7f17b7809000"",size: ""11000"",subtype: ""memory"",tgid: ""173004"",source: ""syscall"",type: ""Artifact"",version: ""112"",hash: ""f6937ab9501450347c8090a17817f32b""})"
"(:VERTEX {memory address: ""7f63bd2e2000"",size: ""11000"",subtype: ""memory"",tgid: ""172956"",source: ""syscall"",type: ""Artifact"",version: ""1461"",hash: ""f87f3bee83bb10d3ed7497c8c56b2600""})"
"(:VERTEX {memory address: ""7f63bd2e2000"",size: ""11000"",subtype: ""memory"",tgid: ""172956"",source: ""syscall"",type: ""Artifact"",version: ""1462"",hash: ""bd4b597c3854a33ddbc9a09793a28efe""})"
"(:VERTEX {memory address: ""7f63bd2e2000"",size: ""11000"",subtype: ""memory"",tgid: ""172956"",source: ""syscall"",type: ""Artifact"",version: ""1463"",hash: ""4e25db12431f08a9c22cb767d4fed89a""})"
"(:VERTEX {memory address: ""7f63bd2e2000"",size: ""11000"",subtype: ""memory"",tgid: ""172956"",source: ""syscall"",type: ""Artifact"",version: ""1464"",hash: ""76622cc7358f1e78c42f89473c1ac7ec""})"
"(:VERTEX {memory address: ""7f63bd2e2000"",size: ""11000"",subtype: ""memory"",tgid: ""172956"",source: ""syscall"",type: ""Artifact"",version: ""1465"",hash: ""c364c35dd7a852e74bdd5e3d7fb29fa4""})"
"(:VERTEX {memory address: ""7f63bd2f1000"",size: ""2000"",subtype: ""memory"",tgid: ""172956"",source: ""syscall"",type: ""Artifact"",version: ""98"",hash: ""2faa125be8f3255a6208d5c119a372b3""})"
"(:VERTEX {memory address: ""7f63bd2e8000"",size: ""9000"",subtype: ""memory"",tgid: ""172956"",source: ""syscall"",type: ""Artifact"",version: ""34"",hash: ""83195f55aa5e0fe2b32281fa44cd5901""})"
"(:VERTEX {memory address: ""7f63bd2e6000"",size: ""2000"",subtype: ""memory"",tgid: ""172956"",source: ""syscall"",type: ""Artifact"",version: ""8"",hash: ""af23db6e7676c880698c15bdf4258809""})"
"(:VERTEX {memory address: ""7f63bd1bd000"",size: ""9000"",subtype: ""memory"",tgid: ""172956"",source: ""syscall"",type: ""Artifact"",version: ""295"",hash: ""c81e35fbb3223569eda7a85b6784d59e""})"
"(:VERTEX {memory address: ""7f63bd1e6000"",size: ""7000"",subtype: ""memory"",tgid: ""172956"",source: ""syscall"",type: ""Artifact"",version: ""228"",hash: ""ac282a7cad242530cc9fae196fdd82fb""})"
"(:VERTEX {memory address: ""7f63bb15d000"",size: ""9000"",subtype: ""memory"",tgid: ""172956"",source: ""syscall"",type: ""Artifact"",version: ""167"",hash: ""f27aa12e1189744fe86050d024780b32""})"
"(:VERTEX {memory address: ""7f63bb11c000"",size: ""9000"",subtype: ""memory"",tgid: ""172956"",source: ""syscall"",type: ""Artifact"",version: ""300"",hash: ""ac6edcfd0eda7e5b7d4702ef1e07b683""})"
"(:VERTEX {memory address: ""7f63bb113000"",size: ""9000"",subtype: ""memory"",tgid: ""172956"",source: ""syscall"",type: ""Artifact"",version: ""260"",hash: ""6493d6b5ac1c10ef2905660af06e46fa""})"
"(:VERTEX {memory address: ""7f63bb15d000"",size: ""9000"",subtype: ""memory"",tgid: ""172956"",source: ""syscall"",type: ""Artifact"",version: ""168"",hash: ""f84491fdb10b0fb52f4fca9008009e02""})"
"(:VERTEX {memory address: ""7f63bb0e9000"",size: ""11000"",subtype: ""memory"",tgid: ""172956"",source: ""syscall"",type: ""Artifact"",version: ""6"",hash: ""8d559284ccdbfce95ced1c7e7a48c271""})"
"(:VERTEX {memory address: ""7f63bb10a000"",size: ""9000"",subtype: ""memory"",tgid: ""172956"",source: ""syscall"",type: ""Artifact"",version: ""207"",hash: ""1399a60ea569fe5574adc0ec4ac317e0""})"
"(:VERTEX {memory address: ""7f63bb10a000"",size: ""9000"",subtype: ""memory"",tgid: ""172956"",source: ""syscall"",type: ""Artifact"",version: ""208"",hash: ""f7ef2b9c13dbb2d2008e66ed647d608d""})"
"(:VERTEX {memory address: ""7f63bb0f1000"",size: ""9000"",subtype: ""memory"",tgid: ""172956"",source: ""syscall"",type: ""Artifact"",version: ""95"",hash: ""916374bb86713b5cb91a1ba65f0e04cf""})"
"(:VERTEX {memory address: ""7f63bb0e8000"",size: ""9000"",subtype: ""memory"",tgid: ""172956"",source: ""syscall"",type: ""Artifact"",version: ""105"",hash: ""93ace3be04c3887774df210f6bb8910c""})"
"(:VERTEX {memory address: ""7f63bb0df000"",size: ""9000"",subtype: ""memory"",tgid: ""172956"",source: ""syscall"",type: ""Artifact"",version: ""77"",hash: ""eab6d53320d0108af4474ed3c3dff509""})"
"(:VERTEX {memory address: ""7f63bb0d6000"",size: ""9000"",subtype: ""memory"",tgid: ""172956"",source: ""syscall"",type: ""Artifact"",version: ""98"",hash: ""f58cae9e2a65efee97f821e0b4368dae""})"
"(:VERTEX {memory address: ""7f63bb0cd000"",size: ""9000"",subtype: ""memory"",tgid: ""172956"",source: ""syscall"",type: ""Artifact"",version: ""86"",hash: ""ca053bb7e73e8a1ffd730cf67cf5e1a9""})"
"(:VERTEX {memory address: ""7f63bb0a4000"",size: ""9000"",subtype: ""memory"",tgid: ""172956"",source: ""syscall"",type: ""Artifact"",version: ""16"",hash: ""8e7d03d2c1824fd30bff4cd6b55af288""})"
"(:VERTEX {memory address: ""7f63bb0f1000"",size: ""9000"",subtype: ""memory"",tgid: ""172956"",source: ""syscall"",type: ""Artifact"",version: ""96"",hash: ""6b294818b50f107acc69169812d02696""})"
"(:VERTEX {memory address: ""7f63bb0df000"",size: ""9000"",subtype: ""memory"",tgid: ""172956"",source: ""syscall"",type: ""Artifact"",version: ""78"",hash: ""4e635efd264f9153f22fe9b7d5b2c984""})"
"(:VERTEX {memory address: ""7f63bb0cd000"",size: ""9000"",subtype: ""memory"",tgid: ""172956"",source: ""syscall"",type: ""Artifact"",version: ""87"",hash: ""0640f3fee02661c98639b32b7e2ab8a4""})"
"(:VERTEX {memory address: ""7f63bb09a000"",size: ""a000"",subtype: ""memory"",tgid: ""172956"",source: ""syscall"",type: ""Artifact"",version: ""0"",hash: ""3fd90ad027471628207a24220b427d76""})"
"(:VERTEX {memory address: ""7f63bb0df000"",size: ""9000"",subtype: ""memory"",tgid: ""172956"",source: ""syscall"",type: ""Artifact"",version: ""79"",hash: ""8a6d0a17e0e1cfcdffdede2c515ac4ec""})"
"(:VERTEX {memory address: ""7f63bb0cd000"",size: ""9000"",subtype: ""memory"",tgid: ""172956"",source: ""syscall"",type: ""Artifact"",version: ""88"",hash: ""a9861fbfae869a148aec75f2f7399c65""})"
"(:VERTEX {memory address: ""7f63bb091000"",size: ""9000"",subtype: ""memory"",tgid: ""172956"",source: ""syscall"",type: ""Artifact"",version: ""3"",hash: ""bb9b248784e359e683d040ef1bf07b65""})"
"(:VERTEX {memory address: ""7f63bb0df000"",size: ""9000"",subtype: ""memory"",tgid: ""172956"",source: ""syscall"",type: ""Artifact"",version: ""80"",hash: ""504e4f7e46a11e322bd62dcf0c0d621e""})"
"(:VERTEX {memory address: ""7f63bb0df000"",size: ""9000"",subtype: ""memory"",tgid: ""172956"",source: ""syscall"",type: ""Artifact"",version: ""81"",hash: ""c1750c989e18f79a8e38f5b517032282""})"
"(:VERTEX {memory address: ""7f63bb0cd000"",size: ""9000"",subtype: ""memory"",tgid: ""172956"",source: ""syscall"",type: ""Artifact"",version: ""89"",hash: ""81d13c751795e26a9044c777414304f4""})"
"(:VERTEX {memory address: ""7f63bb0df000"",size: ""9000"",subtype: ""memory"",tgid: ""172956"",source: ""syscall"",type: ""Artifact"",version: ""82"",hash: ""2adbcdfe26845c2e14c1ab5468d48244""})"
"(:VERTEX {memory address: ""7f63bb09b000"",size: ""9000"",subtype: ""memory"",tgid: ""172956"",source: ""syscall"",type: ""Artifact"",version: ""24"",hash: ""51bceaf21ad170629841d39e79f19246""})"
"(:VERTEX {memory address: ""7f63bb092000"",size: ""9000"",subtype: ""memory"",tgid: ""172956"",source: ""syscall"",type: ""Artifact"",version: ""16"",hash: ""b2707b9b3aaa7c9394b0abf7b51941c4""})"
"(:VERTEX {memory address: ""7f63bb089000"",size: ""9000"",subtype: ""memory"",tgid: ""172956"",source: ""syscall"",type: ""Artifact"",version: ""13"",hash: ""d20f4a0d7f1c48601ca5abe393ff70aa""})"
"(:VERTEX {memory address: ""7f63bb080000"",size: ""9000"",subtype: ""memory"",tgid: ""172956"",source: ""syscall"",type: ""Artifact"",version: ""11"",hash: ""13fa969ccf21f128666f1428783d36d1""})"
"(:VERTEX {memory address: ""7f63bb0e0000"",size: ""8000"",subtype: ""memory"",tgid: ""172956"",source: ""syscall"",type: ""Artifact"",version: ""1"",hash: ""9128be69f043475044ef895db6c5ca33""})"
"(:VERTEX {memory address: ""7f63bb09b000"",size: ""9000"",subtype: ""memory"",tgid: ""172956"",source: ""syscall"",type: ""Artifact"",version: ""25"",hash: ""7d2f9c340bce3ac34de29df4d98b6568""})"
"(:VERTEX {memory address: ""7f63bb095000"",size: ""f000"",subtype: ""memory"",tgid: ""172956"",source: ""syscall"",type: ""Artifact"",version: ""0"",hash: ""afe68dd420fda8b6e16822fdf5570a97""})"
"(:VERTEX {memory address: ""7f63bb0df000"",size: ""9000"",subtype: ""memory"",tgid: ""172956"",source: ""syscall"",type: ""Artifact"",version: ""83"",hash: ""36ae4ae99ce310b29511ba6b1cbe4bab""})"
"(:VERTEX {memory address: ""7f63bb062000"",size: ""1e000"",subtype: ""memory"",tgid: ""172956"",source: ""syscall"",type: ""Artifact"",version: ""0"",hash: ""375880d43db76d65269ab590d286719b""})"
"(:VERTEX {memory address: ""7f63bb059000"",size: ""9000"",subtype: ""memory"",tgid: ""172956"",source: ""syscall"",type: ""Artifact"",version: ""62"",hash: ""200f4b234926116287140be56e7cab4e""})"
"(:VERTEX {memory address: ""7f63bb0e0000"",size: ""8000"",subtype: ""memory"",tgid: ""172956"",source: ""syscall"",type: ""Artifact"",version: ""2"",hash: ""f439368e1d832429042ebbf72af054e7""})"
"(:VERTEX {memory address: ""7f63bb09b000"",size: ""9000"",subtype: ""memory"",tgid: ""172956"",source: ""syscall"",type: ""Artifact"",version: ""26"",hash: ""cf12668cfb05deaf2776be66d4a9fd4f""})"
"(:VERTEX {memory address: ""7f63bb0df000"",size: ""9000"",subtype: ""memory"",tgid: ""172956"",source: ""syscall"",type: ""Artifact"",version: ""84"",hash: ""8864c6d7cb42ee87acb8cbcdb9f51a8f""})"
"(:VERTEX {memory address: ""7f63bb092000"",size: ""9000"",subtype: ""memory"",tgid: ""172956"",source: ""syscall"",type: ""Artifact"",version: ""17"",hash: ""36c8e2575c70aa041d0f397257dc38e9""})"
"(:VERTEX {memory address: ""7f63bb077000"",size: ""9000"",subtype: ""memory"",tgid: ""172956"",source: ""syscall"",type: ""Artifact"",version: ""6"",hash: ""01faedc471c4be2bda6e1765f82ea3fa""})"
"(:VERTEX {memory address: ""7f63bb06e000"",size: ""9000"",subtype: ""memory"",tgid: ""172956"",source: ""syscall"",type: ""Artifact"",version: ""7"",hash: ""446b96e2fca1c238b94972eb57520bcb""})"
"(:VERTEX {memory address: ""7f63bb065000"",size: ""9000"",subtype: ""memory"",tgid: ""172956"",source: ""syscall"",type: ""Artifact"",version: ""8"",hash: ""ed59f3fe0afd79fef3f960f21bc62ea8""})"
"(:VERTEX {memory address: ""7f63bb05c000"",size: ""9000"",subtype: ""memory"",tgid: ""172956"",source: ""syscall"",type: ""Artifact"",version: ""6"",hash: ""7f1f022e1f91ba85f765f43fb6090ef3""})"
"(:VERTEX {memory address: ""7f63bb0df000"",size: ""9000"",subtype: ""memory"",tgid: ""172956"",source: ""syscall"",type: ""Artifact"",version: ""85"",hash: ""b51a73c57cb9750a587214d7bb046162""})"
"(:VERTEX {memory address: ""7f63bb092000"",size: ""9000"",subtype: ""memory"",tgid: ""172956"",source: ""syscall"",type: ""Artifact"",version: ""18"",hash: ""f84cc2fff3f3b2ffc9220ec27ca0e2a4""})"
"(:VERTEX {memory address: ""7f63bb06e000"",size: ""9000"",subtype: ""memory"",tgid: ""172956"",source: ""syscall"",type: ""Artifact"",version: ""8"",hash: ""ab7ee908638d912c5ba1834914fdf9b0""})"
"(:VERTEX {memory address: ""7f63bb065000"",size: ""9000"",subtype: ""memory"",tgid: ""172956"",source: ""syscall"",type: ""Artifact"",version: ""9"",hash: ""668015748182ccc0a94fe3afd80be0d5""})"
"(:VERTEX {memory address: ""7f63bb053000"",size: ""9000"",subtype: ""memory"",tgid: ""172956"",source: ""syscall"",type: ""Artifact"",version: ""8"",hash: ""e8585baca121bbb1aec96f8a554f4336""})"
"(:VERTEX {memory address: ""7f63bb11c000"",size: ""9000"",subtype: ""memory"",tgid: ""172956"",source: ""syscall"",type: ""Artifact"",version: ""301"",hash: ""4b669fd967b53d7d3b3124bfb1b0b88a""})"
"(:VERTEX {memory address: ""7f63bb113000"",size: ""9000"",subtype: ""memory"",tgid: ""172956"",source: ""syscall"",type: ""Artifact"",version: ""261"",hash: ""ba7f19402b59882a77c75dba626f02ee""})"
"(:VERTEX {memory address: ""7f63bb0f1000"",size: ""9000"",subtype: ""memory"",tgid: ""172956"",source: ""syscall"",type: ""Artifact"",version: ""97"",hash: ""e4c0813894bfc21aff368c2763e9787a""})"
"(:VERTEX {memory address: ""7f63bb0e8000"",size: ""9000"",subtype: ""memory"",tgid: ""172956"",source: ""syscall"",type: ""Artifact"",version: ""106"",hash: ""817831c163b847681783641a49dc4c8e""})"
"(:VERTEX {memory address: ""7f63bb0d6000"",size: ""9000"",subtype: ""memory"",tgid: ""172956"",source: ""syscall"",type: ""Artifact"",version: ""99"",hash: ""55648b56415ad081343ee9f2ead8bceb""})"
"(:VERTEX {memory address: ""7f63bb0cd000"",size: ""9000"",subtype: ""memory"",tgid: ""172956"",source: ""syscall"",type: ""Artifact"",version: ""90"",hash: ""231a6ded1cf4be7f89860cb235426940""})"
"(:VERTEX {memory address: ""7f63bb0a4000"",size: ""9000"",subtype: ""memory"",tgid: ""172956"",source: ""syscall"",type: ""Artifact"",version: ""17"",hash: ""a2aa081b02f3b97736c3cf1f1033a61f""})"
"(:VERTEX {memory address: ""7f63bb09b000"",size: ""9000"",subtype: ""memory"",tgid: ""172956"",source: ""syscall"",type: ""Artifact"",version: ""27"",hash: ""ef8cc57347db26a0091559736e9fdc58""})"
"(:VERTEX {memory address: ""7f63bb092000"",size: ""9000"",subtype: ""memory"",tgid: ""172956"",source: ""syscall"",type: ""Artifact"",version: ""19"",hash: ""f5fe570dd82e6e6f1fbc05b081976d22""})"
"(:VERTEX {memory address: ""7f63bb0d6000"",size: ""9000"",subtype: ""memory"",tgid: ""172956"",source: ""syscall"",type: ""Artifact"",version: ""100"",hash: ""eb6dc88417351b55abd8b748f67776a5""})"
"(:VERTEX {memory address: ""7f63bb092000"",size: ""9000"",subtype: ""memory"",tgid: ""172956"",source: ""syscall"",type: ""Artifact"",version: ""20"",hash: ""3afb41efe893f5dbc4029795e4b65975""})"
"(:VERTEX {memory address: ""7f63bb089000"",size: ""9000"",subtype: ""memory"",tgid: ""172956"",source: ""syscall"",type: ""Artifact"",version: ""14"",hash: ""1e4d93d928b7611b53d0ffc3ee681623""})"
"(:VERTEX {memory address: ""7f63bb080000"",size: ""9000"",subtype: ""memory"",tgid: ""172956"",source: ""syscall"",type: ""Artifact"",version: ""12"",hash: ""877646954cb80f28f4adbdb579669bf5""})"
"(:VERTEX {memory address: ""7f63bb089000"",size: ""9000"",subtype: ""memory"",tgid: ""172956"",source: ""syscall"",type: ""Artifact"",version: ""15"",hash: ""39aa114fd30c4f621acfe526c7e664a4""})"
"(:VERTEX {memory address: ""7f63bd2e2000"",size: ""4000"",subtype: ""memory"",tgid: ""172956"",source: ""syscall"",type: ""Artifact"",version: ""13"",hash: ""97ce09204536307c184b970e0927cb70""})"
"(:VERTEX {memory address: ""7f23ee847000"",size: ""7000"",subtype: ""memory"",tgid: ""172093"",source: ""syscall"",type: ""Artifact"",version: ""0"",hash: ""e04eed22d29131cde83c9fcfa952d8ef""})"
"(:VERTEX {memory address: ""7f23ee89f000"",size: ""7000"",subtype: ""memory"",tgid: ""172093"",source: ""syscall"",type: ""Artifact"",version: ""0"",hash: ""11f64f19b662576936c0141d9c54a696""})"
"(:VERTEX {memory address: ""7f63bb114000"",size: ""11000"",subtype: ""memory"",tgid: ""172956"",source: ""syscall"",type: ""Artifact"",version: ""391"",hash: ""b1d75b74cb2004f31d4a85b9801a5536""})"
"(:VERTEX {memory address: ""7f63bb11c000"",size: ""9000"",subtype: ""memory"",tgid: ""172956"",source: ""syscall"",type: ""Artifact"",version: ""302"",hash: ""5a35633f6655f807d2c628d9e790c0e0""})"
"(:VERTEX {memory address: ""7f63bd2ea000"",size: ""9000"",subtype: ""memory"",tgid: ""172956"",source: ""syscall"",type: ""Artifact"",version: ""69"",hash: ""0b9324035dfa44bdfcc8adc856009aae""})"
"(:VERTEX {memory address: ""7f63bd2e2000"",size: ""11000"",subtype: ""memory"",tgid: ""172956"",source: ""syscall"",type: ""Artifact"",version: ""1466"",hash: ""7d3873c50249a6e1b2ab48cef205e4b0""})"
"(:VERTEX {memory address: ""7f63bd2e2000"",size: ""11000"",subtype: ""memory"",tgid: ""172956"",source: ""syscall"",type: ""Artifact"",version: ""1467"",hash: ""2dce766c0762aece7a5772e6c9c1acb1""})"
"(:VERTEX {memory address: ""7f63bd2e2000"",size: ""11000"",subtype: ""memory"",tgid: ""172956"",source: ""syscall"",type: ""Artifact"",version: ""1468"",hash: ""69fd75077e2ca0e54402f9f42ea46ded""})"
"(:VERTEX {memory address: ""7f63bd2e2000"",size: ""11000"",subtype: ""memory"",tgid: ""172956"",source: ""syscall"",type: ""Artifact"",version: ""1469"",hash: ""c137d7845d0cd42b220674d69c505565""})"
"(:VERTEX {memory address: ""7f63bd2e2000"",size: ""11000"",subtype: ""memory"",tgid: ""172956"",source: ""syscall"",type: ""Artifact"",version: ""1470"",hash: ""685871a54849a5f1b7b581311c53ddd1""})"
"(:VERTEX {memory address: ""7f63bd2e2000"",size: ""11000"",subtype: ""memory"",tgid: ""172956"",source: ""syscall"",type: ""Artifact"",version: ""1471"",hash: ""9abe951f841fd9f688fcea7efcc93b34""})"
"(:VERTEX {memory address: ""7f63bd2e2000"",size: ""11000"",subtype: ""memory"",tgid: ""172956"",source: ""syscall"",type: ""Artifact"",version: ""1472"",hash: ""7c9c50810b481f03bd2852ceaededfea""})"
"(:VERTEX {memory address: ""7f63bd2e2000"",size: ""11000"",subtype: ""memory"",tgid: ""172956"",source: ""syscall"",type: ""Artifact"",version: ""1473"",hash: ""e05597691b586788f34bd358e374b027""})"
"(:VERTEX {memory address: ""7f63bd2f1000"",size: ""2000"",subtype: ""memory"",tgid: ""172956"",source: ""syscall"",type: ""Artifact"",version: ""99"",hash: ""a681b52b6d7c156c0f88d5256c3bac9e""})"
"(:VERTEX {memory address: ""7f63bd2e8000"",size: ""9000"",subtype: ""memory"",tgid: ""172956"",source: ""syscall"",type: ""Artifact"",version: ""35"",hash: ""33b67a6ed26fcba27aa7e2df2628a858""})"
"(:VERTEX {memory address: ""7f63bd1bd000"",size: ""9000"",subtype: ""memory"",tgid: ""172956"",source: ""syscall"",type: ""Artifact"",version: ""296"",hash: ""91d0201ba04b796d390b6ec54ecec9b8""})"
"(:VERTEX {memory address: ""7f63bb114000"",size: ""11000"",subtype: ""memory"",tgid: ""172956"",source: ""syscall"",type: ""Artifact"",version: ""392"",hash: ""a90d3a0dad42d92c735ac366644457b0""})"
"(:VERTEX {memory address: ""7f23f1560000"",size: ""10000"",subtype: ""memory"",tgid: ""172093"",source: ""syscall"",type: ""Artifact"",version: ""0"",hash: ""d455b2372ad40149451e0ba3f4d2d156""})"
"(:VERTEX {memory address: ""7f63bd2e2000"",size: ""11000"",subtype: ""memory"",tgid: ""172956"",source: ""syscall"",type: ""Artifact"",version: ""1474"",hash: ""23ee65c8787c6c42a4380fd8ee2686ea""})"
"(:VERTEX {memory address: ""7f63bd2e2000"",size: ""11000"",subtype: ""memory"",tgid: ""172956"",source: ""syscall"",type: ""Artifact"",version: ""1475"",hash: ""a7d4713d48126f2745ed7c63b6f5c4cf""})"
"(:VERTEX {memory address: ""7f63bd2e2000"",size: ""11000"",subtype: ""memory"",tgid: ""172956"",source: ""syscall"",type: ""Artifact"",version: ""1476"",hash: ""f07341d6819eedf67e093277eb2848d9""})"
"(:VERTEX {memory address: ""7f63bd2e2000"",size: ""11000"",subtype: ""memory"",tgid: ""172956"",source: ""syscall"",type: ""Artifact"",version: ""1477"",hash: ""e0e30fc325676c775d02cc14f9917b83""})"
"(:VERTEX {memory address: ""7f63bd2e2000"",size: ""11000"",subtype: ""memory"",tgid: ""172956"",source: ""syscall"",type: ""Artifact"",version: ""1478"",hash: ""d0174b1568d73634bd9bc8c99a849816""})"
"(:VERTEX {memory address: ""7f63bd2e2000"",size: ""11000"",subtype: ""memory"",tgid: ""172956"",source: ""syscall"",type: ""Artifact"",version: ""1479"",hash: ""248fdae3bb8657fe097a7908e373ae48""})"
"(:VERTEX {memory address: ""7f63bd2e2000"",size: ""11000"",subtype: ""memory"",tgid: ""172956"",source: ""syscall"",type: ""Artifact"",version: ""1480"",hash: ""c24d0d4b5e8277f7bfcce4f6336b4907""})"
"(:VERTEX {memory address: ""7f63bd2e2000"",size: ""11000"",subtype: ""memory"",tgid: ""172956"",source: ""syscall"",type: ""Artifact"",version: ""1481"",hash: ""d1081c8cf55345f1b4a7d2af2f9eaa73""})"
"(:VERTEX {memory address: ""7f63bd2e2000"",size: ""11000"",subtype: ""memory"",tgid: ""172956"",source: ""syscall"",type: ""Artifact"",version: ""1482"",hash: ""c9155bc0c9bc156cd461d8aede133c9e""})"
"(:VERTEX {memory address: ""7f63bd2e2000"",size: ""11000"",subtype: ""memory"",tgid: ""172956"",source: ""syscall"",type: ""Artifact"",version: ""1483"",hash: ""697ab581d3bf8dda527f06343738f737""})"
"(:VERTEX {memory address: ""7f63bd2e2000"",size: ""11000"",subtype: ""memory"",tgid: ""172956"",source: ""syscall"",type: ""Artifact"",version: ""1484"",hash: ""0320e5cab084fd038f9a54c789447a07""})"
"(:VERTEX {memory address: ""7f63bd2e2000"",size: ""11000"",subtype: ""memory"",tgid: ""172956"",source: ""syscall"",type: ""Artifact"",version: ""1485"",hash: ""ff419531b83aa1ad5a979329d9885c03""})"
"(:VERTEX {memory address: ""7f63bd2e2000"",size: ""11000"",subtype: ""memory"",tgid: ""172956"",source: ""syscall"",type: ""Artifact"",version: ""1486"",hash: ""d10277284d302b927a80e47096b059aa""})"
"(:VERTEX {memory address: ""7f63bd2e2000"",size: ""11000"",subtype: ""memory"",tgid: ""172956"",source: ""syscall"",type: ""Artifact"",version: ""1487"",hash: ""0262c8485a9c3babc6140bf7a2f4a146""})"
"(:VERTEX {memory address: ""7f63bd2e2000"",size: ""11000"",subtype: ""memory"",tgid: ""172956"",source: ""syscall"",type: ""Artifact"",version: ""1488"",hash: ""0fc0be88d644a7273ccecc6d7e78e0c6""})"
"(:VERTEX {memory address: ""7f63bd2e2000"",size: ""11000"",subtype: ""memory"",tgid: ""172956"",source: ""syscall"",type: ""Artifact"",version: ""1489"",hash: ""469c69daedb21fd91d262bdeb09c1084""})"
"(:VERTEX {path: ""/status/status.json"",subtype: ""file"",permissions: ""0644"",epoch: ""51"",source: ""syscall"",type: ""Artifact"",version: ""0"",hash: ""74f89c82c599935615f13615f43b9d3e""})"
"(:VERTEX {memory address: ""7f63bd2e2000"",size: ""11000"",subtype: ""memory"",tgid: ""172956"",source: ""syscall"",type: ""Artifact"",version: ""1490"",hash: ""42b1127654c93ad6dfcf9527dbb74d03""})"
"(:VERTEX {memory address: ""7f63bd2e2000"",size: ""11000"",subtype: ""memory"",tgid: ""172956"",source: ""syscall"",type: ""Artifact"",version: ""1491"",hash: ""5b313f39345049ca22477a69b40a1fd0""})"
"(:VERTEX {memory address: ""7f63bd2e2000"",size: ""11000"",subtype: ""memory"",tgid: ""172956"",source: ""syscall"",type: ""Artifact"",version: ""1492"",hash: ""d23cb21f794e7b86b25cc67ae260bbdd""})"
"(:VERTEX {memory address: ""7f63bd2e2000"",size: ""11000"",subtype: ""memory"",tgid: ""172956"",source: ""syscall"",type: ""Artifact"",version: ""1493"",hash: ""83d78cbdf83432e7224c0e3563684527""})"
"(:VERTEX {memory address: ""7f63bd2e2000"",size: ""11000"",subtype: ""memory"",tgid: ""172956"",source: ""syscall"",type: ""Artifact"",version: ""1494"",hash: ""13c55f37c79bc47719f788a556e295b1""})"
"(:VERTEX {memory address: ""7f63bd2e2000"",size: ""11000"",subtype: ""memory"",tgid: ""172956"",source: ""syscall"",type: ""Artifact"",version: ""1495"",hash: ""84b3b3b1f87152125fdf09cede70ba1f""})"
"(:VERTEX {memory address: ""7f63bd2e2000"",size: ""11000"",subtype: ""memory"",tgid: ""172956"",source: ""syscall"",type: ""Artifact"",version: ""1496"",hash: ""a382d7ea3676a3e960cc2c56bd9eaced""})"
"(:VERTEX {memory address: ""7f63bd2e2000"",size: ""11000"",subtype: ""memory"",tgid: ""172956"",source: ""syscall"",type: ""Artifact"",version: ""1497"",hash: ""5580ec965050fd634f249254922c0fb7""})"
"(:VERTEX {memory address: ""7f63bd2e2000"",size: ""11000"",subtype: ""memory"",tgid: ""172956"",source: ""syscall"",type: ""Artifact"",version: ""1498"",hash: ""b1a892c8ee2acbcf6fbe781230723619""})"
"(:VERTEX {memory address: ""7f63bd2e2000"",size: ""11000"",subtype: ""memory"",tgid: ""172956"",source: ""syscall"",type: ""Artifact"",version: ""1499"",hash: ""e53871a89be9148b3ee4309e6dc956f8""})"
"(:VERTEX {memory address: ""7f63bd2e2000"",size: ""11000"",subtype: ""memory"",tgid: ""172956"",source: ""syscall"",type: ""Artifact"",version: ""1500"",hash: ""022f9cfc070fa3f0d60664eceeaced4c""})"
"(:VERTEX {memory address: ""7f63bd2e2000"",size: ""11000"",subtype: ""memory"",tgid: ""172956"",source: ""syscall"",type: ""Artifact"",version: ""1501"",hash: ""40bf933d522faf86f60f3069a1378dbc""})"
"(:VERTEX {memory address: ""7f63bd2e2000"",size: ""11000"",subtype: ""memory"",tgid: ""172956"",source: ""syscall"",type: ""Artifact"",version: ""1502"",hash: ""0f3bf5a6312e58963732aa2f65c604bc""})"
"(:VERTEX {memory address: ""7f63bd2e2000"",size: ""11000"",subtype: ""memory"",tgid: ""172956"",source: ""syscall"",type: ""Artifact"",version: ""1503"",hash: ""d978fbd050766ab259ff0076a6afb497""})"
"(:VERTEX {memory address: ""7f63bd2e2000"",size: ""11000"",subtype: ""memory"",tgid: ""172956"",source: ""syscall"",type: ""Artifact"",version: ""1504"",hash: ""ec6eea3d3836553d610988fbec821962""})"
"(:VERTEX {memory address: ""7f63bd2f1000"",size: ""2000"",subtype: ""memory"",tgid: ""172956"",source: ""syscall"",type: ""Artifact"",version: ""100"",hash: ""11f1df2cda78a6d3627178bf36fe2274""})"
"(:VERTEX {memory address: ""7f63bd2e8000"",size: ""9000"",subtype: ""memory"",tgid: ""172956"",source: ""syscall"",type: ""Artifact"",version: ""36"",hash: ""94cedc48a923ae204b3180b773268074""})"
"(:VERTEX {memory address: ""7f63bd1bd000"",size: ""9000"",subtype: ""memory"",tgid: ""172956"",source: ""syscall"",type: ""Artifact"",version: ""297"",hash: ""5a49c085b31c4c48a797673f268efbe3""})"
"(:VERTEX {memory address: ""7f63bb15d000"",size: ""9000"",subtype: ""memory"",tgid: ""172956"",source: ""syscall"",type: ""Artifact"",version: ""169"",hash: ""24d3bc8333de66c0047eec3c2dc34482""})"
"(:VERTEX {memory address: ""7f63bb11c000"",size: ""9000"",subtype: ""memory"",tgid: ""172956"",source: ""syscall"",type: ""Artifact"",version: ""303"",hash: ""3265d9c33adfcd21bf4029cc2362f256""})"
"(:VERTEX {memory address: ""7f63bb113000"",size: ""9000"",subtype: ""memory"",tgid: ""172956"",source: ""syscall"",type: ""Artifact"",version: ""262"",hash: ""92858723cfe3a65151b8a5782f99a4be""})"
"(:VERTEX {memory address: ""7f63bb10a000"",size: ""9000"",subtype: ""memory"",tgid: ""172956"",source: ""syscall"",type: ""Artifact"",version: ""209"",hash: ""8c99c122b8665484112606f5665f2a30""})"
"(:VERTEX {memory address: ""7f63bb0f1000"",size: ""9000"",subtype: ""memory"",tgid: ""172956"",source: ""syscall"",type: ""Artifact"",version: ""98"",hash: ""a706988715af43e47e5875c11cffd1a0""})"
"(:VERTEX {memory address: ""7f63bb0e8000"",size: ""9000"",subtype: ""memory"",tgid: ""172956"",source: ""syscall"",type: ""Artifact"",version: ""107"",hash: ""154d3c06a8b81d678142cd6bc129239e""})"
"(:VERTEX {memory address: ""7f63bb0df000"",size: ""9000"",subtype: ""memory"",tgid: ""172956"",source: ""syscall"",type: ""Artifact"",version: ""86"",hash: ""455d735d8ee429d32d9e2cdc3d7d1420""})"
"(:VERTEX {memory address: ""7f63bb15d000"",size: ""9000"",subtype: ""memory"",tgid: ""172956"",source: ""syscall"",type: ""Artifact"",version: ""170"",hash: ""b29d101453ae65d0e2b55941aef647da""})"
"(:VERTEX {memory address: ""7f63bb102000"",size: ""8000"",subtype: ""memory"",tgid: ""172956"",source: ""syscall"",type: ""Artifact"",version: ""1"",hash: ""de532c3a3a52d40ab8e472537ea28a97""})"
"(:VERTEX {memory address: ""7f63bb101000"",size: ""9000"",subtype: ""memory"",tgid: ""172956"",source: ""syscall"",type: ""Artifact"",version: ""132"",hash: ""7e7b4f0e06059fb5dc78f20a5fc5878a""})"
"(:VERTEX {memory address: ""7f63bb0e8000"",size: ""9000"",subtype: ""memory"",tgid: ""172956"",source: ""syscall"",type: ""Artifact"",version: ""108"",hash: ""6e3b2cd4225ec883a4938b4e51f9068a""})"
"(:VERTEX {memory address: ""7f63bb0d6000"",size: ""9000"",subtype: ""memory"",tgid: ""172956"",source: ""syscall"",type: ""Artifact"",version: ""101"",hash: ""375cffc89363a76c26c1d50d3aee40c3""})"
"(:VERTEX {memory address: ""7f63bb0cd000"",size: ""9000"",subtype: ""memory"",tgid: ""172956"",source: ""syscall"",type: ""Artifact"",version: ""91"",hash: ""6169a2fddd316572369692c458d1f080""})"
"(:VERTEX {memory address: ""7f63bb101000"",size: ""9000"",subtype: ""memory"",tgid: ""172956"",source: ""syscall"",type: ""Artifact"",version: ""133"",hash: ""7201592f6d6356a41a934d0a47cf31af""})"
"(:VERTEX {memory address: ""7f63bd2e4000"",size: ""4000"",subtype: ""memory"",tgid: ""172956"",source: ""syscall"",type: ""Artifact"",version: ""30"",hash: ""196e62f6d2cc62425a14ba170efdb16d""})"
"(:VERTEX {memory address: ""7f63bd1e6000"",size: ""7000"",subtype: ""memory"",tgid: ""172956"",source: ""syscall"",type: ""Artifact"",version: ""229"",hash: ""d84dcf7ec165fa5d3d577cbc4156fb36""})"
"(:VERTEX {memory address: ""7f63bd2e2000"",size: ""6000"",subtype: ""memory"",tgid: ""172956"",source: ""syscall"",type: ""Artifact"",version: ""17"",hash: ""3ce69cd2d4430b61f2295f2f6d356c7c""})"
"(:VERTEX {memory address: ""7f63bd2e2000"",size: ""6000"",subtype: ""memory"",tgid: ""172956"",source: ""syscall"",type: ""Artifact"",version: ""18"",hash: ""f605e917e3c28e9d26bf4f468bfb2c83""})"
"(:VERTEX {memory address: ""7f63bb101000"",size: ""9000"",subtype: ""memory"",tgid: ""172956"",source: ""syscall"",type: ""Artifact"",version: ""134"",hash: ""eb7a1a8cfdb6be0d47eec7dec8381371""})"
"(:VERTEX {memory address: ""7f63bb0e8000"",size: ""9000"",subtype: ""memory"",tgid: ""172956"",source: ""syscall"",type: ""Artifact"",version: ""109"",hash: ""ae7c1ff259e9b78230761647e6b101ae""})"
"(:VERTEX {memory address: ""7f63bb0d6000"",size: ""9000"",subtype: ""memory"",tgid: ""172956"",source: ""syscall"",type: ""Artifact"",version: ""102"",hash: ""734798966cb10acfe3af957287e567dd""})"
"(:VERTEX {memory address: ""7f63bb0cd000"",size: ""9000"",subtype: ""memory"",tgid: ""172956"",source: ""syscall"",type: ""Artifact"",version: ""92"",hash: ""57ba7d56eb048fa6f52f19f8536a844a""})"
"(:VERTEX {memory address: ""7f63bb0a4000"",size: ""9000"",subtype: ""memory"",tgid: ""172956"",source: ""syscall"",type: ""Artifact"",version: ""18"",hash: ""cb8032c416c2dbdc9b45eff9c571733e""})"
"(:VERTEX {memory address: ""7f63bb09b000"",size: ""9000"",subtype: ""memory"",tgid: ""172956"",source: ""syscall"",type: ""Artifact"",version: ""28"",hash: ""e55d9a594b934d341771dd65945463a8""})"
"(:VERTEX {memory address: ""7f63bb08a000"",size: ""11000"",subtype: ""memory"",tgid: ""172956"",source: ""syscall"",type: ""Artifact"",version: ""1"",hash: ""d15acd092504f82bd6ee1f6b9538efa8""})"
"(:VERTEX {memory address: ""7f63bb102000"",size: ""8000"",subtype: ""memory"",tgid: ""172956"",source: ""syscall"",type: ""Artifact"",version: ""2"",hash: ""beed9395820b291de697ac4f52444782""})"
"(:VERTEX {memory address: ""7f63bb0e8000"",size: ""9000"",subtype: ""memory"",tgid: ""172956"",source: ""syscall"",type: ""Artifact"",version: ""110"",hash: ""717545676715ec98598ba98ebee2432a""})"
"(:VERTEX {memory address: ""7f63bb0fa000"",size: ""10000"",subtype: ""memory"",tgid: ""172956"",source: ""syscall"",type: ""Artifact"",version: ""8"",hash: ""77ac39319ce1d9b007b33670e9813ef0""})"
"(:VERTEX {memory address: ""7f63bb0e8000"",size: ""9000"",subtype: ""memory"",tgid: ""172956"",source: ""syscall"",type: ""Artifact"",version: ""111"",hash: ""2c56ab25e36758ad615286d04140bca4""})"
"(:VERTEX {memory address: ""7f63bb092000"",size: ""9000"",subtype: ""memory"",tgid: ""172956"",source: ""syscall"",type: ""Artifact"",version: ""21"",hash: ""f6bacdb0338105dfb069629e165be646""})"
"(:VERTEX {memory address: ""7f63bb102000"",size: ""8000"",subtype: ""memory"",tgid: ""172956"",source: ""syscall"",type: ""Artifact"",version: ""3"",hash: ""4c962f39ca365d9ff1b746be651b914b""})"
"(:VERTEX {memory address: ""7f63bb0e8000"",size: ""9000"",subtype: ""memory"",tgid: ""172956"",source: ""syscall"",type: ""Artifact"",version: ""112"",hash: ""56eea5315af12bccac768de4e9b3d582""})"
"(:VERTEX {memory address: ""7f63bb101000"",size: ""9000"",subtype: ""memory"",tgid: ""172956"",source: ""syscall"",type: ""Artifact"",version: ""135"",hash: ""dadb1ae0ad65600138f41b86ce5c93dd""})"
"(:VERTEX {memory address: ""7f63bb092000"",size: ""9000"",subtype: ""memory"",tgid: ""172956"",source: ""syscall"",type: ""Artifact"",version: ""22"",hash: ""ef45b73a6116086980d8845d7e6613a0""})"
"(:VERTEX {memory address: ""7f63bb089000"",size: ""9000"",subtype: ""memory"",tgid: ""172956"",source: ""syscall"",type: ""Artifact"",version: ""16"",hash: ""77361b86a0c75813abf33133d9017ea6""})"
"(:VERTEX {memory address: ""7f63bb080000"",size: ""9000"",subtype: ""memory"",tgid: ""172956"",source: ""syscall"",type: ""Artifact"",version: ""13"",hash: ""da2a1f9abd0cba53311dc0617885d51c""})"
"(:VERTEX {memory address: ""7f63bb077000"",size: ""9000"",subtype: ""memory"",tgid: ""172956"",source: ""syscall"",type: ""Artifact"",version: ""7"",hash: ""ddd1f7f2ac69fc09f0abbf3a99cd37af""})"
"(:VERTEX {memory address: ""7f63bb06e000"",size: ""9000"",subtype: ""memory"",tgid: ""172956"",source: ""syscall"",type: ""Artifact"",version: ""9"",hash: ""a5b28e0d959ff494dc5cd60c71c03f82""})"
"(:VERTEX {memory address: ""7f63bb092000"",size: ""9000"",subtype: ""memory"",tgid: ""172956"",source: ""syscall"",type: ""Artifact"",version: ""23"",hash: ""78deea6bc7c17241e3bcd2bb8b367c04""})"
"(:VERTEX {memory address: ""7f63bb089000"",size: ""9000"",subtype: ""memory"",tgid: ""172956"",source: ""syscall"",type: ""Artifact"",version: ""17"",hash: ""6639f625f82d07de2fbd9dd7e15eab98""})"
"(:VERTEX {memory address: ""7f63bb077000"",size: ""9000"",subtype: ""memory"",tgid: ""172956"",source: ""syscall"",type: ""Artifact"",version: ""8"",hash: ""556cce8de26b24ad165df13c7205debe""})"
"(:VERTEX {memory address: ""7f63bb065000"",size: ""9000"",subtype: ""memory"",tgid: ""172956"",source: ""syscall"",type: ""Artifact"",version: ""10"",hash: ""eef4dadf5b59d0f31139ea726b3acde8""})"
"(:VERTEX {memory address: ""7f63bd1bd000"",size: ""9000"",subtype: ""memory"",tgid: ""172956"",source: ""syscall"",type: ""Artifact"",version: ""298"",hash: ""66479dc9e5008cc0548ad2356d83f640""})"
"(:VERTEX {memory address: ""7f63bb102000"",size: ""11000"",subtype: ""memory"",tgid: ""172956"",source: ""syscall"",type: ""Artifact"",version: ""22"",hash: ""d2d008f46b31638bbedfbdac814c8b14""})"
"(:VERTEX {memory address: ""7f63bb102000"",size: ""11000"",subtype: ""memory"",tgid: ""172956"",source: ""syscall"",type: ""Artifact"",version: ""23"",hash: ""cf9df9bf21569036d84f628cc7f8cd06""})"
"(:VERTEX {memory address: ""7f63bb15d000"",size: ""9000"",subtype: ""memory"",tgid: ""172956"",source: ""syscall"",type: ""Artifact"",version: ""171"",hash: ""aab048776fb85c6d0177d4008dac4d3a""})"
"(:VERTEX {memory address: ""7f63bb11c000"",size: ""9000"",subtype: ""memory"",tgid: ""172956"",source: ""syscall"",type: ""Artifact"",version: ""304"",hash: ""5e0e097ccc9dec75f9fea94ead2faecd""})"
"(:VERTEX {memory address: ""7f63bb10a000"",size: ""9000"",subtype: ""memory"",tgid: ""172956"",source: ""syscall"",type: ""Artifact"",version: ""210"",hash: ""1a0291af4c1d473ad2abfdc6a2e11ded""})"
"(:VERTEX {memory address: ""7f63bb101000"",size: ""9000"",subtype: ""memory"",tgid: ""172956"",source: ""syscall"",type: ""Artifact"",version: ""136"",hash: ""bbea140906ecb425e671d6bc7c7181e6""})"
"(:VERTEX {memory address: ""7f63bb0e8000"",size: ""9000"",subtype: ""memory"",tgid: ""172956"",source: ""syscall"",type: ""Artifact"",version: ""113"",hash: ""8bd2c0bcbe91906e082362b45e444021""})"
"(:VERTEX {memory address: ""7f63bb0d6000"",size: ""9000"",subtype: ""memory"",tgid: ""172956"",source: ""syscall"",type: ""Artifact"",version: ""103"",hash: ""1958560e659faa9bd93574b352627c12""})"
"(:VERTEX {memory address: ""7f63bb0cd000"",size: ""9000"",subtype: ""memory"",tgid: ""172956"",source: ""syscall"",type: ""Artifact"",version: ""93"",hash: ""c3a4b3055096a3061c23415c9021f8e7""})"
"(:VERTEX {memory address: ""7f63bb0a4000"",size: ""9000"",subtype: ""memory"",tgid: ""172956"",source: ""syscall"",type: ""Artifact"",version: ""19"",hash: ""78ad465914f5ac6c495ec60a6ea1fa9e""})"
"(:VERTEX {memory address: ""7f63bb09b000"",size: ""9000"",subtype: ""memory"",tgid: ""172956"",source: ""syscall"",type: ""Artifact"",version: ""29"",hash: ""427081419f681b61ecec9b2475489f10""})"
"(:VERTEX {memory address: ""7f63bb101000"",size: ""9000"",subtype: ""memory"",tgid: ""172956"",source: ""syscall"",type: ""Artifact"",version: ""137"",hash: ""9cea45a67501f442735aea3842367050""})"
"(:VERTEX {memory address: ""7f63bb089000"",size: ""9000"",subtype: ""memory"",tgid: ""172956"",source: ""syscall"",type: ""Artifact"",version: ""18"",hash: ""6de079d3a2110ba3bfe3b71d2833aa85""})"
"(:VERTEX {memory address: ""7f63bb080000"",size: ""9000"",subtype: ""memory"",tgid: ""172956"",source: ""syscall"",type: ""Artifact"",version: ""14"",hash: ""aceb03e86be90c2a258e2bdb96c72a97""})"
"(:VERTEX {memory address: ""7f63bb06e000"",size: ""9000"",subtype: ""memory"",tgid: ""172956"",source: ""syscall"",type: ""Artifact"",version: ""10"",hash: ""9478d3436ce41ddff0d41a2ffbd7d6d5""})"
"(:VERTEX {memory address: ""7f63bb102000"",size: ""11000"",subtype: ""memory"",tgid: ""172956"",source: ""syscall"",type: ""Artifact"",version: ""24"",hash: ""aa101265f9ce1da1d7333996822c9d76""})"
"(:VERTEX {memory address: ""7f63bb114000"",size: ""11000"",subtype: ""memory"",tgid: ""172956"",source: ""syscall"",type: ""Artifact"",version: ""393"",hash: ""e23cc264ed4f3d64f0d6679f4fbbb0ec""})"
"(:VERTEX {memory address: ""7f63bb114000"",size: ""11000"",subtype: ""memory"",tgid: ""172956"",source: ""syscall"",type: ""Artifact"",version: ""394"",hash: ""5379a3e5e13c30c1db281de29ec9fbf6""})"
"(:VERTEX {memory address: ""7f63bb114000"",size: ""11000"",subtype: ""memory"",tgid: ""172956"",source: ""syscall"",type: ""Artifact"",version: ""395"",hash: ""c0a2eeb639256b2b7aa6c86934fd8be0""})"
"(:VERTEX {memory address: ""7f63bb114000"",size: ""11000"",subtype: ""memory"",tgid: ""172956"",source: ""syscall"",type: ""Artifact"",version: ""396"",hash: ""7ec30f965fbebc52161a25a01564ddab""})"
"(:VERTEX {memory address: ""7f63bb114000"",size: ""11000"",subtype: ""memory"",tgid: ""172956"",source: ""syscall"",type: ""Artifact"",version: ""397"",hash: ""d8e150f042beefc2b0094b23ef400ebb""})"
"(:VERTEX {memory address: ""7f63bb114000"",size: ""11000"",subtype: ""memory"",tgid: ""172956"",source: ""syscall"",type: ""Artifact"",version: ""398"",hash: ""7529c43ccf906863acf7590aace4e0d3""})"
"(:VERTEX {memory address: ""1c0561980000"",size: ""40000"",subtype: ""memory"",tgid: ""172956"",source: ""syscall"",type: ""Artifact"",version: ""6"",hash: ""2483437122c9e0346855c9d6ccbce5f3""})"
"(:VERTEX {memory address: ""ce06300000"",size: ""40000"",subtype: ""memory"",tgid: ""172956"",source: ""syscall"",type: ""Artifact"",version: ""6"",hash: ""5afd03489d7495fea619d72a1d5f52dc""})"
"(:VERTEX {memory address: ""24c73be40000"",size: ""40000"",subtype: ""memory"",tgid: ""172956"",source: ""syscall"",type: ""Artifact"",version: ""6"",hash: ""1aba960f0cb890fec13c290d30898c0d""})"
"(:VERTEX {memory address: ""1dce6d6c0000"",size: ""40000"",subtype: ""memory"",tgid: ""172956"",source: ""syscall"",type: ""Artifact"",version: ""6"",hash: ""0c104b67f8bd102f543062731441c9dc""})"
"(:VERTEX {memory address: ""7f63bd2ef000"",size: ""4000"",subtype: ""memory"",tgid: ""172956"",source: ""syscall"",type: ""Artifact"",version: ""59"",hash: ""f9f62841b492e7007087bbd3d3080437""})"
"(:VERTEX {memory address: ""7f63bd2eb000"",size: ""4000"",subtype: ""memory"",tgid: ""172956"",source: ""syscall"",type: ""Artifact"",version: ""50"",hash: ""9e4ace581e6fd8c7d65d462a8411a1f0""})"
"(:VERTEX {memory address: ""7f63bd2eb000"",size: ""4000"",subtype: ""memory"",tgid: ""172956"",source: ""syscall"",type: ""Artifact"",version: ""51"",hash: ""69dfa6b40b3111f639d4aa3fc83b0e29""})"
"(:VERTEX {memory address: ""11f76ac0000"",size: ""40000"",subtype: ""memory"",tgid: ""172956"",source: ""syscall"",type: ""Artifact"",version: ""56"",hash: ""1d78e90b985e23fc50b9f5b6b140c39c""})"
"(:VERTEX {memory address: ""31798280000"",size: ""40000"",subtype: ""memory"",tgid: ""172956"",source: ""syscall"",type: ""Artifact"",version: ""56"",hash: ""201b84db846807ca79730c5ab025e6ae""})"
"(:VERTEX {memory address: ""7cb45600000"",size: ""40000"",subtype: ""memory"",tgid: ""172956"",source: ""syscall"",type: ""Artifact"",version: ""56"",hash: ""fcb44d639a4b78ba659166960620196c""})"
"(:VERTEX {memory address: ""3030c7dc0000"",size: ""40000"",subtype: ""memory"",tgid: ""172956"",source: ""syscall"",type: ""Artifact"",version: ""56"",hash: ""0883ae3d3c515b3008a0c3db853cfc38""})"
"(:VERTEX {memory address: ""7f63bb114000"",size: ""11000"",subtype: ""memory"",tgid: ""172956"",source: ""syscall"",type: ""Artifact"",version: ""399"",hash: ""cbe8296b901d2fd7afd570b5cedf589f""})"
"(:VERTEX {memory address: ""7f23ee8a7000"",size: ""7000"",subtype: ""memory"",tgid: ""172093"",source: ""syscall"",type: ""Artifact"",version: ""0"",hash: ""9994e1e79c6f0f1fbf9bb0f7dc4b573e""})"
"(:VERTEX {path: ""/status/status.json"",subtype: ""file"",permissions: ""0644"",epoch: ""52"",source: ""syscall"",type: ""Artifact"",version: ""0"",hash: ""8b1184d5c18e3e47d72cf3de5343427f""})"
"(:VERTEX {memory address: ""7f63bb114000"",size: ""11000"",subtype: ""memory"",tgid: ""172956"",source: ""syscall"",type: ""Artifact"",version: ""400"",hash: ""150b8c2552e69094b1435c2b376c7a60""})"
"(:VERTEX {memory address: ""7f63bb114000"",size: ""11000"",subtype: ""memory"",tgid: ""172956"",source: ""syscall"",type: ""Artifact"",version: ""401"",hash: ""5cf316a4ab0b34cab17cc45ac137e0f4""})"
"(:VERTEX {memory address: ""7f63bb114000"",size: ""11000"",subtype: ""memory"",tgid: ""172956"",source: ""syscall"",type: ""Artifact"",version: ""402"",hash: ""27dc59d588d6f2b980bd3580d73c90eb""})"
"(:VERTEX {memory address: ""7f63bb114000"",size: ""11000"",subtype: ""memory"",tgid: ""172956"",source: ""syscall"",type: ""Artifact"",version: ""403"",hash: ""b1d9bfa5b0ee2b0ef270551b8bf42cf7""})"
"(:VERTEX {memory address: ""7f63bb114000"",size: ""11000"",subtype: ""memory"",tgid: ""172956"",source: ""syscall"",type: ""Artifact"",version: ""404"",hash: ""886d17de9372ce971d16e28c93a63a58""})"
"(:VERTEX {memory address: ""7f63bb114000"",size: ""11000"",subtype: ""memory"",tgid: ""172956"",source: ""syscall"",type: ""Artifact"",version: ""405"",hash: ""41fe2b36152c7ea2ad21f6ac25f18ad8""})"
"(:VERTEX {memory address: ""7f63bb114000"",size: ""11000"",subtype: ""memory"",tgid: ""172956"",source: ""syscall"",type: ""Artifact"",version: ""406"",hash: ""49ef8f6d0d4b767909b5d6ab3b5a4ad7""})"
"(:VERTEX {memory address: ""7f63bb114000"",size: ""11000"",subtype: ""memory"",tgid: ""172956"",source: ""syscall"",type: ""Artifact"",version: ""407"",hash: ""08cd589adc4fe97d6312b62ea0e69463""})"
"(:VERTEX {memory address: ""7f23ee192000"",size: ""9000"",subtype: ""memory"",tgid: ""172093"",source: ""syscall"",type: ""Artifact"",version: ""0"",hash: ""e0118dc1624c3b3911de8e68c1e15c32""})"
"(:VERTEX {memory address: ""7f23ee189000"",size: ""9000"",subtype: ""memory"",tgid: ""172093"",source: ""syscall"",type: ""Artifact"",version: ""0"",hash: ""ec50824373db87284ece52e1858b69e6""})"
"(:VERTEX {memory address: ""7f23ee180000"",size: ""9000"",subtype: ""memory"",tgid: ""172093"",source: ""syscall"",type: ""Artifact"",version: ""0"",hash: ""6931bcdfa57d482ec3dec398d799ecc7""})"
"(:VERTEX {memory address: ""7f23ee16f000"",size: ""11000"",subtype: ""memory"",tgid: ""172093"",source: ""syscall"",type: ""Artifact"",version: ""0"",hash: ""ca7a0da79ebc00b0126f2956eadf45ce""})"
"(:VERTEX {memory address: ""7f23ee166000"",size: ""9000"",subtype: ""memory"",tgid: ""172093"",source: ""syscall"",type: ""Artifact"",version: ""1"",hash: ""a0e42846b9bc32c7beca3a72dcb0783f""})"
"(:VERTEX {memory address: ""7f23ee0e6000"",size: ""80000"",subtype: ""memory"",tgid: ""172093"",source: ""syscall"",type: ""Artifact"",version: ""0"",hash: ""22ede1f3a8c4f03e3d180c8b9df8e659""})"
"(:VERTEX {memory address: ""7f23ee0dd000"",size: ""9000"",subtype: ""memory"",tgid: ""172093"",source: ""syscall"",type: ""Artifact"",version: ""0"",hash: ""10c830873588d6c6b60c23deeee4b61c""})"
"(:VERTEX {memory address: ""7f23edffe000"",size: ""80000"",subtype: ""memory"",tgid: ""172093"",source: ""syscall"",type: ""Artifact"",version: ""1"",hash: ""489cda1ad0e0078bc1ccb19915cb4b29""})"
"(:VERTEX {memory address: ""7f23ee0cc000"",size: ""11000"",subtype: ""memory"",tgid: ""172093"",source: ""syscall"",type: ""Artifact"",version: ""0"",hash: ""2663ee0d27ce6c8ccd90c0d11f884c2c""})"
"(:VERTEX {memory address: ""7f23ee0cc000"",size: ""11000"",subtype: ""memory"",tgid: ""172093"",source: ""syscall"",type: ""Artifact"",version: ""1"",hash: ""5e25bfe33a864c907d22c9aa9633fe6b""})"
"(:VERTEX {memory address: ""7f23ee0c3000"",size: ""9000"",subtype: ""memory"",tgid: ""172093"",source: ""syscall"",type: ""Artifact"",version: ""0"",hash: ""c3efdaa4f77f24febbeebeb2e0d5339e""})"
"(:VERTEX {memory address: ""7f23ee0ba000"",size: ""9000"",subtype: ""memory"",tgid: ""172093"",source: ""syscall"",type: ""Artifact"",version: ""0"",hash: ""2f686c58e2979d2311f8714a2545556b""})"
"(:VERTEX {memory address: ""7f23ee0b1000"",size: ""9000"",subtype: ""memory"",tgid: ""172093"",source: ""syscall"",type: ""Artifact"",version: ""0"",hash: ""7bdab9fe0a6dff94502235420858c244""})"
"(:VERTEX {memory address: ""7f23ee0ba000"",size: ""9000"",subtype: ""memory"",tgid: ""172093"",source: ""syscall"",type: ""Artifact"",version: ""1"",hash: ""ee183d1aec5f33d343dc3a5fb23aa2e1""})"
"(:VERTEX {memory address: ""7f23ee0a8000"",size: ""9000"",subtype: ""memory"",tgid: ""172093"",source: ""syscall"",type: ""Artifact"",version: ""0"",hash: ""ba66170644c25ca86817eb4d0bce9a71""})"
"(:VERTEX {memory address: ""7f23edfc9000"",size: ""345f4"",subtype: ""memory"",tgid: ""172093"",source: ""syscall"",type: ""Artifact"",version: ""0"",hash: ""183bebaabc696f3e1b89aac91c29d81a""})"
"(:VERTEX {memory address: ""7f23edf49000"",size: ""80000"",subtype: ""memory"",tgid: ""172093"",source: ""syscall"",type: ""Artifact"",version: ""0"",hash: ""d0cd171447125a66e47e1cec04348f3c""})"
"(:VERTEX {memory address: ""7f23edec9000"",size: ""80000"",subtype: ""memory"",tgid: ""172093"",source: ""syscall"",type: ""Artifact"",version: ""0"",hash: ""c9d7f53c13e46feaac197202d452a58d""})"
"(:VERTEX {memory address: ""7f23edeca000"",size: ""8000"",subtype: ""memory"",tgid: ""172093"",source: ""syscall"",type: ""Artifact"",version: ""0"",hash: ""353732d850d8ffc094d6cb503ca77120""})"
"(:VERTEX {memory address: ""7f23ee0ba000"",size: ""9000"",subtype: ""memory"",tgid: ""172093"",source: ""syscall"",type: ""Artifact"",version: ""2"",hash: ""7a55a406bc8e6d2fe26e363eef0f30c4""})"
"(:VERTEX {memory address: ""7f23ee0ba000"",size: ""9000"",subtype: ""memory"",tgid: ""172093"",source: ""syscall"",type: ""Artifact"",version: ""3"",hash: ""8689726c981143721c101e473f7f2d47""})"
"(:VERTEX {memory address: ""7f23ee0a8000"",size: ""9000"",subtype: ""memory"",tgid: ""172093"",source: ""syscall"",type: ""Artifact"",version: ""1"",hash: ""d866a570e280e9e05465fe007acceb49""})"
"(:VERTEX {memory address: ""7f23edfc9000"",size: ""34644"",subtype: ""memory"",tgid: ""172093"",source: ""syscall"",type: ""Artifact"",version: ""0"",hash: ""62124e55a1fff96402de6cc3cec831c2""})"
"(:VERTEX {memory address: ""7f23edec9000"",size: ""80000"",subtype: ""memory"",tgid: ""172093"",source: ""syscall"",type: ""Artifact"",version: ""1"",hash: ""2c07160529f6f0037100954681e552d3""})"
"(:VERTEX {memory address: ""7f23eded3000"",size: ""8000"",subtype: ""memory"",tgid: ""172093"",source: ""syscall"",type: ""Artifact"",version: ""0"",hash: ""69a5f2cd77757918098404cc450c4b23""})"
"(:VERTEX {memory address: ""7f23ee0ba000"",size: ""9000"",subtype: ""memory"",tgid: ""172093"",source: ""syscall"",type: ""Artifact"",version: ""4"",hash: ""167718db8d292d01dc90bdcf3a2f7972""})"
"(:VERTEX {memory address: ""7f23ee0a8000"",size: ""9000"",subtype: ""memory"",tgid: ""172093"",source: ""syscall"",type: ""Artifact"",version: ""2"",hash: ""7337c884a776f834b2bf2bb98d1baf71""})"
"(:VERTEX {memory address: ""7f23edf0f000"",size: ""39694"",subtype: ""memory"",tgid: ""172093"",source: ""syscall"",type: ""Artifact"",version: ""0"",hash: ""d188572c679c7759d6bfd0b7b056b256""})"
"(:VERTEX {memory address: ""7f23edec9000"",size: ""80000"",subtype: ""memory"",tgid: ""172093"",source: ""syscall"",type: ""Artifact"",version: ""2"",hash: ""b88d4543dc1a3fc69e9733772b8d0be4""})"
"(:VERTEX {memory address: ""7f23ee0ba000"",size: ""9000"",subtype: ""memory"",tgid: ""172093"",source: ""syscall"",type: ""Artifact"",version: ""5"",hash: ""1c0fcf766c87aeee1ae02c9d6a486400""})"
"(:VERTEX {memory address: ""7f23ee0a8000"",size: ""9000"",subtype: ""memory"",tgid: ""172093"",source: ""syscall"",type: ""Artifact"",version: ""3"",hash: ""e67b35b77721f2ae5191e8d0d477e87a""})"
"(:VERTEX {memory address: ""7f23edf0f000"",size: ""39694"",subtype: ""memory"",tgid: ""172093"",source: ""syscall"",type: ""Artifact"",version: ""1"",hash: ""6c88ba196525e1ba1f81bc48b9d2b69b""})"
"(:VERTEX {memory address: ""7f23edec9000"",size: ""80000"",subtype: ""memory"",tgid: ""172093"",source: ""syscall"",type: ""Artifact"",version: ""3"",hash: ""71c53973da09d3cd2b34e114c7760421""})"
"(:VERTEX {memory address: ""7f23ee0ba000"",size: ""9000"",subtype: ""memory"",tgid: ""172093"",source: ""syscall"",type: ""Artifact"",version: ""6"",hash: ""6afa1c429c1d0e2682a1fc0c08d03860""})"
"(:VERTEX {memory address: ""7f23ee0a8000"",size: ""9000"",subtype: ""memory"",tgid: ""172093"",source: ""syscall"",type: ""Artifact"",version: ""4"",hash: ""4cba444e1afb3d5f860ddab8b4fc3a74""})"
"(:VERTEX {memory address: ""7f23edec9000"",size: ""80000"",subtype: ""memory"",tgid: ""172093"",source: ""syscall"",type: ""Artifact"",version: ""4"",hash: ""95b836f732b1072a27cbcbd35912cded""})"
"(:VERTEX {memory address: ""7f23ede8f000"",size: ""397d4"",subtype: ""memory"",tgid: ""172093"",source: ""syscall"",type: ""Artifact"",version: ""0"",hash: ""724749d55267ac20aa7b4f557a9d0ce8""})"
"(:VERTEX {memory address: ""7f23ee0a8000"",size: ""9000"",subtype: ""memory"",tgid: ""172093"",source: ""syscall"",type: ""Artifact"",version: ""5"",hash: ""bb249c439d76dc984e1d918e716d5757""})"
"(:VERTEX {memory address: ""7f23edec9000"",size: ""80000"",subtype: ""memory"",tgid: ""172093"",source: ""syscall"",type: ""Artifact"",version: ""5"",hash: ""2a506b6259c3c468a998ed6934c3bd78""})"
"(:VERTEX {memory address: ""7f23ede8e000"",size: ""3a7c4"",subtype: ""memory"",tgid: ""172093"",source: ""syscall"",type: ""Artifact"",version: ""0"",hash: ""f0bc19e5b263b3dd6718a5d34a389214""})"
"(:VERTEX {memory address: ""7f23ee0c3000"",size: ""9000"",subtype: ""memory"",tgid: ""172093"",source: ""syscall"",type: ""Artifact"",version: ""1"",hash: ""49ddf128019d3897e80d4d742776a079""})"
"(:VERTEX {memory address: ""7f23ee09b000"",size: ""16000"",subtype: ""memory"",tgid: ""172093"",source: ""syscall"",type: ""Artifact"",version: ""0"",hash: ""c060b5a34c655f39bf2033028a8a6c9c""})"
"(:VERTEX {memory address: ""7f23edfe8000"",size: ""16000"",subtype: ""memory"",tgid: ""172093"",source: ""syscall"",type: ""Artifact"",version: ""0"",hash: ""35971c2d51ea7acb2a066923ecdec9ea""})"
"(:VERTEX {memory address: ""7f23ee092000"",size: ""9000"",subtype: ""memory"",tgid: ""172093"",source: ""syscall"",type: ""Artifact"",version: ""0"",hash: ""9b70e7273eff24271b3c2779ad04eb7c""})"
"(:VERTEX {memory address: ""7f23edf1e000"",size: ""2af24"",subtype: ""memory"",tgid: ""172093"",source: ""syscall"",type: ""Artifact"",version: ""0"",hash: ""26fa37a532a3d0aeca392375b23d4b1b""})"
"(:VERTEX {memory address: ""7f23ede9e000"",size: ""80000"",subtype: ""memory"",tgid: ""172093"",source: ""syscall"",type: ""Artifact"",version: ""0"",hash: ""470152f0d35e6a7e2f65db16747c5b7d""})"
"(:VERTEX {memory address: ""7f23edd9e000"",size: ""100000"",subtype: ""memory"",tgid: ""172093"",source: ""syscall"",type: ""Artifact"",version: ""0"",hash: ""6433e38683b4197e8bc1f9fd0f97e401""})"
"(:VERTEX {memory address: ""7f23edfd7000"",size: ""11000"",subtype: ""memory"",tgid: ""172093"",source: ""syscall"",type: ""Artifact"",version: ""0"",hash: ""4a59f1e3836e9fd7db739bd6f04b630a""})"
"(:VERTEX {memory address: ""7f23edeb1000"",size: ""8000"",subtype: ""memory"",tgid: ""172093"",source: ""syscall"",type: ""Artifact"",version: ""0"",hash: ""8c8cdc2500f79a236b41c33e3a4ae8a8""})"
"(:VERTEX {memory address: ""7f23edeba000"",size: ""8000"",subtype: ""memory"",tgid: ""172093"",source: ""syscall"",type: ""Artifact"",version: ""0"",hash: ""2433ec83f242f3e256315f413c72658f""})"
"(:VERTEX {memory address: ""7f23edaea000"",size: ""7fbe4"",subtype: ""memory"",tgid: ""172093"",source: ""syscall"",type: ""Artifact"",version: ""0"",hash: ""c9cb4024943f36b7f75fd4c66a68abeb""})"
"(:VERTEX {memory address: ""7f23eda63000"",size: ""86214"",subtype: ""memory"",tgid: ""172093"",source: ""syscall"",type: ""Artifact"",version: ""0"",hash: ""ae10dd9c8d4e4ec0051fbc424679cbe8""})"
"(:VERTEX {memory address: ""7f23ee177000"",size: ""12000"",subtype: ""memory"",tgid: ""172093"",source: ""syscall"",type: ""Artifact"",version: ""0"",hash: ""a947fe758732db12d3df8cb32ef1995c""})"
"(:VERTEX {memory address: ""7f23ee0d4000"",size: ""12000"",subtype: ""memory"",tgid: ""172093"",source: ""syscall"",type: ""Artifact"",version: ""0"",hash: ""5a99aa672d8be73ef6cf679482f35e98""})"
"(:VERTEX {memory address: ""7f23edd8c000"",size: ""12000"",subtype: ""memory"",tgid: ""172093"",source: ""syscall"",type: ""Artifact"",version: ""0"",hash: ""67456fe0c9d54a2a6b8394e614e3d370""})"
"(:VERTEX {memory address: ""7f23edd7a000"",size: ""23204"",subtype: ""memory"",tgid: ""172093"",source: ""syscall"",type: ""Artifact"",version: ""0"",hash: ""c7dfa6ce5e4f32c772cb63a60297447d""})"
"(:VERTEX {memory address: ""7f23edb45000"",size: ""24e1c"",subtype: ""memory"",tgid: ""172093"",source: ""syscall"",type: ""Artifact"",version: ""0"",hash: ""f2fdb36675b6e2775743b6861bbdfbe1""})"
"(:VERTEX {memory address: ""7f23ee177000"",size: ""12000"",subtype: ""memory"",tgid: ""172093"",source: ""syscall"",type: ""Artifact"",version: ""1"",hash: ""b6616ee453ecc6d3432ff436a8f98bbe""})"
"(:VERTEX {memory address: ""7f23ee0d4000"",size: ""12000"",subtype: ""memory"",tgid: ""172093"",source: ""syscall"",type: ""Artifact"",version: ""1"",hash: ""3fdaea5fc31652c5a3b7ace18b18ac90""})"
"(:VERTEX {memory address: ""7f23ee0d5000"",size: ""11000"",subtype: ""memory"",tgid: ""172093"",source: ""syscall"",type: ""Artifact"",version: ""0"",hash: ""874c99458bfab37b27d8bd5a2dc3bc57""})"
"(:VERTEX {memory address: ""7f23edb2e000"",size: ""3ba84"",subtype: ""memory"",tgid: ""172093"",source: ""syscall"",type: ""Artifact"",version: ""0"",hash: ""5cca9a3f548e665f0b565225d08aa729""})"
"(:VERTEX {memory address: ""7f23edaef000"",size: ""3ea3c"",subtype: ""memory"",tgid: ""172093"",source: ""syscall"",type: ""Artifact"",version: ""0"",hash: ""68a53311c1048af670fbbbdce86e3897""})"
"(:VERTEX {memory address: ""7f23ee177000"",size: ""12000"",subtype: ""memory"",tgid: ""172093"",source: ""syscall"",type: ""Artifact"",version: ""2"",hash: ""93a4e906e431966ce3c3d810c26b55f5""})"
"(:VERTEX {memory address: ""7f23edd8c000"",size: ""12000"",subtype: ""memory"",tgid: ""172093"",source: ""syscall"",type: ""Artifact"",version: ""1"",hash: ""68108fc7ef8de8f5edd66faf92af469a""})"
"(:VERTEX {memory address: ""7f23edb20000"",size: ""492c4"",subtype: ""memory"",tgid: ""172093"",source: ""syscall"",type: ""Artifact"",version: ""0"",hash: ""8cafc04aecfa9bc3195c831f59971873""})"
"(:VERTEX {memory address: ""7f23edad3000"",size: ""4cd4c"",subtype: ""memory"",tgid: ""172093"",source: ""syscall"",type: ""Artifact"",version: ""0"",hash: ""9c368e170306ed37b484d79f09b99c74""})"
"(:VERTEX {memory address: ""7f23ee177000"",size: ""12000"",subtype: ""memory"",tgid: ""172093"",source: ""syscall"",type: ""Artifact"",version: ""3"",hash: ""4cd86d4ffdb8605e7e9a09456cfe0c7f""})"
"(:VERTEX {memory address: ""7f23edd8c000"",size: ""12000"",subtype: ""memory"",tgid: ""172093"",source: ""syscall"",type: ""Artifact"",version: ""2"",hash: ""8d8ac071494374656a998f3d06839f7c""})"
"(:VERTEX {memory address: ""7f23edb1b000"",size: ""4ee04"",subtype: ""memory"",tgid: ""172093"",source: ""syscall"",type: ""Artifact"",version: ""0"",hash: ""de2d80b757a7c2226bf9da44ce7732b0""})"
"(:VERTEX {memory address: ""7f23edac8000"",size: ""52d1c"",subtype: ""memory"",tgid: ""172093"",source: ""syscall"",type: ""Artifact"",version: ""0"",hash: ""d76817adb3b6071d2115595c3185d2b9""})"
"(:VERTEX {memory address: ""7f23ee177000"",size: ""12000"",subtype: ""memory"",tgid: ""172093"",source: ""syscall"",type: ""Artifact"",version: ""4"",hash: ""061e7314c9fe6477ee9c50877453d04d""})"
"(:VERTEX {memory address: ""7f23edd8c000"",size: ""12000"",subtype: ""memory"",tgid: ""172093"",source: ""syscall"",type: ""Artifact"",version: ""3"",hash: ""7e73620fbddcb3ad052cca70c5a15de7""})"
"(:VERTEX {memory address: ""7f23edb16000"",size: ""53904"",subtype: ""memory"",tgid: ""172093"",source: ""syscall"",type: ""Artifact"",version: ""0"",hash: ""fc084c3abdf32f4ee8152b159c61678e""})"
"(:VERTEX {memory address: ""7f23edabe000"",size: ""57bdc"",subtype: ""memory"",tgid: ""172093"",source: ""syscall"",type: ""Artifact"",version: ""0"",hash: ""02c860c19f543ac7a1e493a87acdde65""})"
"(:VERTEX {memory address: ""7f23ee177000"",size: ""12000"",subtype: ""memory"",tgid: ""172093"",source: ""syscall"",type: ""Artifact"",version: ""5"",hash: ""3f7295798546102fe007c718e534c618""})"
"(:VERTEX {memory address: ""7f23edd8c000"",size: ""12000"",subtype: ""memory"",tgid: ""172093"",source: ""syscall"",type: ""Artifact"",version: ""4"",hash: ""91b7831824891a16e4ef4525abe76e47""})"
"(:VERTEX {memory address: ""7f23ed9be000"",size: ""100000"",subtype: ""memory"",tgid: ""172093"",source: ""syscall"",type: ""Artifact"",version: ""0"",hash: ""24bac494c7acc6935d3eaae4b98f80ba""})"
"(:VERTEX {memory address: ""7f23ee178000"",size: ""11000"",subtype: ""memory"",tgid: ""172093"",source: ""syscall"",type: ""Artifact"",version: ""0"",hash: ""e9228f9b87cf32a9c749a5f525789762""})"
"(:VERTEX {memory address: ""7f23edea8000"",size: ""8000"",subtype: ""memory"",tgid: ""172093"",source: ""syscall"",type: ""Artifact"",version: ""0"",hash: ""f10607616437e182298cf71e1f3263c5""})"
"(:VERTEX {memory address: ""7f23edec3000"",size: ""8000"",subtype: ""memory"",tgid: ""172093"",source: ""syscall"",type: ""Artifact"",version: ""0"",hash: ""3fbebc040fc4da022854b4c9b5e914d2""})"
"(:VERTEX {memory address: ""7f23ede9f000"",size: ""8000"",subtype: ""memory"",tgid: ""172093"",source: ""syscall"",type: ""Artifact"",version: ""0"",hash: ""e90d20a3503054863a8d2c33307e7987""})"
"(:VERTEX {memory address: ""7f23edecc000"",size: ""8000"",subtype: ""memory"",tgid: ""172093"",source: ""syscall"",type: ""Artifact"",version: ""0"",hash: ""58dae4c1790bf9a9189f531756329bac""})"
"(:VERTEX {memory address: ""7f23eed2d000"",size: ""1000"",subtype: ""memory"",tgid: ""172093"",source: ""syscall"",type: ""Artifact"",version: ""0"",hash: ""4d71e52adc24050066c8940447e6093f""})"
"(:VERTEX {memory address: ""7f63bb114000"",size: ""11000"",subtype: ""memory"",tgid: ""172956"",source: ""syscall"",type: ""Artifact"",version: ""408"",hash: ""7f980f328cf72206b68aed0fd5d80e58""})"
"(:VERTEX {memory address: ""7f63bb114000"",size: ""11000"",subtype: ""memory"",tgid: ""172956"",source: ""syscall"",type: ""Artifact"",version: ""409"",hash: ""d9622f9f01e6e88f5a4fc353fa7b8754""})"
"(:VERTEX {memory address: ""7f63bb114000"",size: ""11000"",subtype: ""memory"",tgid: ""172956"",source: ""syscall"",type: ""Artifact"",version: ""410"",hash: ""53a76dd9109aa183b9473c4a9ae78450""})"
"(:VERTEX {memory address: ""7f63bb114000"",size: ""11000"",subtype: ""memory"",tgid: ""172956"",source: ""syscall"",type: ""Artifact"",version: ""411"",hash: ""11df6ac1f663e5f4b908af8aa0634c27""})"
"(:VERTEX {memory address: ""7f63bb114000"",size: ""11000"",subtype: ""memory"",tgid: ""172956"",source: ""syscall"",type: ""Artifact"",version: ""412"",hash: ""740fdb98d8df1f9f7c538494c679e7f1""})"
"(:VERTEX {memory address: ""7f63bb114000"",size: ""11000"",subtype: ""memory"",tgid: ""172956"",source: ""syscall"",type: ""Artifact"",version: ""413"",hash: ""32ca12e1ef4922b66aa91a6f31ad43bd""})"
"(:VERTEX {memory address: ""7f63bb114000"",size: ""11000"",subtype: ""memory"",tgid: ""172956"",source: ""syscall"",type: ""Artifact"",version: ""414"",hash: ""5ab135258ecf894a80b865dab6c4262c""})"
"(:VERTEX {memory address: ""7f63bb114000"",size: ""11000"",subtype: ""memory"",tgid: ""172956"",source: ""syscall"",type: ""Artifact"",version: ""415"",hash: ""d1a7abaf2fd145e612644401bb7df1f2""})"
"(:VERTEX {memory address: ""7f63bb114000"",size: ""11000"",subtype: ""memory"",tgid: ""172956"",source: ""syscall"",type: ""Artifact"",version: ""416"",hash: ""01d52fe34fcffe896b71bff49df87e0f""})"
"(:VERTEX {memory address: ""7f63bb114000"",size: ""11000"",subtype: ""memory"",tgid: ""172956"",source: ""syscall"",type: ""Artifact"",version: ""417"",hash: ""555877f4d0324014f6d4b6a685add1cb""})"
"(:VERTEX {memory address: ""7f63bb114000"",size: ""11000"",subtype: ""memory"",tgid: ""172956"",source: ""syscall"",type: ""Artifact"",version: ""418"",hash: ""f2d5b49b7e3b0bd0d01d183a77029842""})"
"(:VERTEX {memory address: ""7f63bb114000"",size: ""11000"",subtype: ""memory"",tgid: ""172956"",source: ""syscall"",type: ""Artifact"",version: ""419"",hash: ""04b6e0d44bdd97eda94a7c733ac6ee13""})"
"(:VERTEX {memory address: ""7f63bb114000"",size: ""11000"",subtype: ""memory"",tgid: ""172956"",source: ""syscall"",type: ""Artifact"",version: ""420"",hash: ""51a9acd58ed409c55170257cc47b724e""})"
"(:VERTEX {memory address: ""7f63bb114000"",size: ""11000"",subtype: ""memory"",tgid: ""172956"",source: ""syscall"",type: ""Artifact"",version: ""421"",hash: ""9a48fc710199117a360c2dbab2bf049d""})"
"(:VERTEX {memory address: ""7f63bb114000"",size: ""11000"",subtype: ""memory"",tgid: ""172956"",source: ""syscall"",type: ""Artifact"",version: ""422"",hash: ""8e18fc2cc4d284ee4d8a42b4c9f2ecb1""})"
"(:VERTEX {memory address: ""7f63bb114000"",size: ""11000"",subtype: ""memory"",tgid: ""172956"",source: ""syscall"",type: ""Artifact"",version: ""423"",hash: ""bfe5fa276e2ba5894ba41f1b5ce3c6a7""})"
"(:VERTEX {memory address: ""7f63bb114000"",size: ""11000"",subtype: ""memory"",tgid: ""172956"",source: ""syscall"",type: ""Artifact"",version: ""424"",hash: ""5c4d81448fc6b0ef88065f0fecdc7a59""})"
"(:VERTEX {memory address: ""7f63bb114000"",size: ""11000"",subtype: ""memory"",tgid: ""172956"",source: ""syscall"",type: ""Artifact"",version: ""425"",hash: ""29e28425990d72b83cda021e0532bfb3""})"
"(:VERTEX {memory address: ""7f63bb114000"",size: ""11000"",subtype: ""memory"",tgid: ""172956"",source: ""syscall"",type: ""Artifact"",version: ""426"",hash: ""d1673a57d4a2115ce1d4496283e87cce""})"
"(:VERTEX {memory address: ""7f63bb114000"",size: ""11000"",subtype: ""memory"",tgid: ""172956"",source: ""syscall"",type: ""Artifact"",version: ""427"",hash: ""81574297711e8dcb699cac280320a1dc""})"
"(:VERTEX {memory address: ""7f63bb114000"",size: ""11000"",subtype: ""memory"",tgid: ""172956"",source: ""syscall"",type: ""Artifact"",version: ""428"",hash: ""f861c50b13fb5bf07434b0953b0bca90""})"
"(:VERTEX {memory address: ""7f63bb114000"",size: ""11000"",subtype: ""memory"",tgid: ""172956"",source: ""syscall"",type: ""Artifact"",version: ""429"",hash: ""c7427d40ae3c4a5c2d6550412e873bc9""})"
"(:VERTEX {memory address: ""7f63bb114000"",size: ""11000"",subtype: ""memory"",tgid: ""172956"",source: ""syscall"",type: ""Artifact"",version: ""430"",hash: ""2d45be0d363a314d592c57631d827ef6""})"
"(:VERTEX {memory address: ""7f63bb114000"",size: ""11000"",subtype: ""memory"",tgid: ""172956"",source: ""syscall"",type: ""Artifact"",version: ""431"",hash: ""4fccf2a00531156918dede04b4931946""})"
"(:VERTEX {memory address: ""7f63bb114000"",size: ""11000"",subtype: ""memory"",tgid: ""172956"",source: ""syscall"",type: ""Artifact"",version: ""432"",hash: ""5696ac41904fd26f352d0d44172ec832""})"
"(:VERTEX {memory address: ""7f63bb114000"",size: ""11000"",subtype: ""memory"",tgid: ""172956"",source: ""syscall"",type: ""Artifact"",version: ""433"",hash: ""06fd2fe62e52e2be517379431b86d36b""})"
"(:VERTEX {memory address: ""7f63bb114000"",size: ""11000"",subtype: ""memory"",tgid: ""172956"",source: ""syscall"",type: ""Artifact"",version: ""434"",hash: ""9a7abbf2e1dc5cbe51c4c4fb4e9644fa""})"
"(:VERTEX {memory address: ""7f63bb114000"",size: ""11000"",subtype: ""memory"",tgid: ""172956"",source: ""syscall"",type: ""Artifact"",version: ""435"",hash: ""63667af7eb5d339ac75bb40b68331f84""})"
"(:VERTEX {remote port: ""53"",epoch: ""0"",source: ""syscall"",type: ""Artifact"",version: ""0"",local port: ""52294"",net namespace: ""-1"",local address: ""10.1.251.244"",protocol: ""udp"",subtype: ""network socket"",remote address: ""10.152.183.10"",hash: ""3d4de0118c1473eb95fe7cd8cd5365de""})"
"(:VERTEX {remote port: ""53"",epoch: ""0"",source: ""syscall"",type: ""Artifact"",version: ""0"",local port: ""58440"",net namespace: ""4026532992"",local address: ""10.1.251.244"",protocol: ""udp"",subtype: ""network socket"",remote address: ""10.152.183.10"",hash: ""3fd83a8fec2489d131bd596a8ba13b1e""})"
"(:VERTEX {memory address: ""c000800000"",size: ""200000"",subtype: ""memory"",tgid: ""172248"",source: ""syscall"",type: ""Artifact"",version: ""0"",hash: ""405368eab3c2e2a05057da27d84be829""})"
"(:VERTEX {memory address: ""c000800000"",size: ""8000"",subtype: ""memory"",tgid: ""172248"",source: ""syscall"",type: ""Artifact"",version: ""0"",hash: ""83dec01b335efbb420ca2071eecbe667""})"
"(:VERTEX {memory address: ""c0007f8000"",size: ""8000"",subtype: ""memory"",tgid: ""172248"",source: ""syscall"",type: ""Artifact"",version: ""0"",hash: ""9c56552623cccf89fa01cc7e5c8aec30""})"
"(:VERTEX {memory address: ""c0007e8000"",size: ""10000"",subtype: ""memory"",tgid: ""172248"",source: ""syscall"",type: ""Artifact"",version: ""0"",hash: ""cdd2c9776dc363b9ea04ad7c65a37e23""})"
"(:VERTEX {memory address: ""c0007d8000"",size: ""10000"",subtype: ""memory"",tgid: ""172248"",source: ""syscall"",type: ""Artifact"",version: ""0"",hash: ""7f03dfa7efc0b50035b5fd313e2c6258""})"
"(:VERTEX {memory address: ""c0007c8000"",size: ""10000"",subtype: ""memory"",tgid: ""172248"",source: ""syscall"",type: ""Artifact"",version: ""0"",hash: ""0704ccf3f9ab3a6d45a584824ae66809""})"
"(:VERTEX {memory address: ""c0007b8000"",size: ""10000"",subtype: ""memory"",tgid: ""172248"",source: ""syscall"",type: ""Artifact"",version: ""0"",hash: ""0f70553a2f1f2a3e54f95c8a1adbec5e""})"
"(:VERTEX {memory address: ""c00078e000"",size: ""10000"",subtype: ""memory"",tgid: ""172248"",source: ""syscall"",type: ""Artifact"",version: ""0"",hash: ""5bde8a6a173ecd323aa02bef91baf4c2""})"
"(:VERTEX {memory address: ""7f63bb114000"",size: ""11000"",subtype: ""memory"",tgid: ""172956"",source: ""syscall"",type: ""Artifact"",version: ""436"",hash: ""8d992bdb0ea48fcee65fe3a372653173""})"
"(:VERTEX {memory address: ""7f63bb114000"",size: ""11000"",subtype: ""memory"",tgid: ""172956"",source: ""syscall"",type: ""Artifact"",version: ""437"",hash: ""35ffbebe1a7f8b175cd83176c41bf06a""})"
"(:VERTEX {memory address: ""7f63bb114000"",size: ""11000"",subtype: ""memory"",tgid: ""172956"",source: ""syscall"",type: ""Artifact"",version: ""438"",hash: ""ffb9ec88d0463fd746c68ecf32d672ce""})"
"(:VERTEX {memory address: ""7f63bb114000"",size: ""11000"",subtype: ""memory"",tgid: ""172956"",source: ""syscall"",type: ""Artifact"",version: ""439"",hash: ""477f36c886c5bfbffd50c978f051ba04""})"
"(:VERTEX {memory address: ""7f63bb114000"",size: ""11000"",subtype: ""memory"",tgid: ""172956"",source: ""syscall"",type: ""Artifact"",version: ""440"",hash: ""703e31b344ba4e34ccbe0dec119fcd53""})"
"(:VERTEX {memory address: ""7f63bb114000"",size: ""11000"",subtype: ""memory"",tgid: ""172956"",source: ""syscall"",type: ""Artifact"",version: ""441"",hash: ""48e04d390c4040e2d7d81236099f4308""})"
"(:VERTEX {memory address: ""7f63bb114000"",size: ""11000"",subtype: ""memory"",tgid: ""172956"",source: ""syscall"",type: ""Artifact"",version: ""442"",hash: ""c1700b55a73029429c695c4b3eca6859""})"
"(:VERTEX {memory address: ""7f63bb114000"",size: ""11000"",subtype: ""memory"",tgid: ""172956"",source: ""syscall"",type: ""Artifact"",version: ""443"",hash: ""322540f7f71970a0197fef91db4a089c""})"
"(:VERTEX {memory address: ""7f63bb114000"",size: ""11000"",subtype: ""memory"",tgid: ""172956"",source: ""syscall"",type: ""Artifact"",version: ""444"",hash: ""52407cdfd8dae14fbaf9dc31d716e834""})"
"(:VERTEX {memory address: ""7f63bb114000"",size: ""11000"",subtype: ""memory"",tgid: ""172956"",source: ""syscall"",type: ""Artifact"",version: ""445"",hash: ""9443e92c4b20fe5caf2a1af1e36f1ca2""})"
"(:VERTEX {memory address: ""7f63bb114000"",size: ""11000"",subtype: ""memory"",tgid: ""172956"",source: ""syscall"",type: ""Artifact"",version: ""446"",hash: ""a9b1d13c2ddf9957b9af3fa3d27bdfd1""})"
"(:VERTEX {memory address: ""7f63bb114000"",size: ""11000"",subtype: ""memory"",tgid: ""172956"",source: ""syscall"",type: ""Artifact"",version: ""447"",hash: ""b71bc48d840fdc48f172949a3df2e7b7""})"
"(:VERTEX {memory address: ""3030c7dc0000"",size: ""40000"",subtype: ""memory"",tgid: ""172956"",source: ""syscall"",type: ""Artifact"",version: ""57"",hash: ""5c6cca47f771e6419674490ac3478287""})"
"(:VERTEX {memory address: ""7cb45600000"",size: ""40000"",subtype: ""memory"",tgid: ""172956"",source: ""syscall"",type: ""Artifact"",version: ""57"",hash: ""d173f121a98f01a4dd1e0d2bd5a8971b""})"
"(:VERTEX {memory address: ""31798280000"",size: ""40000"",subtype: ""memory"",tgid: ""172956"",source: ""syscall"",type: ""Artifact"",version: ""57"",hash: ""c4ff4261807066afc36a65d72d85dbb9""})"
"(:VERTEX {memory address: ""11f76ac0000"",size: ""40000"",subtype: ""memory"",tgid: ""172956"",source: ""syscall"",type: ""Artifact"",version: ""57"",hash: ""268fb291200928b0f5454d56ceccee50""})"
"(:VERTEX {memory address: ""7f63bd2ef000"",size: ""4000"",subtype: ""memory"",tgid: ""172956"",source: ""syscall"",type: ""Artifact"",version: ""60"",hash: ""bcce75acb6545fc7798766ef7c82e3bd""})"
"(:VERTEX {memory address: ""7f63bd2eb000"",size: ""4000"",subtype: ""memory"",tgid: ""172956"",source: ""syscall"",type: ""Artifact"",version: ""52"",hash: ""a7ba1a3f4f25cf2456c31d8afe82722e""})"
"(:VERTEX {memory address: ""1dce6d6c0000"",size: ""40000"",subtype: ""memory"",tgid: ""172956"",source: ""syscall"",type: ""Artifact"",version: ""7"",hash: ""98538b9f51cc2fdce27f12d7eb0443b6""})"
"(:VERTEX {memory address: ""24c73be40000"",size: ""40000"",subtype: ""memory"",tgid: ""172956"",source: ""syscall"",type: ""Artifact"",version: ""7"",hash: ""ac14e39b04c98fcd00df71483a744938""})"
"(:VERTEX {memory address: ""ce06300000"",size: ""40000"",subtype: ""memory"",tgid: ""172956"",source: ""syscall"",type: ""Artifact"",version: ""7"",hash: ""0326839a12ca9ea951301b12d07b9c61""})"
"(:VERTEX {memory address: ""1c0561980000"",size: ""40000"",subtype: ""memory"",tgid: ""172956"",source: ""syscall"",type: ""Artifact"",version: ""7"",hash: ""021a674e227e37400a76b4b10706c795""})"
"(:VERTEX {memory address: ""7f63bb114000"",size: ""11000"",subtype: ""memory"",tgid: ""172956"",source: ""syscall"",type: ""Artifact"",version: ""448"",hash: ""7fcb6539ecd23229522fc24aa9b4aad3""})"
"(:VERTEX {memory address: ""7f63bb114000"",size: ""11000"",subtype: ""memory"",tgid: ""172956"",source: ""syscall"",type: ""Artifact"",version: ""449"",hash: ""34b122df2f3f1553e0b14ac51d4579e0""})"
"(:VERTEX {memory address: ""7f63bb114000"",size: ""11000"",subtype: ""memory"",tgid: ""172956"",source: ""syscall"",type: ""Artifact"",version: ""450"",hash: ""a19ac7d3d655ef9466565f23083f4b9f""})"
"(:VERTEX {memory address: ""7f63bb114000"",size: ""11000"",subtype: ""memory"",tgid: ""172956"",source: ""syscall"",type: ""Artifact"",version: ""451"",hash: ""7e342c8258fd671afe1b9c67a548f9c0""})"
"(:VERTEX {memory address: ""7f63bb114000"",size: ""11000"",subtype: ""memory"",tgid: ""172956"",source: ""syscall"",type: ""Artifact"",version: ""452"",hash: ""0f9edd8a4e123db352230b1a8b723e19""})"
"(:VERTEX {memory address: ""7f63bb114000"",size: ""11000"",subtype: ""memory"",tgid: ""172956"",source: ""syscall"",type: ""Artifact"",version: ""453"",hash: ""f38a6cdfc736a79092aa072368265373""})"
"(:VERTEX {memory address: ""7f63bb114000"",size: ""11000"",subtype: ""memory"",tgid: ""172956"",source: ""syscall"",type: ""Artifact"",version: ""454"",hash: ""67e868f1abb2e3d0899313a9e26e8afe""})"
"(:VERTEX {memory address: ""7f63bb114000"",size: ""11000"",subtype: ""memory"",tgid: ""172956"",source: ""syscall"",type: ""Artifact"",version: ""455"",hash: ""81ce957da1e6703404516d7fc63ba775""})"
"(:VERTEX {memory address: ""7f63bb114000"",size: ""11000"",subtype: ""memory"",tgid: ""172956"",source: ""syscall"",type: ""Artifact"",version: ""456"",hash: ""4bf0194685e238d929c862826e0c1c9e""})"
"(:VERTEX {memory address: ""7f63bb114000"",size: ""11000"",subtype: ""memory"",tgid: ""172956"",source: ""syscall"",type: ""Artifact"",version: ""457"",hash: ""8c9f534f3254cd1a94fffea1746a2d32""})"
"(:VERTEX {memory address: ""7f63bb114000"",size: ""11000"",subtype: ""memory"",tgid: ""172956"",source: ""syscall"",type: ""Artifact"",version: ""458"",hash: ""38213619f094a677896f7c20ea0d2439""})"
"(:VERTEX {memory address: ""7f63bb114000"",size: ""11000"",subtype: ""memory"",tgid: ""172956"",source: ""syscall"",type: ""Artifact"",version: ""459"",hash: ""6335e6375370082a2d0ae6ab53d8bd32""})"
"(:VERTEX {memory address: ""7f63bb114000"",size: ""11000"",subtype: ""memory"",tgid: ""172956"",source: ""syscall"",type: ""Artifact"",version: ""460"",hash: ""bf1e7bea54bca25995a147ca364a330f""})"
"(:VERTEX {remote port: ""53"",epoch: ""0"",source: ""syscall"",type: ""Artifact"",version: ""0"",local port: ""58947"",net namespace: ""4026532992"",local address: ""10.1.251.244"",protocol: ""udp"",subtype: ""network socket"",remote address: ""10.152.183.10"",hash: ""5c4af49827fc24f0891907078b58d9ac""})"
"(:VERTEX {gid: ""1000"",euid: ""1000"",children pid namespace: ""4026533560"",start time: ""1693401652.722"",ns pid: ""11"",pid: ""172468"",source: ""syscall"",type: ""Process"",net namespace: ""4026532992"",ipc namespace: ""4026533517"",ppid: ""172248"",pid namespace: ""4026533560"",cwd: ""/src"",uid: ""1000"",egid: ""1000"",exe: ""/src/server"",mount namespace: ""4026533559"",command line: ""/src/server"",name: ""server"",hash: ""312bd50a7e41424717eb092817aada21"",user namespace: ""4026531837""})"
"(:VERTEX {remote port: ""53"",epoch: ""0"",source: ""syscall"",type: ""Artifact"",version: ""0"",local port: ""40592"",net namespace: ""4026532992"",local address: ""10.1.251.244"",protocol: ""udp"",subtype: ""network socket"",remote address: ""10.152.183.10"",hash: ""53766ffa0f2e914883f4a86e39439899""})"
"(:VERTEX {memory address: ""7f63bb114000"",size: ""11000"",subtype: ""memory"",tgid: ""172956"",source: ""syscall"",type: ""Artifact"",version: ""461"",hash: ""08f56d026de5d4028a93ae3e063297c8""})"
"(:VERTEX {memory address: ""7f63bb114000"",size: ""11000"",subtype: ""memory"",tgid: ""172956"",source: ""syscall"",type: ""Artifact"",version: ""462"",hash: ""6d5173bde6b3f176e390fbbceaebd261""})"
"(:VERTEX {memory address: ""7f63bb114000"",size: ""11000"",subtype: ""memory"",tgid: ""172956"",source: ""syscall"",type: ""Artifact"",version: ""463"",hash: ""378a07b6b2e3e610ae6d92ceb049e0a9""})"
"(:VERTEX {memory address: ""7f63bb114000"",size: ""11000"",subtype: ""memory"",tgid: ""172956"",source: ""syscall"",type: ""Artifact"",version: ""464"",hash: ""2d76864a96689d8006dc70ea96053cdd""})"
"(:VERTEX {remote port: ""48178"",epoch: ""0"",source: ""syscall"",type: ""Artifact"",version: ""0"",local port: ""3550"",net namespace: ""4026533110"",local address: ""0000:0000:0000:0000:0000:0000:0000:0000"",protocol: ""tcp"",subtype: ""network socket"",remote address: ""0000:0000:0000:0000:0000:FFFF:C0A8:2F80"",hash: ""9bac52b345f2e44d55ef915eedd7af56""})"
"(:VERTEX {gid: ""1000"",euid: ""1000"",children pid namespace: ""4026533504"",start time: ""1693401663.699"",ns pid: ""9"",pid: ""172778"",source: ""syscall"",type: ""Process"",net namespace: ""4026533110"",ipc namespace: ""4026533525"",ppid: ""172652"",pid namespace: ""4026533504"",cwd: ""/src"",uid: ""1000"",egid: ""1000"",exe: ""/src/server"",mount namespace: ""4026533503"",command line: ""/src/server"",name: ""server"",hash: ""53e0ddbc332bf49e85793223483bae4f"",user namespace: ""4026531837""})"
"(:VERTEX {remote port: ""48184"",epoch: ""0"",source: ""syscall"",type: ""Artifact"",version: ""0"",local port: ""3550"",net namespace: ""4026533110"",local address: ""0000:0000:0000:0000:0000:0000:0000:0000"",protocol: ""tcp"",subtype: ""network socket"",remote address: ""0000:0000:0000:0000:0000:FFFF:C0A8:2F80"",hash: ""b5ec3733b2a831478ce5f60b385909b7""})"
"(:VERTEX {gid: ""1000"",euid: ""1000"",children pid namespace: ""4026533504"",start time: ""1693401664.012"",ns pid: ""13"",pid: ""172790"",source: ""syscall"",type: ""Process"",net namespace: ""4026533110"",ipc namespace: ""4026533525"",ppid: ""172652"",pid namespace: ""4026533504"",cwd: ""/src"",uid: ""1000"",egid: ""1000"",exe: ""/src/server"",mount namespace: ""4026533503"",command line: ""/src/server"",name: ""server"",hash: ""15f362a93332fa56579e44f19b867761"",user namespace: ""4026531837""})"
"(:VERTEX {remote port: ""56030"",epoch: ""0"",source: ""syscall"",type: ""Artifact"",version: ""0"",local port: ""50051"",net namespace: ""-1"",local address: ""0000:0000:0000:0000:0000:0000:0000:0000"",protocol: ""tcp"",subtype: ""network socket"",remote address: ""0000:0000:0000:0000:0000:FFFF:C0A8:2F80"",hash: ""e7a720ce4d3a4d642185f5e0786d6687""})"
"(:VERTEX {memory address: ""7f23ee7ef000"",size: ""7000"",subtype: ""memory"",tgid: ""172093"",source: ""syscall"",type: ""Artifact"",version: ""0"",hash: ""2b0be3fe254b72bb29d406fd81c2b9eb""})"
"(:VERTEX {memory address: ""7f23ee83f000"",size: ""7000"",subtype: ""memory"",tgid: ""172093"",source: ""syscall"",type: ""Artifact"",version: ""0"",hash: ""f468b4f2d1e3555d7d19466f858be33b""})"
"(:VERTEX {memory address: ""7f23ee84f000"",size: ""7000"",subtype: ""memory"",tgid: ""172093"",source: ""syscall"",type: ""Artifact"",version: ""0"",hash: ""c348b4413607b06e7b7e2ae8b283ee67""})"
"(:VERTEX {memory address: ""7f23ee85f000"",size: ""7000"",subtype: ""memory"",tgid: ""172093"",source: ""syscall"",type: ""Artifact"",version: ""0"",hash: ""bb968e056ffd38aa600dfed87b539daf""})"
"(:VERTEX {memory address: ""7f23ee87f000"",size: ""7000"",subtype: ""memory"",tgid: ""172093"",source: ""syscall"",type: ""Artifact"",version: ""0"",hash: ""2c40a28b12a71a31b46d962aa65536f6""})"
"(:VERTEX {memory address: ""7f23ede66000"",size: ""7000"",subtype: ""memory"",tgid: ""172093"",source: ""syscall"",type: ""Artifact"",version: ""0"",hash: ""4503b5224f0e9847319905a206a7b0e3""})"
"(:VERTEX {memory address: ""7f23ede5e000"",size: ""7000"",subtype: ""memory"",tgid: ""172093"",source: ""syscall"",type: ""Artifact"",version: ""0"",hash: ""92884500c044db9d11297dc14def2e0c""})"
"(:VERTEX {memory address: ""7f23ede56000"",size: ""7000"",subtype: ""memory"",tgid: ""172093"",source: ""syscall"",type: ""Artifact"",version: ""0"",hash: ""238cd84f56aa716969807595bef9bebd""})"
"(:VERTEX {memory address: ""7f23ede4e000"",size: ""7000"",subtype: ""memory"",tgid: ""172093"",source: ""syscall"",type: ""Artifact"",version: ""0"",hash: ""a5e22e31e48d527684dda0004e024f89""})"
"(:VERTEX {memory address: ""7f23ede46000"",size: ""7000"",subtype: ""memory"",tgid: ""172093"",source: ""syscall"",type: ""Artifact"",version: ""0"",hash: ""1310a75f80c007eda9e2c265bffc29fd""})"
"(:VERTEX {memory address: ""7f23ede3e000"",size: ""7000"",subtype: ""memory"",tgid: ""172093"",source: ""syscall"",type: ""Artifact"",version: ""0"",hash: ""af4e6606572bc8a2bdbec8923f048c2b""})"
"(:VERTEX {memory address: ""7f23ede36000"",size: ""7000"",subtype: ""memory"",tgid: ""172093"",source: ""syscall"",type: ""Artifact"",version: ""0"",hash: ""b3b7a4a6b308473e7cfc3510f06f6b1d""})"
"(:VERTEX {memory address: ""7f23ede2e000"",size: ""7000"",subtype: ""memory"",tgid: ""172093"",source: ""syscall"",type: ""Artifact"",version: ""0"",hash: ""e161823161c31c373f96d9e4a4f94e41""})"
"(:VERTEX {memory address: ""7f23ede26000"",size: ""7000"",subtype: ""memory"",tgid: ""172093"",source: ""syscall"",type: ""Artifact"",version: ""0"",hash: ""8f5e75b3b16ec52ee2fc1f8d79feb70f""})"
"(:VERTEX {memory address: ""7f23ede6e000"",size: ""7000"",subtype: ""memory"",tgid: ""172093"",source: ""syscall"",type: ""Artifact"",version: ""0"",hash: ""c8bee96f974d4238facfed260e3b11e1""})"
"(:VERTEX {memory address: ""7f23ede76000"",size: ""7000"",subtype: ""memory"",tgid: ""172093"",source: ""syscall"",type: ""Artifact"",version: ""0"",hash: ""442d583bdec8dd1b3ea48dde48f010ce""})"
"(:VERTEX {memory address: ""7f23ede7e000"",size: ""7000"",subtype: ""memory"",tgid: ""172093"",source: ""syscall"",type: ""Artifact"",version: ""0"",hash: ""e3857bc56bb10754ca38dcbdb8c6c045""})"
"(:VERTEX {memory address: ""7f23ede86000"",size: ""7000"",subtype: ""memory"",tgid: ""172093"",source: ""syscall"",type: ""Artifact"",version: ""0"",hash: ""4e12042d2798b3577a88d3f9591cd091""})"
"(:VERTEX {memory address: ""7f23ede8e000"",size: ""7000"",subtype: ""memory"",tgid: ""172093"",source: ""syscall"",type: ""Artifact"",version: ""0"",hash: ""0d396800f5448d70be3f59868ee166e9""})"
"(:VERTEX {memory address: ""7f23ede96000"",size: ""7000"",subtype: ""memory"",tgid: ""172093"",source: ""syscall"",type: ""Artifact"",version: ""0"",hash: ""b5fa8ae98d933e912bd5b36347df3793""})"
"(:VERTEX {memory address: ""7f23ed9bf000"",size: ""6000"",subtype: ""memory"",tgid: ""172093"",source: ""syscall"",type: ""Artifact"",version: ""0"",hash: ""b1894cf90b1accfaac764c9dfe6722d3""})"
"(:VERTEX {memory address: ""7f23ed9c6000"",size: ""7000"",subtype: ""memory"",tgid: ""172093"",source: ""syscall"",type: ""Artifact"",version: ""0"",hash: ""63ec27a707fb1712c38276c24b36f580""})"
"(:VERTEX {memory address: ""7f23ed9ce000"",size: ""7000"",subtype: ""memory"",tgid: ""172093"",source: ""syscall"",type: ""Artifact"",version: ""0"",hash: ""6dc9596a933d9d4b3f2df9de830c24bd""})"
"(:VERTEX {memory address: ""7f23ed9d6000"",size: ""7000"",subtype: ""memory"",tgid: ""172093"",source: ""syscall"",type: ""Artifact"",version: ""0"",hash: ""2dcb044a8fece073d5c97821a77eacc0""})"
"(:VERTEX {memory address: ""7f23ed9de000"",size: ""7000"",subtype: ""memory"",tgid: ""172093"",source: ""syscall"",type: ""Artifact"",version: ""0"",hash: ""0c63c7f858908aad67c1fb49feb5d922""})"
"(:VERTEX {memory address: ""7f23ed9e6000"",size: ""7000"",subtype: ""memory"",tgid: ""172093"",source: ""syscall"",type: ""Artifact"",version: ""0"",hash: ""539111d1bf697868b2d43b8fa48946e6""})"
"(:VERTEX {memory address: ""7f23ed9ee000"",size: ""7000"",subtype: ""memory"",tgid: ""172093"",source: ""syscall"",type: ""Artifact"",version: ""0"",hash: ""d58d1d4ca5020d72ab7073e9d747c957""})"
"(:VERTEX {memory address: ""7f23ed9f6000"",size: ""7000"",subtype: ""memory"",tgid: ""172093"",source: ""syscall"",type: ""Artifact"",version: ""0"",hash: ""f97041b8859bc4d8ab9b30372c0f3dc6""})"
"(:VERTEX {memory address: ""7f23ee106000"",size: ""7000"",subtype: ""memory"",tgid: ""172093"",source: ""syscall"",type: ""Artifact"",version: ""0"",hash: ""bf4ad4d60d57093d38001b0649af0a95""})"
"(:VERTEX {memory address: ""7f23ee14e000"",size: ""7000"",subtype: ""memory"",tgid: ""172093"",source: ""syscall"",type: ""Artifact"",version: ""0"",hash: ""e85155d6c840fe9cf3c911be5a628e28""})"
"(:VERTEX {memory address: ""7f23ee016000"",size: ""7000"",subtype: ""memory"",tgid: ""172093"",source: ""syscall"",type: ""Artifact"",version: ""0"",hash: ""522b1e0ea4462a4df8c9b70a27108e65""})"
"(:VERTEX {memory address: ""7f23ee126000"",size: ""7000"",subtype: ""memory"",tgid: ""172093"",source: ""syscall"",type: ""Artifact"",version: ""0"",hash: ""0076068523095b4aeee15119b9be2d35""})"
"(:VERTEX {memory address: ""7f23ee006000"",size: ""7000"",subtype: ""memory"",tgid: ""172093"",source: ""syscall"",type: ""Artifact"",version: ""0"",hash: ""a1f61ba6289759bb5c84446733932a8e""})"
"(:VERTEX {memory address: ""7f23ed9fe000"",size: ""7000"",subtype: ""memory"",tgid: ""172093"",source: ""syscall"",type: ""Artifact"",version: ""0"",hash: ""1cf795e643a94d4ff63bd444dbe70a3d""})"
"(:VERTEX {memory address: ""7f23ee12e000"",size: ""7000"",subtype: ""memory"",tgid: ""172093"",source: ""syscall"",type: ""Artifact"",version: ""0"",hash: ""25160a5d5eb212030b59f12f7af07ab6""})"
"(:VERTEX {memory address: ""7f23ee0e7000"",size: ""6000"",subtype: ""memory"",tgid: ""172093"",source: ""syscall"",type: ""Artifact"",version: ""0"",hash: ""53008a45b9bbbda0c21ca2a647025367""})"
"(:VERTEX {memory address: ""7f23ede06000"",size: ""7000"",subtype: ""memory"",tgid: ""172093"",source: ""syscall"",type: ""Artifact"",version: ""0"",hash: ""67bc367a3cf95eb8496defa717dad6c9""})"
"(:VERTEX {memory address: ""7f23eddbe000"",size: ""7000"",subtype: ""memory"",tgid: ""172093"",source: ""syscall"",type: ""Artifact"",version: ""0"",hash: ""075c42e285b10915371b61331bc09c26""})"
"(:VERTEX {memory address: ""7f23edfb9000"",size: ""7000"",subtype: ""memory"",tgid: ""172093"",source: ""syscall"",type: ""Artifact"",version: ""0"",hash: ""8fef8c16d3bc561187b0f4ddb3c5ba66""})"
"(:VERTEX {memory address: ""7f23edf4a000"",size: ""6000"",subtype: ""memory"",tgid: ""172093"",source: ""syscall"",type: ""Artifact"",version: ""0"",hash: ""6b442e064126147bdd2c3c85d2889c09""})"
"(:VERTEX {memory address: ""7f23ee03e000"",size: ""7000"",subtype: ""memory"",tgid: ""172093"",source: ""syscall"",type: ""Artifact"",version: ""0"",hash: ""5980f105918798878489c88e2bcef1b1""})"
"(:VERTEX {memory address: ""7f23edf59000"",size: ""7000"",subtype: ""memory"",tgid: ""172093"",source: ""syscall"",type: ""Artifact"",version: ""0"",hash: ""adfa73edf05d9cc6b435799a8ba58f86""})"
"(:VERTEX {memory address: ""7f23edf61000"",size: ""7000"",subtype: ""memory"",tgid: ""172093"",source: ""syscall"",type: ""Artifact"",version: ""0"",hash: ""00a9d087890b9040f6f84474753a3031""})"
"(:VERTEX {memory address: ""7f23ee13e000"",size: ""7000"",subtype: ""memory"",tgid: ""172093"",source: ""syscall"",type: ""Artifact"",version: ""0"",hash: ""24d40c062fe209d257a30533b238c634""})"
"(:VERTEX {memory address: ""7f23ee7df000"",size: ""7000"",subtype: ""memory"",tgid: ""172093"",source: ""syscall"",type: ""Artifact"",version: ""0"",hash: ""b218c280d065a5137299f7332f82d391""})"
"(:VERTEX {memory address: ""7f23ee7f7000"",size: ""7000"",subtype: ""memory"",tgid: ""172093"",source: ""syscall"",type: ""Artifact"",version: ""0"",hash: ""5eba05f124f29366d0468260001597cb""})"
"(:VERTEX {memory address: ""7f23ee05e000"",size: ""7000"",subtype: ""memory"",tgid: ""172093"",source: ""syscall"",type: ""Artifact"",version: ""0"",hash: ""6ea7d40ddbacd241720ec8582880108a""})"
"(:VERTEX {memory address: ""7f23ee00e000"",size: ""7000"",subtype: ""memory"",tgid: ""172093"",source: ""syscall"",type: ""Artifact"",version: ""0"",hash: ""7d4e92f64f25f8cc5eedecd77f944804""})"
"(:VERTEX {memory address: ""7f23ee156000"",size: ""7000"",subtype: ""memory"",tgid: ""172093"",source: ""syscall"",type: ""Artifact"",version: ""0"",hash: ""5aae23c82702514d54ee5a2f110fce67""})"
"(:VERTEX {memory address: ""7f23ee136000"",size: ""7000"",subtype: ""memory"",tgid: ""172093"",source: ""syscall"",type: ""Artifact"",version: ""0"",hash: ""a059806b672b8d36973910f0cf10aae6""})"
"(:VERTEX {memory address: ""7f23ee11e000"",size: ""7000"",subtype: ""memory"",tgid: ""172093"",source: ""syscall"",type: ""Artifact"",version: ""0"",hash: ""b29a82336c73a5a40bb8d68629bf649a""})"
"(:VERTEX {memory address: ""7f23ee116000"",size: ""7000"",subtype: ""memory"",tgid: ""172093"",source: ""syscall"",type: ""Artifact"",version: ""0"",hash: ""c1a078c3affe827aa297d03a4c3ee780""})"
"(:VERTEX {memory address: ""7f23ee9c9000"",size: ""7000"",subtype: ""memory"",tgid: ""172093"",source: ""syscall"",type: ""Artifact"",version: ""0"",hash: ""0b99275bf0aa84ca0a812c32af77a1d8""})"
"(:VERTEX {memory address: ""7f23ee887000"",size: ""7000"",subtype: ""memory"",tgid: ""172093"",source: ""syscall"",type: ""Artifact"",version: ""0"",hash: ""ff9039d9d70b92530a401b12fac77436""})"
"(:VERTEX {memory address: ""7f23ee867000"",size: ""7000"",subtype: ""memory"",tgid: ""172093"",source: ""syscall"",type: ""Artifact"",version: ""0"",hash: ""f8342501d3587215f515892046ef0fac""})"
"(:VERTEX {memory address: ""7f23ee857000"",size: ""7000"",subtype: ""memory"",tgid: ""172093"",source: ""syscall"",type: ""Artifact"",version: ""0"",hash: ""099544a674d109b11cbcfa374d58b039""})"
"(:VERTEX {memory address: ""7f23ee046000"",size: ""7000"",subtype: ""memory"",tgid: ""172093"",source: ""syscall"",type: ""Artifact"",version: ""0"",hash: ""f15923e4ae7ad14d9b0fad84b41c4575""})"
"(:VERTEX {memory address: ""7f23edf71000"",size: ""7000"",subtype: ""memory"",tgid: ""172093"",source: ""syscall"",type: ""Artifact"",version: ""0"",hash: ""8fa581ce476e33b05b71ce26f1dea3fd""})"
"(:VERTEX {memory address: ""7f23ee066000"",size: ""7000"",subtype: ""memory"",tgid: ""172093"",source: ""syscall"",type: ""Artifact"",version: ""0"",hash: ""18c8f0dff4974c1d82d44c0397b0d54e""})"
"(:VERTEX {memory address: ""7f23ee06e000"",size: ""7000"",subtype: ""memory"",tgid: ""172093"",source: ""syscall"",type: ""Artifact"",version: ""0"",hash: ""71c408af83600a9e54c8449011b8100d""})"
"(:VERTEX {memory address: ""7f23ee04e000"",size: ""7000"",subtype: ""memory"",tgid: ""172093"",source: ""syscall"",type: ""Artifact"",version: ""0"",hash: ""bc388e024607d7ae5d233a4ebf8d3014""})"
"(:VERTEX {memory address: ""7f23ee056000"",size: ""7000"",subtype: ""memory"",tgid: ""172093"",source: ""syscall"",type: ""Artifact"",version: ""0"",hash: ""b4f23c359fd94c7c284920e8aa9d68b4""})"
"(:VERTEX {memory address: ""7f23edfff000"",size: ""6000"",subtype: ""memory"",tgid: ""172093"",source: ""syscall"",type: ""Artifact"",version: ""0"",hash: ""38b7acd0b33c1014599f8914b6a986f3""})"
"(:VERTEX {memory address: ""7f23ee10e000"",size: ""7000"",subtype: ""memory"",tgid: ""172093"",source: ""syscall"",type: ""Artifact"",version: ""0"",hash: ""6e75cefa303e43322313220022cc1a4f""})"
"(:VERTEX {memory address: ""7f23ee9c1000"",size: ""7000"",subtype: ""memory"",tgid: ""172093"",source: ""syscall"",type: ""Artifact"",version: ""0"",hash: ""92cbd8be9458f98ef51a542fa71aa4b3""})"
"(:VERTEX {memory address: ""7f23ee86f000"",size: ""7000"",subtype: ""memory"",tgid: ""172093"",source: ""syscall"",type: ""Artifact"",version: ""0"",hash: ""9e9a918dfeae2fcefac851e5dfa148d2""})"
"(:VERTEX {memory address: ""7f23ee8c1000"",size: ""7000"",subtype: ""memory"",tgid: ""172093"",source: ""syscall"",type: ""Artifact"",version: ""0"",hash: ""3213a1c97f9721736e5b46e46cb11d22""})"
"(:VERTEX {memory address: ""7f23ee8af000"",size: ""7000"",subtype: ""memory"",tgid: ""172093"",source: ""syscall"",type: ""Artifact"",version: ""0"",hash: ""6f14aa2b18c1b5d17de4342842c351cf""})"
"(:VERTEX {memory address: ""7f23ee0fe000"",size: ""7000"",subtype: ""memory"",tgid: ""172093"",source: ""syscall"",type: ""Artifact"",version: ""0"",hash: ""3fa772de8ecbda83a0f087cc56ecc9bf""})"
"(:VERTEX {memory address: ""7f23ee0f6000"",size: ""7000"",subtype: ""memory"",tgid: ""172093"",source: ""syscall"",type: ""Artifact"",version: ""0"",hash: ""d60d32bea432b998132876b6154e7309""})"
"(:VERTEX {memory address: ""7f23ee0ee000"",size: ""7000"",subtype: ""memory"",tgid: ""172093"",source: ""syscall"",type: ""Artifact"",version: ""0"",hash: ""42ec6630b31d15d5f5b5f7bb03777a9a""})"
"(:VERTEX {memory address: ""7f23ee026000"",size: ""7000"",subtype: ""memory"",tgid: ""172093"",source: ""syscall"",type: ""Artifact"",version: ""0"",hash: ""8ad29bac25ff70690e8d49d5c0de5e7d""})"
"(:VERTEX {memory address: ""7f23ee01e000"",size: ""7000"",subtype: ""memory"",tgid: ""172093"",source: ""syscall"",type: ""Artifact"",version: ""0"",hash: ""1dfe1074d257395f350702afc846a65b""})"
"(:VERTEX {memory address: ""7f23ee15e000"",size: ""7000"",subtype: ""memory"",tgid: ""172093"",source: ""syscall"",type: ""Artifact"",version: ""0"",hash: ""ac95cc1ba1a46a2d564a4630fa7758d7""})"
"(:VERTEX {memory address: ""7f23ee02e000"",size: ""7000"",subtype: ""memory"",tgid: ""172093"",source: ""syscall"",type: ""Artifact"",version: ""0"",hash: ""17ccf6eee9d984910ad1f66b9888e128""})"
"(:VERTEX {memory address: ""7f23ee036000"",size: ""7000"",subtype: ""memory"",tgid: ""172093"",source: ""syscall"",type: ""Artifact"",version: ""0"",hash: ""9af701d50e5b86a73691deca996df621""})"
"(:VERTEX {memory address: ""7f23edf79000"",size: ""7000"",subtype: ""memory"",tgid: ""172093"",source: ""syscall"",type: ""Artifact"",version: ""0"",hash: ""757797504e744277c8150886632fbf6b""})"
"(:VERTEX {memory address: ""7f23edf69000"",size: ""7000"",subtype: ""memory"",tgid: ""172093"",source: ""syscall"",type: ""Artifact"",version: ""0"",hash: ""d4ae88db8559d119d0befbeca9b96ab0""})"
"(:VERTEX {memory address: ""7f23edf51000"",size: ""7000"",subtype: ""memory"",tgid: ""172093"",source: ""syscall"",type: ""Artifact"",version: ""0"",hash: ""3d943fcd877aa01047353dc795a4ee0a""})"
"(:VERTEX {memory address: ""7f23ee076000"",size: ""7000"",subtype: ""memory"",tgid: ""172093"",source: ""syscall"",type: ""Artifact"",version: ""0"",hash: ""b5a83493ddc8116371b2939314c301f3""})"
"(:VERTEX {memory address: ""7f23ede16000"",size: ""7000"",subtype: ""memory"",tgid: ""172093"",source: ""syscall"",type: ""Artifact"",version: ""0"",hash: ""c67d7109863a14d41537cd83ab0c8cd7""})"
"(:VERTEX {memory address: ""7f23ede0e000"",size: ""7000"",subtype: ""memory"",tgid: ""172093"",source: ""syscall"",type: ""Artifact"",version: ""0"",hash: ""deeab47d4435688266268f40e8432b8e""})"
"(:VERTEX {memory address: ""7f23eddfe000"",size: ""7000"",subtype: ""memory"",tgid: ""172093"",source: ""syscall"",type: ""Artifact"",version: ""0"",hash: ""fd35afcabee26829bc25f1f6f2531967""})"
"(:VERTEX {memory address: ""7f23eddf6000"",size: ""7000"",subtype: ""memory"",tgid: ""172093"",source: ""syscall"",type: ""Artifact"",version: ""0"",hash: ""803a5648b81ca4d31d9f4fe2bebc129f""})"
"(:VERTEX {memory address: ""7f23eddee000"",size: ""7000"",subtype: ""memory"",tgid: ""172093"",source: ""syscall"",type: ""Artifact"",version: ""0"",hash: ""e8e0b6d7b2dca38577a5d8e3060ae85c""})"
"(:VERTEX {memory address: ""7f23edde6000"",size: ""7000"",subtype: ""memory"",tgid: ""172093"",source: ""syscall"",type: ""Artifact"",version: ""0"",hash: ""02345cc5de7febe5789afcaa76701da3""})"
"(:VERTEX {memory address: ""7f23eddde000"",size: ""7000"",subtype: ""memory"",tgid: ""172093"",source: ""syscall"",type: ""Artifact"",version: ""0"",hash: ""e1072105ebccedb6eabdc1b4554c18bc""})"
"(:VERTEX {memory address: ""7f23eddd6000"",size: ""7000"",subtype: ""memory"",tgid: ""172093"",source: ""syscall"",type: ""Artifact"",version: ""0"",hash: ""a0a115a12271776f6e9005cd8eced48c""})"
"(:VERTEX {memory address: ""7f23eddce000"",size: ""7000"",subtype: ""memory"",tgid: ""172093"",source: ""syscall"",type: ""Artifact"",version: ""0"",hash: ""48f77ceb214424feeb19f20cb75c78c2""})"
"(:VERTEX {memory address: ""7f23eddc6000"",size: ""7000"",subtype: ""memory"",tgid: ""172093"",source: ""syscall"",type: ""Artifact"",version: ""0"",hash: ""f0b590048847a99c1c7690701ffee6a5""})"
"(:VERTEX {memory address: ""7f23edd9f000"",size: ""6000"",subtype: ""memory"",tgid: ""172093"",source: ""syscall"",type: ""Artifact"",version: ""0"",hash: ""92e27ce734afa767b2579cf68e1f0522""})"
"(:VERTEX {memory address: ""7f23eddb6000"",size: ""7000"",subtype: ""memory"",tgid: ""172093"",source: ""syscall"",type: ""Artifact"",version: ""0"",hash: ""09281591ace99c63416e937f6bddb891""})"
"(:VERTEX {memory address: ""7f23eddae000"",size: ""7000"",subtype: ""memory"",tgid: ""172093"",source: ""syscall"",type: ""Artifact"",version: ""0"",hash: ""680e130391c54ca18e157cb3d5e59ee4""})"
"(:VERTEX {memory address: ""7f23edda6000"",size: ""7000"",subtype: ""memory"",tgid: ""172093"",source: ""syscall"",type: ""Artifact"",version: ""0"",hash: ""abefb2341df1861b08ffcb16a000596a""})"
"(:VERTEX {memory address: ""7f23edfc1000"",size: ""7000"",subtype: ""memory"",tgid: ""172093"",source: ""syscall"",type: ""Artifact"",version: ""0"",hash: ""d9f185bb451cf9024aaaa1cb189e9db1""})"
"(:VERTEX {memory address: ""7f23edfb1000"",size: ""7000"",subtype: ""memory"",tgid: ""172093"",source: ""syscall"",type: ""Artifact"",version: ""0"",hash: ""721470a8ec83c658b8071454bdc24dbd""})"
"(:VERTEX {memory address: ""7f23edfa9000"",size: ""7000"",subtype: ""memory"",tgid: ""172093"",source: ""syscall"",type: ""Artifact"",version: ""0"",hash: ""7ace10b4d526d338b3e01b258d7011ff""})"
"(:VERTEX {memory address: ""7f23edf91000"",size: ""7000"",subtype: ""memory"",tgid: ""172093"",source: ""syscall"",type: ""Artifact"",version: ""0"",hash: ""a8bbaf3ea0ae11e727c8881570ccdd10""})"
"(:VERTEX {memory address: ""7f23edfa1000"",size: ""7000"",subtype: ""memory"",tgid: ""172093"",source: ""syscall"",type: ""Artifact"",version: ""0"",hash: ""c1fc2065487eb8cb9b83ead9cd8e4195""})"
"(:VERTEX {memory address: ""7f23edf99000"",size: ""7000"",subtype: ""memory"",tgid: ""172093"",source: ""syscall"",type: ""Artifact"",version: ""0"",hash: ""a839377790ce340e1d46f8c96d42e711""})"
"(:VERTEX {memory address: ""7f23edf89000"",size: ""7000"",subtype: ""memory"",tgid: ""172093"",source: ""syscall"",type: ""Artifact"",version: ""0"",hash: ""ab9fc823d5601fae484669e9e90a57c8""})"
"(:VERTEX {memory address: ""7f23edf81000"",size: ""7000"",subtype: ""memory"",tgid: ""172093"",source: ""syscall"",type: ""Artifact"",version: ""0"",hash: ""98d11ef382eb57896c5954691c875424""})"
"(:VERTEX {memory address: ""7f23ee146000"",size: ""7000"",subtype: ""memory"",tgid: ""172093"",source: ""syscall"",type: ""Artifact"",version: ""0"",hash: ""291f29783f4167ef4c889bafe969d468""})"
"(:VERTEX {memory address: ""7f23ee827000"",size: ""7000"",subtype: ""memory"",tgid: ""172093"",source: ""syscall"",type: ""Artifact"",version: ""0"",hash: ""72d9dcfc33b80caaad505fafc6ac9deb""})"
"(:VERTEX {remote port: ""55316"",epoch: ""0"",source: ""syscall"",type: ""Artifact"",version: ""0"",local port: ""7000"",net namespace: ""-1"",local address: ""0000:0000:0000:0000:0000:0000:0000:0000"",protocol: ""tcp"",subtype: ""network socket"",remote address: ""0000:0000:0000:0000:0000:FFFF:C0A8:2F80"",hash: ""44fe48b20122ec55fadba283a2e1991f""})"
"(:VERTEX {remote port: ""53626"",epoch: ""0"",source: ""syscall"",type: ""Artifact"",version: ""0"",local port: ""6379"",net namespace: ""-1"",local address: ""0.0.0.0"",protocol: ""tcp"",subtype: ""network socket"",remote address: ""192.168.47.128"",hash: ""94e00577971e843e0bd485ad7d422650""})"
"(:VERTEX {remote port: ""56040"",epoch: ""0"",source: ""syscall"",type: ""Artifact"",version: ""0"",local port: ""50051"",net namespace: ""-1"",local address: ""0000:0000:0000:0000:0000:0000:0000:0000"",protocol: ""tcp"",subtype: ""network socket"",remote address: ""0000:0000:0000:0000:0000:FFFF:C0A8:2F80"",hash: ""f6cf04a84ec2fc4b8c6c6044d1bafeda""})"
"(:VERTEX {gid: ""1000"",euid: ""1000"",children pid namespace: ""-1"",pid: ""172186"",seen time: ""1693401660.322"",source: ""syscall"",type: ""Process"",net namespace: ""-1"",ipc namespace: ""-1"",ppid: ""4424"",pid namespace: ""-1"",uid: ""1000"",egid: ""1000"",mount namespace: ""-1"",name: ""shippingservice"",hash: ""ae83e1598d9a68005abd197aa6cfc7e8"",user namespace: ""-1""})"
"(:VERTEX {remote port: ""47048"",epoch: ""0"",source: ""syscall"",type: ""Artifact"",version: ""0"",local port: ""8080"",net namespace: ""-1"",local address: ""0000:0000:0000:0000:0000:0000:0000:0000"",protocol: ""tcp"",subtype: ""network socket"",remote address: ""0000:0000:0000:0000:0000:FFFF:C0A8:2F80"",hash: ""e6f72e10b29e1d24c9e0afb031a502c2""})"
"(:VERTEX {remote port: ""43506"",epoch: ""0"",source: ""syscall"",type: ""Artifact"",version: ""0"",local port: ""8080"",net namespace: ""-1"",local address: ""0000:0000:0000:0000:0000:0000:0000:0000"",protocol: ""tcp"",subtype: ""network socket"",remote address: ""0000:0000:0000:0000:0000:FFFF:C0A8:2F80"",hash: ""220325ecd8d9213d0bf66795d2594390""})"
"(:VERTEX {remote port: ""47060"",epoch: ""0"",source: ""syscall"",type: ""Artifact"",version: ""0"",local port: ""8080"",net namespace: ""-1"",local address: ""0000:0000:0000:0000:0000:0000:0000:0000"",protocol: ""tcp"",subtype: ""network socket"",remote address: ""0000:0000:0000:0000:0000:FFFF:C0A8:2F80"",hash: ""ace6313faa6098dab9055bb3af09c0dc""})"
"(:VERTEX {remote port: ""37696"",epoch: ""0"",source: ""syscall"",type: ""Artifact"",version: ""0"",local port: ""50051"",net namespace: ""-1"",local address: ""0000:0000:0000:0000:0000:0000:0000:0000"",protocol: ""tcp"",subtype: ""network socket"",remote address: ""0000:0000:0000:0000:0000:FFFF:C0A8:2F80"",hash: ""9cb56e423bfcc29e9ca297217996cf76""})"
"(:VERTEX {memory address: ""7f17b78fc000"",size: ""2000"",subtype: ""memory"",tgid: ""173004"",source: ""syscall"",type: ""Artifact"",version: ""8"",hash: ""b43da0789e6c5e7eb66946262ccece6c""})"
"(:VERTEX {remote port: ""55330"",epoch: ""0"",source: ""syscall"",type: ""Artifact"",version: ""0"",local port: ""7000"",net namespace: ""-1"",local address: ""0000:0000:0000:0000:0000:0000:0000:0000"",protocol: ""tcp"",subtype: ""network socket"",remote address: ""0000:0000:0000:0000:0000:FFFF:C0A8:2F80"",hash: ""5b6677279de219a3de5263d4dd1c3e56""})"
"(:VERTEX {memory address: ""7f63bd2ef000"",size: ""4000"",subtype: ""memory"",tgid: ""172956"",source: ""syscall"",type: ""Artifact"",version: ""61"",hash: ""a7f7b4e869336e580f1bd9140347be92""})"
"(:VERTEX {remote port: ""50566"",epoch: ""0"",source: ""syscall"",type: ""Artifact"",version: ""0"",local port: ""8080"",net namespace: ""-1"",local address: ""0000:0000:0000:0000:0000:0000:0000:0000"",protocol: ""tcp"",subtype: ""network socket"",remote address: ""0000:0000:0000:0000:0000:FFFF:C0A8:2F80"",hash: ""ba8c6b170b9a3e6ceae8d0484f8a8f8f""})"
"(:VERTEX {remote port: ""37708"",epoch: ""0"",source: ""syscall"",type: ""Artifact"",version: ""0"",local port: ""50051"",net namespace: ""-1"",local address: ""0000:0000:0000:0000:0000:0000:0000:0000"",protocol: ""tcp"",subtype: ""network socket"",remote address: ""0000:0000:0000:0000:0000:FFFF:C0A8:2F80"",hash: ""9758af308109c1a702f58bb1a6da9b99""})"
"(:VERTEX {remote port: ""41180"",epoch: ""0"",source: ""syscall"",type: ""Artifact"",version: ""0"",local port: ""5050"",net namespace: ""-1"",local address: ""0000:0000:0000:0000:0000:0000:0000:0000"",protocol: ""tcp"",subtype: ""network socket"",remote address: ""0000:0000:0000:0000:0000:FFFF:C0A8:2F80"",hash: ""120dd5408d030a5ba901267981948a56""})"
"(:VERTEX {gid: ""1000"",euid: ""1000"",children pid namespace: ""-1"",pid: ""172072"",seen time: ""1693401657.543"",source: ""syscall"",type: ""Process"",net namespace: ""-1"",ipc namespace: ""-1"",ppid: ""3384"",pid namespace: ""-1"",uid: ""1000"",egid: ""1000"",mount namespace: ""-1"",name: ""checkoutservice"",hash: ""2e1cf54f0550a5c5dc241e1b60a79ec6"",user namespace: ""-1""})"
"(:VERTEX {remote port: ""41178"",epoch: ""0"",source: ""syscall"",type: ""Artifact"",version: ""0"",local port: ""7070"",net namespace: ""4026532635"",local address: ""0000:0000:0000:0000:0000:0000:0000:0000"",protocol: ""tcp"",subtype: ""network socket"",remote address: ""0000:0000:0000:0000:0000:FFFF:C0A8:2F80"",hash: ""a1807dbbb0b5bfeba7b3281088501613""})"
"(:VERTEX {remote port: ""41192"",epoch: ""0"",source: ""syscall"",type: ""Artifact"",version: ""0"",local port: ""5050"",net namespace: ""-1"",local address: ""0000:0000:0000:0000:0000:0000:0000:0000"",protocol: ""tcp"",subtype: ""network socket"",remote address: ""0000:0000:0000:0000:0000:FFFF:C0A8:2F80"",hash: ""282ad81c51698d6d10110b59fc0dba57""})"
"(:VERTEX {remote port: ""49018"",epoch: ""0"",source: ""syscall"",type: ""Artifact"",version: ""0"",local port: ""9555"",net namespace: ""4026532757"",local address: ""0000:0000:0000:0000:0000:0000:0000:0000"",protocol: ""tcp"",subtype: ""network socket"",remote address: ""0000:0000:0000:0000:0000:FFFF:C0A8:2F80"",hash: ""9bbac787c36be8b20aa02f4f8b4b7447""})"
"(:VERTEX {remote port: ""41180"",epoch: ""0"",source: ""syscall"",type: ""Artifact"",version: ""0"",local port: ""7070"",net namespace: ""4026532635"",local address: ""0000:0000:0000:0000:0000:0000:0000:0000"",protocol: ""tcp"",subtype: ""network socket"",remote address: ""0000:0000:0000:0000:0000:FFFF:C0A8:2F80"",hash: ""db12b471b6d5bda90f16e32758084e70""})"
"(:VERTEX {remote port: ""49020"",epoch: ""0"",source: ""syscall"",type: ""Artifact"",version: ""0"",local port: ""9555"",net namespace: ""4026532757"",local address: ""0000:0000:0000:0000:0000:0000:0000:0000"",protocol: ""tcp"",subtype: ""network socket"",remote address: ""0000:0000:0000:0000:0000:FFFF:C0A8:2F80"",hash: ""5267ff5dee5547cb9bfeb295ceae2c0a""})"
"(:VERTEX {memory address: ""7f63bb114000"",size: ""11000"",subtype: ""memory"",tgid: ""172956"",source: ""syscall"",type: ""Artifact"",version: ""465"",hash: ""cc67c00abc9f83ac3e038ec0c6aa267e""})"
"(:VERTEX {remote port: ""43510"",epoch: ""0"",source: ""syscall"",type: ""Artifact"",version: ""0"",local port: ""8080"",net namespace: ""-1"",local address: ""0000:0000:0000:0000:0000:0000:0000:0000"",protocol: ""tcp"",subtype: ""network socket"",remote address: ""0000:0000:0000:0000:0000:FFFF:C0A8:2F80"",hash: ""e450ccd4c580e99cf12f80330bd1fd63""})"
"(:VERTEX {memory address: ""7f63bb114000"",size: ""11000"",subtype: ""memory"",tgid: ""172956"",source: ""syscall"",type: ""Artifact"",version: ""466"",hash: ""a8bda6e58353e1c696e46e25cbd99206""})"
"(:VERTEX {memory address: ""7f63bb114000"",size: ""11000"",subtype: ""memory"",tgid: ""172956"",source: ""syscall"",type: ""Artifact"",version: ""467"",hash: ""3c8c032b1b5901ec12573098adc79ed0""})"
"(:VERTEX {memory address: ""7f63bb114000"",size: ""11000"",subtype: ""memory"",tgid: ""172956"",source: ""syscall"",type: ""Artifact"",version: ""468"",hash: ""6ce2ba916d7ca0118ca0f350ba34bb2d""})"
"(:VERTEX {memory address: ""7f63bd2ed000"",size: ""2000"",subtype: ""memory"",tgid: ""172956"",source: ""syscall"",type: ""Artifact"",version: ""9"",hash: ""0f0fc8bcff1eb64dfdefb44ea6c848ec""})"
"(:VERTEX {memory address: ""7f63bd1bd000"",size: ""9000"",subtype: ""memory"",tgid: ""172956"",source: ""syscall"",type: ""Artifact"",version: ""299"",hash: ""9d683f7c6a216cbdf17f690f3fe586b7""})"
"(:VERTEX {memory address: ""7f63bb114000"",size: ""11000"",subtype: ""memory"",tgid: ""172956"",source: ""syscall"",type: ""Artifact"",version: ""469"",hash: ""88f047da2cc9966d5dcd70eab253108a""})"
"(:VERTEX {memory address: ""7f63bb15d000"",size: ""9000"",subtype: ""memory"",tgid: ""172956"",source: ""syscall"",type: ""Artifact"",version: ""172"",hash: ""7129a5d71e78aca87f9a40a8576a856c""})"
"(:VERTEX {memory address: ""7f63bb11c000"",size: ""9000"",subtype: ""memory"",tgid: ""172956"",source: ""syscall"",type: ""Artifact"",version: ""305"",hash: ""7202ac4ef1bd1e92a3c178a8038b4fa8""})"
"(:VERTEX {memory address: ""7f63bb113000"",size: ""9000"",subtype: ""memory"",tgid: ""172956"",source: ""syscall"",type: ""Artifact"",version: ""263"",hash: ""98b64f9bc789849c86c74c092ef8f8de""})"
"(:VERTEX {memory address: ""7f63bb10a000"",size: ""9000"",subtype: ""memory"",tgid: ""172956"",source: ""syscall"",type: ""Artifact"",version: ""211"",hash: ""94088e24b43347bdf69fce89b11cb5b1""})"
"(:VERTEX {memory address: ""7f63bd1e6000"",size: ""7000"",subtype: ""memory"",tgid: ""172956"",source: ""syscall"",type: ""Artifact"",version: ""230"",hash: ""f088e6b15cf6fdebec14b7213b1dd851""})"
"(:VERTEX {memory address: ""7f63bb10a000"",size: ""9000"",subtype: ""memory"",tgid: ""172956"",source: ""syscall"",type: ""Artifact"",version: ""212"",hash: ""44b4ef1ece7cff9551f73eb1ef960227""})"
"(:VERTEX {remote port: ""53650"",epoch: ""0"",source: ""syscall"",type: ""Artifact"",version: ""0"",local port: ""6379"",net namespace: ""-1"",local address: ""0.0.0.0"",protocol: ""tcp"",subtype: ""network socket"",remote address: ""192.168.47.128"",hash: ""5a32d29287f4873affd49aa5620f5b58""})"
"(:VERTEX {memory address: ""7f63bb102000"",size: ""11000"",subtype: ""memory"",tgid: ""172956"",source: ""syscall"",type: ""Artifact"",version: ""25"",hash: ""9167d2d6a921f98b57b7099cb2103e6b""})"
"(:VERTEX {remote port: ""53656"",epoch: ""0"",source: ""syscall"",type: ""Artifact"",version: ""0"",local port: ""6379"",net namespace: ""-1"",local address: ""0.0.0.0"",protocol: ""tcp"",subtype: ""network socket"",remote address: ""192.168.47.128"",hash: ""0e5584cdcf6fce7d3b5745aa1881e7ba""})"
"(:VERTEX {memory address: ""7f63bb102000"",size: ""11000"",subtype: ""memory"",tgid: ""172956"",source: ""syscall"",type: ""Artifact"",version: ""26"",hash: ""a6757ea2b0028197cc448d7d884b5a37""})"
"(:VERTEX {memory address: ""7f63bb10a000"",size: ""9000"",subtype: ""memory"",tgid: ""172956"",source: ""syscall"",type: ""Artifact"",version: ""213"",hash: ""72917167e3b905dfa948397a67649130""})"
"(:VERTEX {memory address: ""7f63bb101000"",size: ""9000"",subtype: ""memory"",tgid: ""172956"",source: ""syscall"",type: ""Artifact"",version: ""138"",hash: ""e2bc80b089dbf422d917d8287122f9a5""})"
"(:VERTEX {memory address: ""7f63bb10a000"",size: ""9000"",subtype: ""memory"",tgid: ""172956"",source: ""syscall"",type: ""Artifact"",version: ""214"",hash: ""7712e14d527bc638d9c3cd1f873883f4""})"
"(:VERTEX {memory address: ""7f63bb0f8000"",size: ""9000"",subtype: ""memory"",tgid: ""172956"",source: ""syscall"",type: ""Artifact"",version: ""137"",hash: ""9a718aea6ac120540969fb44ec4203c4""})"
"(:VERTEX {memory address: ""7f63bb10a000"",size: ""9000"",subtype: ""memory"",tgid: ""172956"",source: ""syscall"",type: ""Artifact"",version: ""215"",hash: ""6958ebf948d4bd9ba8d74e17d4e90e49""})"
"(:VERTEX {memory address: ""7f63bb0f8000"",size: ""9000"",subtype: ""memory"",tgid: ""172956"",source: ""syscall"",type: ""Artifact"",version: ""138"",hash: ""4af9b946bbddefb5199e484aa8c374a9""})"
"(:VERTEX {memory address: ""7f63bb0f8000"",size: ""9000"",subtype: ""memory"",tgid: ""172956"",source: ""syscall"",type: ""Artifact"",version: ""139"",hash: ""497414c45751ec2bfdd1f09801e8f9c9""})"
"(:VERTEX {memory address: ""7f63bb11c000"",size: ""9000"",subtype: ""memory"",tgid: ""172956"",source: ""syscall"",type: ""Artifact"",version: ""306"",hash: ""26b4fd7c8a3be8fa38124bd3fde96cef""})"
"(:VERTEX {memory address: ""7f63bb113000"",size: ""9000"",subtype: ""memory"",tgid: ""172956"",source: ""syscall"",type: ""Artifact"",version: ""264"",hash: ""e2febe3c8df15e9d849e61363cc95943""})"
"(:VERTEX {memory address: ""7f63bb10a000"",size: ""9000"",subtype: ""memory"",tgid: ""172956"",source: ""syscall"",type: ""Artifact"",version: ""216"",hash: ""5afea4018837a82925623ee92d696c8b""})"
"(:VERTEX {memory address: ""7f63bb101000"",size: ""9000"",subtype: ""memory"",tgid: ""172956"",source: ""syscall"",type: ""Artifact"",version: ""139"",hash: ""51e6237a7658dacb8449ee3183061a7b""})"
"(:VERTEX {memory address: ""7f63bb0ef000"",size: ""9000"",subtype: ""memory"",tgid: ""172956"",source: ""syscall"",type: ""Artifact"",version: ""131"",hash: ""3613c94ef2a04f7bf6ed99d6f7b7faa4""})"
"(:VERTEX {memory address: ""7f63bb114000"",size: ""11000"",subtype: ""memory"",tgid: ""172956"",source: ""syscall"",type: ""Artifact"",version: ""470"",hash: ""cb555dc1732a70e4b40cf9b72eca9b33""})"
"(:VERTEX {memory address: ""7f63bb114000"",size: ""11000"",subtype: ""memory"",tgid: ""172956"",source: ""syscall"",type: ""Artifact"",version: ""471"",hash: ""54157a78024283ca00da937414a0effb""})"
"(:VERTEX {memory address: ""7f63bb114000"",size: ""11000"",subtype: ""memory"",tgid: ""172956"",source: ""syscall"",type: ""Artifact"",version: ""472"",hash: ""7bf3f5a4decfd64ec48e7201ea55de36""})"
"(:VERTEX {memory address: ""7f63bb114000"",size: ""11000"",subtype: ""memory"",tgid: ""172956"",source: ""syscall"",type: ""Artifact"",version: ""473"",hash: ""58b905d6f1ddb7b8aaa5f3ec60ee198b""})"
"(:VERTEX {memory address: ""7f63bb114000"",size: ""11000"",subtype: ""memory"",tgid: ""172956"",source: ""syscall"",type: ""Artifact"",version: ""474"",hash: ""98b5dec6d383ca81932c7fcb00c4f7bf""})"
"(:VERTEX {memory address: ""7f63bb114000"",size: ""11000"",subtype: ""memory"",tgid: ""172956"",source: ""syscall"",type: ""Artifact"",version: ""475"",hash: ""1e5ac1c853c803850e3d542a3a5e517e""})"
"(:VERTEX {memory address: ""7f17b7809000"",size: ""11000"",subtype: ""memory"",tgid: ""173004"",source: ""syscall"",type: ""Artifact"",version: ""113"",hash: ""f9a0d9995d08a1f24ff389d8f80d8632""})"
"(:VERTEX {memory address: ""7f17b7809000"",size: ""11000"",subtype: ""memory"",tgid: ""173004"",source: ""syscall"",type: ""Artifact"",version: ""114"",hash: ""51d05e840072699a9a1b2161aff99e94""})"
"(:VERTEX {memory address: ""7f63bb114000"",size: ""11000"",subtype: ""memory"",tgid: ""172956"",source: ""syscall"",type: ""Artifact"",version: ""476"",hash: ""f4abb1fa8659b3e3cf3905c7bcf9f970""})"
"(:VERTEX {memory address: ""7f63bb114000"",size: ""11000"",subtype: ""memory"",tgid: ""172956"",source: ""syscall"",type: ""Artifact"",version: ""477"",hash: ""4a6eea7d75d6a03eac9b677a1d0d3aad""})"
"(:VERTEX {memory address: ""7f63bb114000"",size: ""11000"",subtype: ""memory"",tgid: ""172956"",source: ""syscall"",type: ""Artifact"",version: ""478"",hash: ""14aad5de8a7479f22fbbc13e2684ce5f""})"
"(:VERTEX {memory address: ""7f63bb114000"",size: ""11000"",subtype: ""memory"",tgid: ""172956"",source: ""syscall"",type: ""Artifact"",version: ""479"",hash: ""c3d0a1b929f3a17ebaf0cc6393bed7d7""})"
"(:VERTEX {memory address: ""7f63bb114000"",size: ""11000"",subtype: ""memory"",tgid: ""172956"",source: ""syscall"",type: ""Artifact"",version: ""480"",hash: ""eb350ee401ecb8f662e6474ff5506f67""})"
"(:VERTEX {gid: ""1000"",euid: ""1000"",children pid namespace: ""-1"",start time: ""1693401663.666"",pid: ""172652"",source: ""syscall"",type: ""Process"",net namespace: ""-1"",ipc namespace: ""-1"",ppid: ""3889"",pid namespace: ""-1"",cwd: ""/src"",uid: ""1000"",egid: ""1000"",exe: ""/src/server"",mount namespace: ""-1"",command line: ""/src/server"",name: ""server"",hash: ""329a0ffb352e082fa1ccf564a73f05e4"",user namespace: ""-1""})"
"(:VERTEX {remote port: ""50568"",epoch: ""0"",source: ""syscall"",type: ""Artifact"",version: ""0"",local port: ""8080"",net namespace: ""4026532992"",local address: ""0000:0000:0000:0000:0000:0000:0000:0000"",protocol: ""tcp"",subtype: ""network socket"",remote address: ""0000:0000:0000:0000:0000:FFFF:C0A8:2F80"",hash: ""b3806f0356ac21134f039bcb8b27cf04""})"
"(:VERTEX {memory address: ""7f17b7809000"",size: ""11000"",subtype: ""memory"",tgid: ""173004"",source: ""syscall"",type: ""Artifact"",version: ""115"",hash: ""f0d7937339259758bb175a7022fa3b81""})"
"(:VERTEX {memory address: ""7f17b7809000"",size: ""11000"",subtype: ""memory"",tgid: ""173004"",source: ""syscall"",type: ""Artifact"",version: ""116"",hash: ""d285223f9e28a22601da775a7a3e31ba""})"
"(:VERTEX {memory address: ""7f17b7809000"",size: ""11000"",subtype: ""memory"",tgid: ""173004"",source: ""syscall"",type: ""Artifact"",version: ""117"",hash: ""0c048b2c27077ddd8b2c24cc6190b3a1""})"
"(:VERTEX {memory address: ""7f23ee197000"",size: ""4000"",subtype: ""memory"",tgid: ""172093"",source: ""syscall"",type: ""Artifact"",version: ""0"",hash: ""b94d34271798b0b32ad1d429973d734d""})"
"(:VERTEX {memory address: ""7f23ee096000"",size: ""101000"",subtype: ""memory"",tgid: ""172093"",source: ""syscall"",type: ""Artifact"",version: ""0"",hash: ""0018ac195ec407628d095dc96a1bbb10""})"
"(:VERTEX {gid: ""1000"",euid: ""1000"",children pid namespace: ""4026533522"",start time: ""1693402038.779"",ns pid: ""41"",pid: ""182041"",source: ""syscall"",type: ""Process"",net namespace: ""4026532757"",ipc namespace: ""4026533394"",ppid: ""172093"",pid namespace: ""4026533522"",uid: ""1000"",egid: ""1000"",exe: ""/opt/java/openjdk/bin/java"",mount namespace: ""4026533521"",name: ""grpc-nio-worker"",hash: ""c708221439644d70bde27c8a1cfbb5db"",user namespace: ""4026531837""})"
"(:VERTEX {memory address: ""7f23ee096000"",size: ""4000"",subtype: ""memory"",tgid: ""172093"",source: ""syscall"",type: ""Artifact"",version: ""0"",hash: ""cc4d2d03bbb5583f698c4a7377309f78""})"
"(:VERTEX {memory address: ""7f23ee096000"",size: ""4000"",subtype: ""memory"",tgid: ""172093"",source: ""syscall"",type: ""Artifact"",version: ""1"",hash: ""fadd4ed836e511b71267316383066237""})"
"(:VERTEX {memory address: ""7f23ee08c000"",size: ""a000"",subtype: ""memory"",tgid: ""172093"",source: ""syscall"",type: ""Artifact"",version: ""0"",hash: ""0e935effaefed70210ed9053a85776b3""})"
"(:VERTEX {memory address: ""7f23ee08c000"",size: ""a000"",subtype: ""memory"",tgid: ""172093"",source: ""syscall"",type: ""Artifact"",version: ""1"",hash: ""f3dbf30a495fbd2afc18699cd3ddfe92""})"
"(:VERTEX {memory address: ""7f23ee08c000"",size: ""a000"",subtype: ""memory"",tgid: ""172093"",source: ""syscall"",type: ""Artifact"",version: ""2"",hash: ""9e209a404f97f0061e07997a5ea35232""})"
"(:VERTEX {memory address: ""7f23ee08c000"",size: ""a000"",subtype: ""memory"",tgid: ""172093"",source: ""syscall"",type: ""Artifact"",version: ""3"",hash: ""f3dd18a39509beefc3569a3d11afb9e8""})"
"(:VERTEX {memory address: ""7f23ee08c000"",size: ""a000"",subtype: ""memory"",tgid: ""172093"",source: ""syscall"",type: ""Artifact"",version: ""4"",hash: ""cef078f62757751cb01f66e9562f3bee""})"
"(:VERTEX {remote port: ""56042"",epoch: ""0"",source: ""syscall"",type: ""Artifact"",version: ""0"",local port: ""50051"",net namespace: ""-1"",local address: ""0000:0000:0000:0000:0000:0000:0000:0000"",protocol: ""tcp"",subtype: ""network socket"",remote address: ""0000:0000:0000:0000:0000:FFFF:C0A8:2F80"",hash: ""dbcdd2b557d4b75f7d689cd166bf6a3f""})"
"(:VERTEX {memory address: ""7f23ee08c000"",size: ""a000"",subtype: ""memory"",tgid: ""172093"",source: ""syscall"",type: ""Artifact"",version: ""5"",hash: ""bacf2b28137877d28b7681e510b5d8af""})"
"(:VERTEX {memory address: ""7f23ee074000"",size: ""a000"",subtype: ""memory"",tgid: ""172093"",source: ""syscall"",type: ""Artifact"",version: ""0"",hash: ""ae3e7b76f7da48d386828c08f1ded14e""})"
"(:VERTEX {remote port: ""48188"",epoch: ""0"",source: ""syscall"",type: ""Artifact"",version: ""0"",local port: ""3550"",net namespace: ""4026533110"",local address: ""0000:0000:0000:0000:0000:0000:0000:0000"",protocol: ""tcp"",subtype: ""network socket"",remote address: ""0000:0000:0000:0000:0000:FFFF:C0A8:2F80"",hash: ""45429e185cdcc954de4f15676b0b52d7""})"
"(:VERTEX {gid: ""1000"",euid: ""1000"",children pid namespace: ""4026533504"",start time: ""1693401663.699"",ns pid: ""10"",pid: ""172779"",source: ""syscall"",type: ""Process"",net namespace: ""4026533110"",ipc namespace: ""4026533525"",ppid: ""172652"",pid namespace: ""4026533504"",cwd: ""/src"",uid: ""1000"",egid: ""1000"",exe: ""/src/server"",mount namespace: ""4026533503"",command line: ""/src/server"",name: ""server"",hash: ""e96848e98c56808b76249a7edfc2573d"",user namespace: ""4026531837""})"
"(:VERTEX {remote port: ""48202"",epoch: ""0"",source: ""syscall"",type: ""Artifact"",version: ""0"",local port: ""3550"",net namespace: ""4026533110"",local address: ""0000:0000:0000:0000:0000:0000:0000:0000"",protocol: ""tcp"",subtype: ""network socket"",remote address: ""0000:0000:0000:0000:0000:FFFF:C0A8:2F80"",hash: ""1a3c54e6066fa9e19d6128360276ba08""})"
"(:VERTEX {remote port: ""47068"",epoch: ""0"",source: ""syscall"",type: ""Artifact"",version: ""0"",local port: ""8080"",net namespace: ""-1"",local address: ""0000:0000:0000:0000:0000:0000:0000:0000"",protocol: ""tcp"",subtype: ""network socket"",remote address: ""0000:0000:0000:0000:0000:FFFF:C0A8:2F80"",hash: ""a35214327190b9e8267ec5d72a68fecb""})"
"(:VERTEX {remote port: ""37720"",epoch: ""0"",source: ""syscall"",type: ""Artifact"",version: ""0"",local port: ""50051"",net namespace: ""-1"",local address: ""0000:0000:0000:0000:0000:0000:0000:0000"",protocol: ""tcp"",subtype: ""network socket"",remote address: ""0000:0000:0000:0000:0000:FFFF:C0A8:2F80"",hash: ""6e03e8f4d18daf20f9ee55f94d0d6d91""})"
"(:VERTEX {memory address: ""7f17b78ae000"",size: ""6000"",subtype: ""memory"",tgid: ""173004"",source: ""syscall"",type: ""Artifact"",version: ""2"",hash: ""90ffe76bcb4b910b1e34cc9b4dfd8517""})"
"(:VERTEX {memory address: ""7f17b78de000"",size: ""2000"",subtype: ""memory"",tgid: ""173004"",source: ""syscall"",type: ""Artifact"",version: ""1"",hash: ""23eb01b0e6859e65223890da7d2e10f8""})"
"(:VERTEX {remote port: ""43518"",epoch: ""0"",source: ""syscall"",type: ""Artifact"",version: ""0"",local port: ""8080"",net namespace: ""-1"",local address: ""0000:0000:0000:0000:0000:0000:0000:0000"",protocol: ""tcp"",subtype: ""network socket"",remote address: ""0000:0000:0000:0000:0000:FFFF:C0A8:2F80"",hash: ""a7feab6ab316837e2b4f0d9f315eb709""})"
"(:VERTEX {remote port: ""56056"",epoch: ""0"",source: ""syscall"",type: ""Artifact"",version: ""0"",local port: ""50051"",net namespace: ""-1"",local address: ""0000:0000:0000:0000:0000:0000:0000:0000"",protocol: ""tcp"",subtype: ""network socket"",remote address: ""0000:0000:0000:0000:0000:FFFF:C0A8:2F80"",hash: ""d11b9223044872eca96dbf899bfc3893""})"
"(:VERTEX {remote port: ""47070"",epoch: ""0"",source: ""syscall"",type: ""Artifact"",version: ""0"",local port: ""8080"",net namespace: ""-1"",local address: ""0000:0000:0000:0000:0000:0000:0000:0000"",protocol: ""tcp"",subtype: ""network socket"",remote address: ""0000:0000:0000:0000:0000:FFFF:C0A8:2F80"",hash: ""45e3d4add4a0fa367a9efdb1e786696c""})"
"(:VERTEX {memory address: ""7f63bb114000"",size: ""11000"",subtype: ""memory"",tgid: ""172956"",source: ""syscall"",type: ""Artifact"",version: ""481"",hash: ""fdbfc7984058dae866c0da765b08bcf0""})"
"(:VERTEX {memory address: ""7f63bb114000"",size: ""11000"",subtype: ""memory"",tgid: ""172956"",source: ""syscall"",type: ""Artifact"",version: ""482"",hash: ""5e2530ffc54684a297daaa839878e2b9""})"
"(:VERTEX {remote port: ""41198"",epoch: ""0"",source: ""syscall"",type: ""Artifact"",version: ""0"",local port: ""5050"",net namespace: ""-1"",local address: ""0000:0000:0000:0000:0000:0000:0000:0000"",protocol: ""tcp"",subtype: ""network socket"",remote address: ""0000:0000:0000:0000:0000:FFFF:C0A8:2F80"",hash: ""607aa99819bd0418b1708261590415bf""})"
"(:VERTEX {memory address: ""7f63bb114000"",size: ""11000"",subtype: ""memory"",tgid: ""172956"",source: ""syscall"",type: ""Artifact"",version: ""483"",hash: ""bfaa5440cb3bedfa46970c4890cbb485""})"
"(:VERTEX {memory address: ""7f63bd2ed000"",size: ""2000"",subtype: ""memory"",tgid: ""172956"",source: ""syscall"",type: ""Artifact"",version: ""10"",hash: ""9d64acca4e53e86f41cc2dc5eaff38f7""})"
"(:VERTEX {memory address: ""7f63bd1bd000"",size: ""9000"",subtype: ""memory"",tgid: ""172956"",source: ""syscall"",type: ""Artifact"",version: ""300"",hash: ""af0f9419f0726c2a71b094fd17db533f""})"
"(:VERTEX {memory address: ""7f63bd2eb000"",size: ""2000"",subtype: ""memory"",tgid: ""172956"",source: ""syscall"",type: ""Artifact"",version: ""2"",hash: ""08e2b127ca66d40be845c781562f0714""})"
"(:VERTEX {memory address: ""7f63bd2e9000"",size: ""2000"",subtype: ""memory"",tgid: ""172956"",source: ""syscall"",type: ""Artifact"",version: ""1"",hash: ""81b8ab7a1bcde034bb09498142f269e2""})"
"(:VERTEX {memory address: ""7f63bb15d000"",size: ""9000"",subtype: ""memory"",tgid: ""172956"",source: ""syscall"",type: ""Artifact"",version: ""173"",hash: ""219b61cc83e8487e2255f6ff1347119f""})"
"(:VERTEX {memory address: ""7f63bb11c000"",size: ""9000"",subtype: ""memory"",tgid: ""172956"",source: ""syscall"",type: ""Artifact"",version: ""307"",hash: ""7f04ddf4509d4ad5a8984bdb5c751add""})"
"(:VERTEX {memory address: ""7f63bb113000"",size: ""9000"",subtype: ""memory"",tgid: ""172956"",source: ""syscall"",type: ""Artifact"",version: ""265"",hash: ""9ddb2c203365d6b18a88253c8760b6e9""})"
"(:VERTEX {memory address: ""7f63bb10a000"",size: ""9000"",subtype: ""memory"",tgid: ""172956"",source: ""syscall"",type: ""Artifact"",version: ""217"",hash: ""b8e427549c2f731cc232815e63d0f957""})"
"(:VERTEX {memory address: ""7f63bb101000"",size: ""9000"",subtype: ""memory"",tgid: ""172956"",source: ""syscall"",type: ""Artifact"",version: ""140"",hash: ""e2fd8bf4199d201b109e02e73f2b0b9d""})"
"(:VERTEX {memory address: ""7f63bb0f8000"",size: ""9000"",subtype: ""memory"",tgid: ""172956"",source: ""syscall"",type: ""Artifact"",version: ""140"",hash: ""6820c2103e025175aa4885226d642617""})"
"(:VERTEX {memory address: ""7f63bb0ef000"",size: ""9000"",subtype: ""memory"",tgid: ""172956"",source: ""syscall"",type: ""Artifact"",version: ""132"",hash: ""0fbe42c5af06a0e1de03f3fe69a61480""})"
"(:VERTEX {memory address: ""7f63bb0e1000"",size: ""e000"",subtype: ""memory"",tgid: ""172956"",source: ""syscall"",type: ""Artifact"",version: ""1"",hash: ""8a5ad785700b78c1db7ec07a9dbf077a""})"
"(:VERTEX {memory address: ""7f63bb0d8000"",size: ""9000"",subtype: ""memory"",tgid: ""172956"",source: ""syscall"",type: ""Artifact"",version: ""3"",hash: ""0b258677e86d54db7227eb6e38976aa3""})"
"(:VERTEX {memory address: ""7f63bb0cf000"",size: ""9000"",subtype: ""memory"",tgid: ""172956"",source: ""syscall"",type: ""Artifact"",version: ""3"",hash: ""0b4018f8737e5f2eba1caa3502a81b56""})"
"(:VERTEX {memory address: ""7f63bb0a4000"",size: ""9000"",subtype: ""memory"",tgid: ""172956"",source: ""syscall"",type: ""Artifact"",version: ""20"",hash: ""8de186065cd1f29cfb02448185c3637c""})"
"(:VERTEX {memory address: ""7f63bb09b000"",size: ""9000"",subtype: ""memory"",tgid: ""172956"",source: ""syscall"",type: ""Artifact"",version: ""30"",hash: ""a46610a65049743fffdb64b84a7ee109""})"
"(:VERTEX {remote port: ""41190"",epoch: ""0"",source: ""syscall"",type: ""Artifact"",version: ""0"",local port: ""7070"",net namespace: ""4026532635"",local address: ""0000:0000:0000:0000:0000:0000:0000:0000"",protocol: ""tcp"",subtype: ""network socket"",remote address: ""0000:0000:0000:0000:0000:FFFF:C0A8:2F80"",hash: ""36666a541cbd7d5e8898b6bcb637f836""})"
"(:VERTEX {memory address: ""7f63bb092000"",size: ""9000"",subtype: ""memory"",tgid: ""172956"",source: ""syscall"",type: ""Artifact"",version: ""24"",hash: ""2cf29cc415393d63b00ac4ecc31a1a37""})"
"(:VERTEX {memory address: ""7f63bb089000"",size: ""9000"",subtype: ""memory"",tgid: ""172956"",source: ""syscall"",type: ""Artifact"",version: ""19"",hash: ""524c0a44bf6e963b44f37bcc3024766e""})"
"(:VERTEX {memory address: ""7f63bb080000"",size: ""9000"",subtype: ""memory"",tgid: ""172956"",source: ""syscall"",type: ""Artifact"",version: ""15"",hash: ""f060d3f6dd83e3d44c1080dc6233894a""})"
"(:VERTEX {memory address: ""7f63bb077000"",size: ""9000"",subtype: ""memory"",tgid: ""172956"",source: ""syscall"",type: ""Artifact"",version: ""9"",hash: ""97db2790be41371179f1b7d85a6a58ce""})"
"(:VERTEX {memory address: ""7f63bb06e000"",size: ""9000"",subtype: ""memory"",tgid: ""172956"",source: ""syscall"",type: ""Artifact"",version: ""11"",hash: ""b2e0c13a515bdcdeeca044f979aa08f2""})"
"(:VERTEX {memory address: ""7f63bb065000"",size: ""9000"",subtype: ""memory"",tgid: ""172956"",source: ""syscall"",type: ""Artifact"",version: ""11"",hash: ""e4f064283285b93a84e172f41ab8b258""})"
"(:VERTEX {memory address: ""7f63bb05c000"",size: ""9000"",subtype: ""memory"",tgid: ""172956"",source: ""syscall"",type: ""Artifact"",version: ""7"",hash: ""de79c91db6fd16eb81c0a20be7e4e260""})"
"(:VERTEX {memory address: ""7f63bb0d8000"",size: ""9000"",subtype: ""memory"",tgid: ""172956"",source: ""syscall"",type: ""Artifact"",version: ""4"",hash: ""d8da7ef74be288fe90657533604ffa92""})"
"(:VERTEX {memory address: ""7f63bb089000"",size: ""9000"",subtype: ""memory"",tgid: ""172956"",source: ""syscall"",type: ""Artifact"",version: ""20"",hash: ""0297cebfc785cd0ae3c42a10e3e3a4bb""})"
"(:VERTEX {memory address: ""7f63bb065000"",size: ""9000"",subtype: ""memory"",tgid: ""172956"",source: ""syscall"",type: ""Artifact"",version: ""12"",hash: ""f84fa2d23a81c7e49b3c7bbeb401df91""})"
"(:VERTEX {memory address: ""7f63bb053000"",size: ""9000"",subtype: ""memory"",tgid: ""172956"",source: ""syscall"",type: ""Artifact"",version: ""9"",hash: ""9b431735c366b12c66b00205c5bd96fd""})"
"(:VERTEX {memory address: ""7f63bb04a000"",size: ""9000"",subtype: ""memory"",tgid: ""172956"",source: ""syscall"",type: ""Artifact"",version: ""8"",hash: ""61b73036ab58b42efb071e9ba79911da""})"
"(:VERTEX {memory address: ""7f63bb041000"",size: ""9000"",subtype: ""memory"",tgid: ""172956"",source: ""syscall"",type: ""Artifact"",version: ""6"",hash: ""d05af6681e51f13930efffa56b46fa50""})"
"(:VERTEX {memory address: ""7f63bb045000"",size: ""e000"",subtype: ""memory"",tgid: ""172956"",source: ""syscall"",type: ""Artifact"",version: ""1"",hash: ""2d769de233e8d0a2450b87f680c1110e""})"
"(:VERTEX {memory address: ""7f63bb03c000"",size: ""9000"",subtype: ""memory"",tgid: ""172956"",source: ""syscall"",type: ""Artifact"",version: ""5"",hash: ""59c2378fe56b0632d7b053ea810f8252""})"
"(:VERTEX {memory address: ""7f63bb033000"",size: ""9000"",subtype: ""memory"",tgid: ""172956"",source: ""syscall"",type: ""Artifact"",version: ""4"",hash: ""62bd1196c4e9864f139e5bdbd69f48e3""})"
"(:VERTEX {memory address: ""7f63bb02a000"",size: ""9000"",subtype: ""memory"",tgid: ""172956"",source: ""syscall"",type: ""Artifact"",version: ""4"",hash: ""dda596ad00aeae6ee87eb3752b78ffdd""})"
"(:VERTEX {memory address: ""7f63bb021000"",size: ""9000"",subtype: ""memory"",tgid: ""172956"",source: ""syscall"",type: ""Artifact"",version: ""3"",hash: ""1c94c7b2fb778924c23194075559cb43""})"
"(:VERTEX {memory address: ""7f63bb018000"",size: ""9000"",subtype: ""memory"",tgid: ""172956"",source: ""syscall"",type: ""Artifact"",version: ""3"",hash: ""a8589bb077fa7ed884d916cf6d6ad83c""})"
"(:VERTEX {memory address: ""7f63bb04a000"",size: ""9000"",subtype: ""memory"",tgid: ""172956"",source: ""syscall"",type: ""Artifact"",version: ""9"",hash: ""b48f3861ba01e73306a9678e258ecede""})"
"(:VERTEX {memory address: ""7f63bb041000"",size: ""9000"",subtype: ""memory"",tgid: ""172956"",source: ""syscall"",type: ""Artifact"",version: ""7"",hash: ""de685703060f77dbf9cd60b507746872""})"
"(:VERTEX {memory address: ""7f63bd1e6000"",size: ""7000"",subtype: ""memory"",tgid: ""172956"",source: ""syscall"",type: ""Artifact"",version: ""231"",hash: ""8bce4d1a13a574fb1fe66c33f557d6d8""})"
"(:VERTEX {memory address: ""7f63bb04a000"",size: ""9000"",subtype: ""memory"",tgid: ""172956"",source: ""syscall"",type: ""Artifact"",version: ""10"",hash: ""f682a961e3c17643142059000291dba4""})"
"(:VERTEX {memory address: ""7f63bb041000"",size: ""9000"",subtype: ""memory"",tgid: ""172956"",source: ""syscall"",type: ""Artifact"",version: ""8"",hash: ""d0bd5ce02cd2589636826d202a51b31b""})"
"(:VERTEX {memory address: ""7f63bb038000"",size: ""9000"",subtype: ""memory"",tgid: ""172956"",source: ""syscall"",type: ""Artifact"",version: ""7"",hash: ""63b63b1e7874cb08684317133b5b29dc""})"
"(:VERTEX {memory address: ""7f63bb02f000"",size: ""9000"",subtype: ""memory"",tgid: ""172956"",source: ""syscall"",type: ""Artifact"",version: ""6"",hash: ""28a77c2a8c176dd2aa8b70380f797a06""})"
"(:VERTEX {memory address: ""7f63bb026000"",size: ""9000"",subtype: ""memory"",tgid: ""172956"",source: ""syscall"",type: ""Artifact"",version: ""8"",hash: ""32f0de4a84365c62c3e7cfd77f2eafcf""})"
"(:VERTEX {remote port: ""41200"",epoch: ""0"",source: ""syscall"",type: ""Artifact"",version: ""0"",local port: ""7070"",net namespace: ""4026532635"",local address: ""0000:0000:0000:0000:0000:0000:0000:0000"",protocol: ""tcp"",subtype: ""network socket"",remote address: ""0000:0000:0000:0000:0000:FFFF:C0A8:2F80"",hash: ""46983440bfdf6e1a4965d0e5d93112ba""})"
"(:VERTEX {memory address: ""7f63bb04a000"",size: ""9000"",subtype: ""memory"",tgid: ""172956"",source: ""syscall"",type: ""Artifact"",version: ""11"",hash: ""a76016ef986ef8c75f5252dd111d6827""})"
"(:VERTEX {memory address: ""7f63bb0e6000"",size: ""9000"",subtype: ""memory"",tgid: ""172956"",source: ""syscall"",type: ""Artifact"",version: ""124"",hash: ""7da41a537eb028356a249e3a5cd7cf2f""})"
"(:VERTEX {memory address: ""7f63bd1e6000"",size: ""7000"",subtype: ""memory"",tgid: ""172956"",source: ""syscall"",type: ""Artifact"",version: ""232"",hash: ""3232bab91673eaa5d2a66ac5c394590e""})"
"(:VERTEX {memory address: ""7f63bb065000"",size: ""9000"",subtype: ""memory"",tgid: ""172956"",source: ""syscall"",type: ""Artifact"",version: ""13"",hash: ""21a35fb5251d6d591ee4bd8883790022""})"
"(:VERTEX {memory address: ""7f63bb066000"",size: ""8000"",subtype: ""memory"",tgid: ""172956"",source: ""syscall"",type: ""Artifact"",version: ""0"",hash: ""62e17201246501d4ff49e2c2e1333c8e""})"
"(:VERTEX {memory address: ""7f63bb02f000"",size: ""9000"",subtype: ""memory"",tgid: ""172956"",source: ""syscall"",type: ""Artifact"",version: ""7"",hash: ""0b71a275b795cf94f019b08c69636c10""})"
"(:VERTEX {memory address: ""7f63bb01d000"",size: ""9000"",subtype: ""memory"",tgid: ""172956"",source: ""syscall"",type: ""Artifact"",version: ""5"",hash: ""e2f66b728c5f3e5176ef4ae44ef68c6a""})"
"(:VERTEX {memory address: ""7f63bb014000"",size: ""9000"",subtype: ""memory"",tgid: ""172956"",source: ""syscall"",type: ""Artifact"",version: ""6"",hash: ""335f5a6f491f1a696434a58058d14407""})"
"(:VERTEX {memory address: ""7f63bb00b000"",size: ""9000"",subtype: ""memory"",tgid: ""172956"",source: ""syscall"",type: ""Artifact"",version: ""4"",hash: ""a0d326e7c9a2f38eb20e31976785c2e7""})"
"(:VERTEX {memory address: ""7f63bb002000"",size: ""9000"",subtype: ""memory"",tgid: ""172956"",source: ""syscall"",type: ""Artifact"",version: ""3"",hash: ""0e4a9e5683ad3048f92f398009311fac""})"
"(:VERTEX {memory address: ""7f63baff9000"",size: ""9000"",subtype: ""memory"",tgid: ""172956"",source: ""syscall"",type: ""Artifact"",version: ""4"",hash: ""025af36b7d4bc16bee48c31daccb6df1""})"
"(:VERTEX {memory address: ""7f63bafff000"",size: ""c000"",subtype: ""memory"",tgid: ""172956"",source: ""syscall"",type: ""Artifact"",version: ""0"",hash: ""9dfc3a25589baef94dc03f129c9b2fa6""})"
"(:VERTEX {memory address: ""7f63baff6000"",size: ""9000"",subtype: ""memory"",tgid: ""172956"",source: ""syscall"",type: ""Artifact"",version: ""7"",hash: ""aa46f37dd10b8f5f0336110c4539d0db""})"
"(:VERTEX {memory address: ""7f63bafed000"",size: ""9000"",subtype: ""memory"",tgid: ""172956"",source: ""syscall"",type: ""Artifact"",version: ""8"",hash: ""bafb06c0c35271b7a97edc1628140f09""})"
"(:VERTEX {memory address: ""7f63bafe4000"",size: ""9000"",subtype: ""memory"",tgid: ""172956"",source: ""syscall"",type: ""Artifact"",version: ""8"",hash: ""3b10874b1a584fcd44661e4816a70437""})"
"(:VERTEX {memory address: ""7f63bafdb000"",size: ""9000"",subtype: ""memory"",tgid: ""172956"",source: ""syscall"",type: ""Artifact"",version: ""6"",hash: ""cbc7deaceedd4f67a989d6ab7bd020e7""})"
"(:VERTEX {memory address: ""7f63baffb000"",size: ""10000"",subtype: ""memory"",tgid: ""172956"",source: ""syscall"",type: ""Artifact"",version: ""0"",hash: ""1fe34be306f586e1b5a17b5da1d64f6b""})"
"(:VERTEX {memory address: ""7f63baff2000"",size: ""9000"",subtype: ""memory"",tgid: ""172956"",source: ""syscall"",type: ""Artifact"",version: ""0"",hash: ""bfead0a3900593d8069b9908b4868a25""})"
"(:VERTEX {memory address: ""7f63bafe9000"",size: ""9000"",subtype: ""memory"",tgid: ""172956"",source: ""syscall"",type: ""Artifact"",version: ""0"",hash: ""62c50194cddbf2ba1ac11994f62b2258""})"
"(:VERTEX {memory address: ""7f63bafe0000"",size: ""9000"",subtype: ""memory"",tgid: ""172956"",source: ""syscall"",type: ""Artifact"",version: ""0"",hash: ""899211cdb05c8ab699df8ee7079530b8""})"
"(:VERTEX {memory address: ""7f63baff2000"",size: ""9000"",subtype: ""memory"",tgid: ""172956"",source: ""syscall"",type: ""Artifact"",version: ""1"",hash: ""77074d93dfcf3e544247c8b60ca2c4bc""})"
"(:VERTEX {memory address: ""7f63baff2000"",size: ""9000"",subtype: ""memory"",tgid: ""172956"",source: ""syscall"",type: ""Artifact"",version: ""2"",hash: ""762e56f1ba09a99c30fdab4357aa0638""})"
"(:VERTEX {memory address: ""7f63bafe9000"",size: ""9000"",subtype: ""memory"",tgid: ""172956"",source: ""syscall"",type: ""Artifact"",version: ""1"",hash: ""efcb4aadbaa0372c2bf94c7f7c4aa00b""})"
"(:VERTEX {memory address: ""7f63bafd7000"",size: ""9000"",subtype: ""memory"",tgid: ""172956"",source: ""syscall"",type: ""Artifact"",version: ""0"",hash: ""ab341e35c475bd58fe9383ecbed1073e""})"
"(:VERTEX {memory address: ""7f63bd2e5000"",size: ""4000"",subtype: ""memory"",tgid: ""172956"",source: ""syscall"",type: ""Artifact"",version: ""1"",hash: ""c41d242e7367630bca08a38a7104972b""})"
"(:VERTEX {memory address: ""7f63bb065000"",size: ""9000"",subtype: ""memory"",tgid: ""172956"",source: ""syscall"",type: ""Artifact"",version: ""14"",hash: ""5e78ca8adddc01af7e0b4cffda4faea7""})"
"(:VERTEX {memory address: ""7f63bb02f000"",size: ""9000"",subtype: ""memory"",tgid: ""172956"",source: ""syscall"",type: ""Artifact"",version: ""8"",hash: ""2dcf84cec0fa9d03b462f447f675c848""})"
"(:VERTEX {memory address: ""7f63bafc4000"",size: ""13000"",subtype: ""memory"",tgid: ""172956"",source: ""syscall"",type: ""Artifact"",version: ""0"",hash: ""2d5aa3e5ede4427072daeea51ffee542""})"
"(:VERTEX {memory address: ""7f63bb065000"",size: ""9000"",subtype: ""memory"",tgid: ""172956"",source: ""syscall"",type: ""Artifact"",version: ""15"",hash: ""e1c8f76103dfbb088ca43f1c8621449e""})"
"(:VERTEX {memory address: ""7f63bb030000"",size: ""8000"",subtype: ""memory"",tgid: ""172956"",source: ""syscall"",type: ""Artifact"",version: ""0"",hash: ""9d2de512d218b732792a368683fd697d""})"
"(:VERTEX {memory address: ""7f63bb01d000"",size: ""9000"",subtype: ""memory"",tgid: ""172956"",source: ""syscall"",type: ""Artifact"",version: ""6"",hash: ""84d9ae51f71f8317561b121500bc7010""})"
"(:VERTEX {memory address: ""7f63bb014000"",size: ""9000"",subtype: ""memory"",tgid: ""172956"",source: ""syscall"",type: ""Artifact"",version: ""7"",hash: ""b7add38a63b69f89cd903a6669c270e6""})"
"(:VERTEX {memory address: ""7f63bafe9000"",size: ""9000"",subtype: ""memory"",tgid: ""172956"",source: ""syscall"",type: ""Artifact"",version: ""2"",hash: ""a48b8071b8fafcb0e911f8c24a99fbd3""})"
"(:VERTEX {memory address: ""7f63bb065000"",size: ""9000"",subtype: ""memory"",tgid: ""172956"",source: ""syscall"",type: ""Artifact"",version: ""16"",hash: ""65055ff9f715139c9f5615294aa12d43""})"
"(:VERTEX {memory address: ""7f63bd2e5000"",size: ""4000"",subtype: ""memory"",tgid: ""172956"",source: ""syscall"",type: ""Artifact"",version: ""2"",hash: ""05d2e421daa09e02fdf8eff0af8625ac""})"
"(:VERTEX {memory address: ""7f63bd2e2000"",size: ""3000"",subtype: ""memory"",tgid: ""172956"",source: ""syscall"",type: ""Artifact"",version: ""0"",hash: ""a754a17bec9928282f54be58b44aaed7""})"
"(:VERTEX {memory address: ""7f63bb02f000"",size: ""9000"",subtype: ""memory"",tgid: ""172956"",source: ""syscall"",type: ""Artifact"",version: ""9"",hash: ""4a6d80b4d85bb63d408d74ede2e5d602""})"
"(:VERTEX {memory address: ""7f63bb01d000"",size: ""9000"",subtype: ""memory"",tgid: ""172956"",source: ""syscall"",type: ""Artifact"",version: ""7"",hash: ""1e7fa7984ae7fcaa373b66bd3713a0e5""})"
"(:VERTEX {memory address: ""7f63bb014000"",size: ""9000"",subtype: ""memory"",tgid: ""172956"",source: ""syscall"",type: ""Artifact"",version: ""8"",hash: ""9c3882d97a899972d5e86b1e201c55e4""})"
"(:VERTEX {memory address: ""7f63bafe9000"",size: ""9000"",subtype: ""memory"",tgid: ""172956"",source: ""syscall"",type: ""Artifact"",version: ""3"",hash: ""7443177195402d65cb4cd28a400d3947""})"
"(:VERTEX {memory address: ""7f63bafce000"",size: ""9000"",subtype: ""memory"",tgid: ""172956"",source: ""syscall"",type: ""Artifact"",version: ""0"",hash: ""37ffdbda4638169377d298d7980a0d49""})"
"(:VERTEX {memory address: ""7f63bb01d000"",size: ""9000"",subtype: ""memory"",tgid: ""172956"",source: ""syscall"",type: ""Artifact"",version: ""8"",hash: ""c1ba7e875e4c4bcf3818fe4f5ee9c423""})"
"(:VERTEX {memory address: ""7f63bb014000"",size: ""9000"",subtype: ""memory"",tgid: ""172956"",source: ""syscall"",type: ""Artifact"",version: ""9"",hash: ""2ebdd5d7a8c70bcf88605065bf7f5538""})"
"(:VERTEX {memory address: ""7f63bafce000"",size: ""9000"",subtype: ""memory"",tgid: ""172956"",source: ""syscall"",type: ""Artifact"",version: ""1"",hash: ""50f5e93cc1ae813cb4190e94c4214b8c""})"
"(:VERTEX {memory address: ""7f63bb10a000"",size: ""9000"",subtype: ""memory"",tgid: ""172956"",source: ""syscall"",type: ""Artifact"",version: ""218"",hash: ""a2e2f3db618527af03dbd716efe0d002""})"
"(:VERTEX {memory address: ""7f63bb0e6000"",size: ""9000"",subtype: ""memory"",tgid: ""172956"",source: ""syscall"",type: ""Artifact"",version: ""125"",hash: ""eb3ff865a6d2b20b99fb438f63686636""})"
"(:VERTEX {memory address: ""7f63bb09f000"",size: ""e000"",subtype: ""memory"",tgid: ""172956"",source: ""syscall"",type: ""Artifact"",version: ""0"",hash: ""3a219020dbfe77ca2a124cc8e03d5f75""})"
"(:VERTEX {memory address: ""7f63bb0cf000"",size: ""9000"",subtype: ""memory"",tgid: ""172956"",source: ""syscall"",type: ""Artifact"",version: ""4"",hash: ""bdbd73064ffa6283c4eb43d1f5cf180d""})"
"(:VERTEX {memory address: ""7f63bb080000"",size: ""9000"",subtype: ""memory"",tgid: ""172956"",source: ""syscall"",type: ""Artifact"",version: ""16"",hash: ""6be45041ac77e106429aa1a93e5009e8""})"
"(:VERTEX {memory address: ""7f63bb077000"",size: ""9000"",subtype: ""memory"",tgid: ""172956"",source: ""syscall"",type: ""Artifact"",version: ""10"",hash: ""eebdb69097eba04a839e59b43c730aa1""})"
"(:VERTEX {memory address: ""7f63bb09f000"",size: ""e000"",subtype: ""memory"",tgid: ""172956"",source: ""syscall"",type: ""Artifact"",version: ""1"",hash: ""1412948d1389457a4d0cb04f7415deef""})"
"(:VERTEX {memory address: ""7f63bb080000"",size: ""9000"",subtype: ""memory"",tgid: ""172956"",source: ""syscall"",type: ""Artifact"",version: ""17"",hash: ""c6b447945e8d79a34b35c8df7c334406""})"
"(:VERTEX {memory address: ""7f63bb09c000"",size: ""11000"",subtype: ""memory"",tgid: ""172956"",source: ""syscall"",type: ""Artifact"",version: ""1"",hash: ""095ef312842ce469e71a49638ee6c5ca""})"
"(:VERTEX {remote port: ""55338"",epoch: ""0"",source: ""syscall"",type: ""Artifact"",version: ""0"",local port: ""7000"",net namespace: ""-1"",local address: ""0000:0000:0000:0000:0000:0000:0000:0000"",protocol: ""tcp"",subtype: ""network socket"",remote address: ""0000:0000:0000:0000:0000:FFFF:C0A8:2F80"",hash: ""44f470ab77e5e25330ddf72d2387ad8d""})"
"(:VERTEX {memory address: ""7f63bd2e5000"",size: ""4000"",subtype: ""memory"",tgid: ""172956"",source: ""syscall"",type: ""Artifact"",version: ""3"",hash: ""d2eb975d5f666b4b9cc88aa8d83f6e70""})"
"(:VERTEX {memory address: ""7f63bb0e1000"",size: ""e000"",subtype: ""memory"",tgid: ""172956"",source: ""syscall"",type: ""Artifact"",version: ""2"",hash: ""c25bd6c88b059c6451e54107d07f627b""})"
"(:VERTEX {memory address: ""7f63bb10a000"",size: ""9000"",subtype: ""memory"",tgid: ""172956"",source: ""syscall"",type: ""Artifact"",version: ""219"",hash: ""16b0533a618c606aed2aadac7ee73264""})"
"(:VERTEX {memory address: ""7f63bb0cf000"",size: ""9000"",subtype: ""memory"",tgid: ""172956"",source: ""syscall"",type: ""Artifact"",version: ""5"",hash: ""d8465e2808934faaf910a716386f718c""})"
"(:VERTEX {memory address: ""7f63bb09b000"",size: ""12000"",subtype: ""memory"",tgid: ""172956"",source: ""syscall"",type: ""Artifact"",version: ""0"",hash: ""7e11a28627fc96cf2fd207c2eabdd345""})"
"(:VERTEX {memory address: ""7f63bb10a000"",size: ""9000"",subtype: ""memory"",tgid: ""172956"",source: ""syscall"",type: ""Artifact"",version: ""220"",hash: ""0a02c38b85c902a7d2ecdb63812f1b8b""})"
"(:VERTEX {memory address: ""7f63bb0cf000"",size: ""9000"",subtype: ""memory"",tgid: ""172956"",source: ""syscall"",type: ""Artifact"",version: ""6"",hash: ""b84f241f6f91c61d48ea0cc98444442b""})"
"(:VERTEX {memory address: ""7f63bd2e2000"",size: ""3000"",subtype: ""memory"",tgid: ""172956"",source: ""syscall"",type: ""Artifact"",version: ""1"",hash: ""fc90d159d8e389fe9134aebd19f0ca99""})"
"(:VERTEX {memory address: ""7f63bb10a000"",size: ""9000"",subtype: ""memory"",tgid: ""172956"",source: ""syscall"",type: ""Artifact"",version: ""221"",hash: ""e384f1e472dd24ef30918e8f1734656a""})"
"(:VERTEX {memory address: ""7f63bb0a4000"",size: ""9000"",subtype: ""memory"",tgid: ""172956"",source: ""syscall"",type: ""Artifact"",version: ""21"",hash: ""6356b5be46fbeaf52d5b22bf0bace115""})"
"(:VERTEX {memory address: ""7f63bb09b000"",size: ""9000"",subtype: ""memory"",tgid: ""172956"",source: ""syscall"",type: ""Artifact"",version: ""31"",hash: ""cabe52d830ed847bfb2c9d05883e0fb7""})"
"(:VERTEX {memory address: ""7f63bb080000"",size: ""9000"",subtype: ""memory"",tgid: ""172956"",source: ""syscall"",type: ""Artifact"",version: ""18"",hash: ""adaffbbe82dd79b83b160344b90bbca3""})"
"(:VERTEX {memory address: ""7f63bb077000"",size: ""9000"",subtype: ""memory"",tgid: ""172956"",source: ""syscall"",type: ""Artifact"",version: ""11"",hash: ""bd2b8c2047f5fa4d213aed2efa7d6dae""})"
"(:VERTEX {memory address: ""7f63bb05c000"",size: ""9000"",subtype: ""memory"",tgid: ""172956"",source: ""syscall"",type: ""Artifact"",version: ""8"",hash: ""e07932a3414b42a200112e5968ac33db""})"
"(:VERTEX {memory address: ""7f63bb09b000"",size: ""9000"",subtype: ""memory"",tgid: ""172956"",source: ""syscall"",type: ""Artifact"",version: ""32"",hash: ""029fbc5224aa3d3325beb7bc530545c5""})"
"(:VERTEX {memory address: ""7f63bb080000"",size: ""9000"",subtype: ""memory"",tgid: ""172956"",source: ""syscall"",type: ""Artifact"",version: ""19"",hash: ""2c2f4697d73e01e9612c0ce4114bf9aa""})"
"(:VERTEX {memory address: ""7f63bb05c000"",size: ""9000"",subtype: ""memory"",tgid: ""172956"",source: ""syscall"",type: ""Artifact"",version: ""9"",hash: ""a6bd8404e88f04c67343394239f253ac""})"
"(:VERTEX {memory address: ""7f63bb11c000"",size: ""9000"",subtype: ""memory"",tgid: ""172956"",source: ""syscall"",type: ""Artifact"",version: ""308"",hash: ""873ed0fd067d16519e9777814ffdfe7c""})"
"(:VERTEX {memory address: ""7f63bb113000"",size: ""9000"",subtype: ""memory"",tgid: ""172956"",source: ""syscall"",type: ""Artifact"",version: ""266"",hash: ""5afb4df567132eec697769f96a71b1e8""})"
"(:VERTEX {memory address: ""7f63bb10a000"",size: ""9000"",subtype: ""memory"",tgid: ""172956"",source: ""syscall"",type: ""Artifact"",version: ""222"",hash: ""18e6e6b1e7bcee87da2e70398534e226""})"
"(:VERTEX {memory address: ""7f63bb101000"",size: ""9000"",subtype: ""memory"",tgid: ""172956"",source: ""syscall"",type: ""Artifact"",version: ""141"",hash: ""bb3c76c579712e2ea0cc31e888109315""})"
"(:VERTEX {memory address: ""7f63bb0d8000"",size: ""9000"",subtype: ""memory"",tgid: ""172956"",source: ""syscall"",type: ""Artifact"",version: ""5"",hash: ""76295379b5daf29001a703fe2649a019""})"
"(:VERTEX {memory address: ""7f63bb0a4000"",size: ""9000"",subtype: ""memory"",tgid: ""172956"",source: ""syscall"",type: ""Artifact"",version: ""22"",hash: ""b0b5e749af8a7d02df7257a55d1ff637""})"
"(:VERTEX {memory address: ""7f63bb101000"",size: ""9000"",subtype: ""memory"",tgid: ""172956"",source: ""syscall"",type: ""Artifact"",version: ""142"",hash: ""bbc777fc320c09ea590dbfb988a80ceb""})"
"(:VERTEX {memory address: ""7f63bb09b000"",size: ""9000"",subtype: ""memory"",tgid: ""172956"",source: ""syscall"",type: ""Artifact"",version: ""33"",hash: ""d869b048d48a7c8fda0883303c1b5d4d""})"
"(:VERTEX {memory address: ""7f63bb077000"",size: ""9000"",subtype: ""memory"",tgid: ""172956"",source: ""syscall"",type: ""Artifact"",version: ""12"",hash: ""ce9c6a4297a0b670550bc762623be806""})"
"(:VERTEX {memory address: ""7f63bb09b000"",size: ""9000"",subtype: ""memory"",tgid: ""172956"",source: ""syscall"",type: ""Artifact"",version: ""34"",hash: ""ae9aea2c2135c9b8cdfb33b1e07f73aa""})"
"(:VERTEX {memory address: ""7f63bd231000"",size: ""4000"",subtype: ""memory"",tgid: ""172956"",source: ""syscall"",type: ""Artifact"",version: ""120"",hash: ""a265c73b434db241e88a9d6f9030540a""})"
"(:VERTEX {remote port: ""53668"",epoch: ""0"",source: ""syscall"",type: ""Artifact"",version: ""0"",local port: ""6379"",net namespace: ""-1"",local address: ""0.0.0.0"",protocol: ""tcp"",subtype: ""network socket"",remote address: ""192.168.47.128"",hash: ""8c5a3f64e8946ef74bb331617f1b42e1""})"
"(:VERTEX {memory address: ""7f63bb114000"",size: ""11000"",subtype: ""memory"",tgid: ""172956"",source: ""syscall"",type: ""Artifact"",version: ""484"",hash: ""5b932a99609ad0bd2a23699c9908c88f""})"
"(:VERTEX {memory address: ""7f63bb114000"",size: ""11000"",subtype: ""memory"",tgid: ""172956"",source: ""syscall"",type: ""Artifact"",version: ""485"",hash: ""10f064763baa056fcd3fb892ae11a547""})"
"(:VERTEX {memory address: ""7f63bb114000"",size: ""11000"",subtype: ""memory"",tgid: ""172956"",source: ""syscall"",type: ""Artifact"",version: ""486"",hash: ""5daaa60cda13f36af06211bb037acf1b""})"
"(:VERTEX {memory address: ""7f63bd2ed000"",size: ""2000"",subtype: ""memory"",tgid: ""172956"",source: ""syscall"",type: ""Artifact"",version: ""11"",hash: ""c716e5f772d3c1d2d7f83669196b3d4d""})"
"(:VERTEX {memory address: ""7f63bd1bd000"",size: ""9000"",subtype: ""memory"",tgid: ""172956"",source: ""syscall"",type: ""Artifact"",version: ""301"",hash: ""9e43dddafc9063da5bde383151b6867d""})"
"(:VERTEX {memory address: ""7f63bd2e9000"",size: ""2000"",subtype: ""memory"",tgid: ""172956"",source: ""syscall"",type: ""Artifact"",version: ""2"",hash: ""dc3cd6bfb05ad434b56e593f369ec38c""})"
"(:VERTEX {memory address: ""7f63bb15d000"",size: ""9000"",subtype: ""memory"",tgid: ""172956"",source: ""syscall"",type: ""Artifact"",version: ""174"",hash: ""240b15074072cc345b0c7908b01409d4""})"
"(:VERTEX {memory address: ""7f63bb11c000"",size: ""9000"",subtype: ""memory"",tgid: ""172956"",source: ""syscall"",type: ""Artifact"",version: ""309"",hash: ""2081599929da9cda4cbd3ee089387ecb""})"
"(:VERTEX {memory address: ""7f63bb10e000"",size: ""e000"",subtype: ""memory"",tgid: ""172956"",source: ""syscall"",type: ""Artifact"",version: ""0"",hash: ""d4cb38ec352d28b56890c314823b7ab6""})"
"(:VERTEX {memory address: ""7f63bb105000"",size: ""9000"",subtype: ""memory"",tgid: ""172956"",source: ""syscall"",type: ""Artifact"",version: ""2"",hash: ""c52ff06f588046608f754573facc47b2""})"
"(:VERTEX {memory address: ""7f63bb10e000"",size: ""e000"",subtype: ""memory"",tgid: ""172956"",source: ""syscall"",type: ""Artifact"",version: ""1"",hash: ""4d64ac6fd2413b43cc6fc962b54d87f4""})"
"(:VERTEX {memory address: ""7f63bb10e000"",size: ""e000"",subtype: ""memory"",tgid: ""172956"",source: ""syscall"",type: ""Artifact"",version: ""2"",hash: ""b72c2edfda31d47ab0e001a3978e37b3""})"
"(:VERTEX {memory address: ""7f63bb10e000"",size: ""e000"",subtype: ""memory"",tgid: ""172956"",source: ""syscall"",type: ""Artifact"",version: ""3"",hash: ""149b34e1f51237adede85cffe9154bc7""})"
"(:VERTEX {memory address: ""7f63bb0fc000"",size: ""9000"",subtype: ""memory"",tgid: ""172956"",source: ""syscall"",type: ""Artifact"",version: ""3"",hash: ""956a0df490f06362a14344d61a51c289""})"
"(:VERTEX {memory address: ""7f63bb10e000"",size: ""e000"",subtype: ""memory"",tgid: ""172956"",source: ""syscall"",type: ""Artifact"",version: ""4"",hash: ""cff4267101c16e38f1673feb8e45f653""})"
"(:VERTEX {memory address: ""7f63bd1e6000"",size: ""7000"",subtype: ""memory"",tgid: ""172956"",source: ""syscall"",type: ""Artifact"",version: ""233"",hash: ""0ddf247d3065bc2ad5975b8aff55043e""})"
"(:VERTEX {memory address: ""7f63bb10e000"",size: ""e000"",subtype: ""memory"",tgid: ""172956"",source: ""syscall"",type: ""Artifact"",version: ""5"",hash: ""241beb9664e9ca11df4520d44278a631""})"
"(:VERTEX {memory address: ""7f63bb10e000"",size: ""e000"",subtype: ""memory"",tgid: ""172956"",source: ""syscall"",type: ""Artifact"",version: ""6"",hash: ""a38c2f2f1f2b0d1d55fce03993cc4267""})"
"(:VERTEX {memory address: ""7f63bd2e3000"",size: ""2000"",subtype: ""memory"",tgid: ""172956"",source: ""syscall"",type: ""Artifact"",version: ""0"",hash: ""308bd7680801e1d864839bb7fec5e4d0""})"
"(:VERTEX {memory address: ""7f63bb11c000"",size: ""9000"",subtype: ""memory"",tgid: ""172956"",source: ""syscall"",type: ""Artifact"",version: ""310"",hash: ""98f107499551f9304a19d609a1577cbc""})"
"(:VERTEX {memory address: ""7f63bb0fc000"",size: ""9000"",subtype: ""memory"",tgid: ""172956"",source: ""syscall"",type: ""Artifact"",version: ""4"",hash: ""a8b5e32e397c4654852c021e7455f738""})"
"(:VERTEX {memory address: ""7f63bb0ec000"",size: ""10000"",subtype: ""memory"",tgid: ""172956"",source: ""syscall"",type: ""Artifact"",version: ""0"",hash: ""f209c528bd36300dc9cb4c7f91b0d039""})"
"(:VERTEX {memory address: ""7f63bb0e3000"",size: ""9000"",subtype: ""memory"",tgid: ""172956"",source: ""syscall"",type: ""Artifact"",version: ""2"",hash: ""37c73cc04ff8cfcff88e54d28ebb20ab""})"
"(:VERTEX {memory address: ""7f63bb0fc000"",size: ""9000"",subtype: ""memory"",tgid: ""172956"",source: ""syscall"",type: ""Artifact"",version: ""5"",hash: ""2ee594a4adba0eda5db0aa2e9d1a2b36""})"
"(:VERTEX {memory address: ""7f63bb10b000"",size: ""11000"",subtype: ""memory"",tgid: ""172956"",source: ""syscall"",type: ""Artifact"",version: ""31"",hash: ""4ab9910d44f83f9a9413e962703eeae7""})"
"(:VERTEX {memory address: ""7f63bd1bd000"",size: ""9000"",subtype: ""memory"",tgid: ""172956"",source: ""syscall"",type: ""Artifact"",version: ""302"",hash: ""2b834530bf3efa680fe1e2a9a5026123""})"
"(:VERTEX {memory address: ""7f63bb113000"",size: ""9000"",subtype: ""memory"",tgid: ""172956"",source: ""syscall"",type: ""Artifact"",version: ""267"",hash: ""754af974f571f5c660880ba4636ef9b7""})"
"(:VERTEX {memory address: ""7f63bb10a000"",size: ""9000"",subtype: ""memory"",tgid: ""172956"",source: ""syscall"",type: ""Artifact"",version: ""223"",hash: ""2037fa2b8851fea7a24a88a54a132bd1""})"
"(:VERTEX {memory address: ""7f63bb10a000"",size: ""9000"",subtype: ""memory"",tgid: ""172956"",source: ""syscall"",type: ""Artifact"",version: ""224"",hash: ""b231ccedbec5db7a7116f79844ed69c5""})"
"(:VERTEX {memory address: ""7f63bb102000"",size: ""8000"",subtype: ""memory"",tgid: ""172956"",source: ""syscall"",type: ""Artifact"",version: ""4"",hash: ""36a7ab663aca748bfad5ec22424d89a7""})"
"(:VERTEX {memory address: ""7f63bb101000"",size: ""9000"",subtype: ""memory"",tgid: ""172956"",source: ""syscall"",type: ""Artifact"",version: ""143"",hash: ""16e9de7038187dab402edf99acc18b3b""})"
"(:VERTEX {memory address: ""7f63bb0de000"",size: ""e000"",subtype: ""memory"",tgid: ""172956"",source: ""syscall"",type: ""Artifact"",version: ""0"",hash: ""d1b0801c506984306a82e49a9e0f4c79""})"
"(:VERTEX {memory address: ""7f63bb113000"",size: ""9000"",subtype: ""memory"",tgid: ""172956"",source: ""syscall"",type: ""Artifact"",version: ""268"",hash: ""3193ef323ffee8ae24d080c6a1284631""})"
"(:VERTEX {memory address: ""7f63bb105000"",size: ""e000"",subtype: ""memory"",tgid: ""172956"",source: ""syscall"",type: ""Artifact"",version: ""0"",hash: ""b4d24bf3e1bea127c07a36beb81bc8cd""})"
"(:VERTEX {memory address: ""7f63bb10a000"",size: ""9000"",subtype: ""memory"",tgid: ""172956"",source: ""syscall"",type: ""Artifact"",version: ""225"",hash: ""7e94f23fa541110dff82ed76c91a5209""})"
"(:VERTEX {memory address: ""7f63bd231000"",size: ""4000"",subtype: ""memory"",tgid: ""172956"",source: ""syscall"",type: ""Artifact"",version: ""121"",hash: ""007468f59bf360e4f1b64fdbe7d5ac5c""})"
"(:VERTEX {memory address: ""7f63bb10b000"",size: ""11000"",subtype: ""memory"",tgid: ""172956"",source: ""syscall"",type: ""Artifact"",version: ""32"",hash: ""28dcbebd4e1a3d3009adb5ef625f2a52""})"
"(:VERTEX {memory address: ""7f63bb114000"",size: ""11000"",subtype: ""memory"",tgid: ""172956"",source: ""syscall"",type: ""Artifact"",version: ""487"",hash: ""14456c88723963f5cca11de1689b4f0e""})"
"(:VERTEX {memory address: ""7f63bb114000"",size: ""11000"",subtype: ""memory"",tgid: ""172956"",source: ""syscall"",type: ""Artifact"",version: ""488"",hash: ""e2411b9e9db25b989cbbc83006a4d085""})"
"(:VERTEX {memory address: ""7f63bb114000"",size: ""11000"",subtype: ""memory"",tgid: ""172956"",source: ""syscall"",type: ""Artifact"",version: ""489"",hash: ""3a5f4ffed8f97e1a9ff41062a16e143b""})"
"(:VERTEX {memory address: ""7f63bb114000"",size: ""11000"",subtype: ""memory"",tgid: ""172956"",source: ""syscall"",type: ""Artifact"",version: ""490"",hash: ""f7de618723f5ce2ee6a2365f6cc92b0b""})"
"(:VERTEX {memory address: ""7f63bb114000"",size: ""11000"",subtype: ""memory"",tgid: ""172956"",source: ""syscall"",type: ""Artifact"",version: ""491"",hash: ""86c687281d49c279089416951f7ef91f""})"
"(:VERTEX {memory address: ""7f63bb114000"",size: ""11000"",subtype: ""memory"",tgid: ""172956"",source: ""syscall"",type: ""Artifact"",version: ""492"",hash: ""02bd64a35ff0d526e1e677779c919fd7""})"
"(:VERTEX {memory address: ""7f63bb114000"",size: ""11000"",subtype: ""memory"",tgid: ""172956"",source: ""syscall"",type: ""Artifact"",version: ""493"",hash: ""17e10f67498ef782f67f73813fb79097""})"
"(:VERTEX {memory address: ""7f63bb114000"",size: ""11000"",subtype: ""memory"",tgid: ""172956"",source: ""syscall"",type: ""Artifact"",version: ""494"",hash: ""ff386830c68598f23073c002ce8cb56f""})"
"(:VERTEX {memory address: ""7f63bb114000"",size: ""11000"",subtype: ""memory"",tgid: ""172956"",source: ""syscall"",type: ""Artifact"",version: ""495"",hash: ""4ed9b6a2bb232bfd194afb1257cb7c6a""})"
"(:VERTEX {memory address: ""7f63bb114000"",size: ""11000"",subtype: ""memory"",tgid: ""172956"",source: ""syscall"",type: ""Artifact"",version: ""496"",hash: ""99183666743c587d3a2af87c6f6684c0""})"
"(:VERTEX {memory address: ""7f63bb114000"",size: ""11000"",subtype: ""memory"",tgid: ""172956"",source: ""syscall"",type: ""Artifact"",version: ""497"",hash: ""4e25aa0e0cab2d344a2188d800985dde""})"
"(:VERTEX {memory address: ""7f63bb114000"",size: ""11000"",subtype: ""memory"",tgid: ""172956"",source: ""syscall"",type: ""Artifact"",version: ""498"",hash: ""f50ccc713d32221d8743f68c105a6c77""})"
"(:VERTEX {memory address: ""7f63bb114000"",size: ""11000"",subtype: ""memory"",tgid: ""172956"",source: ""syscall"",type: ""Artifact"",version: ""499"",hash: ""5c6a1223e86a8477b7bd5f66368fd96c""})"
"(:VERTEX {memory address: ""7f63bb114000"",size: ""11000"",subtype: ""memory"",tgid: ""172956"",source: ""syscall"",type: ""Artifact"",version: ""500"",hash: ""bd132700685d504afd403d0f6b4d3465""})"
"(:VERTEX {memory address: ""7f63bb114000"",size: ""11000"",subtype: ""memory"",tgid: ""172956"",source: ""syscall"",type: ""Artifact"",version: ""501"",hash: ""480b025d7cb5230ba1888fda68fcd403""})"
"(:VERTEX {memory address: ""7fb49c5af000"",size: ""11000"",subtype: ""memory"",tgid: ""172064"",source: ""syscall"",type: ""Artifact"",version: ""0"",hash: ""ba8bddb75d7bba791831cdc63a4b8543""})"
"(:VERTEX {memory address: ""7fb49c59e000"",size: ""11000"",subtype: ""memory"",tgid: ""172064"",source: ""syscall"",type: ""Artifact"",version: ""0"",hash: ""6312f230ba5eab67626c6a499d81d188""})"
"(:VERTEX {memory address: ""55f8cf9e2000"",size: ""1000"",subtype: ""memory"",tgid: ""172064"",source: ""syscall"",type: ""Artifact"",version: ""0"",hash: ""b9973a5c4bbe64f43338d9f516801fd0""})"
"(:VERTEX {memory address: ""7fb49c5e1000"",size: ""2000"",subtype: ""memory"",tgid: ""172064"",source: ""syscall"",type: ""Artifact"",version: ""0"",hash: ""b05f5f230ba5322fb86102f04e6230d4""})"
"(:VERTEX {memory address: ""7fb49ba26000"",size: ""183000"",subtype: ""memory"",tgid: ""172064"",source: ""syscall"",type: ""Artifact"",version: ""0"",hash: ""07aa669e31857a0dd042272ace1c4cd9""})"
"(:VERTEX {memory address: ""7fb49ba28000"",size: ""181000"",subtype: ""memory"",tgid: ""172064"",source: ""syscall"",type: ""Artifact"",version: ""0"",hash: ""1d07a8e63aa7aa9b54514e0bf994a38e""})"
"(:VERTEX {gid: ""1000"",euid: ""1000"",children pid namespace: ""4026533434"",start time: ""1693402039.809"",ns pid: ""57"",pid: ""182063"",source: ""syscall"",type: ""Process"",net namespace: ""4026532635"",ipc namespace: ""4026533291"",ppid: ""172064"",pid namespace: ""4026533434"",uid: ""1000"",egid: ""1000"",exe: ""/app/cartservice"",mount namespace: ""4026533433"",name: "".NET ThreadPool"",hash: ""97293f66d7b6d8bd45fe305c736272e6"",user namespace: ""4026531837""})"
"(:VERTEX {memory address: ""7fb49c59a000"",size: ""4000"",subtype: ""memory"",tgid: ""172064"",source: ""syscall"",type: ""Artifact"",version: ""0"",hash: ""5cbfc46118e64cc239bc5c1cdf776398""})"
"(:VERTEX {memory address: ""7fb49c59a000"",size: ""1000"",subtype: ""memory"",tgid: ""172064"",source: ""syscall"",type: ""Artifact"",version: ""0"",hash: ""22a4710be874cac6d8baafb241d8d144""})"
"(:VERTEX {path: ""/proc/172064/task/57/comm"",subtype: ""file"",permissions: ""0644"",epoch: ""0"",source: ""syscall"",type: ""Artifact"",version: ""0"",hash: ""e1daa8f382281104d8daa135f5a95055""})"
"(:VERTEX {subtype: ""unnamed pipe"",tgid: ""172064"",epoch: ""0"",source: ""syscall"",read fd: ""205"",type: ""Artifact"",version: ""0"",hash: ""d1baada7fa6932dd95804a5e619082fc"",write fd: ""210""})"
"(:VERTEX {memory address: ""55f8cfbe5000"",size: ""1000"",subtype: ""memory"",tgid: ""172064"",source: ""syscall"",type: ""Artifact"",version: ""0"",hash: ""9be4220c0f4dc215391cd6c6bb22e5e8""})"
"(:VERTEX {memory address: ""7f63bb114000"",size: ""11000"",subtype: ""memory"",tgid: ""172956"",source: ""syscall"",type: ""Artifact"",version: ""502"",hash: ""02ff437174bb37c599418c2fd64514b3""})"
"(:VERTEX {memory address: ""7f63bb114000"",size: ""11000"",subtype: ""memory"",tgid: ""172956"",source: ""syscall"",type: ""Artifact"",version: ""503"",hash: ""277a286e9fb633eeafe6133bb8dc6dd9""})"
"(:VERTEX {memory address: ""7f63bb114000"",size: ""11000"",subtype: ""memory"",tgid: ""172956"",source: ""syscall"",type: ""Artifact"",version: ""504"",hash: ""20f0c3eb2cfff660d0a439dc5c78a050""})"
"(:VERTEX {memory address: ""7f63bb114000"",size: ""11000"",subtype: ""memory"",tgid: ""172956"",source: ""syscall"",type: ""Artifact"",version: ""505"",hash: ""02fabbec947a2e8d881fec0b7f59b5f1""})"
"(:VERTEX {memory address: ""7f63bb114000"",size: ""11000"",subtype: ""memory"",tgid: ""172956"",source: ""syscall"",type: ""Artifact"",version: ""506"",hash: ""267d8154759e96a4fd590bf00a25a7d3""})"
"(:VERTEX {memory address: ""7f63bb114000"",size: ""11000"",subtype: ""memory"",tgid: ""172956"",source: ""syscall"",type: ""Artifact"",version: ""507"",hash: ""921e7519473fc50f18f9c737ca4eab0d""})"
"(:VERTEX {memory address: ""7f63bb114000"",size: ""11000"",subtype: ""memory"",tgid: ""172956"",source: ""syscall"",type: ""Artifact"",version: ""508"",hash: ""91029e11412d579a2d2218b8f055edb7""})"
"(:VERTEX {memory address: ""7f63bb114000"",size: ""11000"",subtype: ""memory"",tgid: ""172956"",source: ""syscall"",type: ""Artifact"",version: ""509"",hash: ""ea429094d9f2808fd7ad6d3f03c59eea""})"
"(:VERTEX {memory address: ""7f63bb114000"",size: ""11000"",subtype: ""memory"",tgid: ""172956"",source: ""syscall"",type: ""Artifact"",version: ""510"",hash: ""8ac8c70a49f268529a5fa6dbb35f119b""})"
"(:VERTEX {memory address: ""1c0561980000"",size: ""40000"",subtype: ""memory"",tgid: ""172956"",source: ""syscall"",type: ""Artifact"",version: ""8"",hash: ""741b3de8e91b25d443f4fc31b32fc92d""})"
"(:VERTEX {memory address: ""ce06300000"",size: ""40000"",subtype: ""memory"",tgid: ""172956"",source: ""syscall"",type: ""Artifact"",version: ""8"",hash: ""547e10e30adbc1604720007410d95dae""})"
"(:VERTEX {memory address: ""24c73be40000"",size: ""40000"",subtype: ""memory"",tgid: ""172956"",source: ""syscall"",type: ""Artifact"",version: ""8"",hash: ""6a1ab1f07a5486cf6e4828b444dede22""})"
"(:VERTEX {memory address: ""1dce6d6c0000"",size: ""40000"",subtype: ""memory"",tgid: ""172956"",source: ""syscall"",type: ""Artifact"",version: ""8"",hash: ""71f0fbaafe3bbfebea8142fc838bc952""})"
"(:VERTEX {memory address: ""7f63bd231000"",size: ""4000"",subtype: ""memory"",tgid: ""172956"",source: ""syscall"",type: ""Artifact"",version: ""122"",hash: ""20e7c0c8184dbac20d901b62fc2112ca""})"
"(:VERTEX {memory address: ""7f63bd1e7000"",size: ""6000"",subtype: ""memory"",tgid: ""172956"",source: ""syscall"",type: ""Artifact"",version: ""172"",hash: ""acd7a501202b11fc210ab958f822fdd2""})"
"(:VERTEX {memory address: ""7f63bd1e7000"",size: ""6000"",subtype: ""memory"",tgid: ""172956"",source: ""syscall"",type: ""Artifact"",version: ""173"",hash: ""dddff8592c909adc47f9f9ad45d50b8a""})"
"(:VERTEX {memory address: ""11f76ac0000"",size: ""40000"",subtype: ""memory"",tgid: ""172956"",source: ""syscall"",type: ""Artifact"",version: ""58"",hash: ""b12779dcf0db09f05d1a8601559196de""})"
"(:VERTEX {memory address: ""31798280000"",size: ""40000"",subtype: ""memory"",tgid: ""172956"",source: ""syscall"",type: ""Artifact"",version: ""58"",hash: ""27c83664447f7bbb76b6fa9119daae9a""})"
"(:VERTEX {memory address: ""7cb45600000"",size: ""40000"",subtype: ""memory"",tgid: ""172956"",source: ""syscall"",type: ""Artifact"",version: ""58"",hash: ""91a8dfa6adfcb666482902a1f9fc54a2""})"
"(:VERTEX {memory address: ""3030c7dc0000"",size: ""40000"",subtype: ""memory"",tgid: ""172956"",source: ""syscall"",type: ""Artifact"",version: ""58"",hash: ""beac29a98e5cea0cdde1b23730504d0b""})"
"(:VERTEX {memory address: ""7f63bb114000"",size: ""11000"",subtype: ""memory"",tgid: ""172956"",source: ""syscall"",type: ""Artifact"",version: ""511"",hash: ""de3d3bac862b86002b074120d98edbcf""})"
"(:VERTEX {memory address: ""7f891c022000"",size: ""1000"",subtype: ""memory"",tgid: ""172967"",source: ""syscall"",type: ""Artifact"",version: ""0"",hash: ""241bbfe86bf1cf67a0057e4c4633324a""})"
"(:VERTEX {gid: ""1000"",euid: ""1000"",children pid namespace: ""-1"",start time: ""1693401675.719"",pid: ""172967"",source: ""syscall"",type: ""Process"",net namespace: ""-1"",ipc namespace: ""-1"",ppid: ""3485"",pid namespace: ""-1"",cwd: ""/recommendationservice"",uid: ""1000"",egid: ""1000"",exe: ""/usr/local/bin/python3.10"",mount namespace: ""-1"",command line: ""python recommendation_server.py"",name: ""python"",hash: ""b2988863a461b9854e65482a40c6d1b2"",user namespace: ""-1""})"
"(:VERTEX {remote port: ""37722"",epoch: ""0"",source: ""syscall"",type: ""Artifact"",version: ""0"",local port: ""50051"",net namespace: ""-1"",local address: ""0000:0000:0000:0000:0000:0000:0000:0000"",protocol: ""tcp"",subtype: ""network socket"",remote address: ""0000:0000:0000:0000:0000:FFFF:C0A8:2F80"",hash: ""76ff73cf57d6d38f8a6198cf5301b379""})"
"(:VERTEX {memory address: ""7f17b78dc000"",size: ""2000"",subtype: ""memory"",tgid: ""173004"",source: ""syscall"",type: ""Artifact"",version: ""2"",hash: ""7c187ab5ad3f7a95a2e564948f44b290""})"
"(:VERTEX {memory address: ""7f17b7813000"",size: ""7000"",subtype: ""memory"",tgid: ""173004"",source: ""syscall"",type: ""Artifact"",version: ""9"",hash: ""0bfb9996cf3a0cf4b821cb076fc834bc""})"
"(:VERTEX {memory address: ""7f17b780a000"",size: ""9000"",subtype: ""memory"",tgid: ""173004"",source: ""syscall"",type: ""Artifact"",version: ""7"",hash: ""8d9c8b78527cb1b04a488d972b65a342""})"
"(:VERTEX {memory address: ""7f17b77f8000"",size: ""7000"",subtype: ""memory"",tgid: ""173004"",source: ""syscall"",type: ""Artifact"",version: ""23"",hash: ""fa7477cfb89996c48317eb2181065fe7""})"
"(:VERTEX {memory address: ""7f17b77a3000"",size: ""9000"",subtype: ""memory"",tgid: ""173004"",source: ""syscall"",type: ""Artifact"",version: ""0"",hash: ""3bb5de933582ca3f405445e6cc02ae03""})"
"(:VERTEX {memory address: ""7f17b7785000"",size: ""9000"",subtype: ""memory"",tgid: ""173004"",source: ""syscall"",type: ""Artifact"",version: ""1"",hash: ""8c9e3cef39c4b4689bcdce58aa521064""})"
"(:VERTEX {memory address: ""7f17b777e000"",size: ""7000"",subtype: ""memory"",tgid: ""173004"",source: ""syscall"",type: ""Artifact"",version: ""0"",hash: ""34e0236742b9d3bead8eef993fee523c""})"
"(:VERTEX {memory address: ""7f17b777c000"",size: ""9000"",subtype: ""memory"",tgid: ""173004"",source: ""syscall"",type: ""Artifact"",version: ""1"",hash: ""65ac6c87ab1e41baf01f50a3cf9ea2f2""})"
"(:VERTEX {memory address: ""7f17b7775000"",size: ""7000"",subtype: ""memory"",tgid: ""173004"",source: ""syscall"",type: ""Artifact"",version: ""0"",hash: ""0d0b728ab51349be29196ff63b908fb8""})"
"(:VERTEX {memory address: ""7f17b77a5000"",size: ""7000"",subtype: ""memory"",tgid: ""173004"",source: ""syscall"",type: ""Artifact"",version: ""0"",hash: ""7131f2edfe250d1193b0bf22a76cf956""})"
"(:VERTEX {memory address: ""7f17b77a5000"",size: ""7000"",subtype: ""memory"",tgid: ""173004"",source: ""syscall"",type: ""Artifact"",version: ""1"",hash: ""5fd07f163ce07b054e956a30ac5dce63""})"
"(:VERTEX {memory address: ""7f17b77a5000"",size: ""7000"",subtype: ""memory"",tgid: ""173004"",source: ""syscall"",type: ""Artifact"",version: ""2"",hash: ""1c8200bbd254622741e0444c4d7df948""})"
"(:VERTEX {memory address: ""7f17b77a5000"",size: ""7000"",subtype: ""memory"",tgid: ""173004"",source: ""syscall"",type: ""Artifact"",version: ""3"",hash: ""e6f09eab4370578398564afc009b23e3""})"
"(:VERTEX {remote port: ""41208"",epoch: ""0"",source: ""syscall"",type: ""Artifact"",version: ""0"",local port: ""5050"",net namespace: ""-1"",local address: ""0000:0000:0000:0000:0000:0000:0000:0000"",protocol: ""tcp"",subtype: ""network socket"",remote address: ""0000:0000:0000:0000:0000:FFFF:C0A8:2F80"",hash: ""2859913c66a881da1316502368270522""})"
"(:VERTEX {remote port: ""56068"",epoch: ""0"",source: ""syscall"",type: ""Artifact"",version: ""0"",local port: ""50051"",net namespace: ""-1"",local address: ""0000:0000:0000:0000:0000:0000:0000:0000"",protocol: ""tcp"",subtype: ""network socket"",remote address: ""0000:0000:0000:0000:0000:FFFF:C0A8:2F80"",hash: ""25c86b107e6d434be55476dec19ba53f""})"
"(:VERTEX {remote port: ""43534"",epoch: ""0"",source: ""syscall"",type: ""Artifact"",version: ""0"",local port: ""8080"",net namespace: ""-1"",local address: ""0000:0000:0000:0000:0000:0000:0000:0000"",protocol: ""tcp"",subtype: ""network socket"",remote address: ""0000:0000:0000:0000:0000:FFFF:C0A8:2F80"",hash: ""0284d6ba3095f7805b83832efe32ce52""})"
"(:VERTEX {memory address: ""7f17b7774000"",size: ""11000"",subtype: ""memory"",tgid: ""173004"",source: ""syscall"",type: ""Artifact"",version: ""0"",hash: ""40e240a6d04f09856ac91f406cdb68e0""})"
"(:VERTEX {memory address: ""7f17b7809000"",size: ""11000"",subtype: ""memory"",tgid: ""173004"",source: ""syscall"",type: ""Artifact"",version: ""118"",hash: ""a3ef75c3ba5f1518d0cf7a4fd62a9e6f""})"
"(:VERTEX {memory address: ""7f63bb114000"",size: ""11000"",subtype: ""memory"",tgid: ""172956"",source: ""syscall"",type: ""Artifact"",version: ""512"",hash: ""4ca9639642744e65c085e545b3a75dab""})"
"(:VERTEX {memory address: ""7fb47d2fd000"",size: ""183000"",subtype: ""memory"",tgid: ""172064"",source: ""syscall"",type: ""Artifact"",version: ""5"",hash: ""947965d2b344378c7008a586141ea570""})"
"(:VERTEX {memory address: ""7fb47d2ff000"",size: ""181000"",subtype: ""memory"",tgid: ""172064"",source: ""syscall"",type: ""Artifact"",version: ""5"",hash: ""30699bf11bd151fc288de30885355352""})"
"(:VERTEX {gid: ""1000"",euid: ""1000"",children pid namespace: ""4026533434"",start time: ""1693402040.640"",ns pid: ""58"",pid: ""182065"",source: ""syscall"",type: ""Process"",net namespace: ""4026532635"",ipc namespace: ""4026533291"",ppid: ""172064"",pid namespace: ""4026533434"",uid: ""1000"",egid: ""1000"",exe: ""/app/cartservice"",mount namespace: ""4026533433"",name: "".NET ThreadPool"",hash: ""da177e4146da6be069ca8951e868c8f6"",user namespace: ""4026531837""})"
"(:VERTEX {memory address: ""7fb49c596000"",size: ""4000"",subtype: ""memory"",tgid: ""172064"",source: ""syscall"",type: ""Artifact"",version: ""0"",hash: ""a9d52461a95637f370afe7e0778b14b2""})"
"(:VERTEX {memory address: ""7fb49c596000"",size: ""1000"",subtype: ""memory"",tgid: ""172064"",source: ""syscall"",type: ""Artifact"",version: ""0"",hash: ""e4ad3a3e2d606b9eead248aa66045a0e""})"
"(:VERTEX {subtype: ""unnamed pipe"",tgid: ""172064"",epoch: ""0"",source: ""syscall"",read fd: ""205"",type: ""Artifact"",version: ""0"",hash: ""4d3625d3c198cdc3b780ee22c964d49b"",write fd: ""208""})"
"(:VERTEX {remote port: ""55344"",epoch: ""0"",source: ""syscall"",type: ""Artifact"",version: ""0"",local port: ""7000"",net namespace: ""-1"",local address: ""0000:0000:0000:0000:0000:0000:0000:0000"",protocol: ""tcp"",subtype: ""network socket"",remote address: ""0000:0000:0000:0000:0000:FFFF:C0A8:2F80"",hash: ""a374f75cc9549e3110414957e5a63236""})"
"(:VERTEX {memory address: ""7f63bb114000"",size: ""11000"",subtype: ""memory"",tgid: ""172956"",source: ""syscall"",type: ""Artifact"",version: ""513"",hash: ""5ad73e94ef500513d078efd5e390ec35""})"
"(:VERTEX {memory address: ""7f63bb114000"",size: ""11000"",subtype: ""memory"",tgid: ""172956"",source: ""syscall"",type: ""Artifact"",version: ""514"",hash: ""062049c8b74de5abaabd1469505e123d""})"
"(:VERTEX {memory address: ""7f63bb114000"",size: ""11000"",subtype: ""memory"",tgid: ""172956"",source: ""syscall"",type: ""Artifact"",version: ""515"",hash: ""4c5441f3203f7ff41805d47f2dd20e3b""})"
"(:VERTEX {memory address: ""7f63bb114000"",size: ""11000"",subtype: ""memory"",tgid: ""172956"",source: ""syscall"",type: ""Artifact"",version: ""516"",hash: ""76939131bf890c65a354e97cc51aa9d1""})"
"(:VERTEX {memory address: ""7f63bb114000"",size: ""11000"",subtype: ""memory"",tgid: ""172956"",source: ""syscall"",type: ""Artifact"",version: ""517"",hash: ""2831fe0091bdbea9f11770dbff84df08""})"
"(:VERTEX {memory address: ""7f63bb114000"",size: ""11000"",subtype: ""memory"",tgid: ""172956"",source: ""syscall"",type: ""Artifact"",version: ""518"",hash: ""99954ec2929474c3658ef35ece623a3d""})"
"(:VERTEX {memory address: ""7f63bb114000"",size: ""11000"",subtype: ""memory"",tgid: ""172956"",source: ""syscall"",type: ""Artifact"",version: ""519"",hash: ""eb64de5a71bde6249a8c89d398fecd2d""})"
"(:VERTEX {memory address: ""7f63bb114000"",size: ""11000"",subtype: ""memory"",tgid: ""172956"",source: ""syscall"",type: ""Artifact"",version: ""520"",hash: ""c18db9e88c01e0a18afaa112389c8cff""})"
"(:VERTEX {memory address: ""7f17b7809000"",size: ""11000"",subtype: ""memory"",tgid: ""173004"",source: ""syscall"",type: ""Artifact"",version: ""119"",hash: ""1cdd75c07b2b00beadfb73c0fa6729d1""})"
"(:VERTEX {remote port: ""47080"",epoch: ""0"",source: ""syscall"",type: ""Artifact"",version: ""0"",local port: ""8080"",net namespace: ""-1"",local address: ""0000:0000:0000:0000:0000:0000:0000:0000"",protocol: ""tcp"",subtype: ""network socket"",remote address: ""0000:0000:0000:0000:0000:FFFF:C0A8:2F80"",hash: ""73bd587849b70d803263a8febedc267f""})"
"(:VERTEX {memory address: ""7f17b7809000"",size: ""11000"",subtype: ""memory"",tgid: ""173004"",source: ""syscall"",type: ""Artifact"",version: ""120"",hash: ""8bdc1cecea44bd09aff94f45bade8008""})"
"(:VERTEX {memory address: ""7f17b7809000"",size: ""11000"",subtype: ""memory"",tgid: ""173004"",source: ""syscall"",type: ""Artifact"",version: ""121"",hash: ""77f8b7d15a0c0b55cb052aa3e47ccbcf""})"
"(:VERTEX {memory address: ""7f17b7809000"",size: ""11000"",subtype: ""memory"",tgid: ""173004"",source: ""syscall"",type: ""Artifact"",version: ""122"",hash: ""ac138ddd250d2d55ca1080a106488a88""})"
"(:VERTEX {memory address: ""7f63bb114000"",size: ""11000"",subtype: ""memory"",tgid: ""172956"",source: ""syscall"",type: ""Artifact"",version: ""521"",hash: ""b1deaccaaf97edd8ead98eeb3e41e8bd""})"
"(:VERTEX {memory address: ""7f63bb114000"",size: ""11000"",subtype: ""memory"",tgid: ""172956"",source: ""syscall"",type: ""Artifact"",version: ""522"",hash: ""91caa42e25c77372eca2fe090a0a6fac""})"
"(:VERTEX {memory address: ""7f63bb114000"",size: ""11000"",subtype: ""memory"",tgid: ""172956"",source: ""syscall"",type: ""Artifact"",version: ""523"",hash: ""30bcbe3c21377a1c99dd5fad07e1ae54""})"
"(:VERTEX {memory address: ""7f63bb114000"",size: ""11000"",subtype: ""memory"",tgid: ""172956"",source: ""syscall"",type: ""Artifact"",version: ""524"",hash: ""4cb5e02b8b2e6245fdb269fd3579b9a5""})"
"(:VERTEX {memory address: ""7f63bb114000"",size: ""11000"",subtype: ""memory"",tgid: ""172956"",source: ""syscall"",type: ""Artifact"",version: ""525"",hash: ""e40a10f7d8afdf1d53a56b8a8ef14caf""})"
"(:VERTEX {memory address: ""7f63bd2ed000"",size: ""2000"",subtype: ""memory"",tgid: ""172956"",source: ""syscall"",type: ""Artifact"",version: ""12"",hash: ""8ad23b321242f5533515064ae33ef99d""})"
"(:VERTEX {memory address: ""7f63bd1bd000"",size: ""9000"",subtype: ""memory"",tgid: ""172956"",source: ""syscall"",type: ""Artifact"",version: ""303"",hash: ""2898f81fd779a5b00e6c26083f3f5f58""})"
"(:VERTEX {memory address: ""7f63bb15d000"",size: ""9000"",subtype: ""memory"",tgid: ""172956"",source: ""syscall"",type: ""Artifact"",version: ""175"",hash: ""33f61df3883aaae6e518f6cada50d864""})"
"(:VERTEX {memory address: ""7f63bb11c000"",size: ""9000"",subtype: ""memory"",tgid: ""172956"",source: ""syscall"",type: ""Artifact"",version: ""311"",hash: ""730901b89aa23d3b278ee7afe7b7635f""})"
"(:VERTEX {memory address: ""7f63bb113000"",size: ""9000"",subtype: ""memory"",tgid: ""172956"",source: ""syscall"",type: ""Artifact"",version: ""269"",hash: ""9840dfb8bf7334026f4b1c90a1890d92""})"
"(:VERTEX {memory address: ""7f63bb10a000"",size: ""9000"",subtype: ""memory"",tgid: ""172956"",source: ""syscall"",type: ""Artifact"",version: ""226"",hash: ""c8720a6eff974526ef3cd3391e7261a6""})"
"(:VERTEX {memory address: ""7f63bb0f9000"",size: ""11000"",subtype: ""memory"",tgid: ""172956"",source: ""syscall"",type: ""Artifact"",version: ""13"",hash: ""fd27d3a1b5d5c8e918ed0b6cf868ab8c""})"
"(:VERTEX {memory address: ""7f63bb113000"",size: ""9000"",subtype: ""memory"",tgid: ""172956"",source: ""syscall"",type: ""Artifact"",version: ""270"",hash: ""bae15f6cfb2a105db16eabb1c780d54d""})"
"(:VERTEX {memory address: ""7f63bd2e9000"",size: ""2000"",subtype: ""memory"",tgid: ""172956"",source: ""syscall"",type: ""Artifact"",version: ""3"",hash: ""c72d738e005fc61dde85d66aebbf6d94""})"
"(:VERTEX {memory address: ""7f63bb101000"",size: ""9000"",subtype: ""memory"",tgid: ""172956"",source: ""syscall"",type: ""Artifact"",version: ""144"",hash: ""a4258beea81a6946cd9004e86496ac8c""})"
"(:VERTEX {memory address: ""7f63bb0f8000"",size: ""9000"",subtype: ""memory"",tgid: ""172956"",source: ""syscall"",type: ""Artifact"",version: ""141"",hash: ""0ec7fa7610479be58929cb763d0365bb""})"
"(:VERTEX {memory address: ""7f63bb0ef000"",size: ""9000"",subtype: ""memory"",tgid: ""172956"",source: ""syscall"",type: ""Artifact"",version: ""133"",hash: ""b64e2bcfb042879bdca025d934130567""})"
"(:VERTEX {memory address: ""7f63bb0e6000"",size: ""9000"",subtype: ""memory"",tgid: ""172956"",source: ""syscall"",type: ""Artifact"",version: ""126"",hash: ""51acf6f452dd923be7e733fe59fb08e2""})"
"(:VERTEX {memory address: ""7f63bb0dd000"",size: ""9000"",subtype: ""memory"",tgid: ""172956"",source: ""syscall"",type: ""Artifact"",version: ""140"",hash: ""c05b6cdbd892a8189a50272c9d0319f4""})"
"(:VERTEX {memory address: ""7f63bb09c000"",size: ""11000"",subtype: ""memory"",tgid: ""172956"",source: ""syscall"",type: ""Artifact"",version: ""2"",hash: ""c12aa7e119514f7341e646c28f37f3cc""})"
"(:VERTEX {memory address: ""7f63bb0d4000"",size: ""9000"",subtype: ""memory"",tgid: ""172956"",source: ""syscall"",type: ""Artifact"",version: ""76"",hash: ""d56d3eb9191e99ca72cdd7289c217380""})"
"(:VERTEX {memory address: ""7f63bb0a4000"",size: ""9000"",subtype: ""memory"",tgid: ""172956"",source: ""syscall"",type: ""Artifact"",version: ""23"",hash: ""4c064fdf4a39eea66e61eccfccd139ac""})"
"(:VERTEX {memory address: ""7f63bb09b000"",size: ""9000"",subtype: ""memory"",tgid: ""172956"",source: ""syscall"",type: ""Artifact"",version: ""35"",hash: ""fb18c847f05305e4d76178ccea4ccdc1""})"
"(:VERTEX {memory address: ""7f63bb08a000"",size: ""11000"",subtype: ""memory"",tgid: ""172956"",source: ""syscall"",type: ""Artifact"",version: ""2"",hash: ""db0b911c3205f0cf17147d502328ee26""})"
"(:VERTEX {memory address: ""7f63bb092000"",size: ""9000"",subtype: ""memory"",tgid: ""172956"",source: ""syscall"",type: ""Artifact"",version: ""25"",hash: ""814d563f0b491067a4c2896d1732de67""})"
"(:VERTEX {memory address: ""7f63bb089000"",size: ""9000"",subtype: ""memory"",tgid: ""172956"",source: ""syscall"",type: ""Artifact"",version: ""21"",hash: ""02f6bb609f516927e459c230ce650490""})"
"(:VERTEX {memory address: ""7f63bb080000"",size: ""9000"",subtype: ""memory"",tgid: ""172956"",source: ""syscall"",type: ""Artifact"",version: ""20"",hash: ""e58322117d1f74178cf63ccf2444d918""})"
"(:VERTEX {memory address: ""7f63bb077000"",size: ""9000"",subtype: ""memory"",tgid: ""172956"",source: ""syscall"",type: ""Artifact"",version: ""13"",hash: ""9ec66447b6c7083d6f64932a2e559584""})"
"(:VERTEX {memory address: ""7f63bb06e000"",size: ""9000"",subtype: ""memory"",tgid: ""172956"",source: ""syscall"",type: ""Artifact"",version: ""12"",hash: ""6458afb754079319e3071b633dfc5de5""})"
"(:VERTEX {memory address: ""7f63bb065000"",size: ""9000"",subtype: ""memory"",tgid: ""172956"",source: ""syscall"",type: ""Artifact"",version: ""17"",hash: ""f0ced735444b2ea5a1a01de854d4be84""})"
"(:VERTEX {memory address: ""7f63bb05c000"",size: ""9000"",subtype: ""memory"",tgid: ""172956"",source: ""syscall"",type: ""Artifact"",version: ""10"",hash: ""7785d49537a67c2aa3cddf512e4052a1""})"
"(:VERTEX {memory address: ""7f63bb053000"",size: ""9000"",subtype: ""memory"",tgid: ""172956"",source: ""syscall"",type: ""Artifact"",version: ""10"",hash: ""2cd590406dde4f072466097ed5129c7e""})"
"(:VERTEX {memory address: ""7f63bb04a000"",size: ""9000"",subtype: ""memory"",tgid: ""172956"",source: ""syscall"",type: ""Artifact"",version: ""12"",hash: ""0d287bc0e95a4590ab8303e64428c9e9""})"
"(:VERTEX {memory address: ""7f63bd231000"",size: ""4000"",subtype: ""memory"",tgid: ""172956"",source: ""syscall"",type: ""Artifact"",version: ""123"",hash: ""2713e206bb8dbf2416f23b180e2b2778""})"
"(:VERTEX {memory address: ""7f63bd1e6000"",size: ""7000"",subtype: ""memory"",tgid: ""172956"",source: ""syscall"",type: ""Artifact"",version: ""234"",hash: ""d639b58bdf2695f7a1aea29c27d4dee1""})"
"(:VERTEX {memory address: ""7f63bb0e7000"",size: ""8000"",subtype: ""memory"",tgid: ""172956"",source: ""syscall"",type: ""Artifact"",version: ""4"",hash: ""6bf2e53e0f652f62ada8d54bf174ce38""})"
"(:VERTEX {memory address: ""7f63bb0a4000"",size: ""9000"",subtype: ""memory"",tgid: ""172956"",source: ""syscall"",type: ""Artifact"",version: ""24"",hash: ""e1163a1f0688e66c339b841725cbd704""})"
"(:VERTEX {memory address: ""7f63bd231000"",size: ""4000"",subtype: ""memory"",tgid: ""172956"",source: ""syscall"",type: ""Artifact"",version: ""124"",hash: ""b15d90b4f69df4e797fa8bfd354aa2b1""})"
"(:VERTEX {memory address: ""7f63bd1e6000"",size: ""7000"",subtype: ""memory"",tgid: ""172956"",source: ""syscall"",type: ""Artifact"",version: ""235"",hash: ""d8ce78c7eb15c2825c02df53131a13e1""})"
"(:VERTEX {memory address: ""7f63bb03f000"",size: ""b000"",subtype: ""memory"",tgid: ""172956"",source: ""syscall"",type: ""Artifact"",version: ""0"",hash: ""8d61dddd1ff0590461b41c760ba1f4ae""})"
"(:VERTEX {memory address: ""7f63bb0e6000"",size: ""9000"",subtype: ""memory"",tgid: ""172956"",source: ""syscall"",type: ""Artifact"",version: ""127"",hash: ""9a1c54b13e770c9cd795f56b1055d123""})"
"(:VERTEX {memory address: ""7f63bb035000"",size: ""15000"",subtype: ""memory"",tgid: ""172956"",source: ""syscall"",type: ""Artifact"",version: ""0"",hash: ""1839ddc40dcf520e082c268ff1095774""})"
"(:VERTEX {memory address: ""7f63bb0e6000"",size: ""9000"",subtype: ""memory"",tgid: ""172956"",source: ""syscall"",type: ""Artifact"",version: ""128"",hash: ""5c64e4434ee0119c09d347fbae99fe7d""})"
"(:VERTEX {memory address: ""7f63bb089000"",size: ""9000"",subtype: ""memory"",tgid: ""172956"",source: ""syscall"",type: ""Artifact"",version: ""22"",hash: ""6ecbef0e866f7d3102b34906a1aa2dc2""})"
"(:VERTEX {memory address: ""7f63bb05c000"",size: ""9000"",subtype: ""memory"",tgid: ""172956"",source: ""syscall"",type: ""Artifact"",version: ""11"",hash: ""95f579ad8caa7078fa0adeb9d68f7c1f""})"
"(:VERTEX {memory address: ""7f63bb02c000"",size: ""9000"",subtype: ""memory"",tgid: ""172956"",source: ""syscall"",type: ""Artifact"",version: ""16"",hash: ""621ff403a2d18a313b2d6c5d0c6a1592""})"
"(:VERTEX {memory address: ""7f63bb023000"",size: ""9000"",subtype: ""memory"",tgid: ""172956"",source: ""syscall"",type: ""Artifact"",version: ""12"",hash: ""1100d127716330f2f2ecc487c9101359""})"
"(:VERTEX {memory address: ""7f63bb01a000"",size: ""9000"",subtype: ""memory"",tgid: ""172956"",source: ""syscall"",type: ""Artifact"",version: ""11"",hash: ""aa935b46659823ff6b9b53cb580f5c49""})"
"(:VERTEX {memory address: ""7f63bb0e6000"",size: ""9000"",subtype: ""memory"",tgid: ""172956"",source: ""syscall"",type: ""Artifact"",version: ""129"",hash: ""a536d1fd1a2f1b4dab4ff67fa1abc728""})"
"(:VERTEX {memory address: ""7f63bb089000"",size: ""9000"",subtype: ""memory"",tgid: ""172956"",source: ""syscall"",type: ""Artifact"",version: ""23"",hash: ""048b35e5559e80295ca17ee0edb186b9""})"
"(:VERTEX {memory address: ""7f63bb03f000"",size: ""b000"",subtype: ""memory"",tgid: ""172956"",source: ""syscall"",type: ""Artifact"",version: ""1"",hash: ""8af5990a32973e2ecc3091ce7acf748d""})"
"(:VERTEX {memory address: ""7f63bb0e6000"",size: ""9000"",subtype: ""memory"",tgid: ""172956"",source: ""syscall"",type: ""Artifact"",version: ""130"",hash: ""205245487b970ff175731de1411ddcd5""})"
"(:VERTEX {memory address: ""7f63bb089000"",size: ""9000"",subtype: ""memory"",tgid: ""172956"",source: ""syscall"",type: ""Artifact"",version: ""24"",hash: ""489e2049ded2ad9b9cc7353387a4502b""})"
"(:VERTEX {memory address: ""7f63bb0e7000"",size: ""8000"",subtype: ""memory"",tgid: ""172956"",source: ""syscall"",type: ""Artifact"",version: ""5"",hash: ""bdb58f71109b1a30cd25aaba8e74c8bd""})"
"(:VERTEX {memory address: ""7f63bb05c000"",size: ""9000"",subtype: ""memory"",tgid: ""172956"",source: ""syscall"",type: ""Artifact"",version: ""12"",hash: ""7afa40cb5f4e49977ffe2d31f338558e""})"
"(:VERTEX {memory address: ""7f63bb041000"",size: ""9000"",subtype: ""memory"",tgid: ""172956"",source: ""syscall"",type: ""Artifact"",version: ""9"",hash: ""c4935be6d34be436b8b372be32d6e443""})"
"(:VERTEX {memory address: ""7f63bd231000"",size: ""4000"",subtype: ""memory"",tgid: ""172956"",source: ""syscall"",type: ""Artifact"",version: ""125"",hash: ""747cee26f37b98a0b71e75c88bbd6535""})"
"(:VERTEX {memory address: ""7f63bb0e7000"",size: ""8000"",subtype: ""memory"",tgid: ""172956"",source: ""syscall"",type: ""Artifact"",version: ""6"",hash: ""2a2b116f08e733fcd50d4a62c844e02b""})"
"(:VERTEX {memory address: ""7f63bb05c000"",size: ""9000"",subtype: ""memory"",tgid: ""172956"",source: ""syscall"",type: ""Artifact"",version: ""13"",hash: ""cc4b025b57d8a82bc8ceeff8ffe1bea2""})"
"(:VERTEX {memory address: ""7f63bb041000"",size: ""9000"",subtype: ""memory"",tgid: ""172956"",source: ""syscall"",type: ""Artifact"",version: ""10"",hash: ""7251c380bdd74f2b478ca54ce9d1b4c1""})"
"(:VERTEX {memory address: ""7f63bb038000"",size: ""9000"",subtype: ""memory"",tgid: ""172956"",source: ""syscall"",type: ""Artifact"",version: ""8"",hash: ""251841e401009ae926fda3fe0933dc0a""})"
"(:VERTEX {memory address: ""7f63bb02f000"",size: ""9000"",subtype: ""memory"",tgid: ""172956"",source: ""syscall"",type: ""Artifact"",version: ""10"",hash: ""8372f5a054ee1446a29bc361dea6b549""})"
"(:VERTEX {memory address: ""7f63bb026000"",size: ""9000"",subtype: ""memory"",tgid: ""172956"",source: ""syscall"",type: ""Artifact"",version: ""9"",hash: ""babd2ba5d8250b0b714962f4af9ae66b""})"
"(:VERTEX {memory address: ""7f63bb015000"",size: ""11000"",subtype: ""memory"",tgid: ""172956"",source: ""syscall"",type: ""Artifact"",version: ""0"",hash: ""38a252dce712c28942347d32b5b4ced8""})"
"(:VERTEX {memory address: ""7f63bb01d000"",size: ""9000"",subtype: ""memory"",tgid: ""172956"",source: ""syscall"",type: ""Artifact"",version: ""9"",hash: ""1318365484bb179aca082958a6c08299""})"
"(:VERTEX {memory address: ""7f63bb015000"",size: ""11000"",subtype: ""memory"",tgid: ""172956"",source: ""syscall"",type: ""Artifact"",version: ""1"",hash: ""c99e38b4f3df060ffe6b291cad699930""})"
"(:VERTEX {memory address: ""7f63bb01d000"",size: ""9000"",subtype: ""memory"",tgid: ""172956"",source: ""syscall"",type: ""Artifact"",version: ""10"",hash: ""4c6441fb21c36be284bcc13fb0aa9e77""})"
"(:VERTEX {memory address: ""7f63bb014000"",size: ""9000"",subtype: ""memory"",tgid: ""172956"",source: ""syscall"",type: ""Artifact"",version: ""10"",hash: ""56e77e3a11a9ffe64bf0720412a18a32""})"
"(:VERTEX {memory address: ""7f63bb01d000"",size: ""9000"",subtype: ""memory"",tgid: ""172956"",source: ""syscall"",type: ""Artifact"",version: ""11"",hash: ""643a2f2d39b5e30994b7d32031b210a8""})"
"(:VERTEX {memory address: ""7f63bb01d000"",size: ""9000"",subtype: ""memory"",tgid: ""172956"",source: ""syscall"",type: ""Artifact"",version: ""12"",hash: ""9b4397e327308cd412ebc0cc32748fe7""})"
"(:VERTEX {memory address: ""7f63bb00b000"",size: ""9000"",subtype: ""memory"",tgid: ""172956"",source: ""syscall"",type: ""Artifact"",version: ""5"",hash: ""9642b93071e0289fe6e512808bf44bec""})"
"(:VERTEX {memory address: ""7f63bafed000"",size: ""e000"",subtype: ""memory"",tgid: ""172956"",source: ""syscall"",type: ""Artifact"",version: ""0"",hash: ""2362bd8a7719274c3aba34fc77c4509d""})"
"(:VERTEX {memory address: ""7f63bb00b000"",size: ""9000"",subtype: ""memory"",tgid: ""172956"",source: ""syscall"",type: ""Artifact"",version: ""6"",hash: ""8cb1ca1921643322b79367cb9b14fb4f""})"
"(:VERTEX {memory address: ""7f63bb02f000"",size: ""9000"",subtype: ""memory"",tgid: ""172956"",source: ""syscall"",type: ""Artifact"",version: ""11"",hash: ""9b0f8efdcf0601349b11c7363a513c46""})"
"(:VERTEX {memory address: ""7f63bb018000"",size: ""e000"",subtype: ""memory"",tgid: ""172956"",source: ""syscall"",type: ""Artifact"",version: ""0"",hash: ""471397384e06387f96c97916f739b490""})"
"(:VERTEX {memory address: ""7f63baff2000"",size: ""9000"",subtype: ""memory"",tgid: ""172956"",source: ""syscall"",type: ""Artifact"",version: ""3"",hash: ""501ce21e072c46f8df2319bdd44ec38c""})"
"(:VERTEX {memory address: ""7f63bb01d000"",size: ""9000"",subtype: ""memory"",tgid: ""172956"",source: ""syscall"",type: ""Artifact"",version: ""13"",hash: ""87e6a9dc3c920d04425dae8166e7728b""})"
"(:VERTEX {memory address: ""7f63bafe4000"",size: ""e000"",subtype: ""memory"",tgid: ""172956"",source: ""syscall"",type: ""Artifact"",version: ""0"",hash: ""2cbcfabddf8511fdf3e29de7ddbceef0""})"
"(:VERTEX {memory address: ""7f63bb02f000"",size: ""9000"",subtype: ""memory"",tgid: ""172956"",source: ""syscall"",type: ""Artifact"",version: ""12"",hash: ""20a1d3032e1f8bfa1ca559211b8ea714""})"
"(:VERTEX {memory address: ""7f63bb01d000"",size: ""9000"",subtype: ""memory"",tgid: ""172956"",source: ""syscall"",type: ""Artifact"",version: ""14"",hash: ""0bf4ef3f2ec90e5c2f46c4fefb877d0b""})"
"(:VERTEX {memory address: ""7f63bb014000"",size: ""9000"",subtype: ""memory"",tgid: ""172956"",source: ""syscall"",type: ""Artifact"",version: ""11"",hash: ""d50282b71b169c1aa3a37c50a263d646""})"
"(:VERTEX {memory address: ""7f63bb00b000"",size: ""9000"",subtype: ""memory"",tgid: ""172956"",source: ""syscall"",type: ""Artifact"",version: ""7"",hash: ""824caacac2a027d3505a36118a1e00e6""})"
"(:VERTEX {memory address: ""7f63baff2000"",size: ""9000"",subtype: ""memory"",tgid: ""172956"",source: ""syscall"",type: ""Artifact"",version: ""4"",hash: ""3b6d081759e93dc7de807bffe137dcc3""})"
"(:VERTEX {memory address: ""7f63bb0e6000"",size: ""9000"",subtype: ""memory"",tgid: ""172956"",source: ""syscall"",type: ""Artifact"",version: ""131"",hash: ""bada6b7513a9e604ddd5b1215a39f461""})"
"(:VERTEX {memory address: ""7f63bafd6000"",size: ""1c000"",subtype: ""memory"",tgid: ""172956"",source: ""syscall"",type: ""Artifact"",version: ""0"",hash: ""e9b27556db0895165abba4dad20fb319""})"
"(:VERTEX {memory address: ""7f63bafd6000"",size: ""1c000"",subtype: ""memory"",tgid: ""172956"",source: ""syscall"",type: ""Artifact"",version: ""1"",hash: ""5195ba3580d9a712cfb8c0aecf426ca9""})"
"(:VERTEX {memory address: ""7f63bb0e6000"",size: ""9000"",subtype: ""memory"",tgid: ""172956"",source: ""syscall"",type: ""Artifact"",version: ""132"",hash: ""cb2ad13014653c7e271b5149b4b74632""})"
"(:VERTEX {remote port: ""53676"",epoch: ""0"",source: ""syscall"",type: ""Artifact"",version: ""0"",local port: ""6379"",net namespace: ""-1"",local address: ""0.0.0.0"",protocol: ""tcp"",subtype: ""network socket"",remote address: ""192.168.47.128"",hash: ""76c8cfea3476dd4d9e76291432157836""})"
"(:VERTEX {memory address: ""7f63bb039000"",size: ""11000"",subtype: ""memory"",tgid: ""172956"",source: ""syscall"",type: ""Artifact"",version: ""0"",hash: ""d1309a7dcd3f5fe1ae68e31cec46e7d4""})"
"(:VERTEX {memory address: ""7f63bb101000"",size: ""9000"",subtype: ""memory"",tgid: ""172956"",source: ""syscall"",type: ""Artifact"",version: ""145"",hash: ""f4b8b6691b2f1ad7972eba316289053c""})"
"(:VERTEX {memory address: ""7f63bb101000"",size: ""9000"",subtype: ""memory"",tgid: ""172956"",source: ""syscall"",type: ""Artifact"",version: ""146"",hash: ""a0abf2b7e80b634112c130eefb42cd84""})"
"(:VERTEX {memory address: ""7f63bb03f000"",size: ""b000"",subtype: ""memory"",tgid: ""172956"",source: ""syscall"",type: ""Artifact"",version: ""2"",hash: ""503f17e95e09496d6e3865d185253e36""})"
"(:VERTEX {memory address: ""7f63bb0e6000"",size: ""9000"",subtype: ""memory"",tgid: ""172956"",source: ""syscall"",type: ""Artifact"",version: ""133"",hash: ""92dbd3412ee88ca9eddcfe7f82720a53""})"
"(:VERTEX {memory address: ""7f63bb02e000"",size: ""11000"",subtype: ""memory"",tgid: ""172956"",source: ""syscall"",type: ""Artifact"",version: ""0"",hash: ""d960dceca65b1c9c1482f5e1a33612d4""})"
"(:VERTEX {memory address: ""7f63bb05c000"",size: ""9000"",subtype: ""memory"",tgid: ""172956"",source: ""syscall"",type: ""Artifact"",version: ""14"",hash: ""6fe1d1ee2c1a09af2f311fc3ca38e83a""})"
"(:VERTEX {memory address: ""7f63bb036000"",size: ""9000"",subtype: ""memory"",tgid: ""172956"",source: ""syscall"",type: ""Artifact"",version: ""2"",hash: ""90c4a40edb12431e7001f85ab94a1ac7""})"
"(:VERTEX {memory address: ""7f63bafe1000"",size: ""11000"",subtype: ""memory"",tgid: ""172956"",source: ""syscall"",type: ""Artifact"",version: ""0"",hash: ""035c3c59fdfa37ecd063cde64db12c60""})"
"(:VERTEX {memory address: ""7f63bd1e6000"",size: ""7000"",subtype: ""memory"",tgid: ""172956"",source: ""syscall"",type: ""Artifact"",version: ""236"",hash: ""c1f3b8213fc2610a5be908e43474fb85""})"
"(:VERTEX {memory address: ""7f63bb0e6000"",size: ""9000"",subtype: ""memory"",tgid: ""172956"",source: ""syscall"",type: ""Artifact"",version: ""134"",hash: ""b088a07b718fe38730b4ade27814f133""})"
"(:VERTEX {memory address: ""7f63bb041000"",size: ""9000"",subtype: ""memory"",tgid: ""172956"",source: ""syscall"",type: ""Artifact"",version: ""11"",hash: ""bfefebefa4097816870eb02faa785293""})"
"(:VERTEX {memory address: ""7f63bb038000"",size: ""9000"",subtype: ""memory"",tgid: ""172956"",source: ""syscall"",type: ""Artifact"",version: ""9"",hash: ""501f10293eb06ec29f0ac0b9bff30899""})"
"(:VERTEX {memory address: ""7f63bb02f000"",size: ""9000"",subtype: ""memory"",tgid: ""172956"",source: ""syscall"",type: ""Artifact"",version: ""13"",hash: ""c73f96ea9f8bc2f4b3c89644f40fc17d""})"
"(:VERTEX {path: ""/sys/devices/loop9"",subtype: ""directory"",permissions: ""0755"",epoch: ""0"",source: ""syscall"",type: ""Artifact"",version: ""0"",hash: ""95a663a1230f2f0822637e5293d752f0""})"
"(:VERTEX {memory address: ""7f63bb05d000"",size: ""11000"",subtype: ""memory"",tgid: ""172956"",source: ""syscall"",type: ""Artifact"",version: ""0"",hash: ""bf613f44ad554c848ed607cde5823b87""})"
"(:VERTEX {memory address: ""7f63bb15d000"",size: ""9000"",subtype: ""memory"",tgid: ""172956"",source: ""syscall"",type: ""Artifact"",version: ""176"",hash: ""61513fc62d783fa71e0fef48fc3517a8""})"
"(:VERTEX {memory address: ""7f63bb11c000"",size: ""9000"",subtype: ""memory"",tgid: ""172956"",source: ""syscall"",type: ""Artifact"",version: ""312"",hash: ""d391eac3b2e6c6c90286130ddd14c027""})"
"(:VERTEX {memory address: ""7f63bb10a000"",size: ""9000"",subtype: ""memory"",tgid: ""172956"",source: ""syscall"",type: ""Artifact"",version: ""227"",hash: ""6374371d07dd4d71899f004073eba284""})"
"(:VERTEX {memory address: ""7f63bb101000"",size: ""9000"",subtype: ""memory"",tgid: ""172956"",source: ""syscall"",type: ""Artifact"",version: ""147"",hash: ""edddeb7c4570b8f9bf5ea829a907b8c9""})"
"(:VERTEX {memory address: ""7f63bb0ef000"",size: ""9000"",subtype: ""memory"",tgid: ""172956"",source: ""syscall"",type: ""Artifact"",version: ""134"",hash: ""1c2b2ed0a6731c1f8715d7a3e65e2b0c""})"
"(:VERTEX {memory address: ""7f63bb0e6000"",size: ""9000"",subtype: ""memory"",tgid: ""172956"",source: ""syscall"",type: ""Artifact"",version: ""135"",hash: ""a1116e12b64a5072c3b9a0800f8b7049""})"
"(:VERTEX {memory address: ""7f63bb0dd000"",size: ""9000"",subtype: ""memory"",tgid: ""172956"",source: ""syscall"",type: ""Artifact"",version: ""141"",hash: ""b6533f89a38d8ac7357a923d306fda89""})"
"(:VERTEX {memory address: ""7f63bb0a4000"",size: ""9000"",subtype: ""memory"",tgid: ""172956"",source: ""syscall"",type: ""Artifact"",version: ""25"",hash: ""32c5d3fae02386ac09e74ec2b1220ede""})"
"(:VERTEX {memory address: ""7f63bb101000"",size: ""9000"",subtype: ""memory"",tgid: ""172956"",source: ""syscall"",type: ""Artifact"",version: ""148"",hash: ""747e84237070930c1d6b2b770cf509ce""})"
"(:VERTEX {memory address: ""7f63bb0dd000"",size: ""9000"",subtype: ""memory"",tgid: ""172956"",source: ""syscall"",type: ""Artifact"",version: ""142"",hash: ""ad05a7664e59a08b8232b6421b291d47""})"
"(:VERTEX {memory address: ""7f63bb09b000"",size: ""9000"",subtype: ""memory"",tgid: ""172956"",source: ""syscall"",type: ""Artifact"",version: ""36"",hash: ""c90eda1180a27b055157be4bb031e975""})"
"(:VERTEX {memory address: ""7f63bb102000"",size: ""11000"",subtype: ""memory"",tgid: ""172956"",source: ""syscall"",type: ""Artifact"",version: ""27"",hash: ""4351df49a4e71a1fd172c2b33d488ac0""})"
"(:VERTEX {memory address: ""7f63bb114000"",size: ""11000"",subtype: ""memory"",tgid: ""172956"",source: ""syscall"",type: ""Artifact"",version: ""526"",hash: ""60b2882e5e61ad313a984ab7f929788e""})"
"(:VERTEX {memory address: ""7f63bb114000"",size: ""11000"",subtype: ""memory"",tgid: ""172956"",source: ""syscall"",type: ""Artifact"",version: ""527"",hash: ""bdb0f7f9df16dd9402fcc5bc68580e8d""})"
"(:VERTEX {remote port: ""53"",epoch: ""0"",source: ""syscall"",type: ""Artifact"",version: ""0"",local port: ""55546"",net namespace: ""4026532992"",local address: ""10.1.251.244"",protocol: ""udp"",subtype: ""network socket"",remote address: ""10.152.183.10"",hash: ""8e512af5f37e178bf9be5a876bc286c2""})"
"(:VERTEX {remote port: ""53"",epoch: ""0"",source: ""syscall"",type: ""Artifact"",version: ""0"",local port: ""56566"",net namespace: ""4026532992"",local address: ""10.1.251.244"",protocol: ""udp"",subtype: ""network socket"",remote address: ""10.152.183.10"",hash: ""c19da991445b0594c266b1c63360100e""})"
"(:VERTEX {memory address: ""7f63bb114000"",size: ""11000"",subtype: ""memory"",tgid: ""172956"",source: ""syscall"",type: ""Artifact"",version: ""528"",hash: ""a9e9e8f0dac74577e577816f389a85af""})"
"(:VERTEX {memory address: ""7f63bb114000"",size: ""11000"",subtype: ""memory"",tgid: ""172956"",source: ""syscall"",type: ""Artifact"",version: ""529"",hash: ""b1455d6e0946336660282a3a87494f30""})"
"(:VERTEX {gid: ""0"",euid: ""999"",children pid namespace: ""-1"",pid: ""182096"",seen time: ""1693402042.537"",source: ""syscall"",type: ""Process"",net namespace: ""-1"",ipc namespace: ""-1"",ppid: ""182066"",pid namespace: ""-1"",uid: ""999"",egid: ""0"",exe: ""/"",mount namespace: ""-1"",name: ""runc:[2:INIT]"",hash: ""017efa31cfd74bdfe65e5270a0db560b"",user namespace: ""-1""})"
"(:VERTEX {path: ""/proc/182096/attr/apparmor/exec"",subtype: ""file"",permissions: ""0666"",epoch: ""0"",source: ""syscall"",type: ""Artifact"",version: ""0"",hash: ""7d1d0bac6084e21697a5423fd2a9636d""})"
"(:VERTEX {path: ""/sys/devices/loop6"",subtype: ""directory"",permissions: ""0755"",epoch: ""0"",source: ""syscall"",type: ""Artifact"",version: ""0"",hash: ""5cf6f5ff0bb016d2f91befe41332ec57""})"
"(:VERTEX {gid: ""0"",euid: ""999"",children pid namespace: ""-1"",start time: ""1693402042.537"",pid: ""182096"",source: ""syscall"",type: ""Process"",net namespace: ""-1"",ipc namespace: ""-1"",ppid: ""182066"",pid namespace: ""-1"",cwd: ""/"",uid: ""999"",egid: ""0"",exe: ""/usr/bin/check-status"",mount namespace: ""-1"",command line: ""/usr/bin/check-status -l"",name: ""check-status"",hash: ""4118685764ad2d3148300756684f4f61"",user namespace: ""-1""})"
"(:VERTEX {memory address: ""7f9c23e48000"",size: ""2000"",subtype: ""memory"",tgid: ""182096"",source: ""syscall"",type: ""Artifact"",version: ""0"",hash: ""33a3b7daa36ffbfab0d53ad1f8f49633""})"
"(:VERTEX {memory address: ""7f9c239fd000"",size: ""21f4c0"",subtype: ""memory"",tgid: ""182096"",source: ""syscall"",type: ""Artifact"",version: ""0"",hash: ""080fc1d6b4ba7743c92da47eb2410d50""})"
"(:VERTEX {memory address: ""7f9c23a18000"",size: ""1ff000"",subtype: ""memory"",tgid: ""182096"",source: ""syscall"",type: ""Artifact"",version: ""0"",hash: ""1ddb0d423e6e2e2ca58b53a9e06492e2""})"
"(:VERTEX {memory address: ""7f9c23c17000"",size: ""2000"",subtype: ""memory"",tgid: ""182096"",source: ""syscall"",type: ""Artifact"",version: ""0"",hash: ""3c9f4ffddfef2da13787b9bbf1ff5be4""})"
"(:VERTEX {memory address: ""7f9c23c19000"",size: ""34c0"",subtype: ""memory"",tgid: ""182096"",source: ""syscall"",type: ""Artifact"",version: ""0"",hash: ""f5310cd90e5bb024b057d4935d565d7b""})"
"(:VERTEX {memory address: ""7f9c23637000"",size: ""3c58c0"",subtype: ""memory"",tgid: ""182096"",source: ""syscall"",type: ""Artifact"",version: ""0"",hash: ""8754ec690d02ad1f3756d84333bb7848""})"
"(:VERTEX {memory address: ""7f9c237f3000"",size: ""200000"",subtype: ""memory"",tgid: ""182096"",source: ""syscall"",type: ""Artifact"",version: ""0"",hash: ""99165f126fa1ef149a4c1cdb3066aa66""})"
"(:VERTEX {memory address: ""7f9c239f3000"",size: ""6000"",subtype: ""memory"",tgid: ""182096"",source: ""syscall"",type: ""Artifact"",version: ""0"",hash: ""eb16443173fb87ee3031831b76aff56a""})"
"(:VERTEX {memory address: ""7f9c239f9000"",size: ""38c0"",subtype: ""memory"",tgid: ""182096"",source: ""syscall"",type: ""Artifact"",version: ""0"",hash: ""4dc29a8efcb4b150758d56797345aa7a""})"
"(:VERTEX {memory address: ""7f9c23e45000"",size: ""3000"",subtype: ""memory"",tgid: ""182096"",source: ""syscall"",type: ""Artifact"",version: ""0"",hash: ""0036c57e4c97bc7f5a875a292c547fce""})"
"(:VERTEX {memory address: ""7f9c239f3000"",size: ""4000"",subtype: ""memory"",tgid: ""182096"",source: ""syscall"",type: ""Artifact"",version: ""0"",hash: ""2512d8b6075fabae20abc27e349fdf8c""})"
"(:VERTEX {memory address: ""7f9c23c17000"",size: ""1000"",subtype: ""memory"",tgid: ""182096"",source: ""syscall"",type: ""Artifact"",version: ""0"",hash: ""678618031edf16f4c8d60ce0d5c4169f""})"
"(:VERTEX {memory address: ""7f9c23e4a000"",size: ""1000"",subtype: ""memory"",tgid: ""182096"",source: ""syscall"",type: ""Artifact"",version: ""0"",hash: ""8f198a4a0c20d202d3777f402fd86532""})"
"(:VERTEX {memory address: ""7f9c23e05000"",size: ""40000"",subtype: ""memory"",tgid: ""182096"",source: ""syscall"",type: ""Artifact"",version: ""0"",hash: ""a00e59f4d0ca87ac0e17eba0896d0969""})"
"(:VERTEX {memory address: ""7f9c23de5000"",size: ""20000"",subtype: ""memory"",tgid: ""182096"",source: ""syscall"",type: ""Artifact"",version: ""0"",hash: ""fa5ffbac0dbc68ff0e5caceae652e7a5""})"
"(:VERTEX {memory address: ""7f9c23ce5000"",size: ""100000"",subtype: ""memory"",tgid: ""182096"",source: ""syscall"",type: ""Artifact"",version: ""0"",hash: ""563724b4eed29efdf11e054951680a4e""})"
"(:VERTEX {memory address: ""7f9c22e37000"",size: ""800000"",subtype: ""memory"",tgid: ""182096"",source: ""syscall"",type: ""Artifact"",version: ""0"",hash: ""21c48e154e14d2af35744a904b9754e0""})"
"(:VERTEX {memory address: ""7f9c1ee37000"",size: ""4000000"",subtype: ""memory"",tgid: ""182096"",source: ""syscall"",type: ""Artifact"",version: ""0"",hash: ""3528014f195fea94fca01b89c6277c38""})"
"(:VERTEX {memory address: ""7f9bfee37000"",size: ""20000000"",subtype: ""memory"",tgid: ""182096"",source: ""syscall"",type: ""Artifact"",version: ""0"",hash: ""c827f2255ec0f7ea0f917c322c059af7""})"
"(:VERTEX {memory address: ""c000000000"",size: ""4000000"",subtype: ""memory"",tgid: ""182096"",source: ""syscall"",type: ""Artifact"",version: ""0"",hash: ""083a0a9f280a62ead5710658b5678b59""})"
"(:VERTEX {memory address: ""7f9bfce37000"",size: ""2000000"",subtype: ""memory"",tgid: ""182096"",source: ""syscall"",type: ""Artifact"",version: ""0"",hash: ""19540b72efa32c972eb244338bc45de7""})"
"(:VERTEX {memory address: ""7f9bfcc26000"",size: ""210c10"",subtype: ""memory"",tgid: ""182096"",source: ""syscall"",type: ""Artifact"",version: ""0"",hash: ""c66ad34f1b916f3be251f61fe62f81ff""})"
"(:VERTEX {memory address: ""c000000000"",size: ""400000"",subtype: ""memory"",tgid: ""182096"",source: ""syscall"",type: ""Artifact"",version: ""0"",hash: ""082ff3267c1052ff8410205b0b13a60b""})"
"(:VERTEX {memory address: ""7f9c23de5000"",size: ""20000"",subtype: ""memory"",tgid: ""182096"",source: ""syscall"",type: ""Artifact"",version: ""1"",hash: ""820c86c7002ed12c003378cdd75fad4f""})"
"(:VERTEX {memory address: ""7f9c23d65000"",size: ""1000"",subtype: ""memory"",tgid: ""182096"",source: ""syscall"",type: ""Artifact"",version: ""0"",hash: ""c5549999501d25aba5c40a2aa0a83f3e""})"
"(:VERTEX {memory address: ""7f9c2323d000"",size: ""1000"",subtype: ""memory"",tgid: ""182096"",source: ""syscall"",type: ""Artifact"",version: ""0"",hash: ""819a94f21148a88001063765df4c39d5""})"
"(:VERTEX {memory address: ""7f9c20e67000"",size: ""1000"",subtype: ""memory"",tgid: ""182096"",source: ""syscall"",type: ""Artifact"",version: ""0"",hash: ""b1f458616b00f8fa77978d286034c456""})"
"(:VERTEX {memory address: ""7f9c0efb7000"",size: ""1000"",subtype: ""memory"",tgid: ""182096"",source: ""syscall"",type: ""Artifact"",version: ""0"",hash: ""f7833e3768a5756f1612e2b16ed3cb56""})"
"(:VERTEX {memory address: ""7f9bfcb26000"",size: ""100000"",subtype: ""memory"",tgid: ""182096"",source: ""syscall"",type: ""Artifact"",version: ""0"",hash: ""566f45872ce94b0c5d1478228b32f68b""})"
"(:VERTEX {memory address: ""7f9c23cd5000"",size: ""10000"",subtype: ""memory"",tgid: ""182096"",source: ""syscall"",type: ""Artifact"",version: ""0"",hash: ""cc471de47f387940e1dee7ff00565a49""})"
"(:VERTEX {memory address: ""7f9c23cc5000"",size: ""10000"",subtype: ""memory"",tgid: ""182096"",source: ""syscall"",type: ""Artifact"",version: ""0"",hash: ""a69f40c7bd430ad0f100680464595317""})"
"(:VERTEX {memory address: ""7f9bfc325000"",size: ""801000"",subtype: ""memory"",tgid: ""182096"",source: ""syscall"",type: ""Artifact"",version: ""0"",hash: ""225605c6ba3cab4d5f629f5005dbe9a8""})"
"(:VERTEX {memory address: ""7f9bfc326000"",size: ""800000"",subtype: ""memory"",tgid: ""182096"",source: ""syscall"",type: ""Artifact"",version: ""0"",hash: ""393d809b21003ebcf0bd38ae217da810""})"
"(:VERTEX {gid: ""0"",euid: ""999"",children pid namespace: ""4026533508"",start time: ""1693402042.570"",ns pid: ""671"",pid: ""182105"",source: ""syscall"",type: ""Process"",net namespace: ""4026532699"",ipc namespace: ""4026533353"",ppid: ""182096"",pid namespace: ""4026533508"",cwd: ""/"",uid: ""999"",egid: ""0"",exe: ""/usr/bin/check-status"",mount namespace: ""4026533507"",command line: ""/usr/bin/check-status -l"",name: ""check-status"",hash: ""3e3d2cec4e0696e186a2904a51899114"",user namespace: ""4026531837""})"
"(:VERTEX {memory address: ""7f9bfbb24000"",size: ""801000"",subtype: ""memory"",tgid: ""182096"",source: ""syscall"",type: ""Artifact"",version: ""0"",hash: ""ee139274ddb7f9d5e4ff033278558413""})"
"(:VERTEX {memory address: ""7f9bfbb25000"",size: ""800000"",subtype: ""memory"",tgid: ""182096"",source: ""syscall"",type: ""Artifact"",version: ""0"",hash: ""f2c1410a01d029bd055a601ea9c8691b""})"
"(:VERTEX {gid: ""0"",euid: ""999"",children pid namespace: ""4026533508"",start time: ""1693402042.577"",ns pid: ""672"",pid: ""182106"",source: ""syscall"",type: ""Process"",net namespace: ""4026532699"",ipc namespace: ""4026533353"",ppid: ""182096"",pid namespace: ""4026533508"",cwd: ""/"",uid: ""999"",egid: ""0"",exe: ""/usr/bin/check-status"",mount namespace: ""4026533507"",command line: ""/usr/bin/check-status -l"",name: ""check-status"",hash: ""c6a0214166ce6d6c1678bfc7b7e7d188"",user namespace: ""4026531837""})"
"(:VERTEX {memory address: ""7f9bfb323000"",size: ""801000"",subtype: ""memory"",tgid: ""182096"",source: ""syscall"",type: ""Artifact"",version: ""0"",hash: ""6ba261d1430d87fd106f87219b95819d""})"
"(:VERTEX {memory address: ""7f9bfb324000"",size: ""800000"",subtype: ""memory"",tgid: ""182096"",source: ""syscall"",type: ""Artifact"",version: ""0"",hash: ""b02687c89a19d36f776043e9cb44b8ae""})"
"(:VERTEX {gid: ""0"",euid: ""999"",children pid namespace: ""4026533508"",start time: ""1693402042.577"",ns pid: ""673"",pid: ""182107"",source: ""syscall"",type: ""Process"",net namespace: ""4026532699"",ipc namespace: ""4026533353"",ppid: ""182096"",pid namespace: ""4026533508"",cwd: ""/"",uid: ""999"",egid: ""0"",exe: ""/usr/bin/check-status"",mount namespace: ""4026533507"",command line: ""/usr/bin/check-status -l"",name: ""check-status"",hash: ""2235e23f7a29c6b50f692949523ae93a"",user namespace: ""4026531837""})"
"(:VERTEX {memory address: ""7f9bf3323000"",size: ""8000000"",subtype: ""memory"",tgid: ""182096"",source: ""syscall"",type: ""Artifact"",version: ""0"",hash: ""19111248cf61fc8043f1a8f6172f13f5""})"
"(:VERTEX {memory address: ""7f9bf4000000"",size: ""21000"",subtype: ""memory"",tgid: ""182096"",source: ""syscall"",type: ""Artifact"",version: ""0"",hash: ""4a4214ed02aef800bbafa72ddff1265d""})"
"(:VERTEX {memory address: ""7f9bfab22000"",size: ""801000"",subtype: ""memory"",tgid: ""182096"",source: ""syscall"",type: ""Artifact"",version: ""0"",hash: ""8d9c8c468bc6b739586a7ecacdf14cf3""})"
"(:VERTEX {memory address: ""7f9bfab23000"",size: ""800000"",subtype: ""memory"",tgid: ""182096"",source: ""syscall"",type: ""Artifact"",version: ""0"",hash: ""833da277c13774e5a05a7506c5ae1947""})"
"(:VERTEX {gid: ""0"",euid: ""999"",children pid namespace: ""4026533508"",start time: ""1693402042.577"",ns pid: ""674"",pid: ""182108"",source: ""syscall"",type: ""Process"",net namespace: ""4026532699"",ipc namespace: ""4026533353"",ppid: ""182096"",pid namespace: ""4026533508"",cwd: ""/"",uid: ""999"",egid: ""0"",exe: ""/usr/bin/check-status"",mount namespace: ""4026533507"",command line: ""/usr/bin/check-status -l"",name: ""check-status"",hash: ""263c7dfa48d1fae7816ec294e6d9e947"",user namespace: ""4026531837""})"
"(:VERTEX {memory address: ""7f9bec000000"",size: ""8000000"",subtype: ""memory"",tgid: ""182096"",source: ""syscall"",type: ""Artifact"",version: ""0"",hash: ""0999384bdc92ff000449df632f1c55f2""})"
"(:VERTEX {memory address: ""7f9bec000000"",size: ""21000"",subtype: ""memory"",tgid: ""182096"",source: ""syscall"",type: ""Artifact"",version: ""0"",hash: ""e8ec7a75e7ca0caac80184ae1071714f""})"
"(:VERTEX {memory address: ""7f9c23c85000"",size: ""40000"",subtype: ""memory"",tgid: ""182096"",source: ""syscall"",type: ""Artifact"",version: ""0"",hash: ""5a516853ed342c3d2489bac110a34168""})"
"(:VERTEX {memory address: ""7f9bfa321000"",size: ""801000"",subtype: ""memory"",tgid: ""182096"",source: ""syscall"",type: ""Artifact"",version: ""0"",hash: ""64f0d97217c0ffbabe3baadf2de26589""})"
"(:VERTEX {memory address: ""7f9bfa322000"",size: ""800000"",subtype: ""memory"",tgid: ""182096"",source: ""syscall"",type: ""Artifact"",version: ""0"",hash: ""0f0a3044ac3bebf1814643f5c5a5845b""})"
"(:VERTEX {gid: ""0"",euid: ""999"",children pid namespace: ""4026533508"",start time: ""1693402042.577"",ns pid: ""675"",pid: ""182109"",source: ""syscall"",type: ""Process"",net namespace: ""4026532699"",ipc namespace: ""4026533353"",ppid: ""182096"",pid namespace: ""4026533508"",cwd: ""/"",uid: ""999"",egid: ""0"",exe: ""/usr/bin/check-status"",mount namespace: ""4026533507"",command line: ""/usr/bin/check-status -l"",name: ""check-status"",hash: ""f865d0bae9effaff4dd92244245ed542"",user namespace: ""4026531837""})"
"(:VERTEX {memory address: ""7f9bf0000000"",size: ""4000000"",subtype: ""memory"",tgid: ""182096"",source: ""syscall"",type: ""Artifact"",version: ""0"",hash: ""a0954a5804f2b21c6ee1fdd8f34cb575""})"
"(:VERTEX {memory address: ""7f9bf0000000"",size: ""21000"",subtype: ""memory"",tgid: ""182096"",source: ""syscall"",type: ""Artifact"",version: ""0"",hash: ""1c31cfe8d2a42a43030e415ef33da541""})"
"(:VERTEX {memory address: ""7f9be4000000"",size: ""8000000"",subtype: ""memory"",tgid: ""182096"",source: ""syscall"",type: ""Artifact"",version: ""0"",hash: ""faf514851954bc7db84cc0352125ed31""})"
"(:VERTEX {memory address: ""7f9bdc000000"",size: ""8000000"",subtype: ""memory"",tgid: ""182096"",source: ""syscall"",type: ""Artifact"",version: ""0"",hash: ""2ed9e0e3aa84a202ae92e82a281f24f9""})"
"(:VERTEX {memory address: ""7f9bdc000000"",size: ""21000"",subtype: ""memory"",tgid: ""182096"",source: ""syscall"",type: ""Artifact"",version: ""0"",hash: ""173264c9cbf1232ee13e7c197c07d64a""})"
"(:VERTEX {memory address: ""7f9be4000000"",size: ""21000"",subtype: ""memory"",tgid: ""182096"",source: ""syscall"",type: ""Artifact"",version: ""0"",hash: ""6f2f593599767680d8d3402894a9bbd1""})"
"(:VERTEX {memory address: ""7f23ede1e000"",size: ""7000"",subtype: ""memory"",tgid: ""172093"",source: ""syscall"",type: ""Artifact"",version: ""0"",hash: ""3e8a1eaa381ff2222207fce4ff3aa537""})"
"(:VERTEX {memory address: ""7f63bb114000"",size: ""11000"",subtype: ""memory"",tgid: ""172956"",source: ""syscall"",type: ""Artifact"",version: ""530"",hash: ""b3f6007b1d5ac0b536eb87615b2c1156""})"
"(:VERTEX {memory address: ""7f63bb114000"",size: ""11000"",subtype: ""memory"",tgid: ""172956"",source: ""syscall"",type: ""Artifact"",version: ""531"",hash: ""0dfa4ca473b9eb23ab08d029958da051""})"
"(:VERTEX {memory address: ""7f23f1630000"",size: ""10000"",subtype: ""memory"",tgid: ""172093"",source: ""syscall"",type: ""Artifact"",version: ""0"",hash: ""feb56f13352787ae0f6cc7c876f5e4c8""})"
"(:VERTEX {memory address: ""7f63bb114000"",size: ""11000"",subtype: ""memory"",tgid: ""172956"",source: ""syscall"",type: ""Artifact"",version: ""532"",hash: ""3e451ca62948420af18f73826ec677e0""})"
"(:VERTEX {memory address: ""7f63bb114000"",size: ""11000"",subtype: ""memory"",tgid: ""172956"",source: ""syscall"",type: ""Artifact"",version: ""533"",hash: ""bae7b5e02240cd46396111eb24fa84f0""})"
"(:VERTEX {memory address: ""7f63bb114000"",size: ""11000"",subtype: ""memory"",tgid: ""172956"",source: ""syscall"",type: ""Artifact"",version: ""534"",hash: ""a34122356b482366177c4b22fe97172c""})"
"(:VERTEX {memory address: ""7f63bb114000"",size: ""11000"",subtype: ""memory"",tgid: ""172956"",source: ""syscall"",type: ""Artifact"",version: ""535"",hash: ""7a329479f40c9ecd47c564243a792e07""})"
"(:VERTEX {memory address: ""7f63bb114000"",size: ""11000"",subtype: ""memory"",tgid: ""172956"",source: ""syscall"",type: ""Artifact"",version: ""536"",hash: ""bf6a5a2457439696c29f6646f28ac532""})"
"(:VERTEX {memory address: ""7f63bb114000"",size: ""11000"",subtype: ""memory"",tgid: ""172956"",source: ""syscall"",type: ""Artifact"",version: ""537"",hash: ""a7cb2edb7e3e13e3d5dc03581ffe9868""})"
"(:VERTEX {memory address: ""7f63bb114000"",size: ""11000"",subtype: ""memory"",tgid: ""172956"",source: ""syscall"",type: ""Artifact"",version: ""538"",hash: ""77fa8d052023cc5c1e04471bc4f88d58""})"
"(:VERTEX {memory address: ""7f63bb114000"",size: ""11000"",subtype: ""memory"",tgid: ""172956"",source: ""syscall"",type: ""Artifact"",version: ""539"",hash: ""58c1359fd3703a54a6da212d6b9c87a2""})"
"(:VERTEX {memory address: ""7f63bb114000"",size: ""11000"",subtype: ""memory"",tgid: ""172956"",source: ""syscall"",type: ""Artifact"",version: ""540"",hash: ""fd267dc5fb49fa8a0d1e1a72d26aea37""})"
"(:VERTEX {memory address: ""7f63bd2ed000"",size: ""2000"",subtype: ""memory"",tgid: ""172956"",source: ""syscall"",type: ""Artifact"",version: ""13"",hash: ""59165ea52ba5373467f62dea815b123f""})"
"(:VERTEX {memory address: ""7f63bd1bd000"",size: ""9000"",subtype: ""memory"",tgid: ""172956"",source: ""syscall"",type: ""Artifact"",version: ""304"",hash: ""f4d80de6ae1e8a99b12637d009b3c1cd""})"
"(:VERTEX {memory address: ""7f63bb15d000"",size: ""9000"",subtype: ""memory"",tgid: ""172956"",source: ""syscall"",type: ""Artifact"",version: ""177"",hash: ""6864c41b3aa3a1cc3b11d5e06239ca37""})"
"(:VERTEX {memory address: ""7f63bb11c000"",size: ""9000"",subtype: ""memory"",tgid: ""172956"",source: ""syscall"",type: ""Artifact"",version: ""313"",hash: ""7772710564409912a3c48d9d0f7a9264""})"
"(:VERTEX {memory address: ""7f63bb113000"",size: ""9000"",subtype: ""memory"",tgid: ""172956"",source: ""syscall"",type: ""Artifact"",version: ""271"",hash: ""1e7b1bf8021ea8b72bb9e0db76647b8a""})"
"(:VERTEX {memory address: ""7f63bb10a000"",size: ""9000"",subtype: ""memory"",tgid: ""172956"",source: ""syscall"",type: ""Artifact"",version: ""228"",hash: ""28da4e8839b5bd819a92cdebbaa428ce""})"
"(:VERTEX {memory address: ""7f63bb101000"",size: ""9000"",subtype: ""memory"",tgid: ""172956"",source: ""syscall"",type: ""Artifact"",version: ""149"",hash: ""45cc807ef976b1a5f4b664fa2ae40509""})"
"(:VERTEX {memory address: ""7f63bb0f8000"",size: ""9000"",subtype: ""memory"",tgid: ""172956"",source: ""syscall"",type: ""Artifact"",version: ""142"",hash: ""ef0640df7680f56ef5c1784205518d58""})"
"(:VERTEX {memory address: ""7f63bb0ef000"",size: ""9000"",subtype: ""memory"",tgid: ""172956"",source: ""syscall"",type: ""Artifact"",version: ""135"",hash: ""304513561cf1f6b41cba29ea81bf36bf""})"
"(:VERTEX {memory address: ""7f63bb0e6000"",size: ""9000"",subtype: ""memory"",tgid: ""172956"",source: ""syscall"",type: ""Artifact"",version: ""136"",hash: ""c57bbb2b4b996743ffdf0d896ea90a12""})"
"(:VERTEX {memory address: ""7f63bb0dd000"",size: ""9000"",subtype: ""memory"",tgid: ""172956"",source: ""syscall"",type: ""Artifact"",version: ""143"",hash: ""01a7f2e5e064e4b9e0751f2254ecd03c""})"
"(:VERTEX {memory address: ""7f63bb0d4000"",size: ""9000"",subtype: ""memory"",tgid: ""172956"",source: ""syscall"",type: ""Artifact"",version: ""77"",hash: ""fa09aa70c530e264b37e4ff43e04caf8""})"
"(:VERTEX {memory address: ""7f63bb0a4000"",size: ""9000"",subtype: ""memory"",tgid: ""172956"",source: ""syscall"",type: ""Artifact"",version: ""26"",hash: ""fd02efb3b9db35a9652fcd12b902e6e1""})"
"(:VERTEX {memory address: ""7f63bb09b000"",size: ""9000"",subtype: ""memory"",tgid: ""172956"",source: ""syscall"",type: ""Artifact"",version: ""37"",hash: ""69dc52cb72bb5c9e547dfb804dc3cc7b""})"
"(:VERTEX {memory address: ""7f63bb101000"",size: ""9000"",subtype: ""memory"",tgid: ""172956"",source: ""syscall"",type: ""Artifact"",version: ""150"",hash: ""549fb6c04c8a4625e8fd0192d0711de6""})"
"(:VERTEX {memory address: ""7f23f1640000"",size: ""10000"",subtype: ""memory"",tgid: ""172093"",source: ""syscall"",type: ""Artifact"",version: ""0"",hash: ""b07bb2c03b87aaf376dca350f241d62c""})"
"(:VERTEX {memory address: ""7f63bb0ef000"",size: ""9000"",subtype: ""memory"",tgid: ""172956"",source: ""syscall"",type: ""Artifact"",version: ""136"",hash: ""3270052606e37b0f9a430e4f3531f57d""})"
"(:VERTEX {memory address: ""7f63bb0a4000"",size: ""9000"",subtype: ""memory"",tgid: ""172956"",source: ""syscall"",type: ""Artifact"",version: ""27"",hash: ""e13c93bfce1adf748425fab99d08517f""})"
"(:VERTEX {memory address: ""7f63bb08f000"",size: ""c000"",subtype: ""memory"",tgid: ""172956"",source: ""syscall"",type: ""Artifact"",version: ""0"",hash: ""977cfac8aec0eaa65b18a04deb13e849""})"
"(:VERTEX {memory address: ""7f63bb0ef000"",size: ""9000"",subtype: ""memory"",tgid: ""172956"",source: ""syscall"",type: ""Artifact"",version: ""137"",hash: ""08f7ac8e60042767a47472a2b2efee71""})"
"(:VERTEX {memory address: ""7f63bb0a4000"",size: ""9000"",subtype: ""memory"",tgid: ""172956"",source: ""syscall"",type: ""Artifact"",version: ""28"",hash: ""d700a39d8c9e95a333a9a37e0403ba3c""})"
"(:VERTEX {memory address: ""7f63bb086000"",size: ""9000"",subtype: ""memory"",tgid: ""172956"",source: ""syscall"",type: ""Artifact"",version: ""2"",hash: ""f1bbd5d94a51c6f38d5295389fcdd5d5""})"
"(:VERTEX {memory address: ""7f63bb07d000"",size: ""9000"",subtype: ""memory"",tgid: ""172956"",source: ""syscall"",type: ""Artifact"",version: ""2"",hash: ""3449a97585748b0921294e4b4e2ba0d8""})"
"(:VERTEX {memory address: ""7f63bb074000"",size: ""9000"",subtype: ""memory"",tgid: ""172956"",source: ""syscall"",type: ""Artifact"",version: ""0"",hash: ""6991a79a6519044d60e6e7ebec987bed""})"
"(:VERTEX {memory address: ""7f63bb0ef000"",size: ""9000"",subtype: ""memory"",tgid: ""172956"",source: ""syscall"",type: ""Artifact"",version: ""138"",hash: ""1df93b9a210950678f474463c10bd7d6""})"
"(:VERTEX {memory address: ""7f63bb0a4000"",size: ""9000"",subtype: ""memory"",tgid: ""172956"",source: ""syscall"",type: ""Artifact"",version: ""29"",hash: ""df2c68ba73ad6994ced48e52a0a13530""})"
"(:VERTEX {memory address: ""7f63bb0ef000"",size: ""9000"",subtype: ""memory"",tgid: ""172956"",source: ""syscall"",type: ""Artifact"",version: ""139"",hash: ""1328a03512d3e330e4f1337854686c29""})"
"(:VERTEX {memory address: ""7f63bb0a4000"",size: ""9000"",subtype: ""memory"",tgid: ""172956"",source: ""syscall"",type: ""Artifact"",version: ""30"",hash: ""9724ee45912ceb9638a274a830eb4f83""})"
"(:VERTEX {memory address: ""7f63bb0ef000"",size: ""9000"",subtype: ""memory"",tgid: ""172956"",source: ""syscall"",type: ""Artifact"",version: ""140"",hash: ""52d924fe0317e760e932534752a4dd77""})"
"(:VERTEX {memory address: ""7f63bb092000"",size: ""9000"",subtype: ""memory"",tgid: ""172956"",source: ""syscall"",type: ""Artifact"",version: ""26"",hash: ""024732ed94846610ca59ba0bb1b77297""})"
"(:VERTEX {memory address: ""7f63bb092000"",size: ""9000"",subtype: ""memory"",tgid: ""172956"",source: ""syscall"",type: ""Artifact"",version: ""27"",hash: ""6c58e12bac1e046b7c271594ac9e8ae4""})"
"(:VERTEX {memory address: ""7f63bb089000"",size: ""9000"",subtype: ""memory"",tgid: ""172956"",source: ""syscall"",type: ""Artifact"",version: ""25"",hash: ""9fadd3acbda99045e630c61cee044f2b""})"
"(:VERTEX {memory address: ""7f63bb080000"",size: ""9000"",subtype: ""memory"",tgid: ""172956"",source: ""syscall"",type: ""Artifact"",version: ""21"",hash: ""7ec064fd5953c216dba884fce5a8712f""})"
"(:VERTEX {memory address: ""7f63bb077000"",size: ""9000"",subtype: ""memory"",tgid: ""172956"",source: ""syscall"",type: ""Artifact"",version: ""14"",hash: ""2108d2518854c517548307de4eca79ad""})"
"(:VERTEX {memory address: ""7f63bb06e000"",size: ""9000"",subtype: ""memory"",tgid: ""172956"",source: ""syscall"",type: ""Artifact"",version: ""13"",hash: ""4962a3638ed9c33735f284b09c5d529b""})"
"(:VERTEX {memory address: ""7f63bd231000"",size: ""4000"",subtype: ""memory"",tgid: ""172956"",source: ""syscall"",type: ""Artifact"",version: ""126"",hash: ""ef22b36ddf78cb974b27bf1fa9ea2f36""})"
"(:VERTEX {memory address: ""7f63bd1e6000"",size: ""7000"",subtype: ""memory"",tgid: ""172956"",source: ""syscall"",type: ""Artifact"",version: ""237"",hash: ""0adb505543f1376e719f3e87f9d3749a""})"
"(:VERTEX {memory address: ""7f63bb092000"",size: ""9000"",subtype: ""memory"",tgid: ""172956"",source: ""syscall"",type: ""Artifact"",version: ""28"",hash: ""cb2987f2c988d15b3811a0d6441b8e61""})"
"(:VERTEX {memory address: ""7f63bb089000"",size: ""9000"",subtype: ""memory"",tgid: ""172956"",source: ""syscall"",type: ""Artifact"",version: ""26"",hash: ""219afc914fe4df5654e896323b2e44e9""})"
"(:VERTEX {memory address: ""7f63bb086000"",size: ""15000"",subtype: ""memory"",tgid: ""172956"",source: ""syscall"",type: ""Artifact"",version: ""0"",hash: ""c289d534c2d9ab55a5095296e7a0fcc0""})"
"(:VERTEX {memory address: ""7f63bb065000"",size: ""9000"",subtype: ""memory"",tgid: ""172956"",source: ""syscall"",type: ""Artifact"",version: ""18"",hash: ""c0c9141f21eaf4dacedff71aa19a8b16""})"
"(:VERTEX {memory address: ""7f63bb05c000"",size: ""9000"",subtype: ""memory"",tgid: ""172956"",source: ""syscall"",type: ""Artifact"",version: ""15"",hash: ""1a6ccbe36a3c342041648bf53ac3dd5f""})"
"(:VERTEX {memory address: ""7f63bb033000"",size: ""28c54"",subtype: ""memory"",tgid: ""172956"",source: ""syscall"",type: ""Artifact"",version: ""0"",hash: ""48cfca383d0a668ef1d41741a527ba32""})"
"(:VERTEX {memory address: ""7f63bb02a000"",size: ""9000"",subtype: ""memory"",tgid: ""172956"",source: ""syscall"",type: ""Artifact"",version: ""5"",hash: ""eee151a7fb0d9348176ccafc73fae7fa""})"
"(:VERTEX {memory address: ""7f63bd231000"",size: ""4000"",subtype: ""memory"",tgid: ""172956"",source: ""syscall"",type: ""Artifact"",version: ""127"",hash: ""b0215ec615b48df9ad47bee765e916aa""})"
"(:VERTEX {memory address: ""7f63bd1e6000"",size: ""7000"",subtype: ""memory"",tgid: ""172956"",source: ""syscall"",type: ""Artifact"",version: ""238"",hash: ""12d16d21204274e80a8bfbe9eac9761d""})"
"(:VERTEX {memory address: ""7f63bb092000"",size: ""9000"",subtype: ""memory"",tgid: ""172956"",source: ""syscall"",type: ""Artifact"",version: ""29"",hash: ""712a99156a4ef70dc2c5d20c876a8da7""})"
"(:VERTEX {memory address: ""7f63bb089000"",size: ""9000"",subtype: ""memory"",tgid: ""172956"",source: ""syscall"",type: ""Artifact"",version: ""27"",hash: ""c5bb651c9b19829e4da780d75abed936""})"
"(:VERTEX {memory address: ""7f63bb080000"",size: ""9000"",subtype: ""memory"",tgid: ""172956"",source: ""syscall"",type: ""Artifact"",version: ""22"",hash: ""24b649cb3aa9cbfb646bbbff6964b38f""})"
"(:VERTEX {memory address: ""7f63bb065000"",size: ""9000"",subtype: ""memory"",tgid: ""172956"",source: ""syscall"",type: ""Artifact"",version: ""19"",hash: ""e5eb0ab3d93ebf03581be8def4b33919""})"
"(:VERTEX {memory address: ""7f63bb05c000"",size: ""9000"",subtype: ""memory"",tgid: ""172956"",source: ""syscall"",type: ""Artifact"",version: ""16"",hash: ""8471e30a99e52333b27f0d5ebfd977d9""})"
"(:VERTEX {memory address: ""7f63bb053000"",size: ""9000"",subtype: ""memory"",tgid: ""172956"",source: ""syscall"",type: ""Artifact"",version: ""11"",hash: ""09224cd0c28cf0e94510308351386899""})"
"(:VERTEX {memory address: ""7f63bb04a000"",size: ""9000"",subtype: ""memory"",tgid: ""172956"",source: ""syscall"",type: ""Artifact"",version: ""13"",hash: ""96ac880dec28ef4a65863998cb39e441""})"
"(:VERTEX {memory address: ""7f63bb041000"",size: ""9000"",subtype: ""memory"",tgid: ""172956"",source: ""syscall"",type: ""Artifact"",version: ""12"",hash: ""c6790e545ca43719d9f23eeb0ac99c04""})"
"(:VERTEX {memory address: ""7f63bb080000"",size: ""9000"",subtype: ""memory"",tgid: ""172956"",source: ""syscall"",type: ""Artifact"",version: ""23"",hash: ""df639b1287f2e77b1fe4245562b7e3c3""})"
"(:VERTEX {memory address: ""7f63bb065000"",size: ""9000"",subtype: ""memory"",tgid: ""172956"",source: ""syscall"",type: ""Artifact"",version: ""20"",hash: ""64f51b8874f0736a04c163e0e081825a""})"
"(:VERTEX {memory address: ""7f63bb04a000"",size: ""9000"",subtype: ""memory"",tgid: ""172956"",source: ""syscall"",type: ""Artifact"",version: ""14"",hash: ""ad8e6f932f130378e1220b462340954c""})"
"(:VERTEX {memory address: ""7f63bb041000"",size: ""9000"",subtype: ""memory"",tgid: ""172956"",source: ""syscall"",type: ""Artifact"",version: ""13"",hash: ""edd6d5578e7eb28518b1d6d075306e5c""})"
"(:VERTEX {memory address: ""7f63bb038000"",size: ""9000"",subtype: ""memory"",tgid: ""172956"",source: ""syscall"",type: ""Artifact"",version: ""10"",hash: ""3ccd0f7d6c7e1605271301a387240d4b""})"
"(:VERTEX {memory address: ""7f63bb15d000"",size: ""9000"",subtype: ""memory"",tgid: ""172956"",source: ""syscall"",type: ""Artifact"",version: ""178"",hash: ""af2c0ad008c598d84956a57b8135f22c""})"
"(:VERTEX {memory address: ""7f63bb11c000"",size: ""9000"",subtype: ""memory"",tgid: ""172956"",source: ""syscall"",type: ""Artifact"",version: ""314"",hash: ""13d280acfef7f5e5c42f752726e24cd5""})"
"(:VERTEX {memory address: ""7f63bb101000"",size: ""9000"",subtype: ""memory"",tgid: ""172956"",source: ""syscall"",type: ""Artifact"",version: ""151"",hash: ""58f7d6f6b9da0e5816544160b2ae43c3""})"
"(:VERTEX {memory address: ""7f63bb0f0000"",size: ""11000"",subtype: ""memory"",tgid: ""172956"",source: ""syscall"",type: ""Artifact"",version: ""8"",hash: ""d94f752c54be3b649a6ecb533a3a2d9d""})"
"(:VERTEX {memory address: ""7f63bb0f8000"",size: ""9000"",subtype: ""memory"",tgid: ""172956"",source: ""syscall"",type: ""Artifact"",version: ""143"",hash: ""e3122dba7c1e6824800e78c128d9bf53""})"
"(:VERTEX {memory address: ""7f63bb0ef000"",size: ""9000"",subtype: ""memory"",tgid: ""172956"",source: ""syscall"",type: ""Artifact"",version: ""141"",hash: ""1c6985358ba2ed3c4570875fe95def11""})"
"(:VERTEX {memory address: ""7f63bb0e6000"",size: ""9000"",subtype: ""memory"",tgid: ""172956"",source: ""syscall"",type: ""Artifact"",version: ""137"",hash: ""456adb725b8d8d9f34abb852d9435937""})"
"(:VERTEX {memory address: ""7f63bb0d4000"",size: ""9000"",subtype: ""memory"",tgid: ""172956"",source: ""syscall"",type: ""Artifact"",version: ""78"",hash: ""4ac196087c24bf812e655b0e658084c8""})"
"(:VERTEX {memory address: ""7f63bb0a4000"",size: ""9000"",subtype: ""memory"",tgid: ""172956"",source: ""syscall"",type: ""Artifact"",version: ""31"",hash: ""947d9621a260f2ea623203dfd08a1a74""})"
"(:VERTEX {memory address: ""7f63bb09b000"",size: ""9000"",subtype: ""memory"",tgid: ""172956"",source: ""syscall"",type: ""Artifact"",version: ""38"",hash: ""bf03a11a78026ed82c0a322e8996e866""})"
"(:VERTEX {memory address: ""7f63bb092000"",size: ""9000"",subtype: ""memory"",tgid: ""172956"",source: ""syscall"",type: ""Artifact"",version: ""30"",hash: ""658f44b519045fea8dc975098ca9f53d""})"
"(:VERTEX {memory address: ""7f63bb089000"",size: ""9000"",subtype: ""memory"",tgid: ""172956"",source: ""syscall"",type: ""Artifact"",version: ""28"",hash: ""5491310f1faedc59464949feab3afb9a""})"
"(:VERTEX {memory address: ""7f63bb06f000"",size: ""11000"",subtype: ""memory"",tgid: ""172956"",source: ""syscall"",type: ""Artifact"",version: ""1"",hash: ""b1bc30729981d72a53cebe7ece7abf50""})"
"(:VERTEX {memory address: ""7f63bb0ef000"",size: ""9000"",subtype: ""memory"",tgid: ""172956"",source: ""syscall"",type: ""Artifact"",version: ""142"",hash: ""baba1f1607901ae97d32b4061b62059f""})"
"(:VERTEX {memory address: ""7f63bb0a4000"",size: ""9000"",subtype: ""memory"",tgid: ""172956"",source: ""syscall"",type: ""Artifact"",version: ""32"",hash: ""7dcaf4f686ef52784db130a4b5398e8e""})"
"(:VERTEX {memory address: ""7f63bb077000"",size: ""9000"",subtype: ""memory"",tgid: ""172956"",source: ""syscall"",type: ""Artifact"",version: ""15"",hash: ""6f429888104ba8da6d4616d2c5dc05a5""})"
"(:VERTEX {memory address: ""7f63bb06e000"",size: ""9000"",subtype: ""memory"",tgid: ""172956"",source: ""syscall"",type: ""Artifact"",version: ""14"",hash: ""abe752e0b4aca105a42531520ce579ba""})"
"(:VERTEX {memory address: ""7f63bb05d000"",size: ""11000"",subtype: ""memory"",tgid: ""172956"",source: ""syscall"",type: ""Artifact"",version: ""1"",hash: ""66039b08c422459389b06169ce94fde7""})"
"(:VERTEX {memory address: ""7f63bb0f9000"",size: ""11000"",subtype: ""memory"",tgid: ""172956"",source: ""syscall"",type: ""Artifact"",version: ""14"",hash: ""8f8f7432a835ab83076838e040cf20e4""})"
"(:VERTEX {memory address: ""7f23edf7d000"",size: ""101000"",subtype: ""memory"",tgid: ""172093"",source: ""syscall"",type: ""Artifact"",version: ""0"",hash: ""868534bb3f122dcd6fecf903ed1774ed""})"
"(:VERTEX {gid: ""1000"",euid: ""1000"",children pid namespace: ""4026533522"",start time: ""1693402042.800"",ns pid: ""42"",pid: ""182119"",source: ""syscall"",type: ""Process"",net namespace: ""4026532757"",ipc namespace: ""4026533394"",ppid: ""172093"",pid namespace: ""4026533522"",uid: ""1000"",egid: ""1000"",exe: ""/opt/java/openjdk/bin/java"",mount namespace: ""4026533521"",name: ""grpc-nio-worker"",hash: ""882c5180fc81eed167932bd97833a74b"",user namespace: ""4026531837""})"
"(:VERTEX {remote port: ""53"",epoch: ""0"",source: ""syscall"",type: ""Artifact"",version: ""0"",local port: ""52678"",net namespace: ""4026532992"",local address: ""10.1.251.244"",protocol: ""udp"",subtype: ""network socket"",remote address: ""10.152.183.10"",hash: ""2bad7d7a526318b33aee1f8fe37ea6ea""})"
"(:VERTEX {remote port: ""53"",epoch: ""0"",source: ""syscall"",type: ""Artifact"",version: ""0"",local port: ""47378"",net namespace: ""4026532992"",local address: ""10.1.251.244"",protocol: ""udp"",subtype: ""network socket"",remote address: ""10.152.183.10"",hash: ""f698b69f8507388ce033dea906bf109e""})"
"(:VERTEX {memory address: ""7f63bb114000"",size: ""11000"",subtype: ""memory"",tgid: ""172956"",source: ""syscall"",type: ""Artifact"",version: ""541"",hash: ""d30b93fc986899f5acadd46f19e5c7f5""})"
"(:VERTEX {memory address: ""7f23edf7d000"",size: ""4000"",subtype: ""memory"",tgid: ""172093"",source: ""syscall"",type: ""Artifact"",version: ""0"",hash: ""19312f490d52082b2557e4d3814d851b""})"
"(:VERTEX {memory address: ""7f23edf7d000"",size: ""4000"",subtype: ""memory"",tgid: ""172093"",source: ""syscall"",type: ""Artifact"",version: ""1"",hash: ""a35e426668d16255bf236cc1f3a1849a""})"
"(:VERTEX {memory address: ""7f23eef69000"",size: ""1000"",subtype: ""memory"",tgid: ""172093"",source: ""syscall"",type: ""Artifact"",version: ""0"",hash: ""06fd2c24681b74cb07d9d6adc54a3077""})"
"(:VERTEX {memory address: ""7f23eeb76000"",size: ""1000"",subtype: ""memory"",tgid: ""172093"",source: ""syscall"",type: ""Artifact"",version: ""0"",hash: ""c894a337f283317f7ab987011fea696c""})"
"(:VERTEX {memory address: ""7f63bb114000"",size: ""11000"",subtype: ""memory"",tgid: ""172956"",source: ""syscall"",type: ""Artifact"",version: ""542"",hash: ""e1226d578c7bad17ed79fdcac033e55d""})"
"(:VERTEX {memory address: ""7f63bb114000"",size: ""11000"",subtype: ""memory"",tgid: ""172956"",source: ""syscall"",type: ""Artifact"",version: ""543"",hash: ""eaabea3d41f9123b945c0125cf4d8932""})"
"(:VERTEX {path: ""/sys/target32:0:0"",subtype: ""directory"",permissions: ""0755"",epoch: ""0"",source: ""syscall"",type: ""Artifact"",version: ""0"",hash: ""45bfeba63d201e6f7f2bfb9ac5d3d900""})"
"(:VERTEX {path: ""/sys/target32:0:0/32:0:0:0"",subtype: ""directory"",permissions: ""0755"",epoch: ""0"",source: ""syscall"",type: ""Artifact"",version: ""0"",hash: ""e726003612f4c6e52b60d96f120afef7""})"
"(:VERTEX {path: ""/sys/target32:0:0/32:0:0:0/block"",subtype: ""directory"",permissions: ""0755"",epoch: ""0"",source: ""syscall"",type: ""Artifact"",version: ""0"",hash: ""dbf659d95313847c84bc00592d91e558""})"
"(:VERTEX {path: ""/sys/target32:0:0/32:0:0:0/block/sda"",subtype: ""directory"",permissions: ""0755"",epoch: ""0"",source: ""syscall"",type: ""Artifact"",version: ""0"",hash: ""45744735603ea9c681af5af878b84585""})"
"(:VERTEX {path: ""/sys/target32:0:0/32:0:0:0/block/sda/sda2"",subtype: ""directory"",permissions: ""0755"",epoch: ""0"",source: ""syscall"",type: ""Artifact"",version: ""0"",hash: ""b81b14311ee178596b3931e53a6554c2""})"
"(:VERTEX {memory address: ""7f63bb114000"",size: ""11000"",subtype: ""memory"",tgid: ""172956"",source: ""syscall"",type: ""Artifact"",version: ""544"",hash: ""541fe6bf473e23b521029dc300cb1dc1""})"
"(:VERTEX {memory address: ""7f63bd2ed000"",size: ""2000"",subtype: ""memory"",tgid: ""172956"",source: ""syscall"",type: ""Artifact"",version: ""14"",hash: ""c849256ee4f9a31b73088c5da9ad2de4""})"
"(:VERTEX {memory address: ""7f63bd1bd000"",size: ""9000"",subtype: ""memory"",tgid: ""172956"",source: ""syscall"",type: ""Artifact"",version: ""305"",hash: ""b5d4b5a791317dbf6543a4bd1e18bbb6""})"
"(:VERTEX {memory address: ""7f63bb15d000"",size: ""9000"",subtype: ""memory"",tgid: ""172956"",source: ""syscall"",type: ""Artifact"",version: ""179"",hash: ""ffd5f5e1a47cb88b926e8b04fd965734""})"
"(:VERTEX {memory address: ""7f63bb11c000"",size: ""9000"",subtype: ""memory"",tgid: ""172956"",source: ""syscall"",type: ""Artifact"",version: ""315"",hash: ""f79cb1964a976cd3ab6175a55fd0db71""})"
"(:VERTEX {memory address: ""7f63bb113000"",size: ""9000"",subtype: ""memory"",tgid: ""172956"",source: ""syscall"",type: ""Artifact"",version: ""272"",hash: ""80b14bc975d45ff7e2f07472e14a0a56""})"
"(:VERTEX {memory address: ""7f63bd1e6000"",size: ""7000"",subtype: ""memory"",tgid: ""172956"",source: ""syscall"",type: ""Artifact"",version: ""239"",hash: ""383d1a42c746f8712cb11c9cd379d280""})"
"(:VERTEX {memory address: ""7f63bb10a000"",size: ""9000"",subtype: ""memory"",tgid: ""172956"",source: ""syscall"",type: ""Artifact"",version: ""229"",hash: ""d71eb9226a79b9e50b5fd5da2545c2bf""})"
"(:VERTEX {memory address: ""7f63bb102000"",size: ""11000"",subtype: ""memory"",tgid: ""172956"",source: ""syscall"",type: ""Artifact"",version: ""28"",hash: ""0eae7b600b78edb7fc5115cef1528437""})"
"(:VERTEX {memory address: ""7f63bb10a000"",size: ""9000"",subtype: ""memory"",tgid: ""172956"",source: ""syscall"",type: ""Artifact"",version: ""230"",hash: ""af67d383260b921a352f10b9368ad973""})"
"(:VERTEX {memory address: ""7f63bb101000"",size: ""9000"",subtype: ""memory"",tgid: ""172956"",source: ""syscall"",type: ""Artifact"",version: ""152"",hash: ""055f3aef863b61ace4d0e3a5a437bf62""})"
"(:VERTEX {memory address: ""7f63bb10a000"",size: ""9000"",subtype: ""memory"",tgid: ""172956"",source: ""syscall"",type: ""Artifact"",version: ""231"",hash: ""912824fcd733819d7f85343e96a2016b""})"
"(:VERTEX {memory address: ""7f63bb10a000"",size: ""9000"",subtype: ""memory"",tgid: ""172956"",source: ""syscall"",type: ""Artifact"",version: ""232"",hash: ""06f433c02ed28826d31b107c556fa8f5""})"
"(:VERTEX {memory address: ""7f63bb15d000"",size: ""9000"",subtype: ""memory"",tgid: ""172956"",source: ""syscall"",type: ""Artifact"",version: ""180"",hash: ""ea78481bd32ec428b348eec431d24058""})"
"(:VERTEX {memory address: ""7f63bb113000"",size: ""9000"",subtype: ""memory"",tgid: ""172956"",source: ""syscall"",type: ""Artifact"",version: ""273"",hash: ""06da08aa43c1ada81582acc52b6c40be""})"
"(:VERTEX {memory address: ""7f63bb114000"",size: ""11000"",subtype: ""memory"",tgid: ""172956"",source: ""syscall"",type: ""Artifact"",version: ""545"",hash: ""30087609580cda45802ea46adcdd80c5""})"
"(:VERTEX {memory address: ""7f63bb114000"",size: ""11000"",subtype: ""memory"",tgid: ""172956"",source: ""syscall"",type: ""Artifact"",version: ""546"",hash: ""4b49d3f995849fbe29a5af26ab5089d0""})"
"(:VERTEX {memory address: ""7f63bb114000"",size: ""11000"",subtype: ""memory"",tgid: ""172956"",source: ""syscall"",type: ""Artifact"",version: ""547"",hash: ""7377e65efa75245197f28677547db843""})"
"(:VERTEX {memory address: ""3030c7dc0000"",size: ""40000"",subtype: ""memory"",tgid: ""172956"",source: ""syscall"",type: ""Artifact"",version: ""59"",hash: ""c95bb498889a67e2c37c03df549a11a7""})"
"(:VERTEX {memory address: ""7cb45600000"",size: ""40000"",subtype: ""memory"",tgid: ""172956"",source: ""syscall"",type: ""Artifact"",version: ""59"",hash: ""03d528ad365fe59762ab2f285a515c36""})"
"(:VERTEX {memory address: ""31798280000"",size: ""40000"",subtype: ""memory"",tgid: ""172956"",source: ""syscall"",type: ""Artifact"",version: ""59"",hash: ""8878eb3ad4cbb30aba7f27eac2b6a3b1""})"
"(:VERTEX {memory address: ""11f76ac0000"",size: ""40000"",subtype: ""memory"",tgid: ""172956"",source: ""syscall"",type: ""Artifact"",version: ""59"",hash: ""d2b715caa020e0f17d60fcc8b690fb00""})"
"(:VERTEX {memory address: ""7f63bd231000"",size: ""4000"",subtype: ""memory"",tgid: ""172956"",source: ""syscall"",type: ""Artifact"",version: ""128"",hash: ""690cd0505162cf861c69d2d1a5670591""})"
"(:VERTEX {memory address: ""1dce6d6c0000"",size: ""40000"",subtype: ""memory"",tgid: ""172956"",source: ""syscall"",type: ""Artifact"",version: ""9"",hash: ""d45ea5f5adcb656d0bab0642a5a179b8""})"
"(:VERTEX {memory address: ""24c73be40000"",size: ""40000"",subtype: ""memory"",tgid: ""172956"",source: ""syscall"",type: ""Artifact"",version: ""9"",hash: ""f2c3a8dd66eab25d6a7421757ccaf107""})"
"(:VERTEX {memory address: ""ce06300000"",size: ""40000"",subtype: ""memory"",tgid: ""172956"",source: ""syscall"",type: ""Artifact"",version: ""9"",hash: ""dbf54dea6271383c5eb3c528d090b56b""})"
"(:VERTEX {memory address: ""1c0561980000"",size: ""40000"",subtype: ""memory"",tgid: ""172956"",source: ""syscall"",type: ""Artifact"",version: ""9"",hash: ""5edf299513934f11c5c8856eabb51643""})"
"(:VERTEX {memory address: ""7f63bd2e2000"",size: ""11000"",subtype: ""memory"",tgid: ""172956"",source: ""syscall"",type: ""Artifact"",version: ""1505"",hash: ""358578752a3f23d8cb6eeb7667a73d8b""})"
"(:VERTEX {memory address: ""7f63bd2f1000"",size: ""2000"",subtype: ""memory"",tgid: ""172956"",source: ""syscall"",type: ""Artifact"",version: ""101"",hash: ""2f3143021155d27069eca0f87b16700a""})"
"(:VERTEX {memory address: ""7f63bd2e8000"",size: ""9000"",subtype: ""memory"",tgid: ""172956"",source: ""syscall"",type: ""Artifact"",version: ""37"",hash: ""d37eadc9263077d31ee5ebe408245972""})"
"(:VERTEX {memory address: ""7f63bd1bd000"",size: ""9000"",subtype: ""memory"",tgid: ""172956"",source: ""syscall"",type: ""Artifact"",version: ""306"",hash: ""bbb4d2d61b982cc1f8d5e1be7f2a9172""})"
"(:VERTEX {memory address: ""7f63bb114000"",size: ""11000"",subtype: ""memory"",tgid: ""172956"",source: ""syscall"",type: ""Artifact"",version: ""548"",hash: ""5311f8211c1e2127552b3530732f8f58""})"
"(:VERTEX {memory address: ""7f63bd2e6000"",size: ""2000"",subtype: ""memory"",tgid: ""172956"",source: ""syscall"",type: ""Artifact"",version: ""9"",hash: ""b02e74ce7a10ef73ac798bad1d73548d""})"
"(:VERTEX {memory address: ""7f63bb15d000"",size: ""9000"",subtype: ""memory"",tgid: ""172956"",source: ""syscall"",type: ""Artifact"",version: ""181"",hash: ""ccf07af3261a3a389dc140a514a53894""})"
"(:VERTEX {memory address: ""7f63bb11c000"",size: ""9000"",subtype: ""memory"",tgid: ""172956"",source: ""syscall"",type: ""Artifact"",version: ""316"",hash: ""15fad21a1f57ec56162f78a426423fcf""})"
"(:VERTEX {memory address: ""7f63bb113000"",size: ""9000"",subtype: ""memory"",tgid: ""172956"",source: ""syscall"",type: ""Artifact"",version: ""274"",hash: ""67370218139289b249e38066335e5366""})"
"(:VERTEX {memory address: ""7f63bb113000"",size: ""9000"",subtype: ""memory"",tgid: ""172956"",source: ""syscall"",type: ""Artifact"",version: ""275"",hash: ""78aadbd62a87c647f4b6ea613837e288""})"
"(:VERTEX {memory address: ""7f63bb10a000"",size: ""9000"",subtype: ""memory"",tgid: ""172956"",source: ""syscall"",type: ""Artifact"",version: ""233"",hash: ""36cb4ed0b2cb3fe702581bbb138a108d""})"
"(:VERTEX {memory address: ""7f63bb102000"",size: ""8000"",subtype: ""memory"",tgid: ""172956"",source: ""syscall"",type: ""Artifact"",version: ""5"",hash: ""fc3ef4d482f72586d167ab65088ae26b""})"
"(:VERTEX {memory address: ""7f63bb0f9000"",size: ""9000"",subtype: ""memory"",tgid: ""172956"",source: ""syscall"",type: ""Artifact"",version: ""9"",hash: ""af1bd3696842d5c5c8aad27321ae55b1""})"
"(:VERTEX {memory address: ""7f63bb0e9000"",size: ""10000"",subtype: ""memory"",tgid: ""172956"",source: ""syscall"",type: ""Artifact"",version: ""0"",hash: ""d14f5afe2fb2de9ba99a5a386cfb56b0""})"
"(:VERTEX {memory address: ""7f63bb0e9000"",size: ""10000"",subtype: ""memory"",tgid: ""172956"",source: ""syscall"",type: ""Artifact"",version: ""1"",hash: ""89c03937a770875dd3345489192441ec""})"
"(:VERTEX {memory address: ""7f63bb101000"",size: ""9000"",subtype: ""memory"",tgid: ""172956"",source: ""syscall"",type: ""Artifact"",version: ""153"",hash: ""a451eb387cb407e503aca1acec39da46""})"
"(:VERTEX {memory address: ""7f63bb0f1000"",size: ""10000"",subtype: ""memory"",tgid: ""172956"",source: ""syscall"",type: ""Artifact"",version: ""11"",hash: ""4627cfd54d670970aca1a0762498832b""})"
"(:VERTEX {memory address: ""7f63bb0f1000"",size: ""10000"",subtype: ""memory"",tgid: ""172956"",source: ""syscall"",type: ""Artifact"",version: ""12"",hash: ""8f2471c0391185ce0235425150c89aa1""})"
"(:VERTEX {memory address: ""7f63bb0e8000"",size: ""9000"",subtype: ""memory"",tgid: ""172956"",source: ""syscall"",type: ""Artifact"",version: ""114"",hash: ""b73561079bf0483066019b64ef57b64d""})"
"(:VERTEX {memory address: ""7f63bb0df000"",size: ""9000"",subtype: ""memory"",tgid: ""172956"",source: ""syscall"",type: ""Artifact"",version: ""87"",hash: ""98228962d9762aa36738a6511bb788ae""})"
"(:VERTEX {memory address: ""7f63bb0d6000"",size: ""9000"",subtype: ""memory"",tgid: ""172956"",source: ""syscall"",type: ""Artifact"",version: ""104"",hash: ""6a0bcb1a90a2052eedd77064cabee11d""})"
"(:VERTEX {memory address: ""7f63bb0f1000"",size: ""10000"",subtype: ""memory"",tgid: ""172956"",source: ""syscall"",type: ""Artifact"",version: ""13"",hash: ""cda32a62c89360184fcdb1f7cef88f3c""})"
"(:VERTEX {memory address: ""7f63bb0f1000"",size: ""10000"",subtype: ""memory"",tgid: ""172956"",source: ""syscall"",type: ""Artifact"",version: ""14"",hash: ""ac33efa732451487c4a1c895206802af""})"
"(:VERTEX {memory address: ""7f63bb0f1000"",size: ""10000"",subtype: ""memory"",tgid: ""172956"",source: ""syscall"",type: ""Artifact"",version: ""15"",hash: ""2dd6e724576501eb49d4734d999e2476""})"
"(:VERTEX {memory address: ""7f63bb0e8000"",size: ""9000"",subtype: ""memory"",tgid: ""172956"",source: ""syscall"",type: ""Artifact"",version: ""115"",hash: ""60292f346566b1ee6254b65317e703fb""})"
"(:VERTEX {memory address: ""7f63bb0df000"",size: ""9000"",subtype: ""memory"",tgid: ""172956"",source: ""syscall"",type: ""Artifact"",version: ""88"",hash: ""3a453bafdb77e9b2d283e5d99da641b6""})"
"(:VERTEX {memory address: ""7f63bb0f1000"",size: ""10000"",subtype: ""memory"",tgid: ""172956"",source: ""syscall"",type: ""Artifact"",version: ""16"",hash: ""8bfb26ba82313196a93e05ff266e94df""})"
"(:VERTEX {memory address: ""7f63bb0f1000"",size: ""10000"",subtype: ""memory"",tgid: ""172956"",source: ""syscall"",type: ""Artifact"",version: ""17"",hash: ""97a288f0677bb364a8317f141f4ff322""})"
"(:VERTEX {memory address: ""7f63bb0f1000"",size: ""10000"",subtype: ""memory"",tgid: ""172956"",source: ""syscall"",type: ""Artifact"",version: ""18"",hash: ""45191dd25eb80f7ee28ca6f1a32a4d8d""})"
"(:VERTEX {memory address: ""7f63bb0f1000"",size: ""10000"",subtype: ""memory"",tgid: ""172956"",source: ""syscall"",type: ""Artifact"",version: ""19"",hash: ""5709918754678efb353f5d5dd3d58517""})"
"(:VERTEX {memory address: ""7f63bd1e6000"",size: ""7000"",subtype: ""memory"",tgid: ""172956"",source: ""syscall"",type: ""Artifact"",version: ""240"",hash: ""f50e735112ed1755505895c9e159b57e""})"
"(:VERTEX {memory address: ""7f63bb0e8000"",size: ""9000"",subtype: ""memory"",tgid: ""172956"",source: ""syscall"",type: ""Artifact"",version: ""116"",hash: ""2550070e5c9f550c998cef57e169f275""})"
"(:VERTEX {memory address: ""7f63bb0df000"",size: ""9000"",subtype: ""memory"",tgid: ""172956"",source: ""syscall"",type: ""Artifact"",version: ""89"",hash: ""b34bb6ebe232a63c3e8511a5c97e8c69""})"
"(:VERTEX {memory address: ""7f63bb0f1000"",size: ""10000"",subtype: ""memory"",tgid: ""172956"",source: ""syscall"",type: ""Artifact"",version: ""20"",hash: ""9f79423fb424a720fe8672c6b3e92ebc""})"
"(:VERTEX {memory address: ""7f63bb0f1000"",size: ""10000"",subtype: ""memory"",tgid: ""172956"",source: ""syscall"",type: ""Artifact"",version: ""21"",hash: ""b781e5c4f47a3b2ae48aca1fe520ca7f""})"
"(:VERTEX {memory address: ""7f63bb0df000"",size: ""9000"",subtype: ""memory"",tgid: ""172956"",source: ""syscall"",type: ""Artifact"",version: ""90"",hash: ""1ce870759272933c928a5fc0a4f7bbe6""})"
"(:VERTEX {memory address: ""7f63bb0cd000"",size: ""9000"",subtype: ""memory"",tgid: ""172956"",source: ""syscall"",type: ""Artifact"",version: ""94"",hash: ""5858e64ab96c50cc3bce001c37a77411""})"
"(:VERTEX {memory address: ""7f63bb11c000"",size: ""9000"",subtype: ""memory"",tgid: ""172956"",source: ""syscall"",type: ""Artifact"",version: ""317"",hash: ""3c1d0f0324e711ab1a395302d34ad9b3""})"
"(:VERTEX {memory address: ""7f63bb10a000"",size: ""9000"",subtype: ""memory"",tgid: ""172956"",source: ""syscall"",type: ""Artifact"",version: ""234"",hash: ""8c5668f85da577c6ba0b6a4f372334b4""})"
"(:VERTEX {memory address: ""7f63bb101000"",size: ""9000"",subtype: ""memory"",tgid: ""172956"",source: ""syscall"",type: ""Artifact"",version: ""154"",hash: ""6407079282944299a7dad767079662e7""})"
"(:VERTEX {memory address: ""7f63bb0e8000"",size: ""9000"",subtype: ""memory"",tgid: ""172956"",source: ""syscall"",type: ""Artifact"",version: ""117"",hash: ""dd2df93638572dfad50835569f21db46""})"
"(:VERTEX {memory address: ""7f63bb0d6000"",size: ""9000"",subtype: ""memory"",tgid: ""172956"",source: ""syscall"",type: ""Artifact"",version: ""105"",hash: ""fe1c743462bb776d13669a84b4263299""})"
"(:VERTEX {memory address: ""7f63bd1bd000"",size: ""9000"",subtype: ""memory"",tgid: ""172956"",source: ""syscall"",type: ""Artifact"",version: ""307"",hash: ""cc70ebad02fb9073308ee602acd8e6c9""})"
"(:VERTEX {memory address: ""7f63bd2e2000"",size: ""4000"",subtype: ""memory"",tgid: ""172956"",source: ""syscall"",type: ""Artifact"",version: ""14"",hash: ""536f1a2a07dfb38ea2dbc2d1f988b23b""})"
"(:VERTEX {memory address: ""7f63bd2e2000"",size: ""11000"",subtype: ""memory"",tgid: ""172956"",source: ""syscall"",type: ""Artifact"",version: ""1506"",hash: ""520a77e34c4dc3948069ffdd9c0cff79""})"
"(:VERTEX {memory address: ""7f63bd2e2000"",size: ""11000"",subtype: ""memory"",tgid: ""172956"",source: ""syscall"",type: ""Artifact"",version: ""1507"",hash: ""3e624459a1bb061b4260e217b8afc059""})"
"(:VERTEX {memory address: ""7f63bd2f1000"",size: ""2000"",subtype: ""memory"",tgid: ""172956"",source: ""syscall"",type: ""Artifact"",version: ""102"",hash: ""c8468281e063dcbb4b6eff22410de179""})"
"(:VERTEX {memory address: ""7f63bd2e8000"",size: ""9000"",subtype: ""memory"",tgid: ""172956"",source: ""syscall"",type: ""Artifact"",version: ""38"",hash: ""8e32a8eeb39b6f572fbadf2b4318929e""})"
"(:VERTEX {memory address: ""7f63bd1bd000"",size: ""9000"",subtype: ""memory"",tgid: ""172956"",source: ""syscall"",type: ""Artifact"",version: ""308"",hash: ""918289cf3a01ea80e04b7abe52a24ca0""})"
"(:VERTEX {memory address: ""7f63bb15d000"",size: ""9000"",subtype: ""memory"",tgid: ""172956"",source: ""syscall"",type: ""Artifact"",version: ""182"",hash: ""bbef5d4270872a552cad1d0228379be7""})"
"(:VERTEX {memory address: ""7f63bb11c000"",size: ""9000"",subtype: ""memory"",tgid: ""172956"",source: ""syscall"",type: ""Artifact"",version: ""318"",hash: ""2d1bb45bf9dfbab08ab5655aa9a9a4d6""})"
"(:VERTEX {memory address: ""7f63bb11c000"",size: ""9000"",subtype: ""memory"",tgid: ""172956"",source: ""syscall"",type: ""Artifact"",version: ""319"",hash: ""63ae438dc44b9302929abb8efaf867d6""})"
"(:VERTEX {memory address: ""7f63bd1e6000"",size: ""7000"",subtype: ""memory"",tgid: ""172956"",source: ""syscall"",type: ""Artifact"",version: ""241"",hash: ""4041251e75eb5c3e1382cffe4a79ca5a""})"
"(:VERTEX {memory address: ""7f63bb113000"",size: ""9000"",subtype: ""memory"",tgid: ""172956"",source: ""syscall"",type: ""Artifact"",version: ""276"",hash: ""cf36c438bcb491b5ecd154cce34c71be""})"
"(:VERTEX {memory address: ""7f63bb113000"",size: ""9000"",subtype: ""memory"",tgid: ""172956"",source: ""syscall"",type: ""Artifact"",version: ""277"",hash: ""6b358142a8ce12a3e0f7c627ba1a00cb""})"
"(:VERTEX {memory address: ""7f63bb113000"",size: ""9000"",subtype: ""memory"",tgid: ""172956"",source: ""syscall"",type: ""Artifact"",version: ""278"",hash: ""78b048566fd2416f9d8f4fc10c1a6515""})"
"(:VERTEX {memory address: ""7f63bb10a000"",size: ""9000"",subtype: ""memory"",tgid: ""172956"",source: ""syscall"",type: ""Artifact"",version: ""235"",hash: ""0e7747d132d8ba8ecfbe495838e1ea64""})"
"(:VERTEX {memory address: ""7f63bb113000"",size: ""9000"",subtype: ""memory"",tgid: ""172956"",source: ""syscall"",type: ""Artifact"",version: ""279"",hash: ""958b96a872784a87983cbdade512793f""})"
"(:VERTEX {memory address: ""7f63bd1bd000"",size: ""9000"",subtype: ""memory"",tgid: ""172956"",source: ""syscall"",type: ""Artifact"",version: ""309"",hash: ""2944c365a521a6dc587ddd421db5e8e3""})"
"(:VERTEX {memory address: ""7f63bb11c000"",size: ""9000"",subtype: ""memory"",tgid: ""172956"",source: ""syscall"",type: ""Artifact"",version: ""320"",hash: ""2341c996b9f3751b2d2a746ab6245622""})"
"(:VERTEX {memory address: ""7f63bd2e2000"",size: ""11000"",subtype: ""memory"",tgid: ""172956"",source: ""syscall"",type: ""Artifact"",version: ""1508"",hash: ""70277b0cbaa3e13bf5d41b2b47057f5f""})"
"(:VERTEX {memory address: ""7f63bd2e2000"",size: ""11000"",subtype: ""memory"",tgid: ""172956"",source: ""syscall"",type: ""Artifact"",version: ""1509"",hash: ""5207dd580b2212e770557c9077ba183c""})"
"(:VERTEX {memory address: ""7f63bd2e2000"",size: ""11000"",subtype: ""memory"",tgid: ""172956"",source: ""syscall"",type: ""Artifact"",version: ""1510"",hash: ""50e350adf86060dd46a1f4c1e74dbc18""})"
"(:VERTEX {memory address: ""7f63bd2e2000"",size: ""11000"",subtype: ""memory"",tgid: ""172956"",source: ""syscall"",type: ""Artifact"",version: ""1511"",hash: ""93d777afb6b65edf9e47509882a4f6a2""})"
"(:VERTEX {remote port: ""53"",epoch: ""0"",source: ""syscall"",type: ""Artifact"",version: ""0"",local port: ""38740"",net namespace: ""4026532992"",local address: ""10.1.251.244"",protocol: ""udp"",subtype: ""network socket"",remote address: ""10.152.183.10"",hash: ""44211ae03bcad6887a158717b20b05f8""})"
"(:VERTEX {remote port: ""53"",epoch: ""0"",source: ""syscall"",type: ""Artifact"",version: ""0"",local port: ""60952"",net namespace: ""4026532992"",local address: ""10.1.251.244"",protocol: ""udp"",subtype: ""network socket"",remote address: ""10.152.183.10"",hash: ""411e20ffc56252c980e1fcb43e76c493""})"
"(:VERTEX {memory address: ""7f63bd2e2000"",size: ""11000"",subtype: ""memory"",tgid: ""172956"",source: ""syscall"",type: ""Artifact"",version: ""1512"",hash: ""30ed6e6f7394dd36d995ba5abd30bca0""})"
"(:VERTEX {gid: ""0"",euid: ""999"",children pid namespace: ""-1"",pid: ""182158"",seen time: ""1693402045.349"",source: ""syscall"",type: ""Process"",net namespace: ""-1"",ipc namespace: ""-1"",ppid: ""182122"",pid namespace: ""-1"",uid: ""999"",egid: ""0"",exe: ""/"",mount namespace: ""-1"",name: ""runc:[2:INIT]"",hash: ""5841d615caf0ce66a9261c748aac6a03"",user namespace: ""-1""})"
"(:VERTEX {path: ""/proc/182158/attr/apparmor/exec"",subtype: ""file"",permissions: ""0666"",epoch: ""0"",source: ""syscall"",type: ""Artifact"",version: ""0"",hash: ""181ddd92e56670ad4763100d07522f0b""})"
"(:VERTEX {gid: ""0"",euid: ""999"",children pid namespace: ""-1"",start time: ""1693402045.349"",pid: ""182158"",source: ""syscall"",type: ""Process"",net namespace: ""-1"",ipc namespace: ""-1"",ppid: ""182122"",pid namespace: ""-1"",cwd: ""/"",uid: ""999"",egid: ""0"",exe: ""/usr/bin/check-status"",mount namespace: ""-1"",command line: ""/usr/bin/check-status -r"",name: ""check-status"",hash: ""85050dc5f378aabb1be5d1d8d1382e69"",user namespace: ""-1""})"
"(:VERTEX {memory address: ""7f923e3f5000"",size: ""2000"",subtype: ""memory"",tgid: ""182158"",source: ""syscall"",type: ""Artifact"",version: ""0"",hash: ""c794ccdd7ded709d14204b6a1c49e2ec""})"
"(:VERTEX {memory address: ""7f923dfaa000"",size: ""21f4c0"",subtype: ""memory"",tgid: ""182158"",source: ""syscall"",type: ""Artifact"",version: ""0"",hash: ""415406fe4b58cfc02a943d58fc481577""})"
"(:VERTEX {memory address: ""7f923dfc5000"",size: ""1ff000"",subtype: ""memory"",tgid: ""182158"",source: ""syscall"",type: ""Artifact"",version: ""0"",hash: ""ff3371949f25756b858669a19ababdee""})"
"(:VERTEX {memory address: ""7f923e1c4000"",size: ""2000"",subtype: ""memory"",tgid: ""182158"",source: ""syscall"",type: ""Artifact"",version: ""0"",hash: ""149bab5bc0828f256b4ccfa67d112e45""})"
"(:VERTEX {memory address: ""7f923e1c6000"",size: ""34c0"",subtype: ""memory"",tgid: ""182158"",source: ""syscall"",type: ""Artifact"",version: ""0"",hash: ""872fbeffe5dd7d82061e7b49346a0d61""})"
"(:VERTEX {memory address: ""7f923dbe4000"",size: ""3c58c0"",subtype: ""memory"",tgid: ""182158"",source: ""syscall"",type: ""Artifact"",version: ""0"",hash: ""4225acd1946e327d52d3ad5783d79f49""})"
"(:VERTEX {memory address: ""7f923dda0000"",size: ""200000"",subtype: ""memory"",tgid: ""182158"",source: ""syscall"",type: ""Artifact"",version: ""0"",hash: ""5a11e74bcab206e6d04c212b10820eb2""})"
"(:VERTEX {memory address: ""7f923dfa0000"",size: ""6000"",subtype: ""memory"",tgid: ""182158"",source: ""syscall"",type: ""Artifact"",version: ""0"",hash: ""b2156ff684bd8a54a20fd47ccf30e8f0""})"
"(:VERTEX {memory address: ""7f923dfa6000"",size: ""38c0"",subtype: ""memory"",tgid: ""182158"",source: ""syscall"",type: ""Artifact"",version: ""0"",hash: ""cfc2db565f2e071c976810e3a6069341""})"
"(:VERTEX {memory address: ""7f923e3f2000"",size: ""3000"",subtype: ""memory"",tgid: ""182158"",source: ""syscall"",type: ""Artifact"",version: ""0"",hash: ""c09a2382579eac51eabba82105ca52f6""})"
"(:VERTEX {memory address: ""7f923dfa0000"",size: ""4000"",subtype: ""memory"",tgid: ""182158"",source: ""syscall"",type: ""Artifact"",version: ""0"",hash: ""1e69aad249ec9fd70484d40397569731""})"
"(:VERTEX {memory address: ""7f923e1c4000"",size: ""1000"",subtype: ""memory"",tgid: ""182158"",source: ""syscall"",type: ""Artifact"",version: ""0"",hash: ""645fb07900502063d1602bea769e33bf""})"
"(:VERTEX {memory address: ""7f923e3f7000"",size: ""1000"",subtype: ""memory"",tgid: ""182158"",source: ""syscall"",type: ""Artifact"",version: ""0"",hash: ""29b2a18b590a73e55e606c7e775e531c""})"
"(:VERTEX {memory address: ""7f923e3b2000"",size: ""40000"",subtype: ""memory"",tgid: ""182158"",source: ""syscall"",type: ""Artifact"",version: ""0"",hash: ""cc2440b449dfd24727ffd76ba9daf01f""})"
"(:VERTEX {memory address: ""7f923e392000"",size: ""20000"",subtype: ""memory"",tgid: ""182158"",source: ""syscall"",type: ""Artifact"",version: ""0"",hash: ""055fb87965f5c2df0f2c3cfb970f2c39""})"
"(:VERTEX {memory address: ""7f923e292000"",size: ""100000"",subtype: ""memory"",tgid: ""182158"",source: ""syscall"",type: ""Artifact"",version: ""0"",hash: ""ab722e24e80bceb34c75b1bb7e49c253""})"
"(:VERTEX {memory address: ""7f923d3e4000"",size: ""800000"",subtype: ""memory"",tgid: ""182158"",source: ""syscall"",type: ""Artifact"",version: ""0"",hash: ""06d042012b27bf16a07ff31c1a824f4b""})"
"(:VERTEX {memory address: ""7f92393e4000"",size: ""4000000"",subtype: ""memory"",tgid: ""182158"",source: ""syscall"",type: ""Artifact"",version: ""0"",hash: ""05387daf167b43d16809ecf72977d708""})"
"(:VERTEX {memory address: ""7f92193e4000"",size: ""20000000"",subtype: ""memory"",tgid: ""182158"",source: ""syscall"",type: ""Artifact"",version: ""0"",hash: ""ebec90cdf7ac1f0ec4bfee45dda2fecf""})"
"(:VERTEX {memory address: ""c000000000"",size: ""4000000"",subtype: ""memory"",tgid: ""182158"",source: ""syscall"",type: ""Artifact"",version: ""0"",hash: ""d599c198973a0cf251c6ea1a6ad6271c""})"
"(:VERTEX {memory address: ""7f92173e4000"",size: ""2000000"",subtype: ""memory"",tgid: ""182158"",source: ""syscall"",type: ""Artifact"",version: ""0"",hash: ""8efd3aa615a1a9a539bfa20c71d4663c""})"
"(:VERTEX {memory address: ""7f92171d3000"",size: ""210c10"",subtype: ""memory"",tgid: ""182158"",source: ""syscall"",type: ""Artifact"",version: ""0"",hash: ""c5ba2f4ceab407dcbdd1ad3f07d2a611""})"
"(:VERTEX {memory address: ""c000000000"",size: ""400000"",subtype: ""memory"",tgid: ""182158"",source: ""syscall"",type: ""Artifact"",version: ""0"",hash: ""80546cdfaad2528820e205d8e9dc3bc1""})"
"(:VERTEX {memory address: ""7f923e392000"",size: ""20000"",subtype: ""memory"",tgid: ""182158"",source: ""syscall"",type: ""Artifact"",version: ""1"",hash: ""dfe28c8c88e0e16c05ad2917daa5fa1b""})"
"(:VERTEX {memory address: ""7f923e312000"",size: ""1000"",subtype: ""memory"",tgid: ""182158"",source: ""syscall"",type: ""Artifact"",version: ""0"",hash: ""4c0ea42ef16e7f832402169b2b7981b9""})"
"(:VERTEX {memory address: ""7f923d7ea000"",size: ""1000"",subtype: ""memory"",tgid: ""182158"",source: ""syscall"",type: ""Artifact"",version: ""0"",hash: ""5cf9490813e5eedd139aad650873b6ef""})"
"(:VERTEX {memory address: ""7f923b414000"",size: ""1000"",subtype: ""memory"",tgid: ""182158"",source: ""syscall"",type: ""Artifact"",version: ""0"",hash: ""d3183c2d9099e8d119641623f4476bc6""})"
"(:VERTEX {memory address: ""7f923e282000"",size: ""10000"",subtype: ""memory"",tgid: ""182158"",source: ""syscall"",type: ""Artifact"",version: ""0"",hash: ""94dd8f5123c86174b7470ba91c8d513e""})"
"(:VERTEX {memory address: ""7f923e272000"",size: ""10000"",subtype: ""memory"",tgid: ""182158"",source: ""syscall"",type: ""Artifact"",version: ""0"",hash: ""b0419caf9dfc12e1b1b0e540d9be28dd""})"
"(:VERTEX {memory address: ""7f92168d2000"",size: ""801000"",subtype: ""memory"",tgid: ""182158"",source: ""syscall"",type: ""Artifact"",version: ""0"",hash: ""b1011c069203afc2c0b5aa6b21e03f92""})"
"(:VERTEX {memory address: ""7f92168d3000"",size: ""800000"",subtype: ""memory"",tgid: ""182158"",source: ""syscall"",type: ""Artifact"",version: ""0"",hash: ""b06e185e71d00f560a4d99dbcec2fcd4""})"
"(:VERTEX {gid: ""0"",euid: ""999"",children pid namespace: ""4026533508"",start time: ""1693402045.407"",ns pid: ""682"",pid: ""182164"",source: ""syscall"",type: ""Process"",net namespace: ""4026532699"",ipc namespace: ""4026533353"",ppid: ""182158"",pid namespace: ""4026533508"",cwd: ""/"",uid: ""999"",egid: ""0"",exe: ""/usr/bin/check-status"",mount namespace: ""4026533507"",command line: ""/usr/bin/check-status -r"",name: ""check-status"",hash: ""71c862a29cf72f8882b279a0506f7d40"",user namespace: ""4026531837""})"
"(:VERTEX {memory address: ""7f920e8d2000"",size: ""8000000"",subtype: ""memory"",tgid: ""182158"",source: ""syscall"",type: ""Artifact"",version: ""0"",hash: ""f9ff82ec103f45bec61ad5786b9dd829""})"
"(:VERTEX {memory address: ""7f9210000000"",size: ""21000"",subtype: ""memory"",tgid: ""182158"",source: ""syscall"",type: ""Artifact"",version: ""0"",hash: ""6d91342d8aecf753181284179d89d84b""})"
"(:VERTEX {memory address: ""7f92160d1000"",size: ""801000"",subtype: ""memory"",tgid: ""182158"",source: ""syscall"",type: ""Artifact"",version: ""0"",hash: ""e06d5fecb8225a7739f13bb27456c4fa""})"
"(:VERTEX {memory address: ""7f92160d2000"",size: ""800000"",subtype: ""memory"",tgid: ""182158"",source: ""syscall"",type: ""Artifact"",version: ""0"",hash: ""f330e66c32ab1791d88436856a323d0b""})"
"(:VERTEX {gid: ""0"",euid: ""999"",children pid namespace: ""4026533508"",start time: ""1693402045.407"",ns pid: ""683"",pid: ""182165"",source: ""syscall"",type: ""Process"",net namespace: ""4026532699"",ipc namespace: ""4026533353"",ppid: ""182158"",pid namespace: ""4026533508"",cwd: ""/"",uid: ""999"",egid: ""0"",exe: ""/usr/bin/check-status"",mount namespace: ""4026533507"",command line: ""/usr/bin/check-status -r"",name: ""check-status"",hash: ""9357068fda7fd9e8b48b4dcffbda4dd5"",user namespace: ""4026531837""})"
"(:VERTEX {memory address: ""7f92158d0000"",size: ""801000"",subtype: ""memory"",tgid: ""182158"",source: ""syscall"",type: ""Artifact"",version: ""0"",hash: ""057cf5417a27c97ef0afaa456adba2dd""})"
"(:VERTEX {memory address: ""7f92158d1000"",size: ""800000"",subtype: ""memory"",tgid: ""182158"",source: ""syscall"",type: ""Artifact"",version: ""0"",hash: ""5bb3b7084ad8cc63dddf051d7c62fd03""})"
"(:VERTEX {gid: ""0"",euid: ""999"",children pid namespace: ""4026533508"",start time: ""1693402045.407"",ns pid: ""684"",pid: ""182166"",source: ""syscall"",type: ""Process"",net namespace: ""4026532699"",ipc namespace: ""4026533353"",ppid: ""182158"",pid namespace: ""4026533508"",cwd: ""/"",uid: ""999"",egid: ""0"",exe: ""/usr/bin/check-status"",mount namespace: ""4026533507"",command line: ""/usr/bin/check-status -r"",name: ""check-status"",hash: ""8af9335fb82842d48a6a95ea6e68adfd"",user namespace: ""4026531837""})"
"(:VERTEX {memory address: ""7f9208000000"",size: ""8000000"",subtype: ""memory"",tgid: ""182158"",source: ""syscall"",type: ""Artifact"",version: ""0"",hash: ""09064fc6fb7b86a617523ab50af33574""})"
"(:VERTEX {memory address: ""7f9208000000"",size: ""21000"",subtype: ""memory"",tgid: ""182158"",source: ""syscall"",type: ""Artifact"",version: ""0"",hash: ""704c1a50bc45a87cc66f9a4c49ab99a3""})"
"(:VERTEX {memory address: ""7f92150cf000"",size: ""801000"",subtype: ""memory"",tgid: ""182158"",source: ""syscall"",type: ""Artifact"",version: ""0"",hash: ""8715059f6f1c6a3d210059ec5614b1a3""})"
"(:VERTEX {memory address: ""7f92150d0000"",size: ""800000"",subtype: ""memory"",tgid: ""182158"",source: ""syscall"",type: ""Artifact"",version: ""0"",hash: ""e88f1f737ef5d75fd52368e82e7b1023""})"
"(:VERTEX {gid: ""0"",euid: ""999"",children pid namespace: ""4026533508"",start time: ""1693402045.407"",ns pid: ""685"",pid: ""182167"",source: ""syscall"",type: ""Process"",net namespace: ""4026532699"",ipc namespace: ""4026533353"",ppid: ""182158"",pid namespace: ""4026533508"",cwd: ""/"",uid: ""999"",egid: ""0"",exe: ""/usr/bin/check-status"",mount namespace: ""4026533507"",command line: ""/usr/bin/check-status -r"",name: ""check-status"",hash: ""4de71bb07e33dcaf6bacadfa641650dd"",user namespace: ""4026531837""})"
"(:VERTEX {memory address: ""7f920c000000"",size: ""4000000"",subtype: ""memory"",tgid: ""182158"",source: ""syscall"",type: ""Artifact"",version: ""0"",hash: ""65b22ffc3a1e59b3eb5e7669845cbe82""})"
"(:VERTEX {memory address: ""7f920c000000"",size: ""21000"",subtype: ""memory"",tgid: ""182158"",source: ""syscall"",type: ""Artifact"",version: ""0"",hash: ""726fbd95bfd42221ae7848fa8a3cb9bf""})"
"(:VERTEX {memory address: ""7f923e232000"",size: ""40000"",subtype: ""memory"",tgid: ""182158"",source: ""syscall"",type: ""Artifact"",version: ""0"",hash: ""1d419d1e6b3ec9c8c9e7d9cadbed76c6""})"
"(:VERTEX {memory address: ""7f92148ce000"",size: ""801000"",subtype: ""memory"",tgid: ""182158"",source: ""syscall"",type: ""Artifact"",version: ""0"",hash: ""3200af24afba77c91d3eaee5682ee179""})"
"(:VERTEX {memory address: ""7f92148cf000"",size: ""800000"",subtype: ""memory"",tgid: ""182158"",source: ""syscall"",type: ""Artifact"",version: ""0"",hash: ""909709944459dd66a937c90c2b83b4c6""})"
"(:VERTEX {gid: ""0"",euid: ""999"",children pid namespace: ""4026533508"",start time: ""1693402045.407"",ns pid: ""686"",pid: ""182168"",source: ""syscall"",type: ""Process"",net namespace: ""4026532699"",ipc namespace: ""4026533353"",ppid: ""182158"",pid namespace: ""4026533508"",cwd: ""/"",uid: ""999"",egid: ""0"",exe: ""/usr/bin/check-status"",mount namespace: ""4026533507"",command line: ""/usr/bin/check-status -r"",name: ""check-status"",hash: ""9365860e2342efa46ae4091029a749f7"",user namespace: ""4026531837""})"
"(:VERTEX {memory address: ""7f9200000000"",size: ""8000000"",subtype: ""memory"",tgid: ""182158"",source: ""syscall"",type: ""Artifact"",version: ""0"",hash: ""e364811a9c60c30f79b698d54748e23b""})"
"(:VERTEX {memory address: ""7f9200000000"",size: ""21000"",subtype: ""memory"",tgid: ""182158"",source: ""syscall"",type: ""Artifact"",version: ""0"",hash: ""923e0007fa0ed47547baef214e9fd4ae""})"
"(:VERTEX {memory address: ""7f9204000000"",size: ""4000000"",subtype: ""memory"",tgid: ""182158"",source: ""syscall"",type: ""Artifact"",version: ""0"",hash: ""847be7cff7fd4dc003ac0e68df82f7d6""})"
"(:VERTEX {memory address: ""7f9204000000"",size: ""21000"",subtype: ""memory"",tgid: ""182158"",source: ""syscall"",type: ""Artifact"",version: ""0"",hash: ""7f3ca95ccfa3225161430344985c835d""})"
"(:VERTEX {memory address: ""7f63bd2e2000"",size: ""11000"",subtype: ""memory"",tgid: ""172956"",source: ""syscall"",type: ""Artifact"",version: ""1513"",hash: ""88caef5b704316ba63bd53f684721980""})"
"(:VERTEX {memory address: ""7f63bd2e2000"",size: ""11000"",subtype: ""memory"",tgid: ""172956"",source: ""syscall"",type: ""Artifact"",version: ""1514"",hash: ""b3f74d88edc637dbb5499674c9472bb4""})"
"(:VERTEX {memory address: ""7f63bd2e2000"",size: ""11000"",subtype: ""memory"",tgid: ""172956"",source: ""syscall"",type: ""Artifact"",version: ""1515"",hash: ""091ef3bffbfad3cd2ed9ee5cfd0ed441""})"
"(:VERTEX {memory address: ""7f63bd2f1000"",size: ""2000"",subtype: ""memory"",tgid: ""172956"",source: ""syscall"",type: ""Artifact"",version: ""103"",hash: ""4e3bd9752bf6c68f5f4a76d0398226a3""})"
"(:VERTEX {memory address: ""7f63bd2e8000"",size: ""9000"",subtype: ""memory"",tgid: ""172956"",source: ""syscall"",type: ""Artifact"",version: ""39"",hash: ""1bb89066ffba9ecd56942ceb54327500""})"
"(:VERTEX {memory address: ""7f63bd1bd000"",size: ""9000"",subtype: ""memory"",tgid: ""172956"",source: ""syscall"",type: ""Artifact"",version: ""310"",hash: ""1a358e25d6b508de49b6ae16f068c1c8""})"
"(:VERTEX {memory address: ""7f63bb15d000"",size: ""9000"",subtype: ""memory"",tgid: ""172956"",source: ""syscall"",type: ""Artifact"",version: ""183"",hash: ""2796d6f2a8f1577ba9af016a2e0c3cab""})"
"(:VERTEX {memory address: ""7f63bb11c000"",size: ""9000"",subtype: ""memory"",tgid: ""172956"",source: ""syscall"",type: ""Artifact"",version: ""321"",hash: ""541a6ee9b09a93294d34929e70863d46""})"
"(:VERTEX {memory address: ""7f63bd1e6000"",size: ""7000"",subtype: ""memory"",tgid: ""172956"",source: ""syscall"",type: ""Artifact"",version: ""242"",hash: ""7fe043f1833273b93c4733ee290c5845""})"
"(:VERTEX {memory address: ""7f63bd1bd000"",size: ""9000"",subtype: ""memory"",tgid: ""172956"",source: ""syscall"",type: ""Artifact"",version: ""311"",hash: ""2f86491b8d5f39e3d1189efa5184d100""})"
"(:VERTEX {memory address: ""7f63bb11c000"",size: ""9000"",subtype: ""memory"",tgid: ""172956"",source: ""syscall"",type: ""Artifact"",version: ""322"",hash: ""e0f2a7f7d718bdbdfb6191833e81eb55""})"
"(:VERTEX {memory address: ""7f63bb114000"",size: ""11000"",subtype: ""memory"",tgid: ""172956"",source: ""syscall"",type: ""Artifact"",version: ""549"",hash: ""3c726c717bbc6f4431ea0d04d2237414""})"
"(:VERTEX {memory address: ""7fb47b7d6000"",size: ""183000"",subtype: ""memory"",tgid: ""172064"",source: ""syscall"",type: ""Artifact"",version: ""0"",hash: ""f2ac1d8107c4339ed87e22660fb4bc01""})"
"(:VERTEX {memory address: ""7fb47b7d8000"",size: ""181000"",subtype: ""memory"",tgid: ""172064"",source: ""syscall"",type: ""Artifact"",version: ""0"",hash: ""1cd1831bc36298f648409183b84422a0""})"
"(:VERTEX {gid: ""1000"",euid: ""1000"",children pid namespace: ""4026533434"",start time: ""1693402045.713"",ns pid: ""59"",pid: ""182169"",source: ""syscall"",type: ""Process"",net namespace: ""4026532635"",ipc namespace: ""4026533291"",ppid: ""172064"",pid namespace: ""4026533434"",uid: ""1000"",egid: ""1000"",exe: ""/app/cartservice"",mount namespace: ""4026533433"",name: "".NET ThreadPool"",hash: ""a4c5833da4029da97f718707f61bf08a"",user namespace: ""4026531837""})"
"(:VERTEX {memory address: ""7fb49c592000"",size: ""4000"",subtype: ""memory"",tgid: ""172064"",source: ""syscall"",type: ""Artifact"",version: ""0"",hash: ""c3e53f001bc2beb913da19d61bf60e98""})"
"(:VERTEX {memory address: ""7fb49c592000"",size: ""1000"",subtype: ""memory"",tgid: ""172064"",source: ""syscall"",type: ""Artifact"",version: ""0"",hash: ""18c306bff9237dbc75dceb9d7f026590""})"
"(:VERTEX {subtype: ""unnamed pipe"",tgid: ""172064"",epoch: ""11"",source: ""syscall"",read fd: ""205"",type: ""Artifact"",version: ""0"",hash: ""0ceb38c6eb9c6fe4d59d4c30124724ce"",write fd: ""207""})"
"(:VERTEX {memory address: ""7f63bb114000"",size: ""11000"",subtype: ""memory"",tgid: ""172956"",source: ""syscall"",type: ""Artifact"",version: ""550"",hash: ""92686d90ef19a003eee83561a6c309fb""})"
"(:VERTEX {memory address: ""7f63bd2e2000"",size: ""11000"",subtype: ""memory"",tgid: ""172956"",source: ""syscall"",type: ""Artifact"",version: ""1516"",hash: ""0a1fb09851ee88841d9d056f72cfdaa7""})"
"(:VERTEX {memory address: ""7f63bd2e2000"",size: ""11000"",subtype: ""memory"",tgid: ""172956"",source: ""syscall"",type: ""Artifact"",version: ""1517"",hash: ""957f8c4646c7607e730c02bb9c089c66""})"
"(:VERTEX {memory address: ""7f63bd2e2000"",size: ""11000"",subtype: ""memory"",tgid: ""172956"",source: ""syscall"",type: ""Artifact"",version: ""1518"",hash: ""76b07bb51cbcba1135aa256b75daac57""})"
"(:VERTEX {memory address: ""7f63bd2e2000"",size: ""11000"",subtype: ""memory"",tgid: ""172956"",source: ""syscall"",type: ""Artifact"",version: ""1519"",hash: ""4b441f013bc657ea16db309d155b0aa8""})"
"(:VERTEX {memory address: ""7f63bd2e2000"",size: ""11000"",subtype: ""memory"",tgid: ""172956"",source: ""syscall"",type: ""Artifact"",version: ""1520"",hash: ""1182f892fff58eaeea7d7ba72ac439fc""})"
"(:VERTEX {memory address: ""7f63bd2e2000"",size: ""11000"",subtype: ""memory"",tgid: ""172956"",source: ""syscall"",type: ""Artifact"",version: ""1521"",hash: ""79c5730d4215673b14af2f14099a3723""})"
"(:VERTEX {memory address: ""7f63bd2e2000"",size: ""11000"",subtype: ""memory"",tgid: ""172956"",source: ""syscall"",type: ""Artifact"",version: ""1522"",hash: ""c17e66eb55c5af5ea44e18aca596696a""})"
"(:VERTEX {memory address: ""7f63bd2e2000"",size: ""11000"",subtype: ""memory"",tgid: ""172956"",source: ""syscall"",type: ""Artifact"",version: ""1523"",hash: ""530e369a43565224b1c04335e00df674""})"
"(:VERTEX {memory address: ""7f63bd2f1000"",size: ""2000"",subtype: ""memory"",tgid: ""172956"",source: ""syscall"",type: ""Artifact"",version: ""104"",hash: ""da47196612f2ee4edb0558f1b85e8edb""})"
"(:VERTEX {memory address: ""7f63bd2e8000"",size: ""9000"",subtype: ""memory"",tgid: ""172956"",source: ""syscall"",type: ""Artifact"",version: ""40"",hash: ""1d73d6cb302a61409c1e839a04c0fdbb""})"
"(:VERTEX {memory address: ""7f63bd1bd000"",size: ""9000"",subtype: ""memory"",tgid: ""172956"",source: ""syscall"",type: ""Artifact"",version: ""312"",hash: ""0b750532a18f3bfc73ff255be8bc9785""})"
"(:VERTEX {memory address: ""7f63bb15d000"",size: ""9000"",subtype: ""memory"",tgid: ""172956"",source: ""syscall"",type: ""Artifact"",version: ""184"",hash: ""fdde376f6722536468c26b96be5c344f""})"
"(:VERTEX {memory address: ""7f63bb11c000"",size: ""9000"",subtype: ""memory"",tgid: ""172956"",source: ""syscall"",type: ""Artifact"",version: ""323"",hash: ""b46e6d56b94de05f5486d591e33b3395""})"
"(:VERTEX {memory address: ""7f63bb113000"",size: ""9000"",subtype: ""memory"",tgid: ""172956"",source: ""syscall"",type: ""Artifact"",version: ""280"",hash: ""c46233888915f66fd68dbe6d03cb231e""})"
"(:VERTEX {memory address: ""7f63bb10a000"",size: ""9000"",subtype: ""memory"",tgid: ""172956"",source: ""syscall"",type: ""Artifact"",version: ""236"",hash: ""255cbaae60c9ee2a6d53f803a9c92f17""})"
"(:VERTEX {memory address: ""7f63bb101000"",size: ""9000"",subtype: ""memory"",tgid: ""172956"",source: ""syscall"",type: ""Artifact"",version: ""155"",hash: ""dc052f73e4cd9f30674f7b2a3e0eb733""})"
"(:VERTEX {memory address: ""7f63bb11c000"",size: ""9000"",subtype: ""memory"",tgid: ""172956"",source: ""syscall"",type: ""Artifact"",version: ""324"",hash: ""ea869a10e97c3d8a4ea2bf36a72f12c1""})"
"(:VERTEX {memory address: ""7f63bb0f8000"",size: ""9000"",subtype: ""memory"",tgid: ""172956"",source: ""syscall"",type: ""Artifact"",version: ""144"",hash: ""cd7227afe2bccb84c928919b81ab1302""})"
"(:VERTEX {memory address: ""7f63bb0f8000"",size: ""9000"",subtype: ""memory"",tgid: ""172956"",source: ""syscall"",type: ""Artifact"",version: ""145"",hash: ""951bf50bd0029f7b36f9ee1ecaba7273""})"
"(:VERTEX {memory address: ""7f63bb0ef000"",size: ""9000"",subtype: ""memory"",tgid: ""172956"",source: ""syscall"",type: ""Artifact"",version: ""143"",hash: ""8e8b344a6ec76c72acd6ec1b44b96e78""})"
"(:VERTEX {memory address: ""7f63bb0e6000"",size: ""9000"",subtype: ""memory"",tgid: ""172956"",source: ""syscall"",type: ""Artifact"",version: ""138"",hash: ""7e60f3669784889a66f20858e0bbc13c""})"
"(:VERTEX {memory address: ""7f63bb0f8000"",size: ""9000"",subtype: ""memory"",tgid: ""172956"",source: ""syscall"",type: ""Artifact"",version: ""146"",hash: ""8adbd24a9ada1b0ba74eb1812da61744""})"
"(:VERTEX {memory address: ""7f63bb0f8000"",size: ""9000"",subtype: ""memory"",tgid: ""172956"",source: ""syscall"",type: ""Artifact"",version: ""147"",hash: ""b56fb437efb9931d9303570e0946dacf""})"
"(:VERTEX {memory address: ""7f63bb0f8000"",size: ""9000"",subtype: ""memory"",tgid: ""172956"",source: ""syscall"",type: ""Artifact"",version: ""148"",hash: ""9b0b015989edffde8331eb810d4d6305""})"
"(:VERTEX {memory address: ""7f63bb0ef000"",size: ""9000"",subtype: ""memory"",tgid: ""172956"",source: ""syscall"",type: ""Artifact"",version: ""144"",hash: ""b9c0c4412f0a492bfc46d39cb3d1d626""})"
"(:VERTEX {memory address: ""7f63bb0ef000"",size: ""9000"",subtype: ""memory"",tgid: ""172956"",source: ""syscall"",type: ""Artifact"",version: ""145"",hash: ""c1da9525312d97b1e023d0c40aa69f2a""})"
"(:VERTEX {memory address: ""7f63bb0e6000"",size: ""9000"",subtype: ""memory"",tgid: ""172956"",source: ""syscall"",type: ""Artifact"",version: ""139"",hash: ""a1f8c0bca5ca906c1c04b74854a1bf40""})"
"(:VERTEX {memory address: ""7f63bb0dd000"",size: ""9000"",subtype: ""memory"",tgid: ""172956"",source: ""syscall"",type: ""Artifact"",version: ""144"",hash: ""73f55880ed6671e794e94188bb9b6ea4""})"
"(:VERTEX {memory address: ""7f63bb0d4000"",size: ""9000"",subtype: ""memory"",tgid: ""172956"",source: ""syscall"",type: ""Artifact"",version: ""79"",hash: ""b9801cf082015cfe3b83403821f357be""})"
"(:VERTEX {memory address: ""7f63bb0ef000"",size: ""9000"",subtype: ""memory"",tgid: ""172956"",source: ""syscall"",type: ""Artifact"",version: ""146"",hash: ""7568c0acb68df7b9512cb58ac1723165""})"
"(:VERTEX {memory address: ""7f63bb0ed000"",size: ""b000"",subtype: ""memory"",tgid: ""172956"",source: ""syscall"",type: ""Artifact"",version: ""1"",hash: ""dabc8b61418374e3cc7b2399618b600b""})"
"(:VERTEX {memory address: ""7f63bb0e4000"",size: ""9000"",subtype: ""memory"",tgid: ""172956"",source: ""syscall"",type: ""Artifact"",version: ""1"",hash: ""4a2cfd4e4397e138674ccebea43f03dd""})"
"(:VERTEX {memory address: ""7f63bb0ce000"",size: ""16000"",subtype: ""memory"",tgid: ""172956"",source: ""syscall"",type: ""Artifact"",version: ""0"",hash: ""077fae7912b0fdb12451b0cc781dc060""})"
"(:VERTEX {memory address: ""7f63bb0ef000"",size: ""9000"",subtype: ""memory"",tgid: ""172956"",source: ""syscall"",type: ""Artifact"",version: ""147"",hash: ""1ef5e9e67b940fa5fd8345716689a03b""})"
"(:VERTEX {memory address: ""7f63bb0e6000"",size: ""9000"",subtype: ""memory"",tgid: ""172956"",source: ""syscall"",type: ""Artifact"",version: ""140"",hash: ""9dcb7fe09f7cbd8e06f9cdc0a6359954""})"
"(:VERTEX {memory address: ""7f63bb0dd000"",size: ""9000"",subtype: ""memory"",tgid: ""172956"",source: ""syscall"",type: ""Artifact"",version: ""145"",hash: ""f9972512a7552d1b8cdc609ae4c11764""})"
"(:VERTEX {memory address: ""7f63bb0ef000"",size: ""9000"",subtype: ""memory"",tgid: ""172956"",source: ""syscall"",type: ""Artifact"",version: ""148"",hash: ""07d7f6310ed4c0a739ee8d17811311ab""})"
"(:VERTEX {memory address: ""7f63bb0dd000"",size: ""9000"",subtype: ""memory"",tgid: ""172956"",source: ""syscall"",type: ""Artifact"",version: ""146"",hash: ""f0b9b97c6551cfd16fd4ed57339b68ae""})"
"(:VERTEX {memory address: ""7f63bd1bd000"",size: ""9000"",subtype: ""memory"",tgid: ""172956"",source: ""syscall"",type: ""Artifact"",version: ""313"",hash: ""a514232a3083f0764d829806ca942d22""})"
"(:VERTEX {memory address: ""7f63bb15d000"",size: ""9000"",subtype: ""memory"",tgid: ""172956"",source: ""syscall"",type: ""Artifact"",version: ""185"",hash: ""0ca5a29c22facb334f9071f39ea4aa03""})"
"(:VERTEX {memory address: ""7f63bb11c000"",size: ""9000"",subtype: ""memory"",tgid: ""172956"",source: ""syscall"",type: ""Artifact"",version: ""325"",hash: ""c9e50a200e4191d948f2b45e47c50a9f""})"
"(:VERTEX {memory address: ""7f63bb113000"",size: ""9000"",subtype: ""memory"",tgid: ""172956"",source: ""syscall"",type: ""Artifact"",version: ""281"",hash: ""2922eae586745b46d0df709982008fec""})"
"(:VERTEX {memory address: ""7f63bb101000"",size: ""9000"",subtype: ""memory"",tgid: ""172956"",source: ""syscall"",type: ""Artifact"",version: ""156"",hash: ""6a8064f5b7bbf4f5ad322681ee9b63c0""})"
"(:VERTEX {memory address: ""7f63bb0f8000"",size: ""9000"",subtype: ""memory"",tgid: ""172956"",source: ""syscall"",type: ""Artifact"",version: ""149"",hash: ""40fa8f08f77b09c7791aeebfc25abae1""})"
"(:VERTEX {memory address: ""7f63bb0e6000"",size: ""9000"",subtype: ""memory"",tgid: ""172956"",source: ""syscall"",type: ""Artifact"",version: ""141"",hash: ""9cbe49f0808b4f7080355b83e8c62d7f""})"
"(:VERTEX {memory address: ""7f63bd2e2000"",size: ""11000"",subtype: ""memory"",tgid: ""172956"",source: ""syscall"",type: ""Artifact"",version: ""1524"",hash: ""ad7845aa2f007a806ad4ed32c028d650""})"
"(:VERTEX {memory address: ""7f63bd2e2000"",size: ""11000"",subtype: ""memory"",tgid: ""172956"",source: ""syscall"",type: ""Artifact"",version: ""1525"",hash: ""d10df8f91f1816dff8846561126398a0""})"
"(:VERTEX {memory address: ""7f63bd2e2000"",size: ""11000"",subtype: ""memory"",tgid: ""172956"",source: ""syscall"",type: ""Artifact"",version: ""1526"",hash: ""5544af5a1d1650918dd4b3865b7fd573""})"
"(:VERTEX {memory address: ""7f63bd2e2000"",size: ""11000"",subtype: ""memory"",tgid: ""172956"",source: ""syscall"",type: ""Artifact"",version: ""1527"",hash: ""a4f401129b38214dd86a2af4bd1815df""})"
"(:VERTEX {memory address: ""7f63bd2e2000"",size: ""11000"",subtype: ""memory"",tgid: ""172956"",source: ""syscall"",type: ""Artifact"",version: ""1528"",hash: ""5e7c8ef842065fbbdc707c29f48b7619""})"
"(:VERTEX {memory address: ""7f63bd2e2000"",size: ""11000"",subtype: ""memory"",tgid: ""172956"",source: ""syscall"",type: ""Artifact"",version: ""1529"",hash: ""abd1b81a9f87ce132cf7327fe2c375bf""})"
"(:VERTEX {memory address: ""7f63bd2e2000"",size: ""11000"",subtype: ""memory"",tgid: ""172956"",source: ""syscall"",type: ""Artifact"",version: ""1530"",hash: ""95420ed08b0f7515c9326f05c3b4cc67""})"
"(:VERTEX {memory address: ""7f63bd2e2000"",size: ""11000"",subtype: ""memory"",tgid: ""172956"",source: ""syscall"",type: ""Artifact"",version: ""1531"",hash: ""086e4296cdf3a1ed787888ec6ae79a46""})"
"(:VERTEX {memory address: ""7f63bd2f1000"",size: ""2000"",subtype: ""memory"",tgid: ""172956"",source: ""syscall"",type: ""Artifact"",version: ""105"",hash: ""d5ffc1103b751389ef891ce4108ee7cd""})"
"(:VERTEX {memory address: ""7f63bd2e8000"",size: ""9000"",subtype: ""memory"",tgid: ""172956"",source: ""syscall"",type: ""Artifact"",version: ""41"",hash: ""0eb28749206128a5c9755e44877dda98""})"
"(:VERTEX {memory address: ""7f63bd1bd000"",size: ""9000"",subtype: ""memory"",tgid: ""172956"",source: ""syscall"",type: ""Artifact"",version: ""314"",hash: ""ec1af98967c44604c4f33b0b491b5dce""})"
"(:VERTEX {memory address: ""7f63bb15d000"",size: ""9000"",subtype: ""memory"",tgid: ""172956"",source: ""syscall"",type: ""Artifact"",version: ""186"",hash: ""6ab4bb589437f726b971d356f7d16e99""})"
"(:VERTEX {memory address: ""7f63bb11c000"",size: ""9000"",subtype: ""memory"",tgid: ""172956"",source: ""syscall"",type: ""Artifact"",version: ""326"",hash: ""5f43245ae8e9838b8a5f94d1da8fc268""})"
"(:VERTEX {memory address: ""7f63bb113000"",size: ""9000"",subtype: ""memory"",tgid: ""172956"",source: ""syscall"",type: ""Artifact"",version: ""282"",hash: ""955cc9a4416a8c211daa7d82c5f96bb5""})"
"(:VERTEX {memory address: ""7f63bb10a000"",size: ""9000"",subtype: ""memory"",tgid: ""172956"",source: ""syscall"",type: ""Artifact"",version: ""237"",hash: ""f71a23ddc019ac1e3562c7d478e63c38""})"
"(:VERTEX {memory address: ""7f63bb101000"",size: ""9000"",subtype: ""memory"",tgid: ""172956"",source: ""syscall"",type: ""Artifact"",version: ""157"",hash: ""e3a0bba6d7275869fd51f8447ef97ed9""})"
"(:VERTEX {memory address: ""7f63bb0f8000"",size: ""9000"",subtype: ""memory"",tgid: ""172956"",source: ""syscall"",type: ""Artifact"",version: ""150"",hash: ""af089877a9d2af45845eafaccd626300""})"
"(:VERTEX {memory address: ""7f63bb0ef000"",size: ""9000"",subtype: ""memory"",tgid: ""172956"",source: ""syscall"",type: ""Artifact"",version: ""149"",hash: ""22964da53ec09d2e450aa2d8316fed97""})"
"(:VERTEX {memory address: ""7f63bb0e6000"",size: ""9000"",subtype: ""memory"",tgid: ""172956"",source: ""syscall"",type: ""Artifact"",version: ""142"",hash: ""3728ede29bb798b999e7633ef754dede""})"
"(:VERTEX {memory address: ""7f63bb0dd000"",size: ""9000"",subtype: ""memory"",tgid: ""172956"",source: ""syscall"",type: ""Artifact"",version: ""147"",hash: ""f9213ebce6c52a550ed3a8b602a8e287""})"
"(:VERTEX {memory address: ""7f63bb0d4000"",size: ""9000"",subtype: ""memory"",tgid: ""172956"",source: ""syscall"",type: ""Artifact"",version: ""80"",hash: ""b74e91b549d6eddfe06a7c5dc8f75db9""})"
"(:VERTEX {memory address: ""7f63bb0a4000"",size: ""9000"",subtype: ""memory"",tgid: ""172956"",source: ""syscall"",type: ""Artifact"",version: ""33"",hash: ""1fc531a9e31d4e1d94a211885c7101c8""})"
"(:VERTEX {memory address: ""7f63bb09b000"",size: ""9000"",subtype: ""memory"",tgid: ""172956"",source: ""syscall"",type: ""Artifact"",version: ""39"",hash: ""ee2cf7d815f29884ad3fa0d4efe4b328""})"
"(:VERTEX {memory address: ""7f63bb092000"",size: ""9000"",subtype: ""memory"",tgid: ""172956"",source: ""syscall"",type: ""Artifact"",version: ""31"",hash: ""3d3b4d310ed6b8324cc1d92ed4e79bd9""})"
"(:VERTEX {memory address: ""7f63bb11c000"",size: ""9000"",subtype: ""memory"",tgid: ""172956"",source: ""syscall"",type: ""Artifact"",version: ""327"",hash: ""393eb439d31443c2ed9d15eb5c827829""})"
"(:VERTEX {memory address: ""7f63bb0f8000"",size: ""9000"",subtype: ""memory"",tgid: ""172956"",source: ""syscall"",type: ""Artifact"",version: ""151"",hash: ""92ce70e1919309a98af04fbaf1e6fc90""})"
"(:VERTEX {memory address: ""7f63bb0dd000"",size: ""9000"",subtype: ""memory"",tgid: ""172956"",source: ""syscall"",type: ""Artifact"",version: ""148"",hash: ""cd69da8335adc9d89529c251b2865c4d""})"
"(:VERTEX {memory address: ""7f63bb085000"",size: ""d000"",subtype: ""memory"",tgid: ""172956"",source: ""syscall"",type: ""Artifact"",version: ""0"",hash: ""d5930657040ae787cf4e8e14bf8b5d4e""})"
"(:VERTEX {memory address: ""7f63bb0f8000"",size: ""9000"",subtype: ""memory"",tgid: ""172956"",source: ""syscall"",type: ""Artifact"",version: ""152"",hash: ""4a07fd81ab85c42cb2a22fb1e0ed68fa""})"
"(:VERTEX {memory address: ""7f63bb0dd000"",size: ""9000"",subtype: ""memory"",tgid: ""172956"",source: ""syscall"",type: ""Artifact"",version: ""149"",hash: ""6a56397eee68057a41224ebdf60269fc""})"
"(:VERTEX {memory address: ""7f63bb09b000"",size: ""9000"",subtype: ""memory"",tgid: ""172956"",source: ""syscall"",type: ""Artifact"",version: ""40"",hash: ""7c220a0b113d3e9625e40079af57ef6e""})"
"(:VERTEX {memory address: ""7f63bb07c000"",size: ""9000"",subtype: ""memory"",tgid: ""172956"",source: ""syscall"",type: ""Artifact"",version: ""57"",hash: ""a6d0d54ffe1f5ba8c866d0882791124d""})"
"(:VERTEX {memory address: ""7f63bb073000"",size: ""9000"",subtype: ""memory"",tgid: ""172956"",source: ""syscall"",type: ""Artifact"",version: ""28"",hash: ""a46fdd3c5d3a716d25f7fa17341e4da9""})"
"(:VERTEX {memory address: ""7f63bb06a000"",size: ""9000"",subtype: ""memory"",tgid: ""172956"",source: ""syscall"",type: ""Artifact"",version: ""24"",hash: ""051ba44a9522771883356a95a7cb91aa""})"
"(:VERTEX {memory address: ""7f63bb061000"",size: ""9000"",subtype: ""memory"",tgid: ""172956"",source: ""syscall"",type: ""Artifact"",version: ""20"",hash: ""5a8fe4d0991d6326d64c3ffd722b9a91""})"
"(:VERTEX {memory address: ""7f63bb0f8000"",size: ""9000"",subtype: ""memory"",tgid: ""172956"",source: ""syscall"",type: ""Artifact"",version: ""153"",hash: ""4b20a907c28b3c67bbb243ae6013f29b""})"
"(:VERTEX {memory address: ""7f63bb09b000"",size: ""9000"",subtype: ""memory"",tgid: ""172956"",source: ""syscall"",type: ""Artifact"",version: ""41"",hash: ""0afcffc45c48d5d773290b95e7dd7e52""})"
"(:VERTEX {memory address: ""7f63bb0f8000"",size: ""9000"",subtype: ""memory"",tgid: ""172956"",source: ""syscall"",type: ""Artifact"",version: ""154"",hash: ""999ee7eeb8d3a85ccc9c9fbf0299c304""})"
"(:VERTEX {memory address: ""7f63bb09b000"",size: ""9000"",subtype: ""memory"",tgid: ""172956"",source: ""syscall"",type: ""Artifact"",version: ""42"",hash: ""aeedfa8a49e222aa2e16ce3c763d5ca3""})"
"(:VERTEX {memory address: ""7f63bb0f8000"",size: ""9000"",subtype: ""memory"",tgid: ""172956"",source: ""syscall"",type: ""Artifact"",version: ""155"",hash: ""1a1ee2fd4fc89ad81d97fe08c08d898b""})"
"(:VERTEX {memory address: ""7f63bb0f8000"",size: ""9000"",subtype: ""memory"",tgid: ""172956"",source: ""syscall"",type: ""Artifact"",version: ""156"",hash: ""bad2c84d95a6d37e07f529753b9547d9""})"
"(:VERTEX {memory address: ""7f63bb089000"",size: ""9000"",subtype: ""memory"",tgid: ""172956"",source: ""syscall"",type: ""Artifact"",version: ""29"",hash: ""366af2bb00a9a0988c18ed5ee0534a64""})"
"(:VERTEX {memory address: ""7f63bb080000"",size: ""9000"",subtype: ""memory"",tgid: ""172956"",source: ""syscall"",type: ""Artifact"",version: ""24"",hash: ""49d3ce02778712b79329201950dd946e""})"
"(:VERTEX {memory address: ""7f63bb077000"",size: ""9000"",subtype: ""memory"",tgid: ""172956"",source: ""syscall"",type: ""Artifact"",version: ""16"",hash: ""beff928d3dafc1ab7e6cabaccd1a51b4""})"
"(:VERTEX {memory address: ""7f63bb066000"",size: ""11000"",subtype: ""memory"",tgid: ""172956"",source: ""syscall"",type: ""Artifact"",version: ""1"",hash: ""c042d51a67439ed6b9d02895d74605a3""})"
"(:VERTEX {memory address: ""7f63bb06e000"",size: ""9000"",subtype: ""memory"",tgid: ""172956"",source: ""syscall"",type: ""Artifact"",version: ""15"",hash: ""25bfbc7c69ff625f8230d19164840603""})"
"(:VERTEX {memory address: ""7f63bd2e4000"",size: ""4000"",subtype: ""memory"",tgid: ""172956"",source: ""syscall"",type: ""Artifact"",version: ""31"",hash: ""c63bffe81b254c6e5568430cfef4ce8e""})"
"(:VERTEX {memory address: ""7f63bb0f8000"",size: ""9000"",subtype: ""memory"",tgid: ""172956"",source: ""syscall"",type: ""Artifact"",version: ""157"",hash: ""229287c03718c8e77ab414d0e7d720a6""})"
"(:VERTEX {memory address: ""7f63bb089000"",size: ""9000"",subtype: ""memory"",tgid: ""172956"",source: ""syscall"",type: ""Artifact"",version: ""30"",hash: ""c01bcebe38af31a54042c04016e27f68""})"
"(:VERTEX {memory address: ""7f63bb05b000"",size: ""13000"",subtype: ""memory"",tgid: ""172956"",source: ""syscall"",type: ""Artifact"",version: ""0"",hash: ""4d1385c09eda5783efd526c8740caeab""})"
"(:VERTEX {memory address: ""7f63bb0f8000"",size: ""9000"",subtype: ""memory"",tgid: ""172956"",source: ""syscall"",type: ""Artifact"",version: ""158"",hash: ""31ff575cb00d428b7c6b33738393bdf9""})"
"(:VERTEX {memory address: ""7f63bd2e4000"",size: ""4000"",subtype: ""memory"",tgid: ""172956"",source: ""syscall"",type: ""Artifact"",version: ""32"",hash: ""275dd7a062a33e0957888820a435dbf8""})"
"(:VERTEX {memory address: ""7f63bb0f8000"",size: ""9000"",subtype: ""memory"",tgid: ""172956"",source: ""syscall"",type: ""Artifact"",version: ""159"",hash: ""930089934b5d2d1da61a382b71d59f18""})"
"(:VERTEX {memory address: ""7f63bb089000"",size: ""9000"",subtype: ""memory"",tgid: ""172956"",source: ""syscall"",type: ""Artifact"",version: ""31"",hash: ""7318d99379ba265c721631d247196d3b""})"
"(:VERTEX {memory address: ""7f63bb080000"",size: ""9000"",subtype: ""memory"",tgid: ""172956"",source: ""syscall"",type: ""Artifact"",version: ""25"",hash: ""895311f8ac07a9a275fd77d4ef9d3d00""})"
"(:VERTEX {memory address: ""7f63bb065000"",size: ""9000"",subtype: ""memory"",tgid: ""172956"",source: ""syscall"",type: ""Artifact"",version: ""21"",hash: ""a6b8a3666564e878db4fad0b175c183b""})"
"(:VERTEX {memory address: ""7f63bb05c000"",size: ""9000"",subtype: ""memory"",tgid: ""172956"",source: ""syscall"",type: ""Artifact"",version: ""17"",hash: ""5a3716246d8f94218260f4b31ad29245""})"
"(:VERTEX {memory address: ""7f63bb053000"",size: ""9000"",subtype: ""memory"",tgid: ""172956"",source: ""syscall"",type: ""Artifact"",version: ""12"",hash: ""8e5682af43318b63ae6006e42a010d13""})"
"(:VERTEX {memory address: ""7f63bb080000"",size: ""9000"",subtype: ""memory"",tgid: ""172956"",source: ""syscall"",type: ""Artifact"",version: ""26"",hash: ""1d6ec9fe899e5bcfe0ea0ce089a78842""})"
"(:VERTEX {memory address: ""7f63bb065000"",size: ""9000"",subtype: ""memory"",tgid: ""172956"",source: ""syscall"",type: ""Artifact"",version: ""22"",hash: ""2b99880e68026f220cf71a5d98a7165a""})"
"(:VERTEX {memory address: ""7f63bb053000"",size: ""9000"",subtype: ""memory"",tgid: ""172956"",source: ""syscall"",type: ""Artifact"",version: ""13"",hash: ""38902c7583a19a211e3392cbe5044fcb""})"
"(:VERTEX {memory address: ""7f63bd1bd000"",size: ""9000"",subtype: ""memory"",tgid: ""172956"",source: ""syscall"",type: ""Artifact"",version: ""315"",hash: ""5217aa2926d1638c246a6b48dc88569b""})"
"(:VERTEX {memory address: ""7f63bb11c000"",size: ""9000"",subtype: ""memory"",tgid: ""172956"",source: ""syscall"",type: ""Artifact"",version: ""328"",hash: ""c1f8cb00b96926f1b3376d79c3b86a4e""})"
"(:VERTEX {memory address: ""7f63bb113000"",size: ""9000"",subtype: ""memory"",tgid: ""172956"",source: ""syscall"",type: ""Artifact"",version: ""283"",hash: ""3e36a984110b3e69fe4657771853327c""})"
"(:VERTEX {memory address: ""7f63bb10a000"",size: ""9000"",subtype: ""memory"",tgid: ""172956"",source: ""syscall"",type: ""Artifact"",version: ""238"",hash: ""92aa3d0838fa495824e698b496ba2761""})"
"(:VERTEX {memory address: ""7f63bb0f8000"",size: ""9000"",subtype: ""memory"",tgid: ""172956"",source: ""syscall"",type: ""Artifact"",version: ""160"",hash: ""30b0e1d881466cd009053703a7a66513""})"
"(:VERTEX {memory address: ""7f63bb0ef000"",size: ""9000"",subtype: ""memory"",tgid: ""172956"",source: ""syscall"",type: ""Artifact"",version: ""150"",hash: ""4f5fc935dfad82d74f615c930df1e79f""})"
"(:VERTEX {memory address: ""7f63bb0dd000"",size: ""9000"",subtype: ""memory"",tgid: ""172956"",source: ""syscall"",type: ""Artifact"",version: ""150"",hash: ""3939e4a4f257c06d1bb7a28b5af6bfb2""})"
"(:VERTEX {memory address: ""7f63bb0f8000"",size: ""9000"",subtype: ""memory"",tgid: ""172956"",source: ""syscall"",type: ""Artifact"",version: ""161"",hash: ""e7cc1b2842716de9f3a1f0b82e95ceec""})"
"(:VERTEX {memory address: ""7f63bb0d4000"",size: ""9000"",subtype: ""memory"",tgid: ""172956"",source: ""syscall"",type: ""Artifact"",version: ""81"",hash: ""9c488417cdac862fc1081f031d2de083""})"
"(:VERTEX {memory address: ""7f63bb114000"",size: ""11000"",subtype: ""memory"",tgid: ""172956"",source: ""syscall"",type: ""Artifact"",version: ""551"",hash: ""8357cbc136f3bdbaac1b70fe1b0d0ace""})"
"(:VERTEX {memory address: ""7f63bd2e2000"",size: ""11000"",subtype: ""memory"",tgid: ""172956"",source: ""syscall"",type: ""Artifact"",version: ""1532"",hash: ""c0a5c46fb93ea55214aaed824760dede""})"
"(:VERTEX {memory address: ""7f63bd2e2000"",size: ""11000"",subtype: ""memory"",tgid: ""172956"",source: ""syscall"",type: ""Artifact"",version: ""1533"",hash: ""e3118b60edb83f2f7732daf26640455f""})"
"(:VERTEX {memory address: ""7f63bd2e2000"",size: ""11000"",subtype: ""memory"",tgid: ""172956"",source: ""syscall"",type: ""Artifact"",version: ""1534"",hash: ""8fcce78ff55b77c440ac0258fbfcd77b""})"
"(:VERTEX {memory address: ""7f63bd2e2000"",size: ""11000"",subtype: ""memory"",tgid: ""172956"",source: ""syscall"",type: ""Artifact"",version: ""1535"",hash: ""494fb7896a1469de3f363953e5401f74""})"
"(:VERTEX {memory address: ""7f63bd2e2000"",size: ""11000"",subtype: ""memory"",tgid: ""172956"",source: ""syscall"",type: ""Artifact"",version: ""1536"",hash: ""117cadf0e58444846ccc7be2b935f623""})"
"(:VERTEX {memory address: ""7f63bd2e2000"",size: ""11000"",subtype: ""memory"",tgid: ""172956"",source: ""syscall"",type: ""Artifact"",version: ""1537"",hash: ""4cfb113c6b63fbd2cdf8eede19719e6f""})"
"(:VERTEX {memory address: ""7f63bd2e2000"",size: ""11000"",subtype: ""memory"",tgid: ""172956"",source: ""syscall"",type: ""Artifact"",version: ""1538"",hash: ""acbf4774a36ee6e88570db3d1ad89f5b""})"
"(:VERTEX {memory address: ""7f17b7809000"",size: ""11000"",subtype: ""memory"",tgid: ""173004"",source: ""syscall"",type: ""Artifact"",version: ""123"",hash: ""5fc368f23a952968daef543c7a1d3950""})"
"(:VERTEX {memory address: ""7f17b78fb000"",size: ""1000"",subtype: ""memory"",tgid: ""173004"",source: ""syscall"",type: ""Artifact"",version: ""7"",hash: ""a3f892c78cc02a2979451fc67ed2de44""})"
"(:VERTEX {memory address: ""7f17b7809000"",size: ""11000"",subtype: ""memory"",tgid: ""173004"",source: ""syscall"",type: ""Artifact"",version: ""124"",hash: ""6bbaafac6c135b484e24f6dafdb2a477""})"
"(:VERTEX {memory address: ""7f63bd2e2000"",size: ""11000"",subtype: ""memory"",tgid: ""172956"",source: ""syscall"",type: ""Artifact"",version: ""1539"",hash: ""945bae909c942f22fd26f99c883ba75e""})"
"(:VERTEX {memory address: ""7f63bd2e2000"",size: ""11000"",subtype: ""memory"",tgid: ""172956"",source: ""syscall"",type: ""Artifact"",version: ""1540"",hash: ""34e788e4b2c5e8fa242b6a87cc61d8ea""})"
"(:VERTEX {memory address: ""7f63bd2e2000"",size: ""11000"",subtype: ""memory"",tgid: ""172956"",source: ""syscall"",type: ""Artifact"",version: ""1541"",hash: ""aaa10d797f90677a14f8d181636a443d""})"
"(:VERTEX {memory address: ""7f63bd2e2000"",size: ""11000"",subtype: ""memory"",tgid: ""172956"",source: ""syscall"",type: ""Artifact"",version: ""1542"",hash: ""f82591b76772cf08c012ea54b09e9e7d""})"
"(:VERTEX {memory address: ""7f63bd2e2000"",size: ""11000"",subtype: ""memory"",tgid: ""172956"",source: ""syscall"",type: ""Artifact"",version: ""1543"",hash: ""c726c4c4a9e1afa959352b798dcaf87c""})"
"(:VERTEX {memory address: ""7f63bd2e2000"",size: ""11000"",subtype: ""memory"",tgid: ""172956"",source: ""syscall"",type: ""Artifact"",version: ""1544"",hash: ""a02e5e033197088203e0b73f689049a2""})"
"(:VERTEX {memory address: ""7f63bd2e2000"",size: ""11000"",subtype: ""memory"",tgid: ""172956"",source: ""syscall"",type: ""Artifact"",version: ""1545"",hash: ""829f057db564dd298bc157ba3c7f03ab""})"
"(:VERTEX {memory address: ""7f63bd2e2000"",size: ""11000"",subtype: ""memory"",tgid: ""172956"",source: ""syscall"",type: ""Artifact"",version: ""1546"",hash: ""cfa66cbb8abe197e3ea2509579151f6e""})"
"(:VERTEX {memory address: ""7f63bd2e2000"",size: ""11000"",subtype: ""memory"",tgid: ""172956"",source: ""syscall"",type: ""Artifact"",version: ""1547"",hash: ""a649e953bf4cd573ed0b16b742de7d75""})"
"(:VERTEX {memory address: ""7f63bd2e2000"",size: ""11000"",subtype: ""memory"",tgid: ""172956"",source: ""syscall"",type: ""Artifact"",version: ""1548"",hash: ""9822552dec9b5cc52109db328ac7c022""})"
"(:VERTEX {memory address: ""7f63bd2e2000"",size: ""11000"",subtype: ""memory"",tgid: ""172956"",source: ""syscall"",type: ""Artifact"",version: ""1549"",hash: ""a0cd4615e8242bf07b228c2d3538f862""})"
"(:VERTEX {memory address: ""7f63bd2e2000"",size: ""11000"",subtype: ""memory"",tgid: ""172956"",source: ""syscall"",type: ""Artifact"",version: ""1550"",hash: ""f5eff6aa8944bdc14fc72540e9bbbe0a""})"
"(:VERTEX {memory address: ""7f63bd2e2000"",size: ""11000"",subtype: ""memory"",tgid: ""172956"",source: ""syscall"",type: ""Artifact"",version: ""1551"",hash: ""b29c1ec1486c8957aee02c0c66163ee2""})"
"(:VERTEX {memory address: ""7f63bd2e2000"",size: ""11000"",subtype: ""memory"",tgid: ""172956"",source: ""syscall"",type: ""Artifact"",version: ""1552"",hash: ""47528723440d7195d8949e9e17dac671""})"
"(:VERTEX {memory address: ""7f63bd2e2000"",size: ""11000"",subtype: ""memory"",tgid: ""172956"",source: ""syscall"",type: ""Artifact"",version: ""1553"",hash: ""5066ccb2cfda2384622aed504b6496b0""})"
"(:VERTEX {memory address: ""7f63bd2e2000"",size: ""11000"",subtype: ""memory"",tgid: ""172956"",source: ""syscall"",type: ""Artifact"",version: ""1554"",hash: ""4d97c5346fd7c061b9e66787a5fb9620""})"
"(:VERTEX {memory address: ""7f63bd2e2000"",size: ""11000"",subtype: ""memory"",tgid: ""172956"",source: ""syscall"",type: ""Artifact"",version: ""1555"",hash: ""11e1e0fb4216cadd0910995394fa3ae5""})"
"(:VERTEX {memory address: ""7f63bd2e2000"",size: ""11000"",subtype: ""memory"",tgid: ""172956"",source: ""syscall"",type: ""Artifact"",version: ""1556"",hash: ""5f12c65523e37e0bfc23e193be7904a7""})"
"(:VERTEX {memory address: ""7f63bd2e2000"",size: ""11000"",subtype: ""memory"",tgid: ""172956"",source: ""syscall"",type: ""Artifact"",version: ""1557"",hash: ""e31fc69d305a196ac078aee25bf4b11f""})"
"(:VERTEX {memory address: ""7f63bd2e2000"",size: ""11000"",subtype: ""memory"",tgid: ""172956"",source: ""syscall"",type: ""Artifact"",version: ""1558"",hash: ""de528efdc51da3481bb65a05f8809927""})"
"(:VERTEX {memory address: ""7f17b7809000"",size: ""11000"",subtype: ""memory"",tgid: ""173004"",source: ""syscall"",type: ""Artifact"",version: ""125"",hash: ""58f3d4380ca2a35a44502fca062f8b14""})"
"(:VERTEX {memory address: ""7f63bd2e2000"",size: ""11000"",subtype: ""memory"",tgid: ""172956"",source: ""syscall"",type: ""Artifact"",version: ""1559"",hash: ""bfb38fc90c0291216acae2d490cc91d1""})"
"(:VERTEX {memory address: ""7f17b78fb000"",size: ""1000"",subtype: ""memory"",tgid: ""173004"",source: ""syscall"",type: ""Artifact"",version: ""8"",hash: ""5b9419823d149c0f0e09b696c796c193""})"
"(:VERTEX {memory address: ""7f63bd2e2000"",size: ""11000"",subtype: ""memory"",tgid: ""172956"",source: ""syscall"",type: ""Artifact"",version: ""1560"",hash: ""484f7c0c5958fdf4bffebbddf0471b67""})"
"(:VERTEX {memory address: ""7f63bd2e2000"",size: ""11000"",subtype: ""memory"",tgid: ""172956"",source: ""syscall"",type: ""Artifact"",version: ""1561"",hash: ""d6ab2bd800628cbe7621e5e8d23a3191""})"
"(:VERTEX {memory address: ""7f63bd2e2000"",size: ""11000"",subtype: ""memory"",tgid: ""172956"",source: ""syscall"",type: ""Artifact"",version: ""1562"",hash: ""a86810de2e482b002a0128f26f5f893b""})"
"(:VERTEX {memory address: ""1c0561980000"",size: ""40000"",subtype: ""memory"",tgid: ""172956"",source: ""syscall"",type: ""Artifact"",version: ""10"",hash: ""b30f52b45cd8f72b5ff9b39bb50df537""})"
"(:VERTEX {memory address: ""ce06300000"",size: ""40000"",subtype: ""memory"",tgid: ""172956"",source: ""syscall"",type: ""Artifact"",version: ""10"",hash: ""84704f7683a69a34be7efa9237b70dd0""})"
"(:VERTEX {memory address: ""24c73be40000"",size: ""40000"",subtype: ""memory"",tgid: ""172956"",source: ""syscall"",type: ""Artifact"",version: ""10"",hash: ""4ebfd223aa14fb636268acc3e116ce48""})"
"(:VERTEX {memory address: ""1dce6d6c0000"",size: ""40000"",subtype: ""memory"",tgid: ""172956"",source: ""syscall"",type: ""Artifact"",version: ""10"",hash: ""09c4fef23e0f69afcff31d363f34ecb9""})"
"(:VERTEX {memory address: ""7f17b7809000"",size: ""11000"",subtype: ""memory"",tgid: ""173004"",source: ""syscall"",type: ""Artifact"",version: ""126"",hash: ""8551a07b5c74cf2168244a41a97ef007""})"
"(:VERTEX {memory address: ""7f63bd2ef000"",size: ""4000"",subtype: ""memory"",tgid: ""172956"",source: ""syscall"",type: ""Artifact"",version: ""62"",hash: ""103e7852cbf2900ed1f21c302a4bef49""})"
"(:VERTEX {memory address: ""11f76ac0000"",size: ""40000"",subtype: ""memory"",tgid: ""172956"",source: ""syscall"",type: ""Artifact"",version: ""60"",hash: ""68aff788571a521f66482d5a58b75e47""})"
"(:VERTEX {memory address: ""31798280000"",size: ""40000"",subtype: ""memory"",tgid: ""172956"",source: ""syscall"",type: ""Artifact"",version: ""60"",hash: ""7173e2360770c26597f8fb7637521b99""})"
"(:VERTEX {memory address: ""7cb45600000"",size: ""40000"",subtype: ""memory"",tgid: ""172956"",source: ""syscall"",type: ""Artifact"",version: ""60"",hash: ""acf2f6cd6a733e594b87577bdc7aa919""})"
"(:VERTEX {memory address: ""3030c7dc0000"",size: ""40000"",subtype: ""memory"",tgid: ""172956"",source: ""syscall"",type: ""Artifact"",version: ""60"",hash: ""19171a3b16b6e9b149dfb5c3e7d9650b""})"
"(:VERTEX {memory address: ""7f63bd2e2000"",size: ""11000"",subtype: ""memory"",tgid: ""172956"",source: ""syscall"",type: ""Artifact"",version: ""1563"",hash: ""904e5f574a6dcb413b3a8a563432501b""})"
"(:VERTEX {memory address: ""7f63bd2e2000"",size: ""11000"",subtype: ""memory"",tgid: ""172956"",source: ""syscall"",type: ""Artifact"",version: ""1564"",hash: ""0d62a7e4e726175f703fc8ab99b72bf8""})"
"(:VERTEX {memory address: ""7f63bd2e2000"",size: ""11000"",subtype: ""memory"",tgid: ""172956"",source: ""syscall"",type: ""Artifact"",version: ""1565"",hash: ""c7de0d7f038482fabeb50ab0a7701128""})"
"(:VERTEX {memory address: ""7f63bd2e2000"",size: ""11000"",subtype: ""memory"",tgid: ""172956"",source: ""syscall"",type: ""Artifact"",version: ""1566"",hash: ""6606aa1dbf273dff7b63f1c7ae1c96e2""})"
"(:VERTEX {memory address: ""7f63bd2e2000"",size: ""11000"",subtype: ""memory"",tgid: ""172956"",source: ""syscall"",type: ""Artifact"",version: ""1567"",hash: ""c275b7e32fcbdce0865036227adbcf60""})"
"(:VERTEX {memory address: ""7f63bd2e2000"",size: ""11000"",subtype: ""memory"",tgid: ""172956"",source: ""syscall"",type: ""Artifact"",version: ""1568"",hash: ""f54887be71fbedcf9eb5332e7d3ebc21""})"
"(:VERTEX {memory address: ""7f63bd2e2000"",size: ""11000"",subtype: ""memory"",tgid: ""172956"",source: ""syscall"",type: ""Artifact"",version: ""1569"",hash: ""8b14d343c4f72d3f6fee118985d5b0fd""})"
"(:VERTEX {memory address: ""7f63bd2e2000"",size: ""11000"",subtype: ""memory"",tgid: ""172956"",source: ""syscall"",type: ""Artifact"",version: ""1570"",hash: ""9e25476195c302a9a46c1c9a6b42c28b""})"
"(:VERTEX {remote port: ""53"",epoch: ""0"",source: ""syscall"",type: ""Artifact"",version: ""0"",local port: ""36884"",net namespace: ""4026532992"",local address: ""10.1.251.244"",protocol: ""udp"",subtype: ""network socket"",remote address: ""10.152.183.10"",hash: ""9a5435e63459b6e3318dc582e7399f0c""})"
"(:VERTEX {remote port: ""53"",epoch: ""0"",source: ""syscall"",type: ""Artifact"",version: ""0"",local port: ""49614"",net namespace: ""4026532992"",local address: ""10.1.251.244"",protocol: ""udp"",subtype: ""network socket"",remote address: ""10.152.183.10"",hash: ""9618d683d5f9ceb659eff0ab244de23b""})"
"(:VERTEX {memory address: ""7f63bd2e2000"",size: ""11000"",subtype: ""memory"",tgid: ""172956"",source: ""syscall"",type: ""Artifact"",version: ""1571"",hash: ""a7db5d18b8d4d6d6fa41ee3bfde8d836""})"
"(:VERTEX {memory address: ""7f23f4eb6000"",size: ""10000"",subtype: ""memory"",tgid: ""172093"",source: ""syscall"",type: ""Artifact"",version: ""0"",hash: ""257cc7a672fb89784f949572af1a84ed""})"
"(:VERTEX {memory address: ""7f63bd2e2000"",size: ""11000"",subtype: ""memory"",tgid: ""172956"",source: ""syscall"",type: ""Artifact"",version: ""1572"",hash: ""f9c41168b4b401e24b4e8424bb694ba8""})"
"(:VERTEX {memory address: ""7f63bd2e2000"",size: ""11000"",subtype: ""memory"",tgid: ""172956"",source: ""syscall"",type: ""Artifact"",version: ""1573"",hash: ""9958d71cab1676bd6bd0323d71eb622a""})"
"(:VERTEX {memory address: ""7f63bd2e2000"",size: ""11000"",subtype: ""memory"",tgid: ""172956"",source: ""syscall"",type: ""Artifact"",version: ""1574"",hash: ""e4577ca1559571897ff6ac8fb25d8d8e""})"
"(:VERTEX {memory address: ""7f63bd2e2000"",size: ""11000"",subtype: ""memory"",tgid: ""172956"",source: ""syscall"",type: ""Artifact"",version: ""1575"",hash: ""385d604f083028a11d3b7dddfe9229e6""})"
"(:VERTEX {memory address: ""7f63bd2e2000"",size: ""11000"",subtype: ""memory"",tgid: ""172956"",source: ""syscall"",type: ""Artifact"",version: ""1576"",hash: ""c296763c5e8475235652c9b101f8393e""})"
"(:VERTEX {memory address: ""7f63bd2e2000"",size: ""11000"",subtype: ""memory"",tgid: ""172956"",source: ""syscall"",type: ""Artifact"",version: ""1577"",hash: ""a186657957033f8a66c135f185286d8e""})"
"(:VERTEX {memory address: ""7f63bd2e2000"",size: ""11000"",subtype: ""memory"",tgid: ""172956"",source: ""syscall"",type: ""Artifact"",version: ""1578"",hash: ""2783e151a6a883473786b3683067e231""})"
"(:VERTEX {memory address: ""7f63bd2e2000"",size: ""11000"",subtype: ""memory"",tgid: ""172956"",source: ""syscall"",type: ""Artifact"",version: ""1579"",hash: ""6f92df4fded28f3045d66f8c2cb1f757""})"
"(:VERTEX {memory address: ""7f63bd2e2000"",size: ""11000"",subtype: ""memory"",tgid: ""172956"",source: ""syscall"",type: ""Artifact"",version: ""1580"",hash: ""25b3c1a0859a4840545b21cd81ec0c3d""})"
"(:VERTEX {memory address: ""7f63bd2e2000"",size: ""11000"",subtype: ""memory"",tgid: ""172956"",source: ""syscall"",type: ""Artifact"",version: ""1581"",hash: ""879a36672a7d5b97b927b0cea05df7a0""})"
"(:VERTEX {memory address: ""7f63bd2e2000"",size: ""11000"",subtype: ""memory"",tgid: ""172956"",source: ""syscall"",type: ""Artifact"",version: ""1582"",hash: ""d58c7efe7339f7707621f861c8461308""})"
"(:VERTEX {memory address: ""7f63bd2e2000"",size: ""11000"",subtype: ""memory"",tgid: ""172956"",source: ""syscall"",type: ""Artifact"",version: ""1583"",hash: ""0eb669d36bc05a5fb7d1e024ee5cc908""})"
"(:VERTEX {memory address: ""7f63bd2e2000"",size: ""11000"",subtype: ""memory"",tgid: ""172956"",source: ""syscall"",type: ""Artifact"",version: ""1584"",hash: ""137eb6fea9a6a9206957093870bb7c42""})"
"(:VERTEX {memory address: ""7f63bd2e2000"",size: ""11000"",subtype: ""memory"",tgid: ""172956"",source: ""syscall"",type: ""Artifact"",version: ""1585"",hash: ""7644613bddd6ae7421d8cb3227ec8f28""})"
"(:VERTEX {remote port: ""53"",epoch: ""0"",source: ""syscall"",type: ""Artifact"",version: ""0"",local port: ""44588"",net namespace: ""4026532992"",local address: ""10.1.251.244"",protocol: ""udp"",subtype: ""network socket"",remote address: ""10.152.183.10"",hash: ""33eafeabaf6980c4135c7162e90188f5""})"
"(:VERTEX {remote port: ""53"",epoch: ""0"",source: ""syscall"",type: ""Artifact"",version: ""0"",local port: ""46492"",net namespace: ""4026532992"",local address: ""10.1.251.244"",protocol: ""udp"",subtype: ""network socket"",remote address: ""10.152.183.10"",hash: ""ffc6b72c703cf2ec4f077b6cec2a0908""})"
"(:VERTEX {memory address: ""7f63bd2e2000"",size: ""11000"",subtype: ""memory"",tgid: ""172956"",source: ""syscall"",type: ""Artifact"",version: ""1586"",hash: ""820363b91d7bde083a33eff4354d0870""})"
"(:VERTEX {memory address: ""7f63bd2e2000"",size: ""11000"",subtype: ""memory"",tgid: ""172956"",source: ""syscall"",type: ""Artifact"",version: ""1587"",hash: ""ef48f93ebaba3b7f9b4b04bd7d28ca2e""})"
"(:VERTEX {memory address: ""7f63bd2e2000"",size: ""11000"",subtype: ""memory"",tgid: ""172956"",source: ""syscall"",type: ""Artifact"",version: ""1588"",hash: ""be4061ba161000568c609b2605933c2d""})"
"(:VERTEX {memory address: ""7f63bd2e2000"",size: ""11000"",subtype: ""memory"",tgid: ""172956"",source: ""syscall"",type: ""Artifact"",version: ""1589"",hash: ""e9e8ff684c3a063fd7c54aad0bd5a9d7""})"
"(:VERTEX {memory address: ""7f63bd2e2000"",size: ""11000"",subtype: ""memory"",tgid: ""172956"",source: ""syscall"",type: ""Artifact"",version: ""1590"",hash: ""0ed7c893bb3f37b7e3fdf9f9c67ed965""})"
"(:VERTEX {memory address: ""7f63bd2e2000"",size: ""11000"",subtype: ""memory"",tgid: ""172956"",source: ""syscall"",type: ""Artifact"",version: ""1591"",hash: ""bc910dcb4654068ae759c29b6a87617b""})"
"(:VERTEX {memory address: ""7f63bd2e2000"",size: ""11000"",subtype: ""memory"",tgid: ""172956"",source: ""syscall"",type: ""Artifact"",version: ""1592"",hash: ""e3bd85277dd41663eecf620e959f0c13""})"
"(:VERTEX {memory address: ""7f63bd2e2000"",size: ""11000"",subtype: ""memory"",tgid: ""172956"",source: ""syscall"",type: ""Artifact"",version: ""1593"",hash: ""32bff769552559acbc3a6c0d92871a41""})"
"(:VERTEX {memory address: ""7f63bd2e2000"",size: ""11000"",subtype: ""memory"",tgid: ""172956"",source: ""syscall"",type: ""Artifact"",version: ""1594"",hash: ""5b10456b76bed578bc7864072c27c80a""})"
"(:VERTEX {memory address: ""7f63bd2e2000"",size: ""11000"",subtype: ""memory"",tgid: ""172956"",source: ""syscall"",type: ""Artifact"",version: ""1595"",hash: ""1ea3379b764e7d5d2cc157fbbd04561f""})"
"(:VERTEX {memory address: ""7f891c023000"",size: ""3000"",subtype: ""memory"",tgid: ""172967"",source: ""syscall"",type: ""Artifact"",version: ""0"",hash: ""1f5c1d530190f1b5e39c6a4e2fd99599""})"
"(:VERTEX {memory address: ""7f63bd2e2000"",size: ""11000"",subtype: ""memory"",tgid: ""172956"",source: ""syscall"",type: ""Artifact"",version: ""1596"",hash: ""525935733a1a9d2e7265a7e4f6670525""})"
"(:VERTEX {memory address: ""7f63bd2e2000"",size: ""11000"",subtype: ""memory"",tgid: ""172956"",source: ""syscall"",type: ""Artifact"",version: ""1597"",hash: ""4537199a0accf90760caf8f04e64eb3b""})"
"(:VERTEX {memory address: ""7f63bd2e2000"",size: ""11000"",subtype: ""memory"",tgid: ""172956"",source: ""syscall"",type: ""Artifact"",version: ""1598"",hash: ""6214d04e10fdbb37c9f264877d80dba2""})"
"(:VERTEX {memory address: ""7f63bd2e2000"",size: ""11000"",subtype: ""memory"",tgid: ""172956"",source: ""syscall"",type: ""Artifact"",version: ""1599"",hash: ""88d6b9554012195994a0a10278625eaa""})"
"(:VERTEX {memory address: ""7f63bd2e2000"",size: ""11000"",subtype: ""memory"",tgid: ""172956"",source: ""syscall"",type: ""Artifact"",version: ""1600"",hash: ""8d96891c0ee81e3fea8cd7477c9730f4""})"
"(:VERTEX {memory address: ""7f23ee08d000"",size: ""9000"",subtype: ""memory"",tgid: ""172093"",source: ""syscall"",type: ""Artifact"",version: ""0"",hash: ""24ec40ced10fcd16f78f2d8465a7a825""})"
"(:VERTEX {memory address: ""7f63bd2e2000"",size: ""11000"",subtype: ""memory"",tgid: ""172956"",source: ""syscall"",type: ""Artifact"",version: ""1601"",hash: ""ce416817b3c18c10501c8ebfa8b802cd""})"
"(:VERTEX {memory address: ""7f23ee089000"",size: ""d000"",subtype: ""memory"",tgid: ""172093"",source: ""syscall"",type: ""Artifact"",version: ""0"",hash: ""7a30529872192aa9f471218c19c6b1f4""})"
"(:VERTEX {memory address: ""7f23edf70000"",size: ""d000"",subtype: ""memory"",tgid: ""172093"",source: ""syscall"",type: ""Artifact"",version: ""0"",hash: ""36476c358f9c1789d522bf0fc57940d0""})"
"(:VERTEX {remote port: ""33852"",epoch: ""0"",source: ""syscall"",type: ""Artifact"",version: ""0"",local port: ""7070"",net namespace: ""4026532635"",local address: ""0000:0000:0000:0000:0000:0000:0000:0000"",protocol: ""tcp"",subtype: ""network socket"",remote address: ""0000:0000:0000:0000:0000:FFFF:C0A8:2F80"",hash: ""c0e88d7b48b9eaa83a6d9df5d5cd4883""})"
"(:VERTEX {remote port: ""44200"",epoch: ""0"",source: ""syscall"",type: ""Artifact"",version: ""0"",local port: ""7000"",net namespace: ""-1"",local address: ""0000:0000:0000:0000:0000:0000:0000:0000"",protocol: ""tcp"",subtype: ""network socket"",remote address: ""0000:0000:0000:0000:0000:FFFF:C0A8:2F80"",hash: ""ec8b40eea7de96c0f2be50b41189b1a3""})"
"(:VERTEX {memory address: ""7f63bd2e2000"",size: ""11000"",subtype: ""memory"",tgid: ""172956"",source: ""syscall"",type: ""Artifact"",version: ""1602"",hash: ""3b521305daca64045c11af16f84e93a9""})"
"(:VERTEX {memory address: ""7f63bd2e2000"",size: ""11000"",subtype: ""memory"",tgid: ""172956"",source: ""syscall"",type: ""Artifact"",version: ""1603"",hash: ""4e570baf815f33df564fb916573f9d74""})"
"(:VERTEX {memory address: ""7f63bd2e2000"",size: ""11000"",subtype: ""memory"",tgid: ""172956"",source: ""syscall"",type: ""Artifact"",version: ""1604"",hash: ""89dac502104b6c5f6570d59af05b6bfa""})"
"(:VERTEX {memory address: ""7f63bd2e2000"",size: ""11000"",subtype: ""memory"",tgid: ""172956"",source: ""syscall"",type: ""Artifact"",version: ""1605"",hash: ""6f1f65875e2df995314d3e1fb9f7f5e5""})"
"(:VERTEX {memory address: ""7f63bd2e2000"",size: ""11000"",subtype: ""memory"",tgid: ""172956"",source: ""syscall"",type: ""Artifact"",version: ""1606"",hash: ""648e50d4928381a42afbf3c082018ca6""})"
"(:VERTEX {memory address: ""7f63bd2e2000"",size: ""11000"",subtype: ""memory"",tgid: ""172956"",source: ""syscall"",type: ""Artifact"",version: ""1607"",hash: ""91ec0e7554249421ee732779460af04b""})"
"(:VERTEX {memory address: ""7f63bd2e2000"",size: ""11000"",subtype: ""memory"",tgid: ""172956"",source: ""syscall"",type: ""Artifact"",version: ""1608"",hash: ""ec5157acf0ed4fe710e5940b5218535e""})"
"(:VERTEX {memory address: ""7f63bd2e2000"",size: ""11000"",subtype: ""memory"",tgid: ""172956"",source: ""syscall"",type: ""Artifact"",version: ""1609"",hash: ""0d9f52336365c4b6fe493390535fdfa7""})"
"(:VERTEX {memory address: ""7f63bd2e2000"",size: ""11000"",subtype: ""memory"",tgid: ""172956"",source: ""syscall"",type: ""Artifact"",version: ""1610"",hash: ""045a619454dd1d37e68af03fd2085ba3""})"
"(:VERTEX {memory address: ""3030c7dc0000"",size: ""40000"",subtype: ""memory"",tgid: ""172956"",source: ""syscall"",type: ""Artifact"",version: ""61"",hash: ""ff84f04746e33f1a352bf384b93bc1e0""})"
"(:VERTEX {memory address: ""7cb45600000"",size: ""40000"",subtype: ""memory"",tgid: ""172956"",source: ""syscall"",type: ""Artifact"",version: ""61"",hash: ""4cdcf5c0c3c038583a8eca6dbadf6a3a""})"
"(:VERTEX {memory address: ""31798280000"",size: ""40000"",subtype: ""memory"",tgid: ""172956"",source: ""syscall"",type: ""Artifact"",version: ""61"",hash: ""80133e7a6499cd46fa70abec1320c3f1""})"
"(:VERTEX {memory address: ""11f76ac0000"",size: ""40000"",subtype: ""memory"",tgid: ""172956"",source: ""syscall"",type: ""Artifact"",version: ""61"",hash: ""849a03b9861ebe696227188a3d1ddd03""})"
"(:VERTEX {memory address: ""7f63bd2ef000"",size: ""4000"",subtype: ""memory"",tgid: ""172956"",source: ""syscall"",type: ""Artifact"",version: ""63"",hash: ""64eab9e7a90d8a60576eb48fa3e57234""})"
"(:VERTEX {memory address: ""7f63bd2eb000"",size: ""4000"",subtype: ""memory"",tgid: ""172956"",source: ""syscall"",type: ""Artifact"",version: ""53"",hash: ""51c36d7848fd1d9f827d3117f1971440""})"
"(:VERTEX {memory address: ""1dce6d6c0000"",size: ""40000"",subtype: ""memory"",tgid: ""172956"",source: ""syscall"",type: ""Artifact"",version: ""11"",hash: ""cc1ffe73e3e1b6d5305971571007ccc9""})"
"(:VERTEX {memory address: ""24c73be40000"",size: ""40000"",subtype: ""memory"",tgid: ""172956"",source: ""syscall"",type: ""Artifact"",version: ""11"",hash: ""2ce943f5a64e7cf036062215a0ac05dd""})"
"(:VERTEX {memory address: ""ce06300000"",size: ""40000"",subtype: ""memory"",tgid: ""172956"",source: ""syscall"",type: ""Artifact"",version: ""11"",hash: ""60aeeb6da8a82d3d81cb04cadb1ffefa""})"
"(:VERTEX {memory address: ""1c0561980000"",size: ""40000"",subtype: ""memory"",tgid: ""172956"",source: ""syscall"",type: ""Artifact"",version: ""11"",hash: ""16199a803b57291b521e707e27b0da2f""})"
"(:VERTEX {memory address: ""7f63bd2e2000"",size: ""11000"",subtype: ""memory"",tgid: ""172956"",source: ""syscall"",type: ""Artifact"",version: ""1611"",hash: ""def9feab0968d23460d449a9a79d1ffe""})"
"(:VERTEX {memory address: ""7f63bd2e2000"",size: ""11000"",subtype: ""memory"",tgid: ""172956"",source: ""syscall"",type: ""Artifact"",version: ""1612"",hash: ""9ed9944dac42d7bf9547312fd8aa6545""})"
"(:VERTEX {memory address: ""7f63bd2e2000"",size: ""11000"",subtype: ""memory"",tgid: ""172956"",source: ""syscall"",type: ""Artifact"",version: ""1613"",hash: ""515e578f98d7a3d1b6a73cab61362168""})"
"(:VERTEX {memory address: ""7f63bd2e2000"",size: ""11000"",subtype: ""memory"",tgid: ""172956"",source: ""syscall"",type: ""Artifact"",version: ""1614"",hash: ""1a8fa0ede58c963f8e00c82530548440""})"
"(:VERTEX {memory address: ""7f63bd2e2000"",size: ""11000"",subtype: ""memory"",tgid: ""172956"",source: ""syscall"",type: ""Artifact"",version: ""1615"",hash: ""cfd1bbfd2fa835ebec874b0e95d5c4f9""})"
"(:VERTEX {memory address: ""7f17b7809000"",size: ""11000"",subtype: ""memory"",tgid: ""173004"",source: ""syscall"",type: ""Artifact"",version: ""127"",hash: ""dc6951be970b1797c1f7553de57ca6d3""})"
"(:VERTEX {memory address: ""7f17b78fb000"",size: ""1000"",subtype: ""memory"",tgid: ""173004"",source: ""syscall"",type: ""Artifact"",version: ""9"",hash: ""574932086436710f4070845fd77a9cef""})"
"(:VERTEX {memory address: ""7f17b7809000"",size: ""11000"",subtype: ""memory"",tgid: ""173004"",source: ""syscall"",type: ""Artifact"",version: ""128"",hash: ""da8d8208f115cd20db0466b8e4469afe""})"
"(:VERTEX {gid: ""1000"",euid: ""1000"",children pid namespace: ""-1"",pid: ""172064"",seen time: ""1693402051.811"",source: ""syscall"",type: ""Process"",net namespace: ""-1"",ipc namespace: ""-1"",ppid: ""3120"",pid namespace: ""-1"",uid: ""1000"",egid: ""1000"",exe: ""/app/cartservice"",mount namespace: ""-1"",name: "".NET ThreadPool"",hash: ""bdf82424db435064404a8f7e6fd01559"",user namespace: ""-1""})"
"(:VERTEX {memory address: ""7fb49ba26000"",size: ""183000"",subtype: ""memory"",tgid: ""172064"",source: ""syscall"",type: ""Artifact"",version: ""1"",hash: ""3a379edcc0d884f95ae52c18fce46ebb""})"
"(:VERTEX {memory address: ""7fb49ba28000"",size: ""181000"",subtype: ""memory"",tgid: ""172064"",source: ""syscall"",type: ""Artifact"",version: ""1"",hash: ""470151bfc6956d10cb66e61ef06cddf2""})"
"(:VERTEX {gid: ""1000"",euid: ""1000"",children pid namespace: ""4026533434"",start time: ""1693402051.811"",ns pid: ""60"",pid: ""182241"",source: ""syscall"",type: ""Process"",net namespace: ""4026532635"",ipc namespace: ""4026533291"",ppid: ""172064"",pid namespace: ""4026533434"",uid: ""1000"",egid: ""1000"",exe: ""/app/cartservice"",mount namespace: ""4026533433"",name: "".NET ThreadPool"",hash: ""053dc75bc412196b614aba6af31167e6"",user namespace: ""4026531837""})"
"(:VERTEX {memory address: ""7fb49c5bc000"",size: ""4000"",subtype: ""memory"",tgid: ""172064"",source: ""syscall"",type: ""Artifact"",version: ""0"",hash: ""c86a5fd824cb53fa8ea1177e7d74a530""})"
"(:VERTEX {memory address: ""7fb49c5bc000"",size: ""1000"",subtype: ""memory"",tgid: ""172064"",source: ""syscall"",type: ""Artifact"",version: ""0"",hash: ""bb113665213962bd1c656978c3e11656""})"
"(:VERTEX {path: ""/proc/172064/task/60/comm"",subtype: ""file"",permissions: ""0644"",epoch: ""0"",source: ""syscall"",type: ""Artifact"",version: ""0"",hash: ""cfe10cd192ceb6e6cf0480ff1724abc3""})"
"(:VERTEX {subtype: ""unnamed pipe"",tgid: ""172064"",epoch: ""12"",source: ""syscall"",read fd: ""205"",type: ""Artifact"",version: ""0"",hash: ""8c2ffd926eb5cf5408409360d87c66a5"",write fd: ""207""})"
"(:VERTEX {memory address: ""7fb49c5e9000"",size: ""1000"",subtype: ""memory"",tgid: ""172064"",source: ""syscall"",type: ""Artifact"",version: ""106"",hash: ""b239e6f19048389b0773a147d8310cc6""})"
"(:VERTEX {subtype: ""unknown"",tgid: ""172064"",epoch: ""20"",source: ""syscall"",type: ""Artifact"",version: ""0"",hash: ""bbcdae07d989f0ea0e3286947679d6bf"",fd: ""8""})"
"(:VERTEX {memory address: ""7fb49c5ab000"",size: ""11000"",subtype: ""memory"",tgid: ""172064"",source: ""syscall"",type: ""Artifact"",version: ""0"",hash: ""4dc012cbeaf02626e1c5d807025cc037""})"
"(:VERTEX {memory address: ""7fb49c59a000"",size: ""11000"",subtype: ""memory"",tgid: ""172064"",source: ""syscall"",type: ""Artifact"",version: ""0"",hash: ""80589207b134e502712c910a08e81a74""})"
"(:VERTEX {memory address: ""7fb49c581000"",size: ""11000"",subtype: ""memory"",tgid: ""172064"",source: ""syscall"",type: ""Artifact"",version: ""0"",hash: ""e03f9f43fe26bece47f43520afd6acfe""})"
"(:VERTEX {memory address: ""7f63bd2e2000"",size: ""11000"",subtype: ""memory"",tgid: ""172956"",source: ""syscall"",type: ""Artifact"",version: ""1616"",hash: ""ba6a99cacb01b10514d3c90993a77f55""})"
"(:VERTEX {memory address: ""7f63bd2e2000"",size: ""11000"",subtype: ""memory"",tgid: ""172956"",source: ""syscall"",type: ""Artifact"",version: ""1617"",hash: ""41e2ef325814bb57c15072adf8b391cb""})"
"(:VERTEX {memory address: ""7fb49c570000"",size: ""11000"",subtype: ""memory"",tgid: ""172064"",source: ""syscall"",type: ""Artifact"",version: ""0"",hash: ""8f8d1d57ab09bd84aadaf7f30b6365e5""})"
"(:VERTEX {memory address: ""55f8cf9e3000"",size: ""1000"",subtype: ""memory"",tgid: ""172064"",source: ""syscall"",type: ""Artifact"",version: ""0"",hash: ""7a2e2210310218a9de993035ce22654f""})"
"(:VERTEX {memory address: ""7fb49c5e2000"",size: ""2000"",subtype: ""memory"",tgid: ""172064"",source: ""syscall"",type: ""Artifact"",version: ""2"",hash: ""51c8195a44121acacd3979a3c28de61e""})"
"(:VERTEX {memory address: ""7fb49c5e9000"",size: ""1000"",subtype: ""memory"",tgid: ""172064"",source: ""syscall"",type: ""Artifact"",version: ""107"",hash: ""72add8780d216703124d6fdc5c156df7""})"
"(:VERTEX {memory address: ""7f63bd2e2000"",size: ""11000"",subtype: ""memory"",tgid: ""172956"",source: ""syscall"",type: ""Artifact"",version: ""1618"",hash: ""07b54f2034ad5b75db2b1400e950115b""})"
"(:VERTEX {memory address: ""7f63bd2e2000"",size: ""11000"",subtype: ""memory"",tgid: ""172956"",source: ""syscall"",type: ""Artifact"",version: ""1619"",hash: ""e4b36c3d53d13626c1152a4ea927e9a6""})"
"(:VERTEX {memory address: ""7fb49c5e1000"",size: ""1000"",subtype: ""memory"",tgid: ""172064"",source: ""syscall"",type: ""Artifact"",version: ""8"",hash: ""e790f0e5c680720cc6c94a1dfcd2d568""})"
"(:VERTEX {memory address: ""7fb49c5e3000"",size: ""1000"",subtype: ""memory"",tgid: ""172064"",source: ""syscall"",type: ""Artifact"",version: ""6"",hash: ""a604dd3b1e9cd87dea455d57a54b1905""})"
"(:VERTEX {memory address: ""7f63bd2e2000"",size: ""11000"",subtype: ""memory"",tgid: ""172956"",source: ""syscall"",type: ""Artifact"",version: ""1620"",hash: ""c6d29cc724bee277185868430432cc99""})"
"(:VERTEX {memory address: ""7f63bd2e2000"",size: ""11000"",subtype: ""memory"",tgid: ""172956"",source: ""syscall"",type: ""Artifact"",version: ""1621"",hash: ""179005fb66e549e792d8eb9be46e4242""})"
"(:VERTEX {memory address: ""7fb49c5e2000"",size: ""1000"",subtype: ""memory"",tgid: ""172064"",source: ""syscall"",type: ""Artifact"",version: ""5"",hash: ""6e4dce7f3c4425f6272600be94062e2f""})"
"(:VERTEX {memory address: ""7f63bd2e2000"",size: ""11000"",subtype: ""memory"",tgid: ""172956"",source: ""syscall"",type: ""Artifact"",version: ""1622"",hash: ""87cfeba1c48fcd0e1b1b599f3de59c3a""})"
"(:VERTEX {memory address: ""7fb49c5e2000"",size: ""1000"",subtype: ""memory"",tgid: ""172064"",source: ""syscall"",type: ""Artifact"",version: ""6"",hash: ""c9ade8c3c0549a6acd3af0521c5bcca0""})"
"(:VERTEX {memory address: ""7fb49c5e3000"",size: ""1000"",subtype: ""memory"",tgid: ""172064"",source: ""syscall"",type: ""Artifact"",version: ""7"",hash: ""173c185f7436b47c56ff434812569df5""})"
"(:VERTEX {memory address: ""7f63bd2e2000"",size: ""11000"",subtype: ""memory"",tgid: ""172956"",source: ""syscall"",type: ""Artifact"",version: ""1623"",hash: ""e83eb5b4178abb12f904a0e237141c32""})"
"(:VERTEX {memory address: ""7fb49c5e2000"",size: ""1000"",subtype: ""memory"",tgid: ""172064"",source: ""syscall"",type: ""Artifact"",version: ""7"",hash: ""6764d7823149d9a26382c416f3b9d740""})"
"(:VERTEX {memory address: ""7f63bd2e2000"",size: ""11000"",subtype: ""memory"",tgid: ""172956"",source: ""syscall"",type: ""Artifact"",version: ""1624"",hash: ""c7303e7d29bd93a0ab0c47e76321aa25""})"
"(:VERTEX {memory address: ""7f63bd2e2000"",size: ""11000"",subtype: ""memory"",tgid: ""172956"",source: ""syscall"",type: ""Artifact"",version: ""1625"",hash: ""470787a1c09f80e61ff954c5f7538122""})"
"(:VERTEX {memory address: ""7f63bd2e2000"",size: ""11000"",subtype: ""memory"",tgid: ""172956"",source: ""syscall"",type: ""Artifact"",version: ""1626"",hash: ""63e9047964d7dc81dfb39e5f2be03111""})"
"(:VERTEX {memory address: ""7f63bd2e2000"",size: ""11000"",subtype: ""memory"",tgid: ""172956"",source: ""syscall"",type: ""Artifact"",version: ""1627"",hash: ""9ca37875b9b4daf67164fce374001079""})"
"(:VERTEX {memory address: ""7f63bd2e2000"",size: ""11000"",subtype: ""memory"",tgid: ""172956"",source: ""syscall"",type: ""Artifact"",version: ""1628"",hash: ""7e4535393b661b62ec8f54006670224b""})"
"(:VERTEX {memory address: ""7f63bd2e2000"",size: ""11000"",subtype: ""memory"",tgid: ""172956"",source: ""syscall"",type: ""Artifact"",version: ""1629"",hash: ""3bd81443daa7ab23893a7d8f465a8a70""})"
"(:VERTEX {memory address: ""7f63bd2e2000"",size: ""11000"",subtype: ""memory"",tgid: ""172956"",source: ""syscall"",type: ""Artifact"",version: ""1630"",hash: ""188c83ccdc256df472092abdb7f5a2e6""})"
"(:VERTEX {memory address: ""7f63bd2e2000"",size: ""11000"",subtype: ""memory"",tgid: ""172956"",source: ""syscall"",type: ""Artifact"",version: ""1631"",hash: ""f8c0d7aa1c514ec96ffd5ddb7e1cd354""})"
"(:VERTEX {memory address: ""7f63bd2e2000"",size: ""11000"",subtype: ""memory"",tgid: ""172956"",source: ""syscall"",type: ""Artifact"",version: ""1632"",hash: ""c43d9ad474d45a78fce04ee5bd9eb0ee""})"
"(:VERTEX {memory address: ""7f63bd2e2000"",size: ""11000"",subtype: ""memory"",tgid: ""172956"",source: ""syscall"",type: ""Artifact"",version: ""1633"",hash: ""80044154ce40820a2b8f2cb8d872717a""})"
"(:VERTEX {remote port: ""53"",epoch: ""0"",source: ""syscall"",type: ""Artifact"",version: ""0"",local port: ""59015"",net namespace: ""4026532992"",local address: ""10.1.251.244"",protocol: ""udp"",subtype: ""network socket"",remote address: ""10.152.183.10"",hash: ""77fbbaa2cf1fc4d2785f675c54329463""})"
"(:VERTEX {remote port: ""53"",epoch: ""0"",source: ""syscall"",type: ""Artifact"",version: ""0"",local port: ""49033"",net namespace: ""4026532992"",local address: ""10.1.251.244"",protocol: ""udp"",subtype: ""network socket"",remote address: ""10.152.183.10"",hash: ""b4d2d785912631acc18251943053d8b2""})"
"(:VERTEX {memory address: ""7fb49c5e2000"",size: ""1000"",subtype: ""memory"",tgid: ""172064"",source: ""syscall"",type: ""Artifact"",version: ""8"",hash: ""52de39ca81973f48a313969483373287""})"
"(:VERTEX {memory address: ""7fb49c5e2000"",size: ""1000"",subtype: ""memory"",tgid: ""172064"",source: ""syscall"",type: ""Artifact"",version: ""9"",hash: ""9e1f3add21b41a100bbdc6bd6daf20b2""})"
"(:VERTEX {memory address: ""55f8cfbe6000"",size: ""1000"",subtype: ""memory"",tgid: ""172064"",source: ""syscall"",type: ""Artifact"",version: ""0"",hash: ""6adb1022404ad03b12c0e28651a1079d""})"
"(:VERTEX {memory address: ""55f8cf9e4000"",size: ""1000"",subtype: ""memory"",tgid: ""172064"",source: ""syscall"",type: ""Artifact"",version: ""0"",hash: ""a58f9befac95f50408776d3e0dc05694""})"
"(:VERTEX {memory address: ""7fb49c5e1000"",size: ""2000"",subtype: ""memory"",tgid: ""172064"",source: ""syscall"",type: ""Artifact"",version: ""1"",hash: ""b74abbcfd545c8a82ca3db1ff5d7f426""})"
"(:VERTEX {memory address: ""7f63bd2e2000"",size: ""11000"",subtype: ""memory"",tgid: ""172956"",source: ""syscall"",type: ""Artifact"",version: ""1634"",hash: ""ec12007fe120b13e898bedcca4c59b0c""})"
"(:VERTEX {memory address: ""7f63bd2e2000"",size: ""11000"",subtype: ""memory"",tgid: ""172956"",source: ""syscall"",type: ""Artifact"",version: ""1635"",hash: ""88d6ce4db16774ad2b0db50efdaf6da5""})"
"(:VERTEX {memory address: ""7f63bd2e2000"",size: ""11000"",subtype: ""memory"",tgid: ""172956"",source: ""syscall"",type: ""Artifact"",version: ""1636"",hash: ""fa9afbd42a75d94e09ef58770ae7dbef""})"
"(:VERTEX {memory address: ""7f63bd2e2000"",size: ""11000"",subtype: ""memory"",tgid: ""172956"",source: ""syscall"",type: ""Artifact"",version: ""1637"",hash: ""6fd57f6ed451b40107a232b827f361a4""})"
"(:VERTEX {memory address: ""7f63bd2e2000"",size: ""11000"",subtype: ""memory"",tgid: ""172956"",source: ""syscall"",type: ""Artifact"",version: ""1638"",hash: ""cbd01ca318545d984f5dfa89d2b66a2f""})"
"(:VERTEX {memory address: ""7f63bd2e2000"",size: ""11000"",subtype: ""memory"",tgid: ""172956"",source: ""syscall"",type: ""Artifact"",version: ""1639"",hash: ""72e028a379232ab2a64145f1806c8914""})"
"(:VERTEX {memory address: ""7f63bd2e2000"",size: ""11000"",subtype: ""memory"",tgid: ""172956"",source: ""syscall"",type: ""Artifact"",version: ""1640"",hash: ""8c787727788ad8fcec1098deac7c0e89""})"
"(:VERTEX {memory address: ""7f63bd2e2000"",size: ""11000"",subtype: ""memory"",tgid: ""172956"",source: ""syscall"",type: ""Artifact"",version: ""1641"",hash: ""b1f2a9c71dfc0706d5e68b666c3c9b28""})"
"(:VERTEX {memory address: ""7f63bd2e2000"",size: ""11000"",subtype: ""memory"",tgid: ""172956"",source: ""syscall"",type: ""Artifact"",version: ""1642"",hash: ""1ec4a8407718230617013681e79a6bdb""})"
"(:VERTEX {memory address: ""7f63bd2e2000"",size: ""11000"",subtype: ""memory"",tgid: ""172956"",source: ""syscall"",type: ""Artifact"",version: ""1643"",hash: ""1c2f8b9d97aa2347105aab04f625424b""})"
"(:VERTEX {memory address: ""7f63bd2e2000"",size: ""11000"",subtype: ""memory"",tgid: ""172956"",source: ""syscall"",type: ""Artifact"",version: ""1644"",hash: ""5128620dcd0e06a46c361a1c4148f6ba""})"
"(:VERTEX {memory address: ""7f63bd2e2000"",size: ""11000"",subtype: ""memory"",tgid: ""172956"",source: ""syscall"",type: ""Artifact"",version: ""1645"",hash: ""f0a2a8edf03bbe588aeab0b2a117e67d""})"
"(:VERTEX {memory address: ""7f63bd2e2000"",size: ""11000"",subtype: ""memory"",tgid: ""172956"",source: ""syscall"",type: ""Artifact"",version: ""1646"",hash: ""1aa3823d45098c477c062048981cf36a""})"
"(:VERTEX {memory address: ""7f63bd2e2000"",size: ""11000"",subtype: ""memory"",tgid: ""172956"",source: ""syscall"",type: ""Artifact"",version: ""1647"",hash: ""7e2b594776be9578e99fea442361d208""})"
"(:VERTEX {memory address: ""c0007e0000"",size: ""8000"",subtype: ""memory"",tgid: ""172248"",source: ""syscall"",type: ""Artifact"",version: ""0"",hash: ""88b9053f20bb5ed0fcf630f44c36982b""})"
"(:VERTEX {memory address: ""c0007ce000"",size: ""2000"",subtype: ""memory"",tgid: ""172248"",source: ""syscall"",type: ""Artifact"",version: ""0"",hash: ""c7500fa4f7aac3808040c54ce9cf9bc9""})"
"(:VERTEX {memory address: ""c0007c8000"",size: ""2000"",subtype: ""memory"",tgid: ""172248"",source: ""syscall"",type: ""Artifact"",version: ""0"",hash: ""ec82ef9bbe0f064fa1d3082c48bbab42""})"
"(:VERTEX {memory address: ""c0007c2000"",size: ""4000"",subtype: ""memory"",tgid: ""172248"",source: ""syscall"",type: ""Artifact"",version: ""0"",hash: ""5777bebeae946d8fb43c59736cae3d90""})"
"(:VERTEX {memory address: ""c0007b2000"",size: ""10000"",subtype: ""memory"",tgid: ""172248"",source: ""syscall"",type: ""Artifact"",version: ""0"",hash: ""33e38e80d07bba034de2b2afba3a8809""})"
"(:VERTEX {memory address: ""c0007b0000"",size: ""2000"",subtype: ""memory"",tgid: ""172248"",source: ""syscall"",type: ""Artifact"",version: ""0"",hash: ""578ff82c071839daceb9b0f59bb5f317""})"
"(:VERTEX {memory address: ""c0007a8000"",size: ""6000"",subtype: ""memory"",tgid: ""172248"",source: ""syscall"",type: ""Artifact"",version: ""0"",hash: ""07fdec7073497b03b638c2bc1a705194""})"
"(:VERTEX {memory address: ""c000796000"",size: ""2000"",subtype: ""memory"",tgid: ""172248"",source: ""syscall"",type: ""Artifact"",version: ""0"",hash: ""ad31d2d02e483d26377e819b9c187d6b""})"
"(:VERTEX {memory address: ""c000786000"",size: ""8000"",subtype: ""memory"",tgid: ""172248"",source: ""syscall"",type: ""Artifact"",version: ""0"",hash: ""14d9e0c9d8ade1f7c78b78281765050d""})"
"(:VERTEX {memory address: ""c000776000"",size: ""6000"",subtype: ""memory"",tgid: ""172248"",source: ""syscall"",type: ""Artifact"",version: ""0"",hash: ""16fe8ab122d75edbf021aa0b650bf750""})"
"(:VERTEX {memory address: ""c00076e000"",size: ""8000"",subtype: ""memory"",tgid: ""172248"",source: ""syscall"",type: ""Artifact"",version: ""0"",hash: ""bfd8217f8397be5cdbe474ea62790c1a""})"
"(:VERTEX {memory address: ""c000760000"",size: ""2000"",subtype: ""memory"",tgid: ""172248"",source: ""syscall"",type: ""Artifact"",version: ""0"",hash: ""1517f4b4a3717d42c80d7de5f28e05ba""})"
"(:VERTEX {memory address: ""c000754000"",size: ""6000"",subtype: ""memory"",tgid: ""172248"",source: ""syscall"",type: ""Artifact"",version: ""0"",hash: ""0aaab7f1846afe4f0fc7b7bbce492ea0""})"
"(:VERTEX {memory address: ""c000752000"",size: ""2000"",subtype: ""memory"",tgid: ""172248"",source: ""syscall"",type: ""Artifact"",version: ""0"",hash: ""11590ae716e820ae5a2c8e26fbb59986""})"
"(:VERTEX {memory address: ""c000746000"",size: ""a000"",subtype: ""memory"",tgid: ""172248"",source: ""syscall"",type: ""Artifact"",version: ""0"",hash: ""f5ed78042a02ae04edc50f8c9a7d01b6""})"
"(:VERTEX {memory address: ""c000740000"",size: ""4000"",subtype: ""memory"",tgid: ""172248"",source: ""syscall"",type: ""Artifact"",version: ""0"",hash: ""4231ed0fe7080368ca445d311bb635b6""})"
"(:VERTEX {memory address: ""7f63bd2e2000"",size: ""11000"",subtype: ""memory"",tgid: ""172956"",source: ""syscall"",type: ""Artifact"",version: ""1648"",hash: ""05785409909287c39ad5145d53d0b959""})"
"(:VERTEX {memory address: ""7f63bd2e2000"",size: ""11000"",subtype: ""memory"",tgid: ""172956"",source: ""syscall"",type: ""Artifact"",version: ""1649"",hash: ""ba46ae38ed7f79cbc46ad23cc1deecf6""})"
"(:VERTEX {memory address: ""7f63bd2e2000"",size: ""11000"",subtype: ""memory"",tgid: ""172956"",source: ""syscall"",type: ""Artifact"",version: ""1650"",hash: ""ac4e6d760f893f6cc005fd5bb603c10b""})"
"(:VERTEX {memory address: ""7f63bd2e2000"",size: ""11000"",subtype: ""memory"",tgid: ""172956"",source: ""syscall"",type: ""Artifact"",version: ""1651"",hash: ""a6f2da71df3178ab94923fe5c877e65f""})"
"(:VERTEX {memory address: ""7f63bd2e2000"",size: ""11000"",subtype: ""memory"",tgid: ""172956"",source: ""syscall"",type: ""Artifact"",version: ""1652"",hash: ""6fd8035ba2e281990174b79d9d6d042a""})"
"(:VERTEX {remote port: ""40062"",epoch: ""0"",source: ""syscall"",type: ""Artifact"",version: ""0"",local port: ""50051"",net namespace: ""-1"",local address: ""0000:0000:0000:0000:0000:0000:0000:0000"",protocol: ""tcp"",subtype: ""network socket"",remote address: ""0000:0000:0000:0000:0000:FFFF:C0A8:2F80"",hash: ""ec431d8749572579c86917d1d4b28c48""})"
"(:VERTEX {remote port: ""34508"",epoch: ""0"",source: ""syscall"",type: ""Artifact"",version: ""0"",local port: ""8080"",net namespace: ""-1"",local address: ""0000:0000:0000:0000:0000:0000:0000:0000"",protocol: ""tcp"",subtype: ""network socket"",remote address: ""0000:0000:0000:0000:0000:FFFF:C0A8:2F80"",hash: ""2cb010378fc729a9e30bd8ad95ffb43a""})"
"(:VERTEX {remote port: ""38974"",epoch: ""0"",source: ""syscall"",type: ""Artifact"",version: ""0"",local port: ""6379"",net namespace: ""-1"",local address: ""0.0.0.0"",protocol: ""tcp"",subtype: ""network socket"",remote address: ""192.168.47.128"",hash: ""aaad519544c27975a3eea78eed060123""})"
"(:VERTEX {remote port: ""38980"",epoch: ""0"",source: ""syscall"",type: ""Artifact"",version: ""0"",local port: ""6379"",net namespace: ""-1"",local address: ""0.0.0.0"",protocol: ""tcp"",subtype: ""network socket"",remote address: ""192.168.47.128"",hash: ""b3f7131a97af770d7f834d281082cc8d""})"
"(:VERTEX {memory address: ""7f63bd2e2000"",size: ""11000"",subtype: ""memory"",tgid: ""172956"",source: ""syscall"",type: ""Artifact"",version: ""1653"",hash: ""cce3523d4d1419df7e1578ac237be635""})"
"(:VERTEX {memory address: ""7f63bd2f1000"",size: ""2000"",subtype: ""memory"",tgid: ""172956"",source: ""syscall"",type: ""Artifact"",version: ""106"",hash: ""69be1281434a1ae249dde0df86f807b5""})"
"(:VERTEX {memory address: ""7f63bd2e8000"",size: ""9000"",subtype: ""memory"",tgid: ""172956"",source: ""syscall"",type: ""Artifact"",version: ""42"",hash: ""474e4e9684e6bed421185d13de9d8b01""})"
"(:VERTEX {memory address: ""7f63bd2e6000"",size: ""2000"",subtype: ""memory"",tgid: ""172956"",source: ""syscall"",type: ""Artifact"",version: ""10"",hash: ""acff3cfaad471ea2527521845c9da08c""})"
"(:VERTEX {memory address: ""7f63bd1bd000"",size: ""9000"",subtype: ""memory"",tgid: ""172956"",source: ""syscall"",type: ""Artifact"",version: ""316"",hash: ""3756384e04f4a32145545a7ccbb352d7""})"
"(:VERTEX {memory address: ""7f63bb114000"",size: ""11000"",subtype: ""memory"",tgid: ""172956"",source: ""syscall"",type: ""Artifact"",version: ""552"",hash: ""a0765d2707c8185f51802ece873741a3""})"
"(:VERTEX {memory address: ""7f63bb15d000"",size: ""9000"",subtype: ""memory"",tgid: ""172956"",source: ""syscall"",type: ""Artifact"",version: ""187"",hash: ""ba1a2b6349eed05702e08176a169bd40""})"
"(:VERTEX {memory address: ""7f63bb11c000"",size: ""9000"",subtype: ""memory"",tgid: ""172956"",source: ""syscall"",type: ""Artifact"",version: ""329"",hash: ""8a569bd2d33e585d1c9f78d827508f70""})"
"(:VERTEX {memory address: ""7f63bb113000"",size: ""9000"",subtype: ""memory"",tgid: ""172956"",source: ""syscall"",type: ""Artifact"",version: ""284"",hash: ""33d6dd24198aaee02393be18a4fe13d1""})"
"(:VERTEX {memory address: ""7f63bb10a000"",size: ""9000"",subtype: ""memory"",tgid: ""172956"",source: ""syscall"",type: ""Artifact"",version: ""239"",hash: ""46a6783546f1a8b8285c569463b93afb""})"
"(:VERTEX {memory address: ""7f63bb0f9000"",size: ""11000"",subtype: ""memory"",tgid: ""172956"",source: ""syscall"",type: ""Artifact"",version: ""15"",hash: ""2e950a542998a6999b8c1483f7a5dda5""})"
"(:VERTEX {memory address: ""7f63bb101000"",size: ""9000"",subtype: ""memory"",tgid: ""172956"",source: ""syscall"",type: ""Artifact"",version: ""158"",hash: ""17192e381c9e07e992508ced796cae09""})"
"(:VERTEX {memory address: ""7f63bb0f8000"",size: ""9000"",subtype: ""memory"",tgid: ""172956"",source: ""syscall"",type: ""Artifact"",version: ""162"",hash: ""1621470f46f5420774f9f3195b1701b3""})"
"(:VERTEX {memory address: ""7f63bb0ef000"",size: ""9000"",subtype: ""memory"",tgid: ""172956"",source: ""syscall"",type: ""Artifact"",version: ""151"",hash: ""2b87d0c85de3d4ee7378c9c59e7ef64b""})"
"(:VERTEX {memory address: ""7f63bb0e6000"",size: ""9000"",subtype: ""memory"",tgid: ""172956"",source: ""syscall"",type: ""Artifact"",version: ""143"",hash: ""65f0120305321c56d1306579b91fcdc8""})"
"(:VERTEX {memory address: ""7f63bb0dd000"",size: ""9000"",subtype: ""memory"",tgid: ""172956"",source: ""syscall"",type: ""Artifact"",version: ""151"",hash: ""51a1c55c81b1cdf4ae2a78ab9782efae""})"
"(:VERTEX {memory address: ""7f63bb0d4000"",size: ""9000"",subtype: ""memory"",tgid: ""172956"",source: ""syscall"",type: ""Artifact"",version: ""82"",hash: ""3d75380cfb22276b559e325d639e031d""})"
"(:VERTEX {memory address: ""7f63bb0a4000"",size: ""9000"",subtype: ""memory"",tgid: ""172956"",source: ""syscall"",type: ""Artifact"",version: ""34"",hash: ""7a0b96e7959b59fa3a2241d477b20c68""})"
"(:VERTEX {memory address: ""7f63bb09b000"",size: ""9000"",subtype: ""memory"",tgid: ""172956"",source: ""syscall"",type: ""Artifact"",version: ""43"",hash: ""f3a52444e6dd0578c4e17a68f3f63cb1""})"
"(:VERTEX {memory address: ""7f63bb092000"",size: ""9000"",subtype: ""memory"",tgid: ""172956"",source: ""syscall"",type: ""Artifact"",version: ""32"",hash: ""730af5ee705e0a4e31c754935057961d""})"
"(:VERTEX {memory address: ""7f63bb089000"",size: ""9000"",subtype: ""memory"",tgid: ""172956"",source: ""syscall"",type: ""Artifact"",version: ""32"",hash: ""4496d9b9b4aeab3da39e26610325fdfc""})"
"(:VERTEX {memory address: ""7f63bb080000"",size: ""9000"",subtype: ""memory"",tgid: ""172956"",source: ""syscall"",type: ""Artifact"",version: ""27"",hash: ""6eb6c44698d0d4d8f23ae85612d3463b""})"
"(:VERTEX {memory address: ""7f63bb077000"",size: ""9000"",subtype: ""memory"",tgid: ""172956"",source: ""syscall"",type: ""Artifact"",version: ""17"",hash: ""78231c82be88e77d1cdb5e18c71ad8c5""})"
"(:VERTEX {memory address: ""7f63bb06e000"",size: ""9000"",subtype: ""memory"",tgid: ""172956"",source: ""syscall"",type: ""Artifact"",version: ""16"",hash: ""5f359a1a35e240ec6a92652801ef2088""})"
"(:VERTEX {memory address: ""7f63bb065000"",size: ""9000"",subtype: ""memory"",tgid: ""172956"",source: ""syscall"",type: ""Artifact"",version: ""23"",hash: ""8f4dd919eb30b4b1b8b75f7b75e34d25""})"
"(:VERTEX {memory address: ""7f63bb05c000"",size: ""9000"",subtype: ""memory"",tgid: ""172956"",source: ""syscall"",type: ""Artifact"",version: ""18"",hash: ""d1eb5cb9ca2d191473d166b478a2fb8f""})"
"(:VERTEX {memory address: ""7f63bb053000"",size: ""9000"",subtype: ""memory"",tgid: ""172956"",source: ""syscall"",type: ""Artifact"",version: ""14"",hash: ""af884657c6c24e6c67b112bb2d193c35""})"
"(:VERTEX {memory address: ""7f63bb04a000"",size: ""9000"",subtype: ""memory"",tgid: ""172956"",source: ""syscall"",type: ""Artifact"",version: ""15"",hash: ""f540bacf83374f032b39dab0bb211c27""})"
"(:VERTEX {memory address: ""7f63bb0f9000"",size: ""8000"",subtype: ""memory"",tgid: ""172956"",source: ""syscall"",type: ""Artifact"",version: ""3"",hash: ""8d2d68ee4a57ae404a73b50490984e31""})"
"(:VERTEX {memory address: ""7f63bd1e6000"",size: ""7000"",subtype: ""memory"",tgid: ""172956"",source: ""syscall"",type: ""Artifact"",version: ""243"",hash: ""89c6329c2ed136fbb8ec7781600a7350""})"
"(:VERTEX {memory address: ""7f63bb0f8000"",size: ""9000"",subtype: ""memory"",tgid: ""172956"",source: ""syscall"",type: ""Artifact"",version: ""163"",hash: ""feb68ccd8dea965299944d0276fb6a35""})"
"(:VERTEX {memory address: ""7f63bb0d4000"",size: ""9000"",subtype: ""memory"",tgid: ""172956"",source: ""syscall"",type: ""Artifact"",version: ""83"",hash: ""13b1ddfa9ac4118c116982b4f58f9baf""})"
"(:VERTEX {memory address: ""7f63bd2e3000"",size: ""3000"",subtype: ""memory"",tgid: ""172956"",source: ""syscall"",type: ""Artifact"",version: ""0"",hash: ""49e945a5a12aafec7969039ecbd6185f""})"
"(:VERTEX {memory address: ""7f63bb089000"",size: ""9000"",subtype: ""memory"",tgid: ""172956"",source: ""syscall"",type: ""Artifact"",version: ""33"",hash: ""294d7758428788feaf91aa5ab1faabbf""})"
"(:VERTEX {memory address: ""7f63bb065000"",size: ""9000"",subtype: ""memory"",tgid: ""172956"",source: ""syscall"",type: ""Artifact"",version: ""24"",hash: ""46019966f427aba2f48b7a8e80fe9917""})"
"(:VERTEX {memory address: ""7f63bb041000"",size: ""9000"",subtype: ""memory"",tgid: ""172956"",source: ""syscall"",type: ""Artifact"",version: ""14"",hash: ""48aa1ac9249dd6981839c91653fe1af8""})"
"(:VERTEX {memory address: ""7f63bb038000"",size: ""9000"",subtype: ""memory"",tgid: ""172956"",source: ""syscall"",type: ""Artifact"",version: ""11"",hash: ""6eba81d5f1291de5301858a63b547f37""})"
"(:VERTEX {memory address: ""7f63bb02c000"",size: ""15000"",subtype: ""memory"",tgid: ""172956"",source: ""syscall"",type: ""Artifact"",version: ""0"",hash: ""cc25e5c78210833d885d4662e59f04fb""})"
"(:VERTEX {memory address: ""7f63bb089000"",size: ""9000"",subtype: ""memory"",tgid: ""172956"",source: ""syscall"",type: ""Artifact"",version: ""34"",hash: ""fba461f0df7df0b7dbbd6883be092c30""})"
"(:VERTEX {memory address: ""7f63bb065000"",size: ""9000"",subtype: ""memory"",tgid: ""172956"",source: ""syscall"",type: ""Artifact"",version: ""25"",hash: ""8a529f16045076ad8c7f236603d9d5cb""})"
"(:VERTEX {memory address: ""7f63bb023000"",size: ""9000"",subtype: ""memory"",tgid: ""172956"",source: ""syscall"",type: ""Artifact"",version: ""13"",hash: ""7c90d482150c432cf280f607da676163""})"
"(:VERTEX {memory address: ""7f63bb013000"",size: ""10000"",subtype: ""memory"",tgid: ""172956"",source: ""syscall"",type: ""Artifact"",version: ""0"",hash: ""241ebfa636f53ac1594af512776f2113""})"
"(:VERTEX {memory address: ""7f63bb01a000"",size: ""9000"",subtype: ""memory"",tgid: ""172956"",source: ""syscall"",type: ""Artifact"",version: ""12"",hash: ""fb458bd9836915f3060bfc6f0d050500""})"
"(:VERTEX {memory address: ""7f63bb011000"",size: ""9000"",subtype: ""memory"",tgid: ""172956"",source: ""syscall"",type: ""Artifact"",version: ""6"",hash: ""728b0c563a269b3148ffa6d1648b6e71""})"
"(:VERTEX {memory address: ""7f63bafeb000"",size: ""10000"",subtype: ""memory"",tgid: ""172956"",source: ""syscall"",type: ""Artifact"",version: ""0"",hash: ""8968d2ad2b7e1b9073eeb46084be5020""})"
"(:VERTEX {memory address: ""7f63bafeb000"",size: ""10000"",subtype: ""memory"",tgid: ""172956"",source: ""syscall"",type: ""Artifact"",version: ""1"",hash: ""7189faf24d615f9eee9af5ffcc4ccbdd""})"
"(:VERTEX {memory address: ""7f63baff2000"",size: ""9000"",subtype: ""memory"",tgid: ""172956"",source: ""syscall"",type: ""Artifact"",version: ""5"",hash: ""d2bc008f10f6a5e652cdc3ca794fdbd6""})"
"(:VERTEX {memory address: ""7f63bafe2000"",size: ""10000"",subtype: ""memory"",tgid: ""172956"",source: ""syscall"",type: ""Artifact"",version: ""0"",hash: ""aff4185984df4984fd6beac78e708687""})"
"(:VERTEX {memory address: ""7f63bafe9000"",size: ""9000"",subtype: ""memory"",tgid: ""172956"",source: ""syscall"",type: ""Artifact"",version: ""4"",hash: ""014fc4d081946003f932caa65b48b39c""})"
"(:VERTEX {memory address: ""7f63bafd9000"",size: ""10000"",subtype: ""memory"",tgid: ""172956"",source: ""syscall"",type: ""Artifact"",version: ""0"",hash: ""2c053edb2504e33d9072b56415a4272a""})"
"(:VERTEX {memory address: ""7f63bafe0000"",size: ""9000"",subtype: ""memory"",tgid: ""172956"",source: ""syscall"",type: ""Artifact"",version: ""1"",hash: ""c3fb1dcfc75f108612d5b566472696d6""})"
"(:VERTEX {memory address: ""7f63bafd0000"",size: ""10000"",subtype: ""memory"",tgid: ""172956"",source: ""syscall"",type: ""Artifact"",version: ""0"",hash: ""e842dc6cad2eb8f4c0695bb6bca735a4""})"
"(:VERTEX {memory address: ""7f63bafd0000"",size: ""10000"",subtype: ""memory"",tgid: ""172956"",source: ""syscall"",type: ""Artifact"",version: ""1"",hash: ""28eb76f12b9a4f544a624346c2e3e426""})"
"(:VERTEX {memory address: ""7f63bafe9000"",size: ""9000"",subtype: ""memory"",tgid: ""172956"",source: ""syscall"",type: ""Artifact"",version: ""5"",hash: ""71569e0cc73a37dd50ed7cd6e563ab9d""})"
"(:VERTEX {memory address: ""7f63bafd0000"",size: ""10000"",subtype: ""memory"",tgid: ""172956"",source: ""syscall"",type: ""Artifact"",version: ""2"",hash: ""34e5a337082fa5b095b15f3f346bd174""})"
"(:VERTEX {memory address: ""7f63bafd0000"",size: ""10000"",subtype: ""memory"",tgid: ""172956"",source: ""syscall"",type: ""Artifact"",version: ""3"",hash: ""448b1820397fef38099c3df16005a14f""})"
"(:VERTEX {memory address: ""7f63bafd7000"",size: ""9000"",subtype: ""memory"",tgid: ""172956"",source: ""syscall"",type: ""Artifact"",version: ""1"",hash: ""c6ea2c3c5bb8e4ef4ac2f9300e88ea5d""})"
"(:VERTEX {memory address: ""7f63bafc7000"",size: ""10000"",subtype: ""memory"",tgid: ""172956"",source: ""syscall"",type: ""Artifact"",version: ""0"",hash: ""8b21864b30b687699a83e5fca6ea2580""})"
"(:VERTEX {memory address: ""7f63bafc7000"",size: ""10000"",subtype: ""memory"",tgid: ""172956"",source: ""syscall"",type: ""Artifact"",version: ""1"",hash: ""f3076a898c1bede6632ee5d44a039baf""})"
"(:VERTEX {memory address: ""7f63bafc7000"",size: ""10000"",subtype: ""memory"",tgid: ""172956"",source: ""syscall"",type: ""Artifact"",version: ""2"",hash: ""a61cf4f1b0b54449237be59719bd563f""})"
"(:VERTEX {memory address: ""7f63bafce000"",size: ""9000"",subtype: ""memory"",tgid: ""172956"",source: ""syscall"",type: ""Artifact"",version: ""2"",hash: ""bad0cc295a7b3c74bb464c35155bfe77""})"
"(:VERTEX {memory address: ""7f63bafbe000"",size: ""10000"",subtype: ""memory"",tgid: ""172956"",source: ""syscall"",type: ""Artifact"",version: ""0"",hash: ""01569c2e8b15f28fff1b41247dff7941""})"
"(:VERTEX {memory address: ""7f63bafbe000"",size: ""10000"",subtype: ""memory"",tgid: ""172956"",source: ""syscall"",type: ""Artifact"",version: ""1"",hash: ""514e6fa09e360f72ca484d792140e1f0""})"
"(:VERTEX {memory address: ""7f63bafc5000"",size: ""9000"",subtype: ""memory"",tgid: ""172956"",source: ""syscall"",type: ""Artifact"",version: ""0"",hash: ""a9630ec890a7356a67db8084b6b5c953""})"
"(:VERTEX {memory address: ""7f63bafb5000"",size: ""10000"",subtype: ""memory"",tgid: ""172956"",source: ""syscall"",type: ""Artifact"",version: ""0"",hash: ""3bef5aaaebcf9cbb31f5408c76cf14cf""})"
"(:VERTEX {memory address: ""7f63bafbc000"",size: ""9000"",subtype: ""memory"",tgid: ""172956"",source: ""syscall"",type: ""Artifact"",version: ""0"",hash: ""bb9f9c6e2da596e336431b95983a306c""})"
"(:VERTEX {memory address: ""7f63bafac000"",size: ""10000"",subtype: ""memory"",tgid: ""172956"",source: ""syscall"",type: ""Artifact"",version: ""0"",hash: ""4026863b265cb5c7590b5427887b9151""})"
"(:VERTEX {memory address: ""7f63bafb3000"",size: ""9000"",subtype: ""memory"",tgid: ""172956"",source: ""syscall"",type: ""Artifact"",version: ""0"",hash: ""436210a9abb5841d9fcb54100a9c3ab9""})"
"(:VERTEX {memory address: ""7f63bafa3000"",size: ""10000"",subtype: ""memory"",tgid: ""172956"",source: ""syscall"",type: ""Artifact"",version: ""0"",hash: ""6eac3857cd1c3d75d62fd75b5bbb22c9""})"
"(:VERTEX {memory address: ""7f63bd1e6000"",size: ""7000"",subtype: ""memory"",tgid: ""172956"",source: ""syscall"",type: ""Artifact"",version: ""244"",hash: ""a7c417a75a168dcd99c5734b43f4dd85""})"
"(:VERTEX {memory address: ""7f63bb089000"",size: ""9000"",subtype: ""memory"",tgid: ""172956"",source: ""syscall"",type: ""Artifact"",version: ""35"",hash: ""651ee7b461fec892febed26e42068e64""})"
"(:VERTEX {memory address: ""7f63bb038000"",size: ""9000"",subtype: ""memory"",tgid: ""172956"",source: ""syscall"",type: ""Artifact"",version: ""12"",hash: ""663210eb1387cfea912b81862517fb6c""})"
"(:VERTEX {memory address: ""7f63bb02f000"",size: ""9000"",subtype: ""memory"",tgid: ""172956"",source: ""syscall"",type: ""Artifact"",version: ""14"",hash: ""268d5e1820bfbdd8cc11f4ffff998ba2""})"
"(:VERTEX {memory address: ""7f63bb026000"",size: ""9000"",subtype: ""memory"",tgid: ""172956"",source: ""syscall"",type: ""Artifact"",version: ""10"",hash: ""42cd11e1a70fb00a533185825530ac16""})"
"(:VERTEX {memory address: ""7f63bb01d000"",size: ""9000"",subtype: ""memory"",tgid: ""172956"",source: ""syscall"",type: ""Artifact"",version: ""15"",hash: ""b8a3a225625e01b57b7c800be08968ff""})"
"(:VERTEX {memory address: ""7f63bb014000"",size: ""9000"",subtype: ""memory"",tgid: ""172956"",source: ""syscall"",type: ""Artifact"",version: ""12"",hash: ""462332c463328aa656395e79ef8168d8""})"
"(:VERTEX {memory address: ""7f63bb00b000"",size: ""9000"",subtype: ""memory"",tgid: ""172956"",source: ""syscall"",type: ""Artifact"",version: ""8"",hash: ""9c9e3027db6e4743062d06aca32726f0""})"
"(:VERTEX {memory address: ""7f63bb035000"",size: ""c000"",subtype: ""memory"",tgid: ""172956"",source: ""syscall"",type: ""Artifact"",version: ""0"",hash: ""0be6006cc5ed4f3714d17d174e547393""})"
"(:VERTEX {memory address: ""7f63bb089000"",size: ""9000"",subtype: ""memory"",tgid: ""172956"",source: ""syscall"",type: ""Artifact"",version: ""36"",hash: ""048b6530dc8e04bea9edde9bbe798ce6""})"
"(:VERTEX {memory address: ""7f63bb01d000"",size: ""9000"",subtype: ""memory"",tgid: ""172956"",source: ""syscall"",type: ""Artifact"",version: ""16"",hash: ""f9ca4554fe9cd7cb1a998ecfe851cb07""})"
"(:VERTEX {remote port: ""40066"",epoch: ""0"",source: ""syscall"",type: ""Artifact"",version: ""0"",local port: ""50051"",net namespace: ""-1"",local address: ""0000:0000:0000:0000:0000:0000:0000:0000"",protocol: ""tcp"",subtype: ""network socket"",remote address: ""0000:0000:0000:0000:0000:FFFF:C0A8:2F80"",hash: ""38a9917b9818a41bbcdc415b9df80db1""})"
"(:VERTEX {memory address: ""7f63bb00b000"",size: ""9000"",subtype: ""memory"",tgid: ""172956"",source: ""syscall"",type: ""Artifact"",version: ""9"",hash: ""d7ce0837b096daae35cfeacd1aa8993c""})"
"(:VERTEX {memory address: ""7f63baff2000"",size: ""9000"",subtype: ""memory"",tgid: ""172956"",source: ""syscall"",type: ""Artifact"",version: ""6"",hash: ""66e8deb4ecffb0e30aa2d2d8c7ac7baf""})"
"(:VERTEX {memory address: ""7f63bafe9000"",size: ""9000"",subtype: ""memory"",tgid: ""172956"",source: ""syscall"",type: ""Artifact"",version: ""6"",hash: ""9d9e2e22beffb81b80322fea36c00357""})"
"(:VERTEX {memory address: ""7f63bb031000"",size: ""10000"",subtype: ""memory"",tgid: ""172956"",source: ""syscall"",type: ""Artifact"",version: ""0"",hash: ""cf125c3648f12b8cbb9decb459f181c5""})"
"(:VERTEX {memory address: ""7f63bb089000"",size: ""9000"",subtype: ""memory"",tgid: ""172956"",source: ""syscall"",type: ""Artifact"",version: ""37"",hash: ""166beb518f626f031cc4e413ebe8f62f""})"
"(:VERTEX {memory address: ""7f63bb031000"",size: ""10000"",subtype: ""memory"",tgid: ""172956"",source: ""syscall"",type: ""Artifact"",version: ""1"",hash: ""71718251852f494c09d11a69a407a896""})"
"(:VERTEX {memory address: ""7f63bb01d000"",size: ""9000"",subtype: ""memory"",tgid: ""172956"",source: ""syscall"",type: ""Artifact"",version: ""17"",hash: ""4ee5c621b9b85a096f858813749c91f3""})"
"(:VERTEX {memory address: ""7f63bafe0000"",size: ""9000"",subtype: ""memory"",tgid: ""172956"",source: ""syscall"",type: ""Artifact"",version: ""2"",hash: ""51e7a84036a4497dbd0bfab0dc6ca26c""})"
"(:VERTEX {memory address: ""7f63bafd7000"",size: ""9000"",subtype: ""memory"",tgid: ""172956"",source: ""syscall"",type: ""Artifact"",version: ""2"",hash: ""34b362ca664b997f39d42d7238e5dd93""})"
"(:VERTEX {memory address: ""7f63bafce000"",size: ""9000"",subtype: ""memory"",tgid: ""172956"",source: ""syscall"",type: ""Artifact"",version: ""3"",hash: ""b130d0cadf5d638709fd0d9786599212""})"
"(:VERTEX {memory address: ""7f63bb11c000"",size: ""9000"",subtype: ""memory"",tgid: ""172956"",source: ""syscall"",type: ""Artifact"",version: ""330"",hash: ""b3b8d67a16c63990e885388aac0fea1c""})"
"(:VERTEX {memory address: ""7f63bb065000"",size: ""9000"",subtype: ""memory"",tgid: ""172956"",source: ""syscall"",type: ""Artifact"",version: ""26"",hash: ""8110a499351c0c6837c961bf6d1beb45""})"
"(:VERTEX {memory address: ""7f63bb01d000"",size: ""9000"",subtype: ""memory"",tgid: ""172956"",source: ""syscall"",type: ""Artifact"",version: ""18"",hash: ""ff318e2e26bbc39dc8be4e303f95d201""})"
"(:VERTEX {memory address: ""7f63bb014000"",size: ""9000"",subtype: ""memory"",tgid: ""172956"",source: ""syscall"",type: ""Artifact"",version: ""13"",hash: ""6e50070cc168c1f293d6f08c2a73b588""})"
"(:VERTEX {memory address: ""7f63bafe0000"",size: ""9000"",subtype: ""memory"",tgid: ""172956"",source: ""syscall"",type: ""Artifact"",version: ""3"",hash: ""73355b148a33c3125ca8e3866c6d1f1e""})"
"(:VERTEX {memory address: ""7f63bafd7000"",size: ""9000"",subtype: ""memory"",tgid: ""172956"",source: ""syscall"",type: ""Artifact"",version: ""3"",hash: ""3a9fb84ba2f7d7b74c2a2ea8052844d2""})"
"(:VERTEX {memory address: ""7f63bafc5000"",size: ""9000"",subtype: ""memory"",tgid: ""172956"",source: ""syscall"",type: ""Artifact"",version: ""1"",hash: ""f0359544cc4b050bc149afc933084ff3""})"
"(:VERTEX {memory address: ""7f63bafbc000"",size: ""9000"",subtype: ""memory"",tgid: ""172956"",source: ""syscall"",type: ""Artifact"",version: ""1"",hash: ""355666d6632dfea366af93047f9805f6""})"
"(:VERTEX {memory address: ""7f63bb11c000"",size: ""9000"",subtype: ""memory"",tgid: ""172956"",source: ""syscall"",type: ""Artifact"",version: ""331"",hash: ""49db87282bea572b343ae1b8c7c2d015""})"
"(:VERTEX {memory address: ""7f63bafc5000"",size: ""9000"",subtype: ""memory"",tgid: ""172956"",source: ""syscall"",type: ""Artifact"",version: ""2"",hash: ""7fabd7b63bbfb6476d67b9622bc40820""})"
"(:VERTEX {memory address: ""7f63bd2e2000"",size: ""4000"",subtype: ""memory"",tgid: ""172956"",source: ""syscall"",type: ""Artifact"",version: ""15"",hash: ""13e0890c4612e812b49a833a70a901d3""})"
"(:VERTEX {memory address: ""7f63bafb4000"",size: ""11000"",subtype: ""memory"",tgid: ""172956"",source: ""syscall"",type: ""Artifact"",version: ""0"",hash: ""53e5380ea4c8e30914160de50b71dff7""})"
"(:VERTEX {memory address: ""7f63bafbc000"",size: ""9000"",subtype: ""memory"",tgid: ""172956"",source: ""syscall"",type: ""Artifact"",version: ""2"",hash: ""bd456df0ae3dd6e3df51028260133420""})"
"(:VERTEX {memory address: ""7f63bafb3000"",size: ""9000"",subtype: ""memory"",tgid: ""172956"",source: ""syscall"",type: ""Artifact"",version: ""1"",hash: ""f3df4c827c4da0df6d24887b8a5529a8""})"
"(:VERTEX {memory address: ""7f63bafaa000"",size: ""9000"",subtype: ""memory"",tgid: ""172956"",source: ""syscall"",type: ""Artifact"",version: ""0"",hash: ""39302b8d4dad3b74547d2f06e7125066""})"
"(:VERTEX {memory address: ""7f63bafa1000"",size: ""9000"",subtype: ""memory"",tgid: ""172956"",source: ""syscall"",type: ""Artifact"",version: ""0"",hash: ""33e8bf4ca0c52c998dbcfcc5b9518af2""})"
"(:VERTEX {memory address: ""7f63baf98000"",size: ""9000"",subtype: ""memory"",tgid: ""172956"",source: ""syscall"",type: ""Artifact"",version: ""0"",hash: ""5926c3313d45b0fc40c54a059c52a7bf""})"
"(:VERTEX {memory address: ""7f63baf8f000"",size: ""9000"",subtype: ""memory"",tgid: ""172956"",source: ""syscall"",type: ""Artifact"",version: ""0"",hash: ""d1aa7c4600a3fe7069333d5667619f43""})"
"(:VERTEX {memory address: ""7f63baf86000"",size: ""9000"",subtype: ""memory"",tgid: ""172956"",source: ""syscall"",type: ""Artifact"",version: ""0"",hash: ""6687b86396bf13720739f18493380064""})"
"(:VERTEX {memory address: ""7f63bd1e6000"",size: ""7000"",subtype: ""memory"",tgid: ""172956"",source: ""syscall"",type: ""Artifact"",version: ""245"",hash: ""f7a780eb3429f66e83e2e278ff71f581""})"
"(:VERTEX {memory address: ""7f63bb11c000"",size: ""9000"",subtype: ""memory"",tgid: ""172956"",source: ""syscall"",type: ""Artifact"",version: ""332"",hash: ""eb1f641b01bd0f1e33becd440b75a92b""})"
"(:VERTEX {memory address: ""7f63bb018000"",size: ""e000"",subtype: ""memory"",tgid: ""172956"",source: ""syscall"",type: ""Artifact"",version: ""1"",hash: ""cb9b4494097aa60f02d5c45ebab2c90f""})"
"(:VERTEX {memory address: ""7f63bb065000"",size: ""9000"",subtype: ""memory"",tgid: ""172956"",source: ""syscall"",type: ""Artifact"",version: ""27"",hash: ""50cb44db5eb80220f2e96743a2a2d731""})"
"(:VERTEX {memory address: ""7f63bafe0000"",size: ""9000"",subtype: ""memory"",tgid: ""172956"",source: ""syscall"",type: ""Artifact"",version: ""4"",hash: ""ff285475c5be8b838a047229bde2a8ca""})"
"(:VERTEX {memory address: ""7f63baf67000"",size: ""27ea4"",subtype: ""memory"",tgid: ""172956"",source: ""syscall"",type: ""Artifact"",version: ""0"",hash: ""0d7597f1d06c7a34c9a87d90f09d2860""})"
"(:VERTEX {memory address: ""7f63bb11c000"",size: ""9000"",subtype: ""memory"",tgid: ""172956"",source: ""syscall"",type: ""Artifact"",version: ""333"",hash: ""5286f7a320fc594493b759fd6808f320""})"
"(:VERTEX {memory address: ""7f63baf17000"",size: ""4fd14"",subtype: ""memory"",tgid: ""172956"",source: ""syscall"",type: ""Artifact"",version: ""0"",hash: ""28ae371eb67007514c3b3c71d14fb30b""})"
"(:VERTEX {memory address: ""7f63bb065000"",size: ""9000"",subtype: ""memory"",tgid: ""172956"",source: ""syscall"",type: ""Artifact"",version: ""28"",hash: ""a4273a32dbfc54bbc50a44b4aa28c7a4""})"
"(:VERTEX {memory address: ""7f63bb01d000"",size: ""9000"",subtype: ""memory"",tgid: ""172956"",source: ""syscall"",type: ""Artifact"",version: ""19"",hash: ""4fa50b82099276004890b39200a26f08""})"
"(:VERTEX {memory address: ""7f63bb014000"",size: ""9000"",subtype: ""memory"",tgid: ""172956"",source: ""syscall"",type: ""Artifact"",version: ""14"",hash: ""87ec22f668bd9679cb454622954e7175""})"
"(:VERTEX {memory address: ""7f63bd1e6000"",size: ""7000"",subtype: ""memory"",tgid: ""172956"",source: ""syscall"",type: ""Artifact"",version: ""246"",hash: ""411ab19b4dee87bb4cde5fadc1e65968""})"
"(:VERTEX {memory address: ""7f63bb11c000"",size: ""9000"",subtype: ""memory"",tgid: ""172956"",source: ""syscall"",type: ""Artifact"",version: ""334"",hash: ""f7cf048687546aa0424dd6e749a08612""})"
"(:VERTEX {memory address: ""7f63bb065000"",size: ""9000"",subtype: ""memory"",tgid: ""172956"",source: ""syscall"",type: ""Artifact"",version: ""29"",hash: ""a6a6fd14dcb1f2df722b1b8da2828cab""})"
"(:VERTEX {memory address: ""7f63bb01d000"",size: ""9000"",subtype: ""memory"",tgid: ""172956"",source: ""syscall"",type: ""Artifact"",version: ""20"",hash: ""393a7ad56412627a7420ed80807eeede""})"
"(:VERTEX {memory address: ""7f63bb014000"",size: ""9000"",subtype: ""memory"",tgid: ""172956"",source: ""syscall"",type: ""Artifact"",version: ""15"",hash: ""6e53670e42f8bdd3805d81df8165288e""})"
"(:VERTEX {memory address: ""7f63bafe0000"",size: ""9000"",subtype: ""memory"",tgid: ""172956"",source: ""syscall"",type: ""Artifact"",version: ""5"",hash: ""b4716f567193527ef402b47dfac06c16""})"
"(:VERTEX {memory address: ""7f63bb11c000"",size: ""9000"",subtype: ""memory"",tgid: ""172956"",source: ""syscall"",type: ""Artifact"",version: ""335"",hash: ""47729baf2c2ce2e9a68785a7dcc5b102""})"
"(:VERTEX {memory address: ""7f63bb11c000"",size: ""9000"",subtype: ""memory"",tgid: ""172956"",source: ""syscall"",type: ""Artifact"",version: ""336"",hash: ""9b9e2d46d48348c1073ee6a516c8bba3""})"
"(:VERTEX {memory address: ""7f63bafbe000"",size: ""10000"",subtype: ""memory"",tgid: ""172956"",source: ""syscall"",type: ""Artifact"",version: ""2"",hash: ""eb92596c6784edd2a061b50479f3663d""})"
"(:VERTEX {memory address: ""7f63bafd7000"",size: ""9000"",subtype: ""memory"",tgid: ""172956"",source: ""syscall"",type: ""Artifact"",version: ""4"",hash: ""07a12bec2f4c8e497a9d4b9ddc404c21""})"
"(:VERTEX {memory address: ""7f63baf86000"",size: ""9000"",subtype: ""memory"",tgid: ""172956"",source: ""syscall"",type: ""Artifact"",version: ""1"",hash: ""ae8e1ce04d271c528cc9f5d656e226d9""})"
"(:VERTEX {memory address: ""7f63baf7d000"",size: ""9000"",subtype: ""memory"",tgid: ""172956"",source: ""syscall"",type: ""Artifact"",version: ""2"",hash: ""1823ba6abd1d3eea9e2710bf831ca91a""})"
"(:VERTEX {memory address: ""7f63baf74000"",size: ""9000"",subtype: ""memory"",tgid: ""172956"",source: ""syscall"",type: ""Artifact"",version: ""0"",hash: ""752db82856910a37da5708d69ff1c15d""})"
"(:VERTEX {memory address: ""7f63baf6b000"",size: ""9000"",subtype: ""memory"",tgid: ""172956"",source: ""syscall"",type: ""Artifact"",version: ""0"",hash: ""a8b4f97ee8e7b25f98f703478dc6c9a1""})"
"(:VERTEX {memory address: ""7f63baf62000"",size: ""9000"",subtype: ""memory"",tgid: ""172956"",source: ""syscall"",type: ""Artifact"",version: ""0"",hash: ""359769866d81b4d14ab02e5e88c55149""})"
"(:VERTEX {memory address: ""7f63bafce000"",size: ""9000"",subtype: ""memory"",tgid: ""172956"",source: ""syscall"",type: ""Artifact"",version: ""4"",hash: ""e901f9a0ff17e14f8e8182896ce189e2""})"
"(:VERTEX {memory address: ""7f63baf51000"",size: ""11000"",subtype: ""memory"",tgid: ""172956"",source: ""syscall"",type: ""Artifact"",version: ""0"",hash: ""64bd167cf374dea1c4014bcc481ce8aa""})"
"(:VERTEX {memory address: ""7f63baf51000"",size: ""11000"",subtype: ""memory"",tgid: ""172956"",source: ""syscall"",type: ""Artifact"",version: ""1"",hash: ""be6c803e701d3a3f50177de20dbc9cc2""})"
"(:VERTEX {memory address: ""7f63baf51000"",size: ""11000"",subtype: ""memory"",tgid: ""172956"",source: ""syscall"",type: ""Artifact"",version: ""2"",hash: ""b890af7ec542dbedea78f6ddeff9952b""})"
"(:VERTEX {memory address: ""7f63baf51000"",size: ""11000"",subtype: ""memory"",tgid: ""172956"",source: ""syscall"",type: ""Artifact"",version: ""3"",hash: ""a8b388c05f9b519c10e274acfdbecfb7""})"
"(:VERTEX {memory address: ""7f63bd1bd000"",size: ""9000"",subtype: ""memory"",tgid: ""172956"",source: ""syscall"",type: ""Artifact"",version: ""317"",hash: ""7264e5730f6eb1cbdefca0a9d4dc149f""})"
"(:VERTEX {memory address: ""7f63baf51000"",size: ""11000"",subtype: ""memory"",tgid: ""172956"",source: ""syscall"",type: ""Artifact"",version: ""4"",hash: ""16ee24357d298d916f956ef96cdea136""})"
"(:VERTEX {memory address: ""7f63baf51000"",size: ""11000"",subtype: ""memory"",tgid: ""172956"",source: ""syscall"",type: ""Artifact"",version: ""5"",hash: ""1ea75b4652e6c128a10cbe28c85acf2f""})"
"(:VERTEX {memory address: ""7f63baf51000"",size: ""11000"",subtype: ""memory"",tgid: ""172956"",source: ""syscall"",type: ""Artifact"",version: ""6"",hash: ""bf5b8f32a79a617216925a12c18ec297""})"
"(:VERTEX {memory address: ""7f63baf51000"",size: ""11000"",subtype: ""memory"",tgid: ""172956"",source: ""syscall"",type: ""Artifact"",version: ""7"",hash: ""3cd30f5d48f852d1d28249d073458bd8""})"
"(:VERTEX {memory address: ""7f63baf51000"",size: ""11000"",subtype: ""memory"",tgid: ""172956"",source: ""syscall"",type: ""Artifact"",version: ""8"",hash: ""48505a0c26bb52738cc964f5f57b9b2a""})"
"(:VERTEX {memory address: ""7f63baf51000"",size: ""11000"",subtype: ""memory"",tgid: ""172956"",source: ""syscall"",type: ""Artifact"",version: ""9"",hash: ""f9e6876ac5cb225085201599cb189e4d""})"
"(:VERTEX {memory address: ""7f63baf51000"",size: ""11000"",subtype: ""memory"",tgid: ""172956"",source: ""syscall"",type: ""Artifact"",version: ""10"",hash: ""2dac4a03f21610d894f53ce15fb667dd""})"
"(:VERTEX {memory address: ""7f63baf51000"",size: ""11000"",subtype: ""memory"",tgid: ""172956"",source: ""syscall"",type: ""Artifact"",version: ""11"",hash: ""eb66ce955f10c7ab6140bdc840992972""})"
"(:VERTEX {memory address: ""7f63bb113000"",size: ""9000"",subtype: ""memory"",tgid: ""172956"",source: ""syscall"",type: ""Artifact"",version: ""285"",hash: ""c9949e90f8fb152bb04855ecf775b288""})"
"(:VERTEX {remote port: ""47376"",epoch: ""0"",source: ""syscall"",type: ""Artifact"",version: ""0"",local port: ""6379"",net namespace: ""-1"",local address: ""0.0.0.0"",protocol: ""tcp"",subtype: ""network socket"",remote address: ""192.168.47.128"",hash: ""eef4b4e1b1dfa3e19750656c76736909""})"
"(:VERTEX {memory address: ""7f63baf51000"",size: ""11000"",subtype: ""memory"",tgid: ""172956"",source: ""syscall"",type: ""Artifact"",version: ""12"",hash: ""dc3dbbe3ebf7f903fc631df321561e63""})"
"(:VERTEX {memory address: ""7f63bd1bd000"",size: ""9000"",subtype: ""memory"",tgid: ""172956"",source: ""syscall"",type: ""Artifact"",version: ""318"",hash: ""c954bd3f258a805afbbce12454631ebe""})"
"(:VERTEX {memory address: ""7f63bafd7000"",size: ""9000"",subtype: ""memory"",tgid: ""172956"",source: ""syscall"",type: ""Artifact"",version: ""5"",hash: ""deabee3c6606230a5327aef2a7b96b7d""})"
"(:VERTEX {memory address: ""7f63bafcf000"",size: ""8000"",subtype: ""memory"",tgid: ""172956"",source: ""syscall"",type: ""Artifact"",version: ""0"",hash: ""bf60ec0c80ef391445a191bb0f0d27c5""})"
"(:VERTEX {memory address: ""7f63bafc6000"",size: ""9000"",subtype: ""memory"",tgid: ""172956"",source: ""syscall"",type: ""Artifact"",version: ""1"",hash: ""56a416feab393b8b1dd22beb3eef2018""})"
"(:VERTEX {memory address: ""7f63bafbd000"",size: ""9000"",subtype: ""memory"",tgid: ""172956"",source: ""syscall"",type: ""Artifact"",version: ""1"",hash: ""f51f17747a34f9a522cb68fab2e0b607""})"
"(:VERTEX {memory address: ""7f63baf7d000"",size: ""9000"",subtype: ""memory"",tgid: ""172956"",source: ""syscall"",type: ""Artifact"",version: ""3"",hash: ""05f512c9608207507b1d4b393e6895e5""})"
"(:VERTEX {memory address: ""7f63baf62000"",size: ""9000"",subtype: ""memory"",tgid: ""172956"",source: ""syscall"",type: ""Artifact"",version: ""1"",hash: ""8c35c6ce31db088d620e89fe01bbc82a""})"
"(:VERTEX {memory address: ""7f63baf59000"",size: ""9000"",subtype: ""memory"",tgid: ""172956"",source: ""syscall"",type: ""Artifact"",version: ""0"",hash: ""2dbba59525f01948473f644a145df65d""})"
"(:VERTEX {memory address: ""7f63baf50000"",size: ""9000"",subtype: ""memory"",tgid: ""172956"",source: ""syscall"",type: ""Artifact"",version: ""0"",hash: ""c6b048f529fd0dc3ffadd5e7142efb51""})"
"(:VERTEX {memory address: ""7f63baf47000"",size: ""9000"",subtype: ""memory"",tgid: ""172956"",source: ""syscall"",type: ""Artifact"",version: ""0"",hash: ""604c398ccf71a6cbea42055129de28cb""})"
"(:VERTEX {memory address: ""7f63baf3e000"",size: ""9000"",subtype: ""memory"",tgid: ""172956"",source: ""syscall"",type: ""Artifact"",version: ""0"",hash: ""f35cd89a53fe198287dc4bd186828e54""})"
"(:VERTEX {memory address: ""7f63baf35000"",size: ""9000"",subtype: ""memory"",tgid: ""172956"",source: ""syscall"",type: ""Artifact"",version: ""0"",hash: ""86cba8eecd38b3fe1e024dc94bf22559""})"
"(:VERTEX {memory address: ""7f63baf2c000"",size: ""9000"",subtype: ""memory"",tgid: ""172956"",source: ""syscall"",type: ""Artifact"",version: ""0"",hash: ""2e3e8986c80396bd81cb7ef16b6eab0e""})"
"(:VERTEX {memory address: ""7f63baf23000"",size: ""9000"",subtype: ""memory"",tgid: ""172956"",source: ""syscall"",type: ""Artifact"",version: ""0"",hash: ""2cd1dc68f0ce911c5abf4550fe548fe8""})"
"(:VERTEX {memory address: ""7f63baf1a000"",size: ""9000"",subtype: ""memory"",tgid: ""172956"",source: ""syscall"",type: ""Artifact"",version: ""0"",hash: ""56c2edd742b94c9196b816c78d870e34""})"
"(:VERTEX {memory address: ""7f63baf11000"",size: ""9000"",subtype: ""memory"",tgid: ""172956"",source: ""syscall"",type: ""Artifact"",version: ""0"",hash: ""d8c979ca8e67746fcbb0710a5ff4148c""})"
"(:VERTEX {memory address: ""7f63baf08000"",size: ""9000"",subtype: ""memory"",tgid: ""172956"",source: ""syscall"",type: ""Artifact"",version: ""0"",hash: ""3a13cb39ae225b80e06141c41ceae806""})"
"(:VERTEX {memory address: ""7f63baeff000"",size: ""9000"",subtype: ""memory"",tgid: ""172956"",source: ""syscall"",type: ""Artifact"",version: ""0"",hash: ""4bdd5718d8dfadb667e16e1dbae06f73""})"
"(:VERTEX {memory address: ""7f63baef6000"",size: ""9000"",subtype: ""memory"",tgid: ""172956"",source: ""syscall"",type: ""Artifact"",version: ""0"",hash: ""f07b739c0ad193e2a4047a5e8afda650""})"
"(:VERTEX {memory address: ""7f63bae76000"",size: ""80000"",subtype: ""memory"",tgid: ""172956"",source: ""syscall"",type: ""Artifact"",version: ""0"",hash: ""32207070f6f0bac9e79c22ee62441f8d""})"
"(:VERTEX {memory address: ""7f63bb15d000"",size: ""9000"",subtype: ""memory"",tgid: ""172956"",source: ""syscall"",type: ""Artifact"",version: ""188"",hash: ""dc7e0bb1283d697b332954520c9d6eda""})"
"(:VERTEX {memory address: ""7f63bb11c000"",size: ""9000"",subtype: ""memory"",tgid: ""172956"",source: ""syscall"",type: ""Artifact"",version: ""337"",hash: ""29b20328d5a742eb60e8289bf47ddee1""})"
"(:VERTEX {memory address: ""7f63bb113000"",size: ""9000"",subtype: ""memory"",tgid: ""172956"",source: ""syscall"",type: ""Artifact"",version: ""286"",hash: ""620e974b6b41819c3e217f577a8b76f7""})"
"(:VERTEX {memory address: ""7f63bb101000"",size: ""9000"",subtype: ""memory"",tgid: ""172956"",source: ""syscall"",type: ""Artifact"",version: ""159"",hash: ""70e26e720bac215901614c4ea975ae93""})"
"(:VERTEX {memory address: ""7f63bb0f8000"",size: ""9000"",subtype: ""memory"",tgid: ""172956"",source: ""syscall"",type: ""Artifact"",version: ""164"",hash: ""05af89cceaf13eab7072c2413227f8fa""})"
"(:VERTEX {memory address: ""7f63bb0ef000"",size: ""9000"",subtype: ""memory"",tgid: ""172956"",source: ""syscall"",type: ""Artifact"",version: ""152"",hash: ""98f39b62d12437230fa225521c8fd276""})"
"(:VERTEX {memory address: ""7f63bb0e6000"",size: ""9000"",subtype: ""memory"",tgid: ""172956"",source: ""syscall"",type: ""Artifact"",version: ""144"",hash: ""0f33fc9434037b513de4363fb09faead""})"
"(:VERTEX {memory address: ""7f63bb0d4000"",size: ""9000"",subtype: ""memory"",tgid: ""172956"",source: ""syscall"",type: ""Artifact"",version: ""84"",hash: ""808686f908e982f722bb0e3780ecb6ab""})"
"(:VERTEX {memory address: ""7f63bb0a4000"",size: ""9000"",subtype: ""memory"",tgid: ""172956"",source: ""syscall"",type: ""Artifact"",version: ""35"",hash: ""f79150b17f4948566059b4f521c92af8""})"
"(:VERTEX {memory address: ""7f63bb09b000"",size: ""9000"",subtype: ""memory"",tgid: ""172956"",source: ""syscall"",type: ""Artifact"",version: ""44"",hash: ""a12749b833b83f6aafd23ceb8e88a1e6""})"
"(:VERTEX {memory address: ""7f63bb089000"",size: ""9000"",subtype: ""memory"",tgid: ""172956"",source: ""syscall"",type: ""Artifact"",version: ""38"",hash: ""d16ecc8da9308e2998388e8290ea86b6""})"
"(:VERTEX {memory address: ""7f63bb078000"",size: ""11000"",subtype: ""memory"",tgid: ""172956"",source: ""syscall"",type: ""Artifact"",version: ""0"",hash: ""36854ea223732d1744a8cfbf9c3cdcd1""})"
"(:VERTEX {remote port: ""53"",epoch: ""0"",source: ""syscall"",type: ""Artifact"",version: ""0"",local port: ""33295"",net namespace: ""4026532992"",local address: ""10.1.251.244"",protocol: ""udp"",subtype: ""network socket"",remote address: ""10.152.183.10"",hash: ""11886a0638624a3d9ec5d996025d569d""})"
"(:VERTEX {memory address: ""7f63bb080000"",size: ""9000"",subtype: ""memory"",tgid: ""172956"",source: ""syscall"",type: ""Artifact"",version: ""28"",hash: ""a4008d77f8708441acb88ce6537eb2e9""})"
"(:VERTEX {memory address: ""7f63bb077000"",size: ""9000"",subtype: ""memory"",tgid: ""172956"",source: ""syscall"",type: ""Artifact"",version: ""18"",hash: ""556d92634b7ff6b3c54ab7b682ed5ad0""})"
"(:VERTEX {remote port: ""53"",epoch: ""0"",source: ""syscall"",type: ""Artifact"",version: ""0"",local port: ""59881"",net namespace: ""4026532992"",local address: ""10.1.251.244"",protocol: ""udp"",subtype: ""network socket"",remote address: ""10.152.183.10"",hash: ""9d09be1294e40361e529ccf83711c570""})"
"(:VERTEX {memory address: ""7f63bb065000"",size: ""9000"",subtype: ""memory"",tgid: ""172956"",source: ""syscall"",type: ""Artifact"",version: ""30"",hash: ""c982d5e27130fa6a5f36d64e8c9d8770""})"
"(:VERTEX {memory address: ""7f63bb05c000"",size: ""9000"",subtype: ""memory"",tgid: ""172956"",source: ""syscall"",type: ""Artifact"",version: ""19"",hash: ""96ca9c8684bd8eee704fa32c7cca7a8c""})"
"(:VERTEX {memory address: ""7f63bb053000"",size: ""9000"",subtype: ""memory"",tgid: ""172956"",source: ""syscall"",type: ""Artifact"",version: ""15"",hash: ""46b7ffa5ace4f4d70e10ef79f8e2d071""})"
"(:VERTEX {memory address: ""7f63bb041000"",size: ""9000"",subtype: ""memory"",tgid: ""172956"",source: ""syscall"",type: ""Artifact"",version: ""15"",hash: ""ef87d3bda57ac26a8186438d6675cdec""})"
"(:VERTEX {memory address: ""7f63bb11c000"",size: ""9000"",subtype: ""memory"",tgid: ""172956"",source: ""syscall"",type: ""Artifact"",version: ""338"",hash: ""a9860144ac8ad6f49c6bcfc9bf696a26""})"
"(:VERTEX {memory address: ""7f63bb0ef000"",size: ""9000"",subtype: ""memory"",tgid: ""172956"",source: ""syscall"",type: ""Artifact"",version: ""153"",hash: ""ff683c75684a315e324f436d187b6d81""})"
"(:VERTEX {memory address: ""7f63bb0d4000"",size: ""9000"",subtype: ""memory"",tgid: ""172956"",source: ""syscall"",type: ""Artifact"",version: ""85"",hash: ""0ab40b2a1a0be223774d7fc0394ebd5b""})"
"(:VERTEX {memory address: ""7f63bb09b000"",size: ""9000"",subtype: ""memory"",tgid: ""172956"",source: ""syscall"",type: ""Artifact"",version: ""45"",hash: ""c921f6bee145ceebab9d8e8be7e1092c""})"
"(:VERTEX {memory address: ""7f63bb080000"",size: ""9000"",subtype: ""memory"",tgid: ""172956"",source: ""syscall"",type: ""Artifact"",version: ""29"",hash: ""291b0eac03ade3b36538010cfc014bbd""})"
"(:VERTEX {memory address: ""7f63bb05c000"",size: ""9000"",subtype: ""memory"",tgid: ""172956"",source: ""syscall"",type: ""Artifact"",version: ""20"",hash: ""779174ca0a074257835ebb40493abccb""})"
"(:VERTEX {memory address: ""7f63bb028000"",size: ""9000"",subtype: ""memory"",tgid: ""172956"",source: ""syscall"",type: ""Artifact"",version: ""0"",hash: ""bfd4b47b1034bc49b9480ffa004695cb""})"
"(:VERTEX {memory address: ""7f63bb01f000"",size: ""9000"",subtype: ""memory"",tgid: ""172956"",source: ""syscall"",type: ""Artifact"",version: ""1"",hash: ""e079b4c5c20b57d71efe1f12368af92f""})"
"(:VERTEX {memory address: ""7f63bb016000"",size: ""9000"",subtype: ""memory"",tgid: ""172956"",source: ""syscall"",type: ""Artifact"",version: ""0"",hash: ""13ad21131d3cfb53f3accf8685fe00ae""})"
"(:VERTEX {memory address: ""7f63bb11c000"",size: ""9000"",subtype: ""memory"",tgid: ""172956"",source: ""syscall"",type: ""Artifact"",version: ""339"",hash: ""63ce2530f01b135b5fad7db1edc173a1""})"
"(:VERTEX {memory address: ""7f63bb09b000"",size: ""9000"",subtype: ""memory"",tgid: ""172956"",source: ""syscall"",type: ""Artifact"",version: ""46"",hash: ""d941d2864e080393c0b603f94f9afc55""})"
"(:VERTEX {memory address: ""7f63bb05c000"",size: ""9000"",subtype: ""memory"",tgid: ""172956"",source: ""syscall"",type: ""Artifact"",version: ""21"",hash: ""961cbe96a951ca60bb47c5deb375a177""})"
"(:VERTEX {memory address: ""7f63bb016000"",size: ""9000"",subtype: ""memory"",tgid: ""172956"",source: ""syscall"",type: ""Artifact"",version: ""1"",hash: ""4d25ed4cec2d58ce3a51d512ef94367e""})"
"(:VERTEX {memory address: ""7f63bd2e4000"",size: ""4000"",subtype: ""memory"",tgid: ""172956"",source: ""syscall"",type: ""Artifact"",version: ""33"",hash: ""e1417faee7fc62cdf05dfcc8e6a3b44c""})"
"(:VERTEX {remote port: ""48306"",epoch: ""0"",source: ""syscall"",type: ""Artifact"",version: ""0"",local port: ""3550"",net namespace: ""4026533110"",local address: ""0000:0000:0000:0000:0000:0000:0000:0000"",protocol: ""tcp"",subtype: ""network socket"",remote address: ""0000:0000:0000:0000:0000:FFFF:C0A8:2F80"",hash: ""f2d036c55c91edd5cd0de5b07b1d5713""})"
"(:VERTEX {remote port: ""32888"",epoch: ""0"",source: ""syscall"",type: ""Artifact"",version: ""0"",local port: ""8080"",net namespace: ""-1"",local address: ""0000:0000:0000:0000:0000:0000:0000:0000"",protocol: ""tcp"",subtype: ""network socket"",remote address: ""0000:0000:0000:0000:0000:FFFF:C0A8:2F80"",hash: ""2fdfda329a2974b788c33ed46c19a742""})"
"(:VERTEX {memory address: ""7f63bb114000"",size: ""11000"",subtype: ""memory"",tgid: ""172956"",source: ""syscall"",type: ""Artifact"",version: ""553"",hash: ""d47d526679e559efab7972142851d249""})"
"(:VERTEX {memory address: ""7f63bd2e2000"",size: ""11000"",subtype: ""memory"",tgid: ""172956"",source: ""syscall"",type: ""Artifact"",version: ""1654"",hash: ""c6674a1bf94e87c76e2f853e6828c694""})"
"(:VERTEX {memory address: ""7f63bd2e2000"",size: ""11000"",subtype: ""memory"",tgid: ""172956"",source: ""syscall"",type: ""Artifact"",version: ""1655"",hash: ""05b02da7c9b39a1c6402eaa182c306e3""})"
"(:VERTEX {memory address: ""7f63bd2e2000"",size: ""11000"",subtype: ""memory"",tgid: ""172956"",source: ""syscall"",type: ""Artifact"",version: ""1656"",hash: ""e7e18f842da382ce25d7596db15a49ea""})"
"(:VERTEX {memory address: ""7f63bd2f1000"",size: ""2000"",subtype: ""memory"",tgid: ""172956"",source: ""syscall"",type: ""Artifact"",version: ""107"",hash: ""da1a6b9d6a4ab689b089eff93535d038""})"
"(:VERTEX {memory address: ""7f63bd2e8000"",size: ""9000"",subtype: ""memory"",tgid: ""172956"",source: ""syscall"",type: ""Artifact"",version: ""43"",hash: ""8cfac90ec2f6cf11f8e0dc8f637c9e7a""})"
"(:VERTEX {memory address: ""7f63bd1bd000"",size: ""9000"",subtype: ""memory"",tgid: ""172956"",source: ""syscall"",type: ""Artifact"",version: ""319"",hash: ""c87b94c12fc172cb0dfb8227a7c0cd0a""})"
"(:VERTEX {memory address: ""7f63bb15d000"",size: ""9000"",subtype: ""memory"",tgid: ""172956"",source: ""syscall"",type: ""Artifact"",version: ""189"",hash: ""5a85efe171f042698bd1d3069b620c9b""})"
"(:VERTEX {memory address: ""7f63bb11c000"",size: ""9000"",subtype: ""memory"",tgid: ""172956"",source: ""syscall"",type: ""Artifact"",version: ""340"",hash: ""b904a9efea88bd96d391a9caa4327d25""})"
"(:VERTEX {memory address: ""7f63bb113000"",size: ""9000"",subtype: ""memory"",tgid: ""172956"",source: ""syscall"",type: ""Artifact"",version: ""287"",hash: ""eb54679a1099ad56c66d18ded6c319ed""})"
"(:VERTEX {memory address: ""7f63bb10a000"",size: ""9000"",subtype: ""memory"",tgid: ""172956"",source: ""syscall"",type: ""Artifact"",version: ""240"",hash: ""8ff3e8fbe450a0be83543390176f3b29""})"
"(:VERTEX {memory address: ""7f63bb101000"",size: ""9000"",subtype: ""memory"",tgid: ""172956"",source: ""syscall"",type: ""Artifact"",version: ""160"",hash: ""3cbc852b6b4895cea632a2f255e9551d""})"
"(:VERTEX {memory address: ""7f63bb0f8000"",size: ""9000"",subtype: ""memory"",tgid: ""172956"",source: ""syscall"",type: ""Artifact"",version: ""165"",hash: ""ef0377485ee21009f7e4cde8e67bd500""})"
"(:VERTEX {memory address: ""7f63bb0ef000"",size: ""9000"",subtype: ""memory"",tgid: ""172956"",source: ""syscall"",type: ""Artifact"",version: ""154"",hash: ""d13680fba76a36d8570c6038c45f98cc""})"
"(:VERTEX {memory address: ""7f63bb0e6000"",size: ""9000"",subtype: ""memory"",tgid: ""172956"",source: ""syscall"",type: ""Artifact"",version: ""145"",hash: ""d194d6c8835bfe7c6f3c3e74b87b200f""})"
"(:VERTEX {memory address: ""7f63bb0dd000"",size: ""9000"",subtype: ""memory"",tgid: ""172956"",source: ""syscall"",type: ""Artifact"",version: ""152"",hash: ""62f013b1a4f049de75be8e3dcc233c39""})"
"(:VERTEX {memory address: ""7f63bb113000"",size: ""9000"",subtype: ""memory"",tgid: ""172956"",source: ""syscall"",type: ""Artifact"",version: ""288"",hash: ""4cd2bdc09fed4d636205e4934749b35f""})"
"(:VERTEX {memory address: ""7f63bb0ef000"",size: ""9000"",subtype: ""memory"",tgid: ""172956"",source: ""syscall"",type: ""Artifact"",version: ""155"",hash: ""d42c998bf52e0d0f606af8c7f29c676b""})"
"(:VERTEX {memory address: ""7f63bb0dd000"",size: ""9000"",subtype: ""memory"",tgid: ""172956"",source: ""syscall"",type: ""Artifact"",version: ""153"",hash: ""3ed4a65867ecb725a12d1d1c4aca845e""})"
"(:VERTEX {memory address: ""7f63bb0db000"",size: ""b000"",subtype: ""memory"",tgid: ""172956"",source: ""syscall"",type: ""Artifact"",version: ""1"",hash: ""f1e3ef12ae5b0c9a42ad9e2e5cb270ca""})"
"(:VERTEX {memory address: ""7f63bb0ef000"",size: ""9000"",subtype: ""memory"",tgid: ""172956"",source: ""syscall"",type: ""Artifact"",version: ""156"",hash: ""d41824925c9bf01601251c82a3400d7d""})"
"(:VERTEX {memory address: ""7f63bb0d2000"",size: ""9000"",subtype: ""memory"",tgid: ""172956"",source: ""syscall"",type: ""Artifact"",version: ""1"",hash: ""bd2257ecd620c263e48a400edc2ef274""})"
"(:VERTEX {memory address: ""7f63bb0a4000"",size: ""9000"",subtype: ""memory"",tgid: ""172956"",source: ""syscall"",type: ""Artifact"",version: ""36"",hash: ""ba4cc46550c8728c4ffb11b7300a492c""})"
"(:VERTEX {memory address: ""7f63bb09b000"",size: ""9000"",subtype: ""memory"",tgid: ""172956"",source: ""syscall"",type: ""Artifact"",version: ""47"",hash: ""a5da553e8d1810dbf8ed942ff30b1837""})"
"(:VERTEX {memory address: ""7f63bb092000"",size: ""9000"",subtype: ""memory"",tgid: ""172956"",source: ""syscall"",type: ""Artifact"",version: ""33"",hash: ""62fe97f7cf1707569468c9c2966710f1""})"
"(:VERTEX {memory address: ""7f63bb0ef000"",size: ""9000"",subtype: ""memory"",tgid: ""172956"",source: ""syscall"",type: ""Artifact"",version: ""157"",hash: ""207133249830089bf6736a9c374d1841""})"
"(:VERTEX {memory address: ""7f63bb0ef000"",size: ""9000"",subtype: ""memory"",tgid: ""172956"",source: ""syscall"",type: ""Artifact"",version: ""158"",hash: ""d3184f4fdc17508973b74f4d9556ef2f""})"
"(:VERTEX {memory address: ""7f63bb0dd000"",size: ""9000"",subtype: ""memory"",tgid: ""172956"",source: ""syscall"",type: ""Artifact"",version: ""154"",hash: ""5273a6379afc0c4cd4ab64464b4406f4""})"
"(:VERTEX {memory address: ""7f63bb0ef000"",size: ""9000"",subtype: ""memory"",tgid: ""172956"",source: ""syscall"",type: ""Artifact"",version: ""159"",hash: ""0fcc64504bfe424503c74b8ccad7a547""})"
"(:VERTEX {memory address: ""7f63bb0d4000"",size: ""9000"",subtype: ""memory"",tgid: ""172956"",source: ""syscall"",type: ""Artifact"",version: ""86"",hash: ""c5b64b059b16c9e4981368cffd2b33b1""})"
"(:VERTEX {memory address: ""7f63bb0d4000"",size: ""9000"",subtype: ""memory"",tgid: ""172956"",source: ""syscall"",type: ""Artifact"",version: ""87"",hash: ""8c1e0944817d344d787f5e0441680502""})"
"(:VERTEX {memory address: ""7f63bb0a4000"",size: ""9000"",subtype: ""memory"",tgid: ""172956"",source: ""syscall"",type: ""Artifact"",version: ""37"",hash: ""d0a054296f091e99536dbd087783188b""})"
"(:VERTEX {memory address: ""7f63bb09b000"",size: ""9000"",subtype: ""memory"",tgid: ""172956"",source: ""syscall"",type: ""Artifact"",version: ""48"",hash: ""0ca15b727cef760d8cc5cee39a5ab750""})"
"(:VERTEX {memory address: ""7f63bb092000"",size: ""9000"",subtype: ""memory"",tgid: ""172956"",source: ""syscall"",type: ""Artifact"",version: ""34"",hash: ""8a1e4f81ff6470a64ab77efed7299f3d""})"
"(:VERTEX {memory address: ""7f63bb089000"",size: ""9000"",subtype: ""memory"",tgid: ""172956"",source: ""syscall"",type: ""Artifact"",version: ""39"",hash: ""20f2174822079446373573eaa393e666""})"
"(:VERTEX {memory address: ""7f63bb080000"",size: ""9000"",subtype: ""memory"",tgid: ""172956"",source: ""syscall"",type: ""Artifact"",version: ""30"",hash: ""623b433875f2534d6b3e487de9391c7b""})"
"(:VERTEX {memory address: ""7f63bd2e4000"",size: ""4000"",subtype: ""memory"",tgid: ""172956"",source: ""syscall"",type: ""Artifact"",version: ""34"",hash: ""f32ab948c413aa3f84a8c2582ab2fcca""})"
"(:VERTEX {memory address: ""7f63bb0d4000"",size: ""9000"",subtype: ""memory"",tgid: ""172956"",source: ""syscall"",type: ""Artifact"",version: ""88"",hash: ""8fbe15ac9f7ef641635c4776a92b823e""})"
"(:VERTEX {memory address: ""7f63bb0a4000"",size: ""9000"",subtype: ""memory"",tgid: ""172956"",source: ""syscall"",type: ""Artifact"",version: ""38"",hash: ""e4e18c5153636328b1cf41b97e122508""})"
"(:VERTEX {memory address: ""7f63bb09a000"",size: ""13000"",subtype: ""memory"",tgid: ""172956"",source: ""syscall"",type: ""Artifact"",version: ""0"",hash: ""127e319e3434ca213bb819cce532f6f0""})"
"(:VERTEX {memory address: ""7f63bb0d4000"",size: ""9000"",subtype: ""memory"",tgid: ""172956"",source: ""syscall"",type: ""Artifact"",version: ""89"",hash: ""0f6bafc0e1c3f747588847b252889638""})"
"(:VERTEX {memory address: ""7f63bb077000"",size: ""9000"",subtype: ""memory"",tgid: ""172956"",source: ""syscall"",type: ""Artifact"",version: ""19"",hash: ""bdff4d9c81b4487b07c17a0db548a40a""})"
"(:VERTEX {memory address: ""7f63bb06e000"",size: ""9000"",subtype: ""memory"",tgid: ""172956"",source: ""syscall"",type: ""Artifact"",version: ""17"",hash: ""4c6defd8c4ee557aa5534a8dfad4ebd4""})"
"(:VERTEX {memory address: ""7f63bd2e4000"",size: ""4000"",subtype: ""memory"",tgid: ""172956"",source: ""syscall"",type: ""Artifact"",version: ""35"",hash: ""27817f812977525431e70cc0e3801e71""})"
"(:VERTEX {memory address: ""7f63bb0d4000"",size: ""9000"",subtype: ""memory"",tgid: ""172956"",source: ""syscall"",type: ""Artifact"",version: ""90"",hash: ""426373a87c1dbaae726f276594285455""})"
"(:VERTEX {memory address: ""7f63bb0a4000"",size: ""9000"",subtype: ""memory"",tgid: ""172956"",source: ""syscall"",type: ""Artifact"",version: ""39"",hash: ""3518a43186f060ef9a9a1f3586d307d6""})"
"(:VERTEX {memory address: ""7f63bb09b000"",size: ""9000"",subtype: ""memory"",tgid: ""172956"",source: ""syscall"",type: ""Artifact"",version: ""49"",hash: ""8a907fbdda36b37a6cf0e4343dd8c3f9""})"
"(:VERTEX {memory address: ""7f63bb092000"",size: ""9000"",subtype: ""memory"",tgid: ""172956"",source: ""syscall"",type: ""Artifact"",version: ""35"",hash: ""5956cf10896c6c34c7c1400d56cd60f9""})"
"(:VERTEX {memory address: ""7f63bb077000"",size: ""9000"",subtype: ""memory"",tgid: ""172956"",source: ""syscall"",type: ""Artifact"",version: ""20"",hash: ""878d873aa935a4b46f37a13ed7abdc59""})"
"(:VERTEX {memory address: ""7f63bb065000"",size: ""9000"",subtype: ""memory"",tgid: ""172956"",source: ""syscall"",type: ""Artifact"",version: ""31"",hash: ""6754904d0dc59fbdd2a6dbf95669467e""})"
"(:VERTEX {memory address: ""7f63bb05c000"",size: ""9000"",subtype: ""memory"",tgid: ""172956"",source: ""syscall"",type: ""Artifact"",version: ""22"",hash: ""f369be09d475371a420a395063b5d084""})"
"(:VERTEX {memory address: ""7f63bb0a4000"",size: ""9000"",subtype: ""memory"",tgid: ""172956"",source: ""syscall"",type: ""Artifact"",version: ""40"",hash: ""f5dcf542e0cca4dcac8682ab1501f113""})"
"(:VERTEX {memory address: ""7f63bb09b000"",size: ""9000"",subtype: ""memory"",tgid: ""172956"",source: ""syscall"",type: ""Artifact"",version: ""50"",hash: ""5944459e0c4bd066efb179428f5367d0""})"
"(:VERTEX {memory address: ""7f63bb077000"",size: ""9000"",subtype: ""memory"",tgid: ""172956"",source: ""syscall"",type: ""Artifact"",version: ""21"",hash: ""2f6cfa30e677f1a9dd3b3df38e9e2f10""})"
"(:VERTEX {memory address: ""7f63bb05c000"",size: ""9000"",subtype: ""memory"",tgid: ""172956"",source: ""syscall"",type: ""Artifact"",version: ""23"",hash: ""666ce77b85e2ffd6daa9ffe9e9d81050""})"
"(:VERTEX {memory address: ""7f63bb053000"",size: ""9000"",subtype: ""memory"",tgid: ""172956"",source: ""syscall"",type: ""Artifact"",version: ""16"",hash: ""9938f8a2df8721bb295784d411eefeb7""})"
"(:VERTEX {memory address: ""7f63bb04a000"",size: ""9000"",subtype: ""memory"",tgid: ""172956"",source: ""syscall"",type: ""Artifact"",version: ""16"",hash: ""1e4f2169c5f9e8a0de9d657d73038b14""})"
"(:VERTEX {memory address: ""7f63bb041000"",size: ""9000"",subtype: ""memory"",tgid: ""172956"",source: ""syscall"",type: ""Artifact"",version: ""16"",hash: ""cd77b48f9280a6cc1a3495f71f9f28bb""})"
"(:VERTEX {memory address: ""7f63bb038000"",size: ""9000"",subtype: ""memory"",tgid: ""172956"",source: ""syscall"",type: ""Artifact"",version: ""13"",hash: ""87b8067e5279d9a917d015b8eb01e21d""})"
"(:VERTEX {memory address: ""7f63bd1bd000"",size: ""9000"",subtype: ""memory"",tgid: ""172956"",source: ""syscall"",type: ""Artifact"",version: ""320"",hash: ""cd8abbeebe3a53ce91d69342da997c2c""})"
"(:VERTEX {memory address: ""7f63bb11c000"",size: ""9000"",subtype: ""memory"",tgid: ""172956"",source: ""syscall"",type: ""Artifact"",version: ""341"",hash: ""3c37962dfa8197eea536c3a110a03c61""})"
"(:VERTEX {memory address: ""7f63bb113000"",size: ""9000"",subtype: ""memory"",tgid: ""172956"",source: ""syscall"",type: ""Artifact"",version: ""289"",hash: ""c93025d18d75ff73a83ab9b592f60789""})"
"(:VERTEX {memory address: ""7f63bb10a000"",size: ""9000"",subtype: ""memory"",tgid: ""172956"",source: ""syscall"",type: ""Artifact"",version: ""241"",hash: ""43fdd926a15c127378eb4687c1a17e56""})"
"(:VERTEX {memory address: ""7f63bb0f8000"",size: ""9000"",subtype: ""memory"",tgid: ""172956"",source: ""syscall"",type: ""Artifact"",version: ""166"",hash: ""b85d894f751f197bd40f7d46790f59ff""})"
"(:VERTEX {memory address: ""7f63bb0ef000"",size: ""9000"",subtype: ""memory"",tgid: ""172956"",source: ""syscall"",type: ""Artifact"",version: ""160"",hash: ""9a70a879fcab4620d6280733f956832d""})"
"(:VERTEX {memory address: ""7f63bb0e6000"",size: ""9000"",subtype: ""memory"",tgid: ""172956"",source: ""syscall"",type: ""Artifact"",version: ""146"",hash: ""9e337de9d2997a8aad871060982129ab""})"
"(:VERTEX {memory address: ""7f63bb0dd000"",size: ""9000"",subtype: ""memory"",tgid: ""172956"",source: ""syscall"",type: ""Artifact"",version: ""155"",hash: ""89a648a8d372113a08e9727f5ed7b66c""})"
"(:VERTEX {memory address: ""7f63bb0d4000"",size: ""9000"",subtype: ""memory"",tgid: ""172956"",source: ""syscall"",type: ""Artifact"",version: ""91"",hash: ""94493d5d885cbcbad65b3c9021876af9""})"
"(:VERTEX {memory address: ""7f63bb09b000"",size: ""9000"",subtype: ""memory"",tgid: ""172956"",source: ""syscall"",type: ""Artifact"",version: ""51"",hash: ""c9f8e0d69c8e3a9b4657ee99672c024b""})"
"(:VERTEX {memory address: ""7f63bb092000"",size: ""9000"",subtype: ""memory"",tgid: ""172956"",source: ""syscall"",type: ""Artifact"",version: ""36"",hash: ""cf605822ca538c492c8649e3555a373b""})"
"(:VERTEX {memory address: ""7f63bb089000"",size: ""9000"",subtype: ""memory"",tgid: ""172956"",source: ""syscall"",type: ""Artifact"",version: ""40"",hash: ""d4e05000eaa824ab44ec67fad81edf7c""})"
"(:VERTEX {memory address: ""7f63bb080000"",size: ""9000"",subtype: ""memory"",tgid: ""172956"",source: ""syscall"",type: ""Artifact"",version: ""31"",hash: ""42a457867c57524fc608e593739f643a""})"
"(:VERTEX {memory address: ""7f63bb0ef000"",size: ""9000"",subtype: ""memory"",tgid: ""172956"",source: ""syscall"",type: ""Artifact"",version: ""161"",hash: ""c112edb288eaf24f7f83638c477f96b3""})"
"(:VERTEX {memory address: ""7f63bb0d4000"",size: ""9000"",subtype: ""memory"",tgid: ""172956"",source: ""syscall"",type: ""Artifact"",version: ""92"",hash: ""14142663b52f21a9dc6fa4a1bbd4a702""})"
"(:VERTEX {memory address: ""7f63bb089000"",size: ""9000"",subtype: ""memory"",tgid: ""172956"",source: ""syscall"",type: ""Artifact"",version: ""41"",hash: ""964d28a3ce2a56e38df62f12e039cd06""})"
"(:VERTEX {memory address: ""7f63bb06e000"",size: ""9000"",subtype: ""memory"",tgid: ""172956"",source: ""syscall"",type: ""Artifact"",version: ""18"",hash: ""df8d77e01bb00777196d0b7434fb63b9""})"
"(:VERTEX {memory address: ""7f63bb065000"",size: ""9000"",subtype: ""memory"",tgid: ""172956"",source: ""syscall"",type: ""Artifact"",version: ""32"",hash: ""62e59705dc89fb06cc123155b7cfb3f9""})"
"(:VERTEX {memory address: ""7f63bb089000"",size: ""9000"",subtype: ""memory"",tgid: ""172956"",source: ""syscall"",type: ""Artifact"",version: ""42"",hash: ""1649270d425b812c3b5e299431680bbd""})"
"(:VERTEX {memory address: ""7f63bb04a000"",size: ""9000"",subtype: ""memory"",tgid: ""172956"",source: ""syscall"",type: ""Artifact"",version: ""17"",hash: ""42832279a2494c7e3d67cc9504d6a1dd""})"
"(:VERTEX {memory address: ""7f63bd2e4000"",size: ""4000"",subtype: ""memory"",tgid: ""172956"",source: ""syscall"",type: ""Artifact"",version: ""36"",hash: ""2691555d669977f2b3e303b01665dc8c""})"
"(:VERTEX {memory address: ""7f63bd1bd000"",size: ""9000"",subtype: ""memory"",tgid: ""172956"",source: ""syscall"",type: ""Artifact"",version: ""321"",hash: ""3029fc92d5feaa6376e50bf50df64139""})"
"(:VERTEX {memory address: ""7f63bb114000"",size: ""11000"",subtype: ""memory"",tgid: ""172956"",source: ""syscall"",type: ""Artifact"",version: ""554"",hash: ""6d1f02752becf023e92ae588208dd7ef""})"
"(:VERTEX {memory address: ""7f63bd2e2000"",size: ""11000"",subtype: ""memory"",tgid: ""172956"",source: ""syscall"",type: ""Artifact"",version: ""1657"",hash: ""7815a5ee7854b6f4b3538f0ec152ad0e""})"
"(:VERTEX {memory address: ""7f63bd2e2000"",size: ""11000"",subtype: ""memory"",tgid: ""172956"",source: ""syscall"",type: ""Artifact"",version: ""1658"",hash: ""3c79d40c1ffceaf0a8fd06301c269ef4""})"
"(:VERTEX {memory address: ""7f63bd2e2000"",size: ""11000"",subtype: ""memory"",tgid: ""172956"",source: ""syscall"",type: ""Artifact"",version: ""1659"",hash: ""8421e44e17c1584aeb8ba8936c221a8e""})"
"(:VERTEX {memory address: ""7f63bd2e2000"",size: ""11000"",subtype: ""memory"",tgid: ""172956"",source: ""syscall"",type: ""Artifact"",version: ""1660"",hash: ""bc25af6283728c3cad0baafabbdccade""})"
"(:VERTEX {memory address: ""1c0561980000"",size: ""40000"",subtype: ""memory"",tgid: ""172956"",source: ""syscall"",type: ""Artifact"",version: ""12"",hash: ""ca5256810e5aab30aac1e0a9ace98898""})"
"(:VERTEX {memory address: ""ce06300000"",size: ""40000"",subtype: ""memory"",tgid: ""172956"",source: ""syscall"",type: ""Artifact"",version: ""12"",hash: ""bdf2749475ac6e71ec8803375b1806d0""})"
"(:VERTEX {memory address: ""24c73be40000"",size: ""40000"",subtype: ""memory"",tgid: ""172956"",source: ""syscall"",type: ""Artifact"",version: ""12"",hash: ""915bf332db960b6305499f4a251e4c2d""})"
"(:VERTEX {memory address: ""1dce6d6c0000"",size: ""40000"",subtype: ""memory"",tgid: ""172956"",source: ""syscall"",type: ""Artifact"",version: ""12"",hash: ""4bf836c80d13f25a8de5946432e7db0d""})"
"(:VERTEX {memory address: ""7f63bd2ef000"",size: ""4000"",subtype: ""memory"",tgid: ""172956"",source: ""syscall"",type: ""Artifact"",version: ""64"",hash: ""d155f11bf901d105f930693bcd4892fa""})"
"(:VERTEX {memory address: ""7f63bd2eb000"",size: ""4000"",subtype: ""memory"",tgid: ""172956"",source: ""syscall"",type: ""Artifact"",version: ""54"",hash: ""091f58e512d2114c50570f3e453e13e4""})"
"(:VERTEX {memory address: ""7f63bd2e5000"",size: ""6000"",subtype: ""memory"",tgid: ""172956"",source: ""syscall"",type: ""Artifact"",version: ""8"",hash: ""a9dea6cce8c8a7b1f9efacecf80aa0e9""})"
"(:VERTEX {memory address: ""7f63bd2e5000"",size: ""6000"",subtype: ""memory"",tgid: ""172956"",source: ""syscall"",type: ""Artifact"",version: ""9"",hash: ""dc0bcaf4537548574a80063f3fd15016""})"
"(:VERTEX {memory address: ""11f76ac0000"",size: ""40000"",subtype: ""memory"",tgid: ""172956"",source: ""syscall"",type: ""Artifact"",version: ""62"",hash: ""3ae799df9ee576095a3ccbe6daafcc7f""})"
"(:VERTEX {memory address: ""31798280000"",size: ""40000"",subtype: ""memory"",tgid: ""172956"",source: ""syscall"",type: ""Artifact"",version: ""62"",hash: ""fc3ef0b4747a5ecef8adc8a85f0b813f""})"
"(:VERTEX {memory address: ""7cb45600000"",size: ""40000"",subtype: ""memory"",tgid: ""172956"",source: ""syscall"",type: ""Artifact"",version: ""62"",hash: ""a3c7e2c52628ea9ed453447ecb8e114b""})"
"(:VERTEX {memory address: ""3030c7dc0000"",size: ""40000"",subtype: ""memory"",tgid: ""172956"",source: ""syscall"",type: ""Artifact"",version: ""62"",hash: ""adda09f67cad8b78fac23b7958db27cf""})"
"(:VERTEX {memory address: ""7f63bd2e2000"",size: ""11000"",subtype: ""memory"",tgid: ""172956"",source: ""syscall"",type: ""Artifact"",version: ""1661"",hash: ""8cdc348ce477cb996044dc8192c16913""})"
"(:VERTEX {remote port: ""40654"",epoch: ""0"",source: ""syscall"",type: ""Artifact"",version: ""0"",local port: ""50051"",net namespace: ""-1"",local address: ""0000:0000:0000:0000:0000:0000:0000:0000"",protocol: ""tcp"",subtype: ""network socket"",remote address: ""0000:0000:0000:0000:0000:FFFF:C0A8:2F80"",hash: ""b175248acbc46a999851c6986eddb157""})"
"(:VERTEX {memory address: ""7f17b78dc000"",size: ""2000"",subtype: ""memory"",tgid: ""173004"",source: ""syscall"",type: ""Artifact"",version: ""3"",hash: ""5faa7eef6b6da4f5e2db831bc1166fc2""})"
"(:VERTEX {memory address: ""7f63bd2e2000"",size: ""11000"",subtype: ""memory"",tgid: ""172956"",source: ""syscall"",type: ""Artifact"",version: ""1662"",hash: ""dc57a67ab14c3ed77efe7ca61c2a9d3a""})"
"(:VERTEX {memory address: ""7f63bd2e2000"",size: ""11000"",subtype: ""memory"",tgid: ""172956"",source: ""syscall"",type: ""Artifact"",version: ""1663"",hash: ""c8eab0d6b128523b7706a1161bbbe276""})"
"(:VERTEX {memory address: ""7f63bd2e2000"",size: ""11000"",subtype: ""memory"",tgid: ""172956"",source: ""syscall"",type: ""Artifact"",version: ""1664"",hash: ""1cd3bb0e87adaa82cd0a22def1b47a64""})"
"(:VERTEX {memory address: ""7f63bd2e2000"",size: ""11000"",subtype: ""memory"",tgid: ""172956"",source: ""syscall"",type: ""Artifact"",version: ""1665"",hash: ""7dee5b1eb685bae3826eac4f970cb396""})"
"(:VERTEX {memory address: ""7f63bd2e2000"",size: ""11000"",subtype: ""memory"",tgid: ""172956"",source: ""syscall"",type: ""Artifact"",version: ""1666"",hash: ""becc2d1090466fa674a966be0e499c70""})"
"(:VERTEX {memory address: ""7f63bd2e2000"",size: ""11000"",subtype: ""memory"",tgid: ""172956"",source: ""syscall"",type: ""Artifact"",version: ""1667"",hash: ""2a4321f24979fab17e3f27caad72683c""})"
"(:VERTEX {memory address: ""7f63bd2e2000"",size: ""11000"",subtype: ""memory"",tgid: ""172956"",source: ""syscall"",type: ""Artifact"",version: ""1668"",hash: ""ab6fe0438bd9daf92bf00990bfa17fc3""})"
"(:VERTEX {memory address: ""7f63bd2e2000"",size: ""11000"",subtype: ""memory"",tgid: ""172956"",source: ""syscall"",type: ""Artifact"",version: ""1669"",hash: ""a72a41686c493cbb499b5f40ae3cc40f""})"
"(:VERTEX {memory address: ""7f63bd2e2000"",size: ""11000"",subtype: ""memory"",tgid: ""172956"",source: ""syscall"",type: ""Artifact"",version: ""1670"",hash: ""5a1b6fd2f9d5a277f727c69abb76fdf8""})"
"(:VERTEX {memory address: ""7f63bd2e2000"",size: ""11000"",subtype: ""memory"",tgid: ""172956"",source: ""syscall"",type: ""Artifact"",version: ""1671"",hash: ""23e2ac719a47fe72a7dc049568e91e30""})"
"(:VERTEX {memory address: ""7f63bd2f1000"",size: ""2000"",subtype: ""memory"",tgid: ""172956"",source: ""syscall"",type: ""Artifact"",version: ""108"",hash: ""6f677d3d38e6c10cfc277194a0f53fb1""})"
"(:VERTEX {memory address: ""7f63bd2e8000"",size: ""9000"",subtype: ""memory"",tgid: ""172956"",source: ""syscall"",type: ""Artifact"",version: ""44"",hash: ""ad61df59c22c357f8db3c24508f7df69""})"
"(:VERTEX {memory address: ""7f63bd1bd000"",size: ""9000"",subtype: ""memory"",tgid: ""172956"",source: ""syscall"",type: ""Artifact"",version: ""322"",hash: ""405e58f7cfdc9f88f29ff243f6c172f0""})"
"(:VERTEX {memory address: ""7f63bb15d000"",size: ""9000"",subtype: ""memory"",tgid: ""172956"",source: ""syscall"",type: ""Artifact"",version: ""190"",hash: ""ef5047c300bcc070fe4b39784660f44a""})"
"(:VERTEX {memory address: ""7f63bb11c000"",size: ""9000"",subtype: ""memory"",tgid: ""172956"",source: ""syscall"",type: ""Artifact"",version: ""342"",hash: ""1d61314b673edb447037928cfc900ae7""})"
"(:VERTEX {memory address: ""7f63bb11c000"",size: ""9000"",subtype: ""memory"",tgid: ""172956"",source: ""syscall"",type: ""Artifact"",version: ""343"",hash: ""83ff5fc7ae7b2189b77421dfe2b40ddc""})"
"(:VERTEX {memory address: ""7f63bb113000"",size: ""9000"",subtype: ""memory"",tgid: ""172956"",source: ""syscall"",type: ""Artifact"",version: ""290"",hash: ""f05b6293b5449c0f48ebef8b48dc11d1""})"
"(:VERTEX {memory address: ""7f63bb113000"",size: ""9000"",subtype: ""memory"",tgid: ""172956"",source: ""syscall"",type: ""Artifact"",version: ""291"",hash: ""4a7ccf5a58601413f50256f03e047b83""})"
"(:VERTEX {memory address: ""7f63bb10a000"",size: ""9000"",subtype: ""memory"",tgid: ""172956"",source: ""syscall"",type: ""Artifact"",version: ""242"",hash: ""007ce66a5154e9a742591ff9d85dec48""})"
"(:VERTEX {memory address: ""7f63bb113000"",size: ""9000"",subtype: ""memory"",tgid: ""172956"",source: ""syscall"",type: ""Artifact"",version: ""292"",hash: ""78f81d5e8d0fc26462d5dfd50d6ff268""})"
"(:VERTEX {memory address: ""7f63bb101000"",size: ""9000"",subtype: ""memory"",tgid: ""172956"",source: ""syscall"",type: ""Artifact"",version: ""161"",hash: ""f97b4c6c9333d614a20679e295e68adf""})"
"(:VERTEX {memory address: ""7f63bb113000"",size: ""9000"",subtype: ""memory"",tgid: ""172956"",source: ""syscall"",type: ""Artifact"",version: ""293"",hash: ""53fcf93228d6d9e467230f9d9986b497""})"
"(:VERTEX {memory address: ""7f63bb101000"",size: ""9000"",subtype: ""memory"",tgid: ""172956"",source: ""syscall"",type: ""Artifact"",version: ""162"",hash: ""aacc3753e10223f558a8e492cb061303""})"
"(:VERTEX {memory address: ""7f63bd2e3000"",size: ""5000"",subtype: ""memory"",tgid: ""172956"",source: ""syscall"",type: ""Artifact"",version: ""0"",hash: ""f25a48fd64ecc327a19619e757067a2b""})"
"(:VERTEX {memory address: ""7f63bb101000"",size: ""9000"",subtype: ""memory"",tgid: ""172956"",source: ""syscall"",type: ""Artifact"",version: ""163"",hash: ""01748ccf4f2fad544b3a02ef875c8b1f""})"
"(:VERTEX {memory address: ""7f63bb15d000"",size: ""9000"",subtype: ""memory"",tgid: ""172956"",source: ""syscall"",type: ""Artifact"",version: ""191"",hash: ""22a8b66b37fc14024b8453dc43520cba""})"
"(:VERTEX {memory address: ""7f63bb11c000"",size: ""9000"",subtype: ""memory"",tgid: ""172956"",source: ""syscall"",type: ""Artifact"",version: ""344"",hash: ""ff6fbfafa58e797371a699f00a4d6cfc""})"
"(:VERTEX {memory address: ""7f63bb113000"",size: ""9000"",subtype: ""memory"",tgid: ""172956"",source: ""syscall"",type: ""Artifact"",version: ""294"",hash: ""91f8620f7285fef47691f60a92d968d7""})"
"(:VERTEX {memory address: ""7f63bb114000"",size: ""11000"",subtype: ""memory"",tgid: ""172956"",source: ""syscall"",type: ""Artifact"",version: ""555"",hash: ""e102a949481122985fd041112f500842""})"
"(:VERTEX {memory address: ""7f63bd2e2000"",size: ""11000"",subtype: ""memory"",tgid: ""172956"",source: ""syscall"",type: ""Artifact"",version: ""1672"",hash: ""a815fcad3304733eab3c1e8852a0f76c""})"
"(:VERTEX {memory address: ""7f63bd2e2000"",size: ""11000"",subtype: ""memory"",tgid: ""172956"",source: ""syscall"",type: ""Artifact"",version: ""1673"",hash: ""a29e9f0e4ef6d4b6d0039e414560366a""})"
"(:VERTEX {memory address: ""7f63bd2e2000"",size: ""11000"",subtype: ""memory"",tgid: ""172956"",source: ""syscall"",type: ""Artifact"",version: ""1674"",hash: ""2ad1bd044396a07207cd035b21aedc24""})"
"(:VERTEX {memory address: ""7f63bd2e2000"",size: ""11000"",subtype: ""memory"",tgid: ""172956"",source: ""syscall"",type: ""Artifact"",version: ""1675"",hash: ""8376e1b70f9ced7c2749c540fdc922a1""})"
"(:VERTEX {remote port: ""53"",epoch: ""0"",source: ""syscall"",type: ""Artifact"",version: ""0"",local port: ""58410"",net namespace: ""4026532992"",local address: ""10.1.251.244"",protocol: ""udp"",subtype: ""network socket"",remote address: ""10.152.183.10"",hash: ""cc34462951c6c0346876185438489da1""})"
"(:VERTEX {remote port: ""53"",epoch: ""0"",source: ""syscall"",type: ""Artifact"",version: ""0"",local port: ""43281"",net namespace: ""4026532992"",local address: ""10.1.251.244"",protocol: ""udp"",subtype: ""network socket"",remote address: ""10.152.183.10"",hash: ""12a271930e99f21b12c9730093dc1989""})"
"(:VERTEX {memory address: ""7f63bd2e2000"",size: ""11000"",subtype: ""memory"",tgid: ""172956"",source: ""syscall"",type: ""Artifact"",version: ""1676"",hash: ""4e4b014438c55d6669bdfbdbdfcc9b2a""})"
"(:VERTEX {memory address: ""7f17b7809000"",size: ""11000"",subtype: ""memory"",tgid: ""173004"",source: ""syscall"",type: ""Artifact"",version: ""129"",hash: ""2c03f75f9cb3aa3b87c8bfdbc5cae647""})"
"(:VERTEX {memory address: ""7f63bd2e2000"",size: ""11000"",subtype: ""memory"",tgid: ""172956"",source: ""syscall"",type: ""Artifact"",version: ""1677"",hash: ""1c3d768965d0d40e9312273d1cc93086""})"
"(:VERTEX {memory address: ""7f63bd2e2000"",size: ""11000"",subtype: ""memory"",tgid: ""172956"",source: ""syscall"",type: ""Artifact"",version: ""1678"",hash: ""5c8726012a740b219864a827649e7ef7""})"
"(:VERTEX {memory address: ""7f63bd2e2000"",size: ""11000"",subtype: ""memory"",tgid: ""172956"",source: ""syscall"",type: ""Artifact"",version: ""1679"",hash: ""622d2e66440c492ab03a4955a62068ee""})"
"(:VERTEX {memory address: ""7f63bd2e2000"",size: ""11000"",subtype: ""memory"",tgid: ""172956"",source: ""syscall"",type: ""Artifact"",version: ""1680"",hash: ""d19969b4104ba3e18beaaa5e983fc17c""})"
"(:VERTEX {memory address: ""7f63bd2e2000"",size: ""11000"",subtype: ""memory"",tgid: ""172956"",source: ""syscall"",type: ""Artifact"",version: ""1681"",hash: ""d1088f6eb15b004d8ee2f30afdfe6c08""})"
"(:VERTEX {memory address: ""7f63bd2f1000"",size: ""2000"",subtype: ""memory"",tgid: ""172956"",source: ""syscall"",type: ""Artifact"",version: ""109"",hash: ""ec3cb66ec5dbb117346c958dd67c3360""})"
"(:VERTEX {memory address: ""7f63bd2e8000"",size: ""9000"",subtype: ""memory"",tgid: ""172956"",source: ""syscall"",type: ""Artifact"",version: ""45"",hash: ""5c76f33e5ea0204b1fb2e87a9d9a1790""})"
"(:VERTEX {memory address: ""7f63bb114000"",size: ""11000"",subtype: ""memory"",tgid: ""172956"",source: ""syscall"",type: ""Artifact"",version: ""556"",hash: ""9b36b28104189bf7bda9439091ed3d89""})"
"(:VERTEX {memory address: ""7f63bd1bd000"",size: ""9000"",subtype: ""memory"",tgid: ""172956"",source: ""syscall"",type: ""Artifact"",version: ""323"",hash: ""d33dfbfe08a3e7f0e468517de16abc1a""})"
"(:VERTEX {memory address: ""7f63bb15d000"",size: ""9000"",subtype: ""memory"",tgid: ""172956"",source: ""syscall"",type: ""Artifact"",version: ""192"",hash: ""e7a17ab69f7c6e616248c8ccc40b68da""})"
"(:VERTEX {memory address: ""7f63bb115000"",size: ""10000"",subtype: ""memory"",tgid: ""172956"",source: ""syscall"",type: ""Artifact"",version: ""68"",hash: ""db22cb82d19ed056bc05a500de376865""})"
"(:VERTEX {memory address: ""7f63bb10c000"",size: ""9000"",subtype: ""memory"",tgid: ""172956"",source: ""syscall"",type: ""Artifact"",version: ""14"",hash: ""81793a1d9ca0fe57d697749088912473""})"
"(:VERTEX {memory address: ""7f63bb103000"",size: ""9000"",subtype: ""memory"",tgid: ""172956"",source: ""syscall"",type: ""Artifact"",version: ""60"",hash: ""9ca7e91b2dd1ab9d0f8405591df2603c""})"
"(:VERTEX {memory address: ""7f63bd1e6000"",size: ""7000"",subtype: ""memory"",tgid: ""172956"",source: ""syscall"",type: ""Artifact"",version: ""247"",hash: ""b16812caaae8fc3b70e82bfd59cbbad5""})"
"(:VERTEX {memory address: ""7f63bd1bd000"",size: ""9000"",subtype: ""memory"",tgid: ""172956"",source: ""syscall"",type: ""Artifact"",version: ""324"",hash: ""f3f46f185092d0ba83a88cc8cf35063c""})"
"(:VERTEX {memory address: ""7f63bb10c000"",size: ""9000"",subtype: ""memory"",tgid: ""172956"",source: ""syscall"",type: ""Artifact"",version: ""15"",hash: ""8c10724ebcfa6fc8e37271af4056242a""})"
"(:VERTEX {memory address: ""7f63bb104000"",size: ""11000"",subtype: ""memory"",tgid: ""172956"",source: ""syscall"",type: ""Artifact"",version: ""4"",hash: ""a2808b72b7d5822baee7f07369bf13be""})"
"(:VERTEX {memory address: ""7f63bd2e2000"",size: ""11000"",subtype: ""memory"",tgid: ""172956"",source: ""syscall"",type: ""Artifact"",version: ""1682"",hash: ""6c98cb0c7b2bcf453ae097bf8e57e20d""})"
"(:VERTEX {memory address: ""7f77ea94a000"",size: ""1000"",subtype: ""memory"",tgid: ""172683"",source: ""syscall"",type: ""Artifact"",version: ""1"",hash: ""fbc76ad92b72506a84cb11c251c69d55""})"
"(:VERTEX {memory address: ""7f63bd2e2000"",size: ""11000"",subtype: ""memory"",tgid: ""172956"",source: ""syscall"",type: ""Artifact"",version: ""1683"",hash: ""0cd520f32cc3607da4f30e87564950cb""})"
"(:VERTEX {memory address: ""7f63bd2e2000"",size: ""11000"",subtype: ""memory"",tgid: ""172956"",source: ""syscall"",type: ""Artifact"",version: ""1684"",hash: ""300f1df83447d8f5e93f2b0beb62b83b""})"
"(:VERTEX {memory address: ""7f63bd2e2000"",size: ""11000"",subtype: ""memory"",tgid: ""172956"",source: ""syscall"",type: ""Artifact"",version: ""1685"",hash: ""4a78c511f68a552bc557f6dfd7f4512e""})"
"(:VERTEX {memory address: ""7f63bd2e2000"",size: ""11000"",subtype: ""memory"",tgid: ""172956"",source: ""syscall"",type: ""Artifact"",version: ""1686"",hash: ""2692e9f18c27f78fc6da5994384bcad2""})"
"(:VERTEX {memory address: ""7f63bd2e2000"",size: ""11000"",subtype: ""memory"",tgid: ""172956"",source: ""syscall"",type: ""Artifact"",version: ""1687"",hash: ""c6c61aad29e7a1026570dfe7ffd6e1ca""})"
"(:VERTEX {memory address: ""7f63bd2e2000"",size: ""11000"",subtype: ""memory"",tgid: ""172956"",source: ""syscall"",type: ""Artifact"",version: ""1688"",hash: ""5ced922ac7b1e2d22ac20340c2740e81""})"
"(:VERTEX {memory address: ""7f63bd2e2000"",size: ""11000"",subtype: ""memory"",tgid: ""172956"",source: ""syscall"",type: ""Artifact"",version: ""1689"",hash: ""bf3f601644f68965216b614212114f57""})"
"(:VERTEX {memory address: ""7f63bd2e2000"",size: ""11000"",subtype: ""memory"",tgid: ""172956"",source: ""syscall"",type: ""Artifact"",version: ""1690"",hash: ""a286a18863640c9588ee5a2d326cca5e""})"
"(:VERTEX {memory address: ""7f63bd2e2000"",size: ""11000"",subtype: ""memory"",tgid: ""172956"",source: ""syscall"",type: ""Artifact"",version: ""1691"",hash: ""f767931088945bc50719c91cf5f7b662""})"
"(:VERTEX {memory address: ""7f63bd2e2000"",size: ""11000"",subtype: ""memory"",tgid: ""172956"",source: ""syscall"",type: ""Artifact"",version: ""1692"",hash: ""ab7ca8d409e5f3d33236c53e38f57304""})"
"(:VERTEX {memory address: ""7f63bd2e2000"",size: ""11000"",subtype: ""memory"",tgid: ""172956"",source: ""syscall"",type: ""Artifact"",version: ""1693"",hash: ""393ab290c5ebbad7cd701516ed388d30""})"
"(:VERTEX {memory address: ""7f63bd2e2000"",size: ""11000"",subtype: ""memory"",tgid: ""172956"",source: ""syscall"",type: ""Artifact"",version: ""1694"",hash: ""aa722c808e69c482269f09af008dce2e""})"
"(:VERTEX {memory address: ""7f17b7809000"",size: ""11000"",subtype: ""memory"",tgid: ""173004"",source: ""syscall"",type: ""Artifact"",version: ""130"",hash: ""e61d6eff3619016a3f8b934a1f235a76""})"
"(:VERTEX {memory address: ""7f17b78fb000"",size: ""1000"",subtype: ""memory"",tgid: ""173004"",source: ""syscall"",type: ""Artifact"",version: ""10"",hash: ""43540b15f0d13a14056c33cc0e9fcbbb""})"
"(:VERTEX {memory address: ""7f63bd2e2000"",size: ""11000"",subtype: ""memory"",tgid: ""172956"",source: ""syscall"",type: ""Artifact"",version: ""1695"",hash: ""d7359c4a0c9c3fffba6860ab12a9edd3""})"
"(:VERTEX {memory address: ""7f17b7809000"",size: ""11000"",subtype: ""memory"",tgid: ""173004"",source: ""syscall"",type: ""Artifact"",version: ""131"",hash: ""4d4838834f650b6de4a018b8060f1bca""})"
"(:VERTEX {memory address: ""7f63bd2e2000"",size: ""11000"",subtype: ""memory"",tgid: ""172956"",source: ""syscall"",type: ""Artifact"",version: ""1696"",hash: ""708abf132625df96d5bbe9860dae5783""})"
"(:VERTEX {memory address: ""7f63bd2e2000"",size: ""11000"",subtype: ""memory"",tgid: ""172956"",source: ""syscall"",type: ""Artifact"",version: ""1697"",hash: ""f64ebe66a9810157c1d48e14ab1d9a71""})"
"(:VERTEX {memory address: ""7f63bd2e2000"",size: ""11000"",subtype: ""memory"",tgid: ""172956"",source: ""syscall"",type: ""Artifact"",version: ""1698"",hash: ""ab536b9185de107a58d46563814ea638""})"
"(:VERTEX {memory address: ""7f63bd2e2000"",size: ""11000"",subtype: ""memory"",tgid: ""172956"",source: ""syscall"",type: ""Artifact"",version: ""1699"",hash: ""ae94f0d6a55aec566e184c285dcb0765""})"
"(:VERTEX {memory address: ""7f63bd2e2000"",size: ""11000"",subtype: ""memory"",tgid: ""172956"",source: ""syscall"",type: ""Artifact"",version: ""1700"",hash: ""eb7900a8f9a1f27cccbc849081902542""})"
"(:VERTEX {memory address: ""7f63bd2e2000"",size: ""11000"",subtype: ""memory"",tgid: ""172956"",source: ""syscall"",type: ""Artifact"",version: ""1701"",hash: ""342fdceb5ff7ba54691d91e1a21062a1""})"
"(:VERTEX {gid: ""0"",euid: ""999"",children pid namespace: ""-1"",pid: ""174068"",seen time: ""1693402057.521"",source: ""syscall"",type: ""Process"",net namespace: ""-1"",ipc namespace: ""-1"",ppid: ""3207"",pid namespace: ""-1"",uid: ""999"",egid: ""0"",mount namespace: ""-1"",name: ""kube-controller"",hash: ""dcde2e7ab62fb8bd5da0a3fc03cb3875"",user namespace: ""-1""})"
"(:VERTEX {remote port: ""443"",epoch: ""0"",source: ""syscall"",type: ""Artifact"",version: ""0"",local port: ""45044"",net namespace: ""-1"",local address: ""10.1.251.239"",protocol: ""tcp"",subtype: ""network socket"",remote address: ""10.152.183.1"",hash: ""e9f6dbb02b09d3518ebbfb3c8cf0d93d""})"
"(:VERTEX {remote port: ""443"",epoch: ""0"",source: ""syscall"",type: ""Artifact"",version: ""0"",local port: ""45046"",net namespace: ""-1"",local address: ""10.1.251.239"",protocol: ""tcp"",subtype: ""network socket"",remote address: ""10.152.183.1"",hash: ""aefa28ab2b55230573e9c58673872559""})"
"(:VERTEX {remote port: ""443"",epoch: ""0"",source: ""syscall"",type: ""Artifact"",version: ""0"",local port: ""45062"",net namespace: ""-1"",local address: ""10.1.251.239"",protocol: ""tcp"",subtype: ""network socket"",remote address: ""10.152.183.1"",hash: ""18f65124e155a0ee3421dc1a45c52f62""})"
"(:VERTEX {gid: ""0"",euid: ""999"",children pid namespace: ""-1"",pid: ""174073"",seen time: ""1693402057.521"",source: ""syscall"",type: ""Process"",net namespace: ""-1"",ipc namespace: ""-1"",ppid: ""3207"",pid namespace: ""-1"",uid: ""999"",egid: ""0"",mount namespace: ""-1"",name: ""kube-controller"",hash: ""d55a1b8227223670c8bb4cf9a16766d6"",user namespace: ""-1""})"
"(:VERTEX {remote port: ""443"",epoch: ""0"",source: ""syscall"",type: ""Artifact"",version: ""0"",local port: ""45078"",net namespace: ""-1"",local address: ""10.1.251.239"",protocol: ""tcp"",subtype: ""network socket"",remote address: ""10.152.183.1"",hash: ""cb51d8294796305e7fcf8668cde9cc7d""})"
"(:VERTEX {remote port: ""443"",epoch: ""0"",source: ""syscall"",type: ""Artifact"",version: ""0"",local port: ""45094"",net namespace: ""-1"",local address: ""10.1.251.239"",protocol: ""tcp"",subtype: ""network socket"",remote address: ""10.152.183.1"",hash: ""6e2050d736808a94a28c78a0c1299749""})"
"(:VERTEX {gid: ""0"",euid: ""999"",children pid namespace: ""-1"",pid: ""174069"",seen time: ""1693402057.531"",source: ""syscall"",type: ""Process"",net namespace: ""-1"",ipc namespace: ""-1"",ppid: ""3207"",pid namespace: ""-1"",uid: ""999"",egid: ""0"",mount namespace: ""-1"",name: ""kube-controller"",hash: ""dccc928e68341063ab1c4070a29677ff"",user namespace: ""-1""})"
"(:VERTEX {remote port: ""443"",epoch: ""0"",source: ""syscall"",type: ""Artifact"",version: ""0"",local port: ""45104"",net namespace: ""-1"",local address: ""10.1.251.239"",protocol: ""tcp"",subtype: ""network socket"",remote address: ""10.152.183.1"",hash: ""2379d17288c8352ec3a9990fec0d7fec""})"
"(:VERTEX {remote port: ""443"",epoch: ""0"",source: ""syscall"",type: ""Artifact"",version: ""0"",local port: ""45110"",net namespace: ""-1"",local address: ""10.1.251.239"",protocol: ""tcp"",subtype: ""network socket"",remote address: ""10.152.183.1"",hash: ""8f867e35fc0d207aeefc1ac3d2051ff4""})"
"(:VERTEX {remote port: ""443"",epoch: ""0"",source: ""syscall"",type: ""Artifact"",version: ""0"",local port: ""45116"",net namespace: ""-1"",local address: ""10.1.251.239"",protocol: ""tcp"",subtype: ""network socket"",remote address: ""10.152.183.1"",hash: ""129976645996755ef3f265f98943c961""})"
"(:VERTEX {path: ""/status/status.json"",subtype: ""file"",permissions: ""0644"",epoch: ""53"",source: ""syscall"",type: ""Artifact"",version: ""0"",hash: ""ebb83cecd7bf46b5b4c164a2132ce035""})"
"(:VERTEX {remote port: ""443"",epoch: ""0"",source: ""syscall"",type: ""Artifact"",version: ""0"",local port: ""45126"",net namespace: ""-1"",local address: ""10.1.251.239"",protocol: ""tcp"",subtype: ""network socket"",remote address: ""10.152.183.1"",hash: ""2c7bf50434810e0960277e8b0fdae726""})"
"(:VERTEX {path: ""/status/status.json"",subtype: ""file"",permissions: ""0644"",epoch: ""54"",source: ""syscall"",type: ""Artifact"",version: ""0"",hash: ""b735988def0886e829986f9808e4bbb1""})"
"(:VERTEX {remote port: ""443"",epoch: ""0"",source: ""syscall"",type: ""Artifact"",version: ""0"",local port: ""45128"",net namespace: ""4026532699"",local address: ""10.1.251.239"",protocol: ""tcp"",subtype: ""network socket"",remote address: ""10.152.183.1"",hash: ""8b71a4f366a6db21df5632463e132f17""})"
"(:VERTEX {gid: ""0"",euid: ""999"",children pid namespace: ""4026533508"",start time: ""1693401723.606"",ns pid: ""12"",pid: ""174098"",source: ""syscall"",type: ""Process"",net namespace: ""4026532699"",ipc namespace: ""4026533353"",ppid: ""174036"",pid namespace: ""4026533508"",uid: ""999"",egid: ""0"",exe: ""/usr/bin/kube-controllers"",mount namespace: ""4026533507"",name: ""kube-controller"",hash: ""f4e2477938356446de600f7d73688203"",user namespace: ""4026531837""})"
"(:VERTEX {remote port: ""443"",epoch: ""0"",source: ""syscall"",type: ""Artifact"",version: ""0"",local port: ""45138"",net namespace: ""4026532699"",local address: ""10.1.251.239"",protocol: ""tcp"",subtype: ""network socket"",remote address: ""10.152.183.1"",hash: ""f45cb5a88a55d4c10ed37a847a22d0e6""})"
"(:VERTEX {remote port: ""443"",epoch: ""0"",source: ""syscall"",type: ""Artifact"",version: ""0"",local port: ""45148"",net namespace: ""4026532699"",local address: ""10.1.251.239"",protocol: ""tcp"",subtype: ""network socket"",remote address: ""10.152.183.1"",hash: ""faa3f5c98126a908b95f73d9b98d18d8""})"
"(:VERTEX {remote port: ""443"",epoch: ""0"",source: ""syscall"",type: ""Artifact"",version: ""0"",local port: ""45164"",net namespace: ""4026532699"",local address: ""10.1.251.239"",protocol: ""tcp"",subtype: ""network socket"",remote address: ""10.152.183.1"",hash: ""1f267825fcd2dd3275a6e04c1c82204d""})"
"(:VERTEX {remote port: ""443"",epoch: ""0"",source: ""syscall"",type: ""Artifact"",version: ""0"",local port: ""45180"",net namespace: ""4026532699"",local address: ""10.1.251.239"",protocol: ""tcp"",subtype: ""network socket"",remote address: ""10.152.183.1"",hash: ""5b8c79ae2c9f6f3125e6261c256d5b00""})"
"(:VERTEX {remote port: ""443"",epoch: ""0"",source: ""syscall"",type: ""Artifact"",version: ""0"",local port: ""45184"",net namespace: ""4026532699"",local address: ""10.1.251.239"",protocol: ""tcp"",subtype: ""network socket"",remote address: ""10.152.183.1"",hash: ""3137738ad427962a0daa73b6dddf2253""})"
"(:VERTEX {remote port: ""443"",epoch: ""0"",source: ""syscall"",type: ""Artifact"",version: ""0"",local port: ""45186"",net namespace: ""4026532699"",local address: ""10.1.251.239"",protocol: ""tcp"",subtype: ""network socket"",remote address: ""10.152.183.1"",hash: ""2e9f2de8f6c8c8edc3af0e847c970fe2""})"
"(:VERTEX {remote port: ""443"",epoch: ""0"",source: ""syscall"",type: ""Artifact"",version: ""0"",local port: ""45196"",net namespace: ""4026532699"",local address: ""10.1.251.239"",protocol: ""tcp"",subtype: ""network socket"",remote address: ""10.152.183.1"",hash: ""2f6b4f3b49483b49a333a33db06cc1fb""})"
"(:VERTEX {remote port: ""443"",epoch: ""0"",source: ""syscall"",type: ""Artifact"",version: ""0"",local port: ""45208"",net namespace: ""4026532699"",local address: ""10.1.251.239"",protocol: ""tcp"",subtype: ""network socket"",remote address: ""10.152.183.1"",hash: ""ff41deec67e2e32dbf29dc6c469fdcb1""})"
"(:VERTEX {remote port: ""443"",epoch: ""0"",source: ""syscall"",type: ""Artifact"",version: ""0"",local port: ""45220"",net namespace: ""-1"",local address: ""10.1.251.239"",protocol: ""tcp"",subtype: ""network socket"",remote address: ""10.152.183.1"",hash: ""94f9a4c21baf466400b763e4d46cad24""})"
"(:VERTEX {remote port: ""443"",epoch: ""0"",source: ""syscall"",type: ""Artifact"",version: ""0"",local port: ""45230"",net namespace: ""-1"",local address: ""10.1.251.239"",protocol: ""tcp"",subtype: ""network socket"",remote address: ""10.152.183.1"",hash: ""90e382a0de5886cec00a212eb63137dc""})"
"(:VERTEX {path: ""/sys/devices/virtual/block/loop0/devices"",subtype: ""directory"",permissions: ""0755"",epoch: ""0"",source: ""syscall"",type: ""Artifact"",version: ""0"",hash: ""48ffc7a74bccbbf4ed41d37720255855""})"
"(:VERTEX {path: ""/sys/devices/virtual/block/loop0/devices/virtual"",subtype: ""directory"",permissions: ""0755"",epoch: ""0"",source: ""syscall"",type: ""Artifact"",version: ""0"",hash: ""67b0e2b00dfa25bbd2cd319cc46f6950""})"
"(:VERTEX {path: ""/sys/devices/virtual/block/loop0/devices/virtual/block"",subtype: ""directory"",permissions: ""0755"",epoch: ""0"",source: ""syscall"",type: ""Artifact"",version: ""0"",hash: ""da2be61d24f10877618c0604b55e33fe""})"
"(:VERTEX {path: ""/sys/devices/virtual/block/loop0/devices/virtual/block/loop3"",subtype: ""directory"",permissions: ""0755"",epoch: ""0"",source: ""syscall"",type: ""Artifact"",version: ""0"",hash: ""55ff31f4aaea8b4b32981d65fdfbd959""})"
"(:VERTEX {memory address: ""7f63bd2e2000"",size: ""11000"",subtype: ""memory"",tgid: ""172956"",source: ""syscall"",type: ""Artifact"",version: ""1702"",hash: ""89973a9231eacde0be669eb924fafa60""})"
"(:VERTEX {gid: ""0"",euid: ""999"",children pid namespace: ""-1"",pid: ""182350"",seen time: ""1693402058.943"",source: ""syscall"",type: ""Process"",net namespace: ""-1"",ipc namespace: ""-1"",ppid: ""182260"",pid namespace: ""-1"",uid: ""999"",egid: ""0"",exe: ""/usr/bin/check-status"",mount namespace: ""-1"",name: ""check-status"",hash: ""0a72928b9a41160989f5f01ebf4f19f5"",user namespace: ""-1""})"
"(:VERTEX {memory address: ""c000000000"",size: ""4000000"",subtype: ""memory"",tgid: ""182350"",source: ""syscall"",type: ""Artifact"",version: ""0"",hash: ""b0d8f4a76d2d0cf1ee934ef6235c9ecf""})"
"(:VERTEX {memory address: ""7f01de9ea000"",size: ""2000000"",subtype: ""memory"",tgid: ""182350"",source: ""syscall"",type: ""Artifact"",version: ""0"",hash: ""a84531970c3774fd697a2102790ffa6f""})"
"(:VERTEX {memory address: ""7f01de7d9000"",size: ""210c10"",subtype: ""memory"",tgid: ""182350"",source: ""syscall"",type: ""Artifact"",version: ""0"",hash: ""efe976774fc8495013c362e6f97c23ac""})"
"(:VERTEX {memory address: ""c000000000"",size: ""400000"",subtype: ""memory"",tgid: ""182350"",source: ""syscall"",type: ""Artifact"",version: ""0"",hash: ""9642c8390cd9d86466adc32a3b8f70ff""})"
"(:VERTEX {memory address: ""7f0205998000"",size: ""20000"",subtype: ""memory"",tgid: ""182350"",source: ""syscall"",type: ""Artifact"",version: ""0"",hash: ""a6d8af3008a62a1783fe058950cf8a8d""})"
"(:VERTEX {memory address: ""7f0205918000"",size: ""1000"",subtype: ""memory"",tgid: ""182350"",source: ""syscall"",type: ""Artifact"",version: ""0"",hash: ""d38f531ce0fb75fdd809b45227816f2f""})"
"(:VERTEX {memory address: ""7f0204df0000"",size: ""1000"",subtype: ""memory"",tgid: ""182350"",source: ""syscall"",type: ""Artifact"",version: ""0"",hash: ""50611856fb5211bf53d7e222e8dd098c""})"
"(:VERTEX {memory address: ""7f0202a1a000"",size: ""1000"",subtype: ""memory"",tgid: ""182350"",source: ""syscall"",type: ""Artifact"",version: ""0"",hash: ""ebefdd40a90ce41c493b2b52766ba5e4""})"
"(:VERTEX {memory address: ""7f01f0b6a000"",size: ""1000"",subtype: ""memory"",tgid: ""182350"",source: ""syscall"",type: ""Artifact"",version: ""0"",hash: ""82db5a84af8755c0b4e88ead835b1f62""})"
"(:VERTEX {memory address: ""7f01de6d9000"",size: ""100000"",subtype: ""memory"",tgid: ""182350"",source: ""syscall"",type: ""Artifact"",version: ""0"",hash: ""331275c905b70e0f57738a781742d1d8""})"
"(:VERTEX {memory address: ""7f0205888000"",size: ""10000"",subtype: ""memory"",tgid: ""182350"",source: ""syscall"",type: ""Artifact"",version: ""0"",hash: ""fc87cbb84c130b647ca83026ebf3256f""})"
"(:VERTEX {memory address: ""7f01dded8000"",size: ""801000"",subtype: ""memory"",tgid: ""182350"",source: ""syscall"",type: ""Artifact"",version: ""0"",hash: ""fae090614058aba35f141f8295d97fb0""})"
"(:VERTEX {memory address: ""7f01dded9000"",size: ""800000"",subtype: ""memory"",tgid: ""182350"",source: ""syscall"",type: ""Artifact"",version: ""0"",hash: ""9b492243722b69f546ff382b13ce667d""})"
"(:VERTEX {gid: ""0"",euid: ""999"",children pid namespace: ""4026533508"",start time: ""1693402058.943"",ns pid: ""693"",pid: ""182377"",source: ""syscall"",type: ""Process"",net namespace: ""4026532699"",ipc namespace: ""4026533353"",ppid: ""182350"",pid namespace: ""4026533508"",uid: ""999"",egid: ""0"",exe: ""/usr/bin/check-status"",mount namespace: ""4026533507"",name: ""check-status"",hash: ""199b64364d534323d20355b08415260a"",user namespace: ""4026531837""})"
"(:VERTEX {memory address: ""7f01d5ed8000"",size: ""8000000"",subtype: ""memory"",tgid: ""182350"",source: ""syscall"",type: ""Artifact"",version: ""0"",hash: ""ce0b5368411ef86d51eeb1b31f8645fd""})"
"(:VERTEX {memory address: ""7f01d8000000"",size: ""21000"",subtype: ""memory"",tgid: ""182350"",source: ""syscall"",type: ""Artifact"",version: ""0"",hash: ""e6798705e7f32010739f283fa4dcc03b""})"
"(:VERTEX {memory address: ""7f01dd6d7000"",size: ""801000"",subtype: ""memory"",tgid: ""182350"",source: ""syscall"",type: ""Artifact"",version: ""0"",hash: ""b62805590fb5891fcabdd955fe7bc839""})"
"(:VERTEX {memory address: ""7f01dd6d8000"",size: ""800000"",subtype: ""memory"",tgid: ""182350"",source: ""syscall"",type: ""Artifact"",version: ""0"",hash: ""915508aa3bf3d7334890436db122da05""})"
"(:VERTEX {gid: ""0"",euid: ""999"",children pid namespace: ""4026533508"",start time: ""1693402058.943"",ns pid: ""694"",pid: ""182378"",source: ""syscall"",type: ""Process"",net namespace: ""4026532699"",ipc namespace: ""4026533353"",ppid: ""182350"",pid namespace: ""4026533508"",uid: ""999"",egid: ""0"",exe: ""/usr/bin/check-status"",mount namespace: ""4026533507"",name: ""check-status"",hash: ""89ee749d3cfddf187622074babfa398b"",user namespace: ""4026531837""})"
"(:VERTEX {memory address: ""7f01dced6000"",size: ""801000"",subtype: ""memory"",tgid: ""182350"",source: ""syscall"",type: ""Artifact"",version: ""0"",hash: ""685626e369aad09d07a347cdfef28cdf""})"
"(:VERTEX {memory address: ""7f01dced7000"",size: ""800000"",subtype: ""memory"",tgid: ""182350"",source: ""syscall"",type: ""Artifact"",version: ""0"",hash: ""91d411a96ba5e6865737fc33dd4d8f5e""})"
"(:VERTEX {gid: ""0"",euid: ""999"",children pid namespace: ""4026533508"",start time: ""1693402058.943"",ns pid: ""695"",pid: ""182379"",source: ""syscall"",type: ""Process"",net namespace: ""4026532699"",ipc namespace: ""4026533353"",ppid: ""182350"",pid namespace: ""4026533508"",uid: ""999"",egid: ""0"",exe: ""/usr/bin/check-status"",mount namespace: ""4026533507"",name: ""check-status"",hash: ""94d097bc9a98256e3340026e93824e65"",user namespace: ""4026531837""})"
"(:VERTEX {memory address: ""7f01d0000000"",size: ""8000000"",subtype: ""memory"",tgid: ""182350"",source: ""syscall"",type: ""Artifact"",version: ""0"",hash: ""1828776fd740b1782dad24dbcea72aca""})"
"(:VERTEX {memory address: ""7f01d0000000"",size: ""21000"",subtype: ""memory"",tgid: ""182350"",source: ""syscall"",type: ""Artifact"",version: ""0"",hash: ""e1fd8367db138d7bd06c68cd7b7d4805""})"
"(:VERTEX {memory address: ""7f0205838000"",size: ""40000"",subtype: ""memory"",tgid: ""182350"",source: ""syscall"",type: ""Artifact"",version: ""0"",hash: ""84b301d34dcefa3bb3b3e405939be298""})"
"(:VERTEX {memory address: ""7f01dc6d5000"",size: ""801000"",subtype: ""memory"",tgid: ""182350"",source: ""syscall"",type: ""Artifact"",version: ""0"",hash: ""3f4cc3e742b54fa9bb29cb8fcfba54c9""})"
"(:VERTEX {memory address: ""7f01dc6d6000"",size: ""800000"",subtype: ""memory"",tgid: ""182350"",source: ""syscall"",type: ""Artifact"",version: ""0"",hash: ""86ff279859a43cc765122fcbfffa2c20""})"
"(:VERTEX {gid: ""0"",euid: ""999"",children pid namespace: ""4026533508"",start time: ""1693402058.943"",ns pid: ""696"",pid: ""182380"",source: ""syscall"",type: ""Process"",net namespace: ""4026532699"",ipc namespace: ""4026533353"",ppid: ""182350"",pid namespace: ""4026533508"",uid: ""999"",egid: ""0"",exe: ""/usr/bin/check-status"",mount namespace: ""4026533507"",name: ""check-status"",hash: ""db86b7627b06ca76c591f46ba3b172a9"",user namespace: ""4026531837""})"
"(:VERTEX {memory address: ""7f01d4000000"",size: ""4000000"",subtype: ""memory"",tgid: ""182350"",source: ""syscall"",type: ""Artifact"",version: ""0"",hash: ""08d4766e96253600d03489b3a2a6cf80""})"
"(:VERTEX {memory address: ""7f01d4000000"",size: ""21000"",subtype: ""memory"",tgid: ""182350"",source: ""syscall"",type: ""Artifact"",version: ""0"",hash: ""18985a635682eee2f1ffdd5f779c6a0f""})"
"(:VERTEX {memory address: ""7f01cf7ff000"",size: ""801000"",subtype: ""memory"",tgid: ""182350"",source: ""syscall"",type: ""Artifact"",version: ""0"",hash: ""1b23d4c7f6f6630aa1db8db7899b32b0""})"
"(:VERTEX {memory address: ""7f01cf800000"",size: ""800000"",subtype: ""memory"",tgid: ""182350"",source: ""syscall"",type: ""Artifact"",version: ""0"",hash: ""426183342ee384ea24580ff1a552abc1""})"
"(:VERTEX {gid: ""0"",euid: ""999"",children pid namespace: ""4026533508"",start time: ""1693402058.950"",ns pid: ""697"",pid: ""182381"",source: ""syscall"",type: ""Process"",net namespace: ""4026532699"",ipc namespace: ""4026533353"",ppid: ""182350"",pid namespace: ""4026533508"",uid: ""999"",egid: ""0"",exe: ""/usr/bin/check-status"",mount namespace: ""4026533507"",name: ""check-status"",hash: ""0da1499c26af8a79144110a684e04acc"",user namespace: ""4026531837""})"
"(:VERTEX {memory address: ""7f01c77ff000"",size: ""8000000"",subtype: ""memory"",tgid: ""182350"",source: ""syscall"",type: ""Artifact"",version: ""0"",hash: ""53b066d54b9b055e7c18e2bcf739ffd6""})"
"(:VERTEX {memory address: ""7f01c8000000"",size: ""21000"",subtype: ""memory"",tgid: ""182350"",source: ""syscall"",type: ""Artifact"",version: ""0"",hash: ""1014db205ebf5592d89b054158e1d25f""})"
"(:VERTEX {memory address: ""7f01c0000000"",size: ""8000000"",subtype: ""memory"",tgid: ""182350"",source: ""syscall"",type: ""Artifact"",version: ""0"",hash: ""5c6c869397afb246ae23cd60f2591c35""})"
"(:VERTEX {memory address: ""7f01c0000000"",size: ""21000"",subtype: ""memory"",tgid: ""182350"",source: ""syscall"",type: ""Artifact"",version: ""0"",hash: ""a638de986023f82f85420448fd793de8""})"
"(:VERTEX {memory address: ""7f63bd2e2000"",size: ""11000"",subtype: ""memory"",tgid: ""172956"",source: ""syscall"",type: ""Artifact"",version: ""1703"",hash: ""dd15f39a19d723458d896ec63287e275""})"
"(:VERTEX {memory address: ""7f63bd2e2000"",size: ""11000"",subtype: ""memory"",tgid: ""172956"",source: ""syscall"",type: ""Artifact"",version: ""1704"",hash: ""4fdbdcd19c0adfb45b3d2b626c699805""})"
"(:VERTEX {memory address: ""7f63bd2e2000"",size: ""11000"",subtype: ""memory"",tgid: ""172956"",source: ""syscall"",type: ""Artifact"",version: ""1705"",hash: ""190b0610037f2e2cd6c5a17d249aeca1""})"
"(:VERTEX {memory address: ""7f63bd2e2000"",size: ""11000"",subtype: ""memory"",tgid: ""172956"",source: ""syscall"",type: ""Artifact"",version: ""1706"",hash: ""02b970372e872fae76c3ac014b95fad2""})"
"(:VERTEX {memory address: ""7f63bd2e2000"",size: ""11000"",subtype: ""memory"",tgid: ""172956"",source: ""syscall"",type: ""Artifact"",version: ""1707"",hash: ""da300c7f54402078b4b31332c7a1dc62""})"
"(:VERTEX {memory address: ""3030c7dc0000"",size: ""40000"",subtype: ""memory"",tgid: ""172956"",source: ""syscall"",type: ""Artifact"",version: ""63"",hash: ""db02d80b4540a97ecd2f293a57a710bd""})"
"(:VERTEX {memory address: ""7cb45600000"",size: ""40000"",subtype: ""memory"",tgid: ""172956"",source: ""syscall"",type: ""Artifact"",version: ""63"",hash: ""b1a9d97334103fcafab6848729a7e284""})"
"(:VERTEX {memory address: ""31798280000"",size: ""40000"",subtype: ""memory"",tgid: ""172956"",source: ""syscall"",type: ""Artifact"",version: ""63"",hash: ""39289bd50a40ac1f8fcccd1feb4e5745""})"
"(:VERTEX {memory address: ""11f76ac0000"",size: ""40000"",subtype: ""memory"",tgid: ""172956"",source: ""syscall"",type: ""Artifact"",version: ""63"",hash: ""0caa9a3c8eb234f1d76962ce98642c2f""})"
"(:VERTEX {memory address: ""7f63bd2ef000"",size: ""4000"",subtype: ""memory"",tgid: ""172956"",source: ""syscall"",type: ""Artifact"",version: ""65"",hash: ""9965398a70e17ca15660fd8a5140a17b""})"
"(:VERTEX {memory address: ""7f63bd2eb000"",size: ""4000"",subtype: ""memory"",tgid: ""172956"",source: ""syscall"",type: ""Artifact"",version: ""55"",hash: ""d9a6c443d79fb230987c3cfa9d393f95""})"
"(:VERTEX {memory address: ""1dce6d6c0000"",size: ""40000"",subtype: ""memory"",tgid: ""172956"",source: ""syscall"",type: ""Artifact"",version: ""13"",hash: ""b0dc743478034712e203b59e4acc16ca""})"
"(:VERTEX {memory address: ""24c73be40000"",size: ""40000"",subtype: ""memory"",tgid: ""172956"",source: ""syscall"",type: ""Artifact"",version: ""13"",hash: ""f2b8f179d4c82a5dfc03eba1ebbf5909""})"
"(:VERTEX {memory address: ""ce06300000"",size: ""40000"",subtype: ""memory"",tgid: ""172956"",source: ""syscall"",type: ""Artifact"",version: ""13"",hash: ""188213f48b3494cffe66dfdee2245d80""})"
"(:VERTEX {memory address: ""1c0561980000"",size: ""40000"",subtype: ""memory"",tgid: ""172956"",source: ""syscall"",type: ""Artifact"",version: ""13"",hash: ""0c183a3e321db8cfda11772e22df1eb3""})"
"(:VERTEX {memory address: ""7f63bd2e2000"",size: ""11000"",subtype: ""memory"",tgid: ""172956"",source: ""syscall"",type: ""Artifact"",version: ""1708"",hash: ""f9a26461cd5e9b0a771ca618a2cc37d3""})"
"(:VERTEX {memory address: ""7f63bd2e2000"",size: ""11000"",subtype: ""memory"",tgid: ""172956"",source: ""syscall"",type: ""Artifact"",version: ""1709"",hash: ""cc3d056fdd303150b041df5143628364""})"
"(:VERTEX {memory address: ""7f63bd2e2000"",size: ""11000"",subtype: ""memory"",tgid: ""172956"",source: ""syscall"",type: ""Artifact"",version: ""1710"",hash: ""6d5286a6ce2100707108fe53db306228""})"
"(:VERTEX {memory address: ""7f63bd2e2000"",size: ""11000"",subtype: ""memory"",tgid: ""172956"",source: ""syscall"",type: ""Artifact"",version: ""1711"",hash: ""2e9eeeaca80cfcc550c666af4a18b8db""})"
"(:VERTEX {memory address: ""7f63bd2e2000"",size: ""11000"",subtype: ""memory"",tgid: ""172956"",source: ""syscall"",type: ""Artifact"",version: ""1712"",hash: ""68807239fbd172e792859683e5d91c18""})"
"(:VERTEX {memory address: ""7f63bd2e2000"",size: ""11000"",subtype: ""memory"",tgid: ""172956"",source: ""syscall"",type: ""Artifact"",version: ""1713"",hash: ""d03526270ac292cb20419c3f8983d07f""})"
"(:VERTEX {memory address: ""7f63bd2e2000"",size: ""11000"",subtype: ""memory"",tgid: ""172956"",source: ""syscall"",type: ""Artifact"",version: ""1714"",hash: ""cb12b8e173b6dd4ee1c4ae4a66ca7783""})"
"(:VERTEX {memory address: ""7f63bd2e2000"",size: ""11000"",subtype: ""memory"",tgid: ""172956"",source: ""syscall"",type: ""Artifact"",version: ""1715"",hash: ""703aa671dea3c1702997380fbf6ccaa7""})"
"(:VERTEX {remote port: ""53"",epoch: ""0"",source: ""syscall"",type: ""Artifact"",version: ""0"",local port: ""41974"",net namespace: ""4026532992"",local address: ""10.1.251.244"",protocol: ""udp"",subtype: ""network socket"",remote address: ""10.152.183.10"",hash: ""27a3d236039331c24a46609b6be8215b""})"
"(:VERTEX {memory address: ""7f63bd2e2000"",size: ""11000"",subtype: ""memory"",tgid: ""172956"",source: ""syscall"",type: ""Artifact"",version: ""1716"",hash: ""0a8cbdd316019faed1eebfb490adc79c""})"
"(:VERTEX {memory address: ""7f63bd2e2000"",size: ""11000"",subtype: ""memory"",tgid: ""172956"",source: ""syscall"",type: ""Artifact"",version: ""1717"",hash: ""d33fcb39a87da563287eabf22db1a2a0""})"
"(:VERTEX {memory address: ""7f63bd2e2000"",size: ""11000"",subtype: ""memory"",tgid: ""172956"",source: ""syscall"",type: ""Artifact"",version: ""1718"",hash: ""605e62314873d5b8cbbfe9e1daf97a0b""})"
"(:VERTEX {memory address: ""7f63bd2e2000"",size: ""11000"",subtype: ""memory"",tgid: ""172956"",source: ""syscall"",type: ""Artifact"",version: ""1719"",hash: ""7adc73240711b5b8ebe6375bde3fb0ec""})"
"(:VERTEX {memory address: ""7f63bd2e2000"",size: ""11000"",subtype: ""memory"",tgid: ""172956"",source: ""syscall"",type: ""Artifact"",version: ""1720"",hash: ""7294e80cce7b6218b0a42f75a5ff2d61""})"
"(:VERTEX {remote port: ""443"",epoch: ""0"",source: ""syscall"",type: ""Artifact"",version: ""0"",local port: ""45284"",net namespace: ""-1"",local address: ""10.1.251.239"",protocol: ""tcp"",subtype: ""network socket"",remote address: ""10.152.183.1"",hash: ""11a5c102e001d679aee843abd34c6884""})"
"(:VERTEX {memory address: ""7f63bd2e2000"",size: ""11000"",subtype: ""memory"",tgid: ""172956"",source: ""syscall"",type: ""Artifact"",version: ""1721"",hash: ""57833c6679a9ac4ab7d3c23a0bb6484f""})"
"(:VERTEX {memory address: ""7f63bd2e2000"",size: ""11000"",subtype: ""memory"",tgid: ""172956"",source: ""syscall"",type: ""Artifact"",version: ""1722"",hash: ""bceab779a8292f95311f391572bf46bb""})"
"(:VERTEX {memory address: ""7f63bd2e2000"",size: ""11000"",subtype: ""memory"",tgid: ""172956"",source: ""syscall"",type: ""Artifact"",version: ""1723"",hash: ""0248b5939d7519a8252e907cb0040cfb""})"
"(:VERTEX {memory address: ""7f63bd2e2000"",size: ""11000"",subtype: ""memory"",tgid: ""172956"",source: ""syscall"",type: ""Artifact"",version: ""1724"",hash: ""ec7ccaae683b0ac4c5be5a084f85de93""})"
"(:VERTEX {memory address: ""7f23edf5c000"",size: ""204b4"",subtype: ""memory"",tgid: ""172093"",source: ""syscall"",type: ""Artifact"",version: ""0"",hash: ""d702a2978b295ea2d2e09f99493564b0""})"
"(:VERTEX {memory address: ""7f23edf68000"",size: ""15000"",subtype: ""memory"",tgid: ""172093"",source: ""syscall"",type: ""Artifact"",version: ""0"",hash: ""e76e9a4130b7c7bb22674d52340020ee""})"
"(:VERTEX {memory address: ""7f23edf52000"",size: ""16000"",subtype: ""memory"",tgid: ""172093"",source: ""syscall"",type: ""Artifact"",version: ""0"",hash: ""6c732632de936af415039e6de5a38335""})"
"(:VERTEX {memory address: ""7f23ee08d000"",size: ""9000"",subtype: ""memory"",tgid: ""172093"",source: ""syscall"",type: ""Artifact"",version: ""1"",hash: ""01aad37d2145f0e4547035c9d53ead8e""})"
"(:VERTEX {memory address: ""7f23ee087000"",size: ""f000"",subtype: ""memory"",tgid: ""172093"",source: ""syscall"",type: ""Artifact"",version: ""0"",hash: ""af1377b07aa10bab43bfe7ea45812220""})"
"(:VERTEX {memory address: ""7f23edf6e000"",size: ""f000"",subtype: ""memory"",tgid: ""172093"",source: ""syscall"",type: ""Artifact"",version: ""0"",hash: ""dab003764399cdb550a74e1217a9ac56""})"
"(:VERTEX {memory address: ""7f23ee086000"",size: ""10000"",subtype: ""memory"",tgid: ""172093"",source: ""syscall"",type: ""Artifact"",version: ""0"",hash: ""397764fd2e04ea9a56e8560b5c8e2f42""})"
"(:VERTEX {memory address: ""7f23edf6c000"",size: ""11000"",subtype: ""memory"",tgid: ""172093"",source: ""syscall"",type: ""Artifact"",version: ""0"",hash: ""c036cff755b42768c3d5b504058f5dca""})"
"(:VERTEX {remote port: ""443"",epoch: ""0"",source: ""syscall"",type: ""Artifact"",version: ""0"",local port: ""45290"",net namespace: ""-1"",local address: ""10.1.251.239"",protocol: ""tcp"",subtype: ""network socket"",remote address: ""10.152.183.1"",hash: ""8cff66d8c7fac4bebd0a4b26bcbe201e""})"
"(:VERTEX {remote port: ""443"",epoch: ""0"",source: ""syscall"",type: ""Artifact"",version: ""0"",local port: ""45302"",net namespace: ""-1"",local address: ""10.1.251.239"",protocol: ""tcp"",subtype: ""network socket"",remote address: ""10.152.183.1"",hash: ""645ea9fea1f0b6d899ca36c40b19c59e""})"
"(:VERTEX {path: ""/status/status.json"",subtype: ""file"",permissions: ""0644"",epoch: ""55"",source: ""syscall"",type: ""Artifact"",version: ""0"",hash: ""ac4bd74321e0b0622f789f184412d5d9""})"
"(:VERTEX {remote port: ""443"",epoch: ""0"",source: ""syscall"",type: ""Artifact"",version: ""0"",local port: ""45304"",net namespace: ""-1"",local address: ""10.1.251.239"",protocol: ""tcp"",subtype: ""network socket"",remote address: ""10.152.183.1"",hash: ""ceb40fa44968dc0ae7c97ac28c3efcf3""})"
"(:VERTEX {path: ""/status/status.json"",subtype: ""file"",permissions: ""0644"",epoch: ""56"",source: ""syscall"",type: ""Artifact"",version: ""0"",hash: ""cefc9faed8f2b71b26885201dfa8fe83""})"
"(:VERTEX {remote port: ""443"",epoch: ""0"",source: ""syscall"",type: ""Artifact"",version: ""0"",local port: ""45310"",net namespace: ""-1"",local address: ""10.1.251.239"",protocol: ""tcp"",subtype: ""network socket"",remote address: ""10.152.183.1"",hash: ""23c27aa3bdad265c33c906eb47a986b8""})"
"(:VERTEX {remote port: ""443"",epoch: ""0"",source: ""syscall"",type: ""Artifact"",version: ""0"",local port: ""45320"",net namespace: ""-1"",local address: ""10.1.251.239"",protocol: ""tcp"",subtype: ""network socket"",remote address: ""10.152.183.1"",hash: ""f0bb1b7d2e4fb25f46a8e1e2ff1a62a3""})"
"(:VERTEX {remote port: ""443"",epoch: ""0"",source: ""syscall"",type: ""Artifact"",version: ""0"",local port: ""45336"",net namespace: ""-1"",local address: ""10.1.251.239"",protocol: ""tcp"",subtype: ""network socket"",remote address: ""10.152.183.1"",hash: ""f27bee1ca2d063e58113b1ab594e2b1e""})"
"(:VERTEX {remote port: ""443"",epoch: ""0"",source: ""syscall"",type: ""Artifact"",version: ""0"",local port: ""45340"",net namespace: ""-1"",local address: ""10.1.251.239"",protocol: ""tcp"",subtype: ""network socket"",remote address: ""10.152.183.1"",hash: ""5a085bed68e4b053596642e7d730dcda""})"
"(:VERTEX {remote port: ""443"",epoch: ""0"",source: ""syscall"",type: ""Artifact"",version: ""0"",local port: ""45356"",net namespace: ""-1"",local address: ""10.1.251.239"",protocol: ""tcp"",subtype: ""network socket"",remote address: ""10.152.183.1"",hash: ""f5802f2b4ef847b2da0fef724f364bc0""})"
"(:VERTEX {memory address: ""7f63bd2e2000"",size: ""11000"",subtype: ""memory"",tgid: ""172956"",source: ""syscall"",type: ""Artifact"",version: ""1725"",hash: ""ee07c6edb69abab3eadf43494a39371d""})"
"(:VERTEX {memory address: ""7f63bd2e2000"",size: ""11000"",subtype: ""memory"",tgid: ""172956"",source: ""syscall"",type: ""Artifact"",version: ""1726"",hash: ""cc85618ef85ef91439fa859518ef9a20""})"
"(:VERTEX {memory address: ""7f63bd2e2000"",size: ""11000"",subtype: ""memory"",tgid: ""172956"",source: ""syscall"",type: ""Artifact"",version: ""1727"",hash: ""715c343a345de14598ee8f7c96c24793""})"
"(:VERTEX {memory address: ""7f63bd2e2000"",size: ""11000"",subtype: ""memory"",tgid: ""172956"",source: ""syscall"",type: ""Artifact"",version: ""1728"",hash: ""08dd49b43ca9a71489ca447b8dcf497f""})"
"(:VERTEX {memory address: ""7f63bd2e2000"",size: ""11000"",subtype: ""memory"",tgid: ""172956"",source: ""syscall"",type: ""Artifact"",version: ""1729"",hash: ""ccf47a13b63e6ebc031cb1c7bb1588a4""})"
"(:VERTEX {memory address: ""7f63bd2e2000"",size: ""11000"",subtype: ""memory"",tgid: ""172956"",source: ""syscall"",type: ""Artifact"",version: ""1730"",hash: ""1c8f61816242107062c54dfecbb8c3e6""})"
"(:VERTEX {memory address: ""7f63bd2e2000"",size: ""11000"",subtype: ""memory"",tgid: ""172956"",source: ""syscall"",type: ""Artifact"",version: ""1731"",hash: ""804dbe49d22f234313e53212930d2ad0""})"
"(:VERTEX {memory address: ""7f63bd2e2000"",size: ""11000"",subtype: ""memory"",tgid: ""172956"",source: ""syscall"",type: ""Artifact"",version: ""1732"",hash: ""5504cd90ac6df741799a9b08c0bc0b46""})"
"(:VERTEX {remote port: ""443"",epoch: ""0"",source: ""syscall"",type: ""Artifact"",version: ""0"",local port: ""45358"",net namespace: ""-1"",local address: ""10.1.251.239"",protocol: ""tcp"",subtype: ""network socket"",remote address: ""10.152.183.1"",hash: ""34a5e21d1ae0b75ba31f88d6c87ec51d""})"
"(:VERTEX {remote port: ""443"",epoch: ""0"",source: ""syscall"",type: ""Artifact"",version: ""0"",local port: ""45364"",net namespace: ""4026532699"",local address: ""10.1.251.239"",protocol: ""tcp"",subtype: ""network socket"",remote address: ""10.152.183.1"",hash: ""420876aab7fb42e12034d684d00f1387""})"
"(:VERTEX {remote port: ""443"",epoch: ""0"",source: ""syscall"",type: ""Artifact"",version: ""0"",local port: ""45380"",net namespace: ""-1"",local address: ""10.1.251.239"",protocol: ""tcp"",subtype: ""network socket"",remote address: ""10.152.183.1"",hash: ""be174401b878c319ac35f842ecdad1f1""})"
"(:VERTEX {remote port: ""443"",epoch: ""0"",source: ""syscall"",type: ""Artifact"",version: ""0"",local port: ""45392"",net namespace: ""-1"",local address: ""10.1.251.239"",protocol: ""tcp"",subtype: ""network socket"",remote address: ""10.152.183.1"",hash: ""c8cbc91f6ad23efe461b6d0f7d1c8d7c""})"
"(:VERTEX {remote port: ""443"",epoch: ""0"",source: ""syscall"",type: ""Artifact"",version: ""0"",local port: ""45398"",net namespace: ""-1"",local address: ""10.1.251.239"",protocol: ""tcp"",subtype: ""network socket"",remote address: ""10.152.183.1"",hash: ""6994fd5f42cd1b365807f78df2b810e3""})"
"(:VERTEX {remote port: ""443"",epoch: ""0"",source: ""syscall"",type: ""Artifact"",version: ""0"",local port: ""45410"",net namespace: ""-1"",local address: ""10.1.251.239"",protocol: ""tcp"",subtype: ""network socket"",remote address: ""10.152.183.1"",hash: ""562f4f2fabeef71c626033b821e84158""})"
"(:VERTEX {memory address: ""7f63bd2e2000"",size: ""11000"",subtype: ""memory"",tgid: ""172956"",source: ""syscall"",type: ""Artifact"",version: ""1733"",hash: ""2b0bb1c9a049ca79c4e350e788742a8c""})"
"(:VERTEX {memory address: ""7f63bd2e2000"",size: ""11000"",subtype: ""memory"",tgid: ""172956"",source: ""syscall"",type: ""Artifact"",version: ""1734"",hash: ""27677e9249eeecf178d5cfcb72c4a31a""})"
"(:VERTEX {memory address: ""7f63bd2e2000"",size: ""11000"",subtype: ""memory"",tgid: ""172956"",source: ""syscall"",type: ""Artifact"",version: ""1735"",hash: ""4aa863c04dbd526d04c2452311254c4e""})"
"(:VERTEX {memory address: ""7f63bd2e2000"",size: ""11000"",subtype: ""memory"",tgid: ""172956"",source: ""syscall"",type: ""Artifact"",version: ""1736"",hash: ""b329bd755f5147e3c92673b2291ee9cd""})"
"(:VERTEX {memory address: ""7f63bd2e2000"",size: ""11000"",subtype: ""memory"",tgid: ""172956"",source: ""syscall"",type: ""Artifact"",version: ""1737"",hash: ""d2e1367a2311b6802db4b7affb9e316e""})"
"(:VERTEX {memory address: ""7f63bd2e2000"",size: ""11000"",subtype: ""memory"",tgid: ""172956"",source: ""syscall"",type: ""Artifact"",version: ""1738"",hash: ""1170d4a8f599c16510f1a90553d914f2""})"
"(:VERTEX {memory address: ""7f63bd2e2000"",size: ""11000"",subtype: ""memory"",tgid: ""172956"",source: ""syscall"",type: ""Artifact"",version: ""1739"",hash: ""4d4f9fcf6893bf8df26738e820131571""})"
"(:VERTEX {memory address: ""7f63bd2e2000"",size: ""11000"",subtype: ""memory"",tgid: ""172956"",source: ""syscall"",type: ""Artifact"",version: ""1740"",hash: ""cf1fdfddb8c83fd331126bbc5aaa32bb""})"
"(:VERTEX {memory address: ""7f63bd2e2000"",size: ""11000"",subtype: ""memory"",tgid: ""172956"",source: ""syscall"",type: ""Artifact"",version: ""1741"",hash: ""20852e4b4d7663896d361b896d214255""})"
"(:VERTEX {memory address: ""7f63bd2e2000"",size: ""11000"",subtype: ""memory"",tgid: ""172956"",source: ""syscall"",type: ""Artifact"",version: ""1742"",hash: ""ecf7ca5c6b243279202e1012571e3983""})"
"(:VERTEX {memory address: ""7f63bd2e2000"",size: ""11000"",subtype: ""memory"",tgid: ""172956"",source: ""syscall"",type: ""Artifact"",version: ""1743"",hash: ""5eaa7bec4b209835d93703e194c257cf""})"
"(:VERTEX {memory address: ""7f63bd2e2000"",size: ""11000"",subtype: ""memory"",tgid: ""172956"",source: ""syscall"",type: ""Artifact"",version: ""1744"",hash: ""d1b247b313578979fc2de47ad3589a5d""})"
"(:VERTEX {memory address: ""7f63bd2e2000"",size: ""11000"",subtype: ""memory"",tgid: ""172956"",source: ""syscall"",type: ""Artifact"",version: ""1745"",hash: ""d11ac4fd6210b00f0db904a4afe36419""})"
"(:VERTEX {memory address: ""7f63bd2e2000"",size: ""11000"",subtype: ""memory"",tgid: ""172956"",source: ""syscall"",type: ""Artifact"",version: ""1746"",hash: ""1e441358b9847677730cd2f17d4c7c4c""})"
"(:VERTEX {memory address: ""7f63bd2e2000"",size: ""11000"",subtype: ""memory"",tgid: ""172956"",source: ""syscall"",type: ""Artifact"",version: ""1747"",hash: ""a95006ab75acf35a6b9bf3a151465782""})"
"(:VERTEX {memory address: ""7f63bd2e2000"",size: ""11000"",subtype: ""memory"",tgid: ""172956"",source: ""syscall"",type: ""Artifact"",version: ""1748"",hash: ""98bfebcd3be8bd70beeba084ac9a885b""})"
"(:VERTEX {remote port: ""443"",epoch: ""0"",source: ""syscall"",type: ""Artifact"",version: ""0"",local port: ""45416"",net namespace: ""-1"",local address: ""10.1.251.239"",protocol: ""tcp"",subtype: ""network socket"",remote address: ""10.152.183.1"",hash: ""f7786fc938414c5c801af44d5783d670""})"
"(:VERTEX {remote port: ""443"",epoch: ""0"",source: ""syscall"",type: ""Artifact"",version: ""0"",local port: ""45426"",net namespace: ""4026532699"",local address: ""10.1.251.239"",protocol: ""tcp"",subtype: ""network socket"",remote address: ""10.152.183.1"",hash: ""3e35cb1a9968823e3408c0e8a494ba69""})"
"(:VERTEX {remote port: ""443"",epoch: ""0"",source: ""syscall"",type: ""Artifact"",version: ""0"",local port: ""45442"",net namespace: ""4026532699"",local address: ""10.1.251.239"",protocol: ""tcp"",subtype: ""network socket"",remote address: ""10.152.183.1"",hash: ""b7795a3ab38a694f43087f7784e00a99""})"
"(:VERTEX {remote port: ""443"",epoch: ""0"",source: ""syscall"",type: ""Artifact"",version: ""0"",local port: ""45450"",net namespace: ""-1"",local address: ""10.1.251.239"",protocol: ""tcp"",subtype: ""network socket"",remote address: ""10.152.183.1"",hash: ""225b0305856830766073006eabf963c3""})"
"(:VERTEX {remote port: ""443"",epoch: ""0"",source: ""syscall"",type: ""Artifact"",version: ""0"",local port: ""45460"",net namespace: ""-1"",local address: ""10.1.251.239"",protocol: ""tcp"",subtype: ""network socket"",remote address: ""10.152.183.1"",hash: ""119d411a8300437ecf17d91e04d688d6""})"
"(:VERTEX {remote port: ""443"",epoch: ""0"",source: ""syscall"",type: ""Artifact"",version: ""0"",local port: ""45472"",net namespace: ""-1"",local address: ""10.1.251.239"",protocol: ""tcp"",subtype: ""network socket"",remote address: ""10.152.183.1"",hash: ""f76b0227994d754689bbb68ea62768f6""})"
"(:VERTEX {remote port: ""443"",epoch: ""0"",source: ""syscall"",type: ""Artifact"",version: ""0"",local port: ""45484"",net namespace: ""-1"",local address: ""10.1.251.239"",protocol: ""tcp"",subtype: ""network socket"",remote address: ""10.152.183.1"",hash: ""61b11640ac9b5bc363b5cccee58c6e94""})"
"(:VERTEX {remote port: ""443"",epoch: ""0"",source: ""syscall"",type: ""Artifact"",version: ""0"",local port: ""45496"",net namespace: ""-1"",local address: ""10.1.251.239"",protocol: ""tcp"",subtype: ""network socket"",remote address: ""10.152.183.1"",hash: ""ec83e8a7e54ce5d679b0d6ef3449a53f""})"
"(:VERTEX {gid: ""1000"",euid: ""1000"",children pid namespace: ""-1"",pid: ""172064"",seen time: ""1693402062.928"",source: ""syscall"",type: ""Process"",net namespace: ""-1"",ipc namespace: ""-1"",ppid: ""3120"",pid namespace: ""-1"",uid: ""1000"",egid: ""1000"",exe: ""/app/cartservice"",mount namespace: ""-1"",name: "".NET ThreadPool"",hash: ""7df59129e0907f7e8babbe3ed07534df"",user namespace: ""-1""})"
"(:VERTEX {memory address: ""7fb49ba26000"",size: ""183000"",subtype: ""memory"",tgid: ""172064"",source: ""syscall"",type: ""Artifact"",version: ""2"",hash: ""856d675fb7f089beffd1ce5eb0c49647""})"
"(:VERTEX {memory address: ""7fb49ba28000"",size: ""181000"",subtype: ""memory"",tgid: ""172064"",source: ""syscall"",type: ""Artifact"",version: ""2"",hash: ""01ad2c662826c35d5f1ca5920e3a955d""})"
"(:VERTEX {gid: ""1000"",euid: ""1000"",children pid namespace: ""4026533434"",start time: ""1693402062.928"",ns pid: ""61"",pid: ""182586"",source: ""syscall"",type: ""Process"",net namespace: ""4026532635"",ipc namespace: ""4026533291"",ppid: ""172064"",pid namespace: ""4026533434"",uid: ""1000"",egid: ""1000"",exe: ""/app/cartservice"",mount namespace: ""4026533433"",name: "".NET ThreadPool"",hash: ""9459ec2fca3591985bf6d59e8b344116"",user namespace: ""4026531837""})"
"(:VERTEX {memory address: ""7fb49c5bc000"",size: ""4000"",subtype: ""memory"",tgid: ""172064"",source: ""syscall"",type: ""Artifact"",version: ""1"",hash: ""da43a9ae5109c1898b949d96008a1816""})"
"(:VERTEX {memory address: ""7fb49c5bc000"",size: ""1000"",subtype: ""memory"",tgid: ""172064"",source: ""syscall"",type: ""Artifact"",version: ""1"",hash: ""6c812855ad61dc673a74628f40d7a450""})"
"(:VERTEX {path: ""/proc/172064/task/61/comm"",subtype: ""file"",permissions: ""0644"",epoch: ""0"",source: ""syscall"",type: ""Artifact"",version: ""0"",hash: ""eda5c1cce808f3b4b9865e5f7a25dcbc""})"
"(:VERTEX {subtype: ""unnamed pipe"",tgid: ""172064"",epoch: ""13"",source: ""syscall"",read fd: ""205"",type: ""Artifact"",version: ""0"",hash: ""1b794bbfb4eb588223f4369d3a2b0c25"",write fd: ""207""})"
"(:VERTEX {memory address: ""7fb49c5ab000"",size: ""11000"",subtype: ""memory"",tgid: ""172064"",source: ""syscall"",type: ""Artifact"",version: ""1"",hash: ""8cef0c4deb895b2bf36ddfead61b4b37""})"
"(:VERTEX {memory address: ""7f63bd2e2000"",size: ""11000"",subtype: ""memory"",tgid: ""172956"",source: ""syscall"",type: ""Artifact"",version: ""1749"",hash: ""d0db42837afe56a5a0106c748644dd61""})"
"(:VERTEX {memory address: ""1c0561980000"",size: ""40000"",subtype: ""memory"",tgid: ""172956"",source: ""syscall"",type: ""Artifact"",version: ""14"",hash: ""1dcf5daa0671334deb8791bc0987ed87""})"
"(:VERTEX {memory address: ""ce06300000"",size: ""40000"",subtype: ""memory"",tgid: ""172956"",source: ""syscall"",type: ""Artifact"",version: ""14"",hash: ""73d83f6ad34d89466d569291eba9b33d""})"
"(:VERTEX {memory address: ""24c73be40000"",size: ""40000"",subtype: ""memory"",tgid: ""172956"",source: ""syscall"",type: ""Artifact"",version: ""14"",hash: ""4197e2e39d66a7cd2921b472cadcaf22""})"
"(:VERTEX {memory address: ""1dce6d6c0000"",size: ""40000"",subtype: ""memory"",tgid: ""172956"",source: ""syscall"",type: ""Artifact"",version: ""14"",hash: ""4aa5c2871ed3f467cc0131fc43cb10e4""})"
"(:VERTEX {memory address: ""7f63bd2ef000"",size: ""4000"",subtype: ""memory"",tgid: ""172956"",source: ""syscall"",type: ""Artifact"",version: ""66"",hash: ""30efec88a488de7677e4f6326bbd4945""})"
"(:VERTEX {memory address: ""7f63bd2eb000"",size: ""4000"",subtype: ""memory"",tgid: ""172956"",source: ""syscall"",type: ""Artifact"",version: ""56"",hash: ""31420c938ffca6ce74c28198bb60bdef""})"
"(:VERTEX {memory address: ""11f76ac0000"",size: ""40000"",subtype: ""memory"",tgid: ""172956"",source: ""syscall"",type: ""Artifact"",version: ""64"",hash: ""acd0f058fc175e614a3ac00353d69edb""})"
"(:VERTEX {memory address: ""31798280000"",size: ""40000"",subtype: ""memory"",tgid: ""172956"",source: ""syscall"",type: ""Artifact"",version: ""64"",hash: ""315dff9e27b9227db9cf1c0515ff640b""})"
"(:VERTEX {memory address: ""7cb45600000"",size: ""40000"",subtype: ""memory"",tgid: ""172956"",source: ""syscall"",type: ""Artifact"",version: ""64"",hash: ""b1bdbb0588744fa3b4cb18879a58c5bd""})"
"(:VERTEX {memory address: ""3030c7dc0000"",size: ""40000"",subtype: ""memory"",tgid: ""172956"",source: ""syscall"",type: ""Artifact"",version: ""64"",hash: ""f850b6aa2ce69777447c4bf6ffaa1a50""})"
"(:VERTEX {memory address: ""7f63bd2e2000"",size: ""11000"",subtype: ""memory"",tgid: ""172956"",source: ""syscall"",type: ""Artifact"",version: ""1750"",hash: ""1e45b8f9631517a362be76ceca287207""})"
"(:VERTEX {memory address: ""7f63bd2e2000"",size: ""11000"",subtype: ""memory"",tgid: ""172956"",source: ""syscall"",type: ""Artifact"",version: ""1751"",hash: ""84066ef39966d44d6ae09fae2fef586f""})"
"(:VERTEX {memory address: ""7f63bd2e2000"",size: ""11000"",subtype: ""memory"",tgid: ""172956"",source: ""syscall"",type: ""Artifact"",version: ""1752"",hash: ""19581f254f9ac45ebc4b806db0730bee""})"
"(:VERTEX {memory address: ""7f23ee089000"",size: ""d000"",subtype: ""memory"",tgid: ""172093"",source: ""syscall"",type: ""Artifact"",version: ""1"",hash: ""707aa0e33fe48b87290dca38211342a2""})"
"(:VERTEX {remote port: ""443"",epoch: ""1"",source: ""syscall"",type: ""Artifact"",version: ""0"",local port: ""45506"",net namespace: ""-1"",local address: ""10.1.251.239"",protocol: ""tcp"",subtype: ""network socket"",remote address: ""10.152.183.1"",hash: ""eed9c081f3361052069165c058929c2b""})"
"(:VERTEX {remote port: ""443"",epoch: ""1"",source: ""syscall"",type: ""Artifact"",version: ""0"",local port: ""45514"",net namespace: ""-1"",local address: ""10.1.251.239"",protocol: ""tcp"",subtype: ""network socket"",remote address: ""10.152.183.1"",hash: ""c8adeeeb83803cb0ac895d6acf27d359""})"
"(:VERTEX {remote port: ""443"",epoch: ""1"",source: ""syscall"",type: ""Artifact"",version: ""0"",local port: ""45520"",net namespace: ""-1"",local address: ""10.1.251.239"",protocol: ""tcp"",subtype: ""network socket"",remote address: ""10.152.183.1"",hash: ""dbea2a8ad27fec2fb420044b9ec30568""})"
"(:VERTEX {remote port: ""443"",epoch: ""1"",source: ""syscall"",type: ""Artifact"",version: ""0"",local port: ""45524"",net namespace: ""-1"",local address: ""10.1.251.239"",protocol: ""tcp"",subtype: ""network socket"",remote address: ""10.152.183.1"",hash: ""ffdf0fba7ea9e44fdd23bde67152faa8""})"
"(:VERTEX {remote port: ""443"",epoch: ""0"",source: ""syscall"",type: ""Artifact"",version: ""0"",local port: ""45526"",net namespace: ""-1"",local address: ""10.1.251.239"",protocol: ""tcp"",subtype: ""network socket"",remote address: ""10.152.183.1"",hash: ""14b14fc2c3e3b1be42c4a02f65eff0e2""})"
"(:VERTEX {remote port: ""443"",epoch: ""0"",source: ""syscall"",type: ""Artifact"",version: ""0"",local port: ""38514"",net namespace: ""-1"",local address: ""10.1.251.239"",protocol: ""tcp"",subtype: ""network socket"",remote address: ""10.152.183.1"",hash: ""d49eac55de2d169d91e176e4ee79b41d""})"
"(:VERTEX {memory address: ""7f63bd2e2000"",size: ""11000"",subtype: ""memory"",tgid: ""172956"",source: ""syscall"",type: ""Artifact"",version: ""1753"",hash: ""9fd6d8550581fe7dd381508a6b2f0538""})"
"(:VERTEX {memory address: ""7f63bd2e2000"",size: ""11000"",subtype: ""memory"",tgid: ""172956"",source: ""syscall"",type: ""Artifact"",version: ""1754"",hash: ""b5886cf4f9714609b644a4cbb2a74ae1""})"
"(:VERTEX {memory address: ""7f63bd2e2000"",size: ""11000"",subtype: ""memory"",tgid: ""172956"",source: ""syscall"",type: ""Artifact"",version: ""1755"",hash: ""51be215c5d9e5d65b2f7d358ef34ec57""})"
"(:VERTEX {memory address: ""7f63bd2e2000"",size: ""11000"",subtype: ""memory"",tgid: ""172956"",source: ""syscall"",type: ""Artifact"",version: ""1756"",hash: ""9808a94489ee4ff47a3958383edf4d23""})"
"(:VERTEX {memory address: ""7f63bd2e2000"",size: ""11000"",subtype: ""memory"",tgid: ""172956"",source: ""syscall"",type: ""Artifact"",version: ""1757"",hash: ""452b254d33f75c555eb886d3058f9ce9""})"
"(:VERTEX {memory address: ""7f63bd2f1000"",size: ""2000"",subtype: ""memory"",tgid: ""172956"",source: ""syscall"",type: ""Artifact"",version: ""110"",hash: ""3f8b3cb99391b4bd876ee7b4985c2c64""})"
"(:VERTEX {memory address: ""7f63bd2e8000"",size: ""9000"",subtype: ""memory"",tgid: ""172956"",source: ""syscall"",type: ""Artifact"",version: ""46"",hash: ""55bde954794e7f01dcd776cc7141de7c""})"
"(:VERTEX {memory address: ""7f63bd1bd000"",size: ""9000"",subtype: ""memory"",tgid: ""172956"",source: ""syscall"",type: ""Artifact"",version: ""325"",hash: ""db33c6079404525efc35fbc95c1954c6""})"
"(:VERTEX {memory address: ""7f63bb15d000"",size: ""9000"",subtype: ""memory"",tgid: ""172956"",source: ""syscall"",type: ""Artifact"",version: ""193"",hash: ""81095c502bd0da4dedc8efcd5b9ab294""})"
"(:VERTEX {memory address: ""7f63bb10c000"",size: ""9000"",subtype: ""memory"",tgid: ""172956"",source: ""syscall"",type: ""Artifact"",version: ""16"",hash: ""7fef1c806ccae75e7980eb3aa017666d""})"
"(:VERTEX {memory address: ""7f63bb10c000"",size: ""9000"",subtype: ""memory"",tgid: ""172956"",source: ""syscall"",type: ""Artifact"",version: ""17"",hash: ""c58241fe23f0da7af81f2510714bb9c3""})"
"(:VERTEX {memory address: ""7f63bb103000"",size: ""9000"",subtype: ""memory"",tgid: ""172956"",source: ""syscall"",type: ""Artifact"",version: ""61"",hash: ""0c159f866b464b3ca4b2b9bd0c925f95""})"
"(:VERTEX {memory address: ""7f63bb0fa000"",size: ""9000"",subtype: ""memory"",tgid: ""172956"",source: ""syscall"",type: ""Artifact"",version: ""44"",hash: ""eab38eadabfbdd7514ca911c470a3d7d""})"
"(:VERTEX {memory address: ""7f63bb0f1000"",size: ""9000"",subtype: ""memory"",tgid: ""172956"",source: ""syscall"",type: ""Artifact"",version: ""99"",hash: ""c65f3a7618a360d0a1856d03b35a9dbb""})"
"(:VERTEX {memory address: ""7f63bd1e6000"",size: ""7000"",subtype: ""memory"",tgid: ""172956"",source: ""syscall"",type: ""Artifact"",version: ""248"",hash: ""5a53c0976297df41b23524cd74821421""})"
"(:VERTEX {memory address: ""7f63bb10c000"",size: ""9000"",subtype: ""memory"",tgid: ""172956"",source: ""syscall"",type: ""Artifact"",version: ""18"",hash: ""6f222d0949282be98931fc5e296b370d""})"
"(:VERTEX {memory address: ""7f63bb0e8000"",size: ""9000"",subtype: ""memory"",tgid: ""172956"",source: ""syscall"",type: ""Artifact"",version: ""118"",hash: ""381309b4a4858d9dd10b37d8df7133fb""})"
"(:VERTEX {memory address: ""7f63bd1e6000"",size: ""7000"",subtype: ""memory"",tgid: ""172956"",source: ""syscall"",type: ""Artifact"",version: ""249"",hash: ""3eeb2a99f223cafcbfa142fe0376808b""})"
"(:VERTEX {memory address: ""7f63bb10c000"",size: ""9000"",subtype: ""memory"",tgid: ""172956"",source: ""syscall"",type: ""Artifact"",version: ""19"",hash: ""292a74dbcd9abf8972dcdd3534378c47""})"
"(:VERTEX {memory address: ""7f63bb0e8000"",size: ""9000"",subtype: ""memory"",tgid: ""172956"",source: ""syscall"",type: ""Artifact"",version: ""119"",hash: ""599397ae82c2877881ea3bfc5dbf0a44""})"
"(:VERTEX {memory address: ""7f63bb0df000"",size: ""9000"",subtype: ""memory"",tgid: ""172956"",source: ""syscall"",type: ""Artifact"",version: ""91"",hash: ""39e74dc3afa12c29899df5eff488ae8d""})"
"(:VERTEX {memory address: ""7f63bb0ce000"",size: ""11000"",subtype: ""memory"",tgid: ""172956"",source: ""syscall"",type: ""Artifact"",version: ""5"",hash: ""857ad7c4b1520a726f120c621f142637""})"
"(:VERTEX {memory address: ""7f63bb0e8000"",size: ""9000"",subtype: ""memory"",tgid: ""172956"",source: ""syscall"",type: ""Artifact"",version: ""120"",hash: ""e19d37d23e6005a903c38a6328877776""})"
"(:VERTEX {memory address: ""7f63bd1bd000"",size: ""9000"",subtype: ""memory"",tgid: ""172956"",source: ""syscall"",type: ""Artifact"",version: ""326"",hash: ""83aae910fa7cae7bbf94af157c29ab28""})"
"(:VERTEX {memory address: ""7f63bb10c000"",size: ""9000"",subtype: ""memory"",tgid: ""172956"",source: ""syscall"",type: ""Artifact"",version: ""20"",hash: ""36375a5f3f348c36e91f496dc27e127b""})"
"(:VERTEX {memory address: ""7f63bb103000"",size: ""9000"",subtype: ""memory"",tgid: ""172956"",source: ""syscall"",type: ""Artifact"",version: ""62"",hash: ""603ee8f98288fdfaad3e702241ad8b3c""})"
"(:VERTEX {memory address: ""7f63bb0fa000"",size: ""9000"",subtype: ""memory"",tgid: ""172956"",source: ""syscall"",type: ""Artifact"",version: ""45"",hash: ""48e632bc6d8a1d687ecd2bd5d0075abf""})"
"(:VERTEX {memory address: ""7f63bb0f1000"",size: ""9000"",subtype: ""memory"",tgid: ""172956"",source: ""syscall"",type: ""Artifact"",version: ""100"",hash: ""3f67e98e5f1954f8534c9b11f1e48bca""})"
"(:VERTEX {memory address: ""7f63bb0df000"",size: ""9000"",subtype: ""memory"",tgid: ""172956"",source: ""syscall"",type: ""Artifact"",version: ""92"",hash: ""e1dc9903d4c8df51f3c7f6bf6cc63aee""})"
"(:VERTEX {memory address: ""7f63bb104000"",size: ""11000"",subtype: ""memory"",tgid: ""172956"",source: ""syscall"",type: ""Artifact"",version: ""5"",hash: ""0c29cdba363d1a9972d33c62257a915b""})"
"(:VERTEX {memory address: ""7f63bd2e2000"",size: ""11000"",subtype: ""memory"",tgid: ""172956"",source: ""syscall"",type: ""Artifact"",version: ""1758"",hash: ""1da8336052136cc88d157e28d473fa7e""})"
"(:VERTEX {memory address: ""7f63bd2e2000"",size: ""11000"",subtype: ""memory"",tgid: ""172956"",source: ""syscall"",type: ""Artifact"",version: ""1759"",hash: ""8bc791834986ead36244ba24e770740b""})"
"(:VERTEX {memory address: ""7f63bd2e2000"",size: ""11000"",subtype: ""memory"",tgid: ""172956"",source: ""syscall"",type: ""Artifact"",version: ""1760"",hash: ""f6410cb6aaeb558af2475902a5c2fac6""})"
"(:VERTEX {remote port: ""443"",epoch: ""0"",source: ""syscall"",type: ""Artifact"",version: ""0"",local port: ""38526"",net namespace: ""-1"",local address: ""10.1.251.239"",protocol: ""tcp"",subtype: ""network socket"",remote address: ""10.152.183.1"",hash: ""8c2eb7410f76565e7a842798bcaaab4c""})"
"(:VERTEX {memory address: ""7f63bd2e2000"",size: ""11000"",subtype: ""memory"",tgid: ""172956"",source: ""syscall"",type: ""Artifact"",version: ""1761"",hash: ""7e07f2bc07a39e91e0c43527ba5f6e47""})"
"(:VERTEX {memory address: ""7f63bd2e2000"",size: ""11000"",subtype: ""memory"",tgid: ""172956"",source: ""syscall"",type: ""Artifact"",version: ""1762"",hash: ""77b006959db830582cc2bf2f2a19de9f""})"
"(:VERTEX {memory address: ""7f63bd2e2000"",size: ""11000"",subtype: ""memory"",tgid: ""172956"",source: ""syscall"",type: ""Artifact"",version: ""1763"",hash: ""2004c6d9cddc26cd3c9792f76e37f728""})"
"(:VERTEX {memory address: ""7f63bd2e2000"",size: ""11000"",subtype: ""memory"",tgid: ""172956"",source: ""syscall"",type: ""Artifact"",version: ""1764"",hash: ""feb560fb5f9315e4af172e74e58dfa59""})"
"(:VERTEX {memory address: ""7f63bd2e2000"",size: ""11000"",subtype: ""memory"",tgid: ""172956"",source: ""syscall"",type: ""Artifact"",version: ""1765"",hash: ""ff4a41ff40ef2d8961368e80b32d1b68""})"
"(:VERTEX {memory address: ""7f63bd2f1000"",size: ""2000"",subtype: ""memory"",tgid: ""172956"",source: ""syscall"",type: ""Artifact"",version: ""111"",hash: ""f26665f7992eda1d6a156fb53c29f124""})"
"(:VERTEX {memory address: ""7f63bd2e8000"",size: ""9000"",subtype: ""memory"",tgid: ""172956"",source: ""syscall"",type: ""Artifact"",version: ""47"",hash: ""e4342879e10d86defc90fdfc8feae174""})"
"(:VERTEX {memory address: ""7f63bd1bd000"",size: ""9000"",subtype: ""memory"",tgid: ""172956"",source: ""syscall"",type: ""Artifact"",version: ""327"",hash: ""2a0173d5cb06b80c99573c1e0d78bb53""})"
"(:VERTEX {memory address: ""7f63bb15d000"",size: ""9000"",subtype: ""memory"",tgid: ""172956"",source: ""syscall"",type: ""Artifact"",version: ""194"",hash: ""bbc3210d61b0ac7a537efcf3fffa39aa""})"
"(:VERTEX {memory address: ""7f63bb10c000"",size: ""9000"",subtype: ""memory"",tgid: ""172956"",source: ""syscall"",type: ""Artifact"",version: ""21"",hash: ""97c91b5f7e58f74e9ade310e965319f1""})"
"(:VERTEX {memory address: ""7f63bb10c000"",size: ""9000"",subtype: ""memory"",tgid: ""172956"",source: ""syscall"",type: ""Artifact"",version: ""22"",hash: ""d412e2dd37c37d6b0f59614ca311b72c""})"
"(:VERTEX {memory address: ""7f63bb103000"",size: ""9000"",subtype: ""memory"",tgid: ""172956"",source: ""syscall"",type: ""Artifact"",version: ""63"",hash: ""ad241f3bb450309920c05effce30f4ed""})"
"(:VERTEX {memory address: ""7f63bb104000"",size: ""8000"",subtype: ""memory"",tgid: ""172956"",source: ""syscall"",type: ""Artifact"",version: ""0"",hash: ""8df8bb631805560544536e588093a495""})"
"(:VERTEX {memory address: ""7f63bd1bd000"",size: ""9000"",subtype: ""memory"",tgid: ""172956"",source: ""syscall"",type: ""Artifact"",version: ""328"",hash: ""0ab8d436afc31dc64e90f0b71ab532a2""})"
"(:VERTEX {memory address: ""7f63bb104000"",size: ""11000"",subtype: ""memory"",tgid: ""172956"",source: ""syscall"",type: ""Artifact"",version: ""6"",hash: ""d3684b54553b304384a660f3174ea288""})"
"(:VERTEX {memory address: ""7f63bb104000"",size: ""11000"",subtype: ""memory"",tgid: ""172956"",source: ""syscall"",type: ""Artifact"",version: ""7"",hash: ""66d445a44512d731907123c58fc2bfda""})"
"(:VERTEX {memory address: ""7f63bd2e2000"",size: ""11000"",subtype: ""memory"",tgid: ""172956"",source: ""syscall"",type: ""Artifact"",version: ""1766"",hash: ""b979b00668776553d2431373ddb318c8""})"
"(:VERTEX {memory address: ""7f63bd2e2000"",size: ""11000"",subtype: ""memory"",tgid: ""172956"",source: ""syscall"",type: ""Artifact"",version: ""1767"",hash: ""34440a887292a7352ed97ff588fec57a""})"
"(:VERTEX {memory address: ""7f63bd2e2000"",size: ""11000"",subtype: ""memory"",tgid: ""172956"",source: ""syscall"",type: ""Artifact"",version: ""1768"",hash: ""2a5a5ac056d6121d8c8e1c5d5e2c54a1""})"
"(:VERTEX {memory address: ""7f63bd2e2000"",size: ""11000"",subtype: ""memory"",tgid: ""172956"",source: ""syscall"",type: ""Artifact"",version: ""1769"",hash: ""ccecce62423e0800fc2f5be30b9e3fbf""})"
"(:VERTEX {memory address: ""7f63bd2e2000"",size: ""11000"",subtype: ""memory"",tgid: ""172956"",source: ""syscall"",type: ""Artifact"",version: ""1770"",hash: ""a21246e58a04e142660edeba25dd9510""})"
"(:VERTEX {memory address: ""7f63bd2e2000"",size: ""11000"",subtype: ""memory"",tgid: ""172956"",source: ""syscall"",type: ""Artifact"",version: ""1771"",hash: ""75ffd46348acdc374504b4b9907b26d3""})"
"(:VERTEX {memory address: ""7f63bd2e2000"",size: ""11000"",subtype: ""memory"",tgid: ""172956"",source: ""syscall"",type: ""Artifact"",version: ""1772"",hash: ""b97e3fd18856da8ba6512c900af645d9""})"
"(:VERTEX {memory address: ""7f63bd2e2000"",size: ""11000"",subtype: ""memory"",tgid: ""172956"",source: ""syscall"",type: ""Artifact"",version: ""1773"",hash: ""0e362796823e6917f7afcc728da272c9""})"
"(:VERTEX {memory address: ""7f63bd2e2000"",size: ""11000"",subtype: ""memory"",tgid: ""172956"",source: ""syscall"",type: ""Artifact"",version: ""1774"",hash: ""fdecf5267f1aa23b6689faee597f93be""})"
"(:VERTEX {remote port: ""443"",epoch: ""0"",source: ""syscall"",type: ""Artifact"",version: ""0"",local port: ""38532"",net namespace: ""-1"",local address: ""10.1.251.239"",protocol: ""tcp"",subtype: ""network socket"",remote address: ""10.152.183.1"",hash: ""cff7193d04e28acc0f68685608988d7a""})"
"(:VERTEX {memory address: ""7f63bd2e2000"",size: ""11000"",subtype: ""memory"",tgid: ""172956"",source: ""syscall"",type: ""Artifact"",version: ""1775"",hash: ""2d8e180538b6c6137df4557d9b56000f""})"
"(:VERTEX {memory address: ""7f63bd2e2000"",size: ""11000"",subtype: ""memory"",tgid: ""172956"",source: ""syscall"",type: ""Artifact"",version: ""1776"",hash: ""c926b25ca1c1833bb18f4a35cc5e314e""})"
"(:VERTEX {memory address: ""7f63bd2e2000"",size: ""11000"",subtype: ""memory"",tgid: ""172956"",source: ""syscall"",type: ""Artifact"",version: ""1777"",hash: ""4f72a7a2a3b1b7619dd2b2dbf4e2bb76""})"
"(:VERTEX {memory address: ""7f63bd2e2000"",size: ""11000"",subtype: ""memory"",tgid: ""172956"",source: ""syscall"",type: ""Artifact"",version: ""1778"",hash: ""e7be65ff0da363231249510d0b735c0b""})"
"(:VERTEX {memory address: ""7f63bd2e2000"",size: ""11000"",subtype: ""memory"",tgid: ""172956"",source: ""syscall"",type: ""Artifact"",version: ""1779"",hash: ""dd04942f52c000720b92a8b494cd7bea""})"
"(:VERTEX {memory address: ""7f63bd2e2000"",size: ""11000"",subtype: ""memory"",tgid: ""172956"",source: ""syscall"",type: ""Artifact"",version: ""1780"",hash: ""22620e1f0edb572956917b2911fde441""})"
"(:VERTEX {memory address: ""7f63bd2e2000"",size: ""11000"",subtype: ""memory"",tgid: ""172956"",source: ""syscall"",type: ""Artifact"",version: ""1781"",hash: ""918dea81fb3357e34b1d5b5f85dba913""})"
"(:VERTEX {memory address: ""7f63bd2e2000"",size: ""11000"",subtype: ""memory"",tgid: ""172956"",source: ""syscall"",type: ""Artifact"",version: ""1782"",hash: ""10d6446b3e70cdd5e9400f8eda0f3b37""})"
"(:VERTEX {memory address: ""7f63bd2e2000"",size: ""11000"",subtype: ""memory"",tgid: ""172956"",source: ""syscall"",type: ""Artifact"",version: ""1783"",hash: ""d5930deb3e2336ce36fcba7001ff5302""})"
"(:VERTEX {memory address: ""7f63bd2e2000"",size: ""11000"",subtype: ""memory"",tgid: ""172956"",source: ""syscall"",type: ""Artifact"",version: ""1784"",hash: ""cba870fc5667c92c42fd24fcffa18f44""})"
"(:VERTEX {memory address: ""7f63bd2e2000"",size: ""11000"",subtype: ""memory"",tgid: ""172956"",source: ""syscall"",type: ""Artifact"",version: ""1785"",hash: ""56786a66fb9a0eeb276725c1905929a7""})"
"(:VERTEX {memory address: ""7f63bd2e2000"",size: ""11000"",subtype: ""memory"",tgid: ""172956"",source: ""syscall"",type: ""Artifact"",version: ""1786"",hash: ""892ed8339e165bc567d3d203eac7b155""})"
"(:VERTEX {memory address: ""7f63bd2e2000"",size: ""11000"",subtype: ""memory"",tgid: ""172956"",source: ""syscall"",type: ""Artifact"",version: ""1787"",hash: ""bd4de972d9c6da33f2ee68b46809a40f""})"
"(:VERTEX {memory address: ""7f63bd2e2000"",size: ""11000"",subtype: ""memory"",tgid: ""172956"",source: ""syscall"",type: ""Artifact"",version: ""1788"",hash: ""93340533ce0a7d73d999e04b107438be""})"
"(:VERTEX {memory address: ""7f17b7809000"",size: ""11000"",subtype: ""memory"",tgid: ""173004"",source: ""syscall"",type: ""Artifact"",version: ""132"",hash: ""61349d30e1c7472ed858ef005c793b93""})"
"(:VERTEX {memory address: ""7f17b78fb000"",size: ""1000"",subtype: ""memory"",tgid: ""173004"",source: ""syscall"",type: ""Artifact"",version: ""11"",hash: ""580d7391f1edc9e49799895a7a99856d""})"
"(:VERTEX {memory address: ""7f17b7809000"",size: ""11000"",subtype: ""memory"",tgid: ""173004"",source: ""syscall"",type: ""Artifact"",version: ""133"",hash: ""5fcded61113c1e7bd261c9a12aa59e8c""})"
"(:VERTEX {memory address: ""7f63bd2e2000"",size: ""11000"",subtype: ""memory"",tgid: ""172956"",source: ""syscall"",type: ""Artifact"",version: ""1789"",hash: ""92bee8919e1e030dc8561dfe0252ce7c""})"
"(:VERTEX {memory address: ""7f63bd2e2000"",size: ""11000"",subtype: ""memory"",tgid: ""172956"",source: ""syscall"",type: ""Artifact"",version: ""1790"",hash: ""558651394de27b73e4bcc244733323cd""})"
"(:VERTEX {memory address: ""7f63bd2e2000"",size: ""11000"",subtype: ""memory"",tgid: ""172956"",source: ""syscall"",type: ""Artifact"",version: ""1791"",hash: ""46cfc1a52e3826e1f8685f6345e2edd5""})"
"(:VERTEX {memory address: ""7f63bd2e2000"",size: ""11000"",subtype: ""memory"",tgid: ""172956"",source: ""syscall"",type: ""Artifact"",version: ""1792"",hash: ""c189d0f9c36b23de4930f6fa33902ff9""})"
"(:VERTEX {memory address: ""7f63bd2e2000"",size: ""11000"",subtype: ""memory"",tgid: ""172956"",source: ""syscall"",type: ""Artifact"",version: ""1793"",hash: ""a61f3d147be419061cf1b6b4f455ba63""})"
"(:VERTEX {memory address: ""7f63bd2e2000"",size: ""11000"",subtype: ""memory"",tgid: ""172956"",source: ""syscall"",type: ""Artifact"",version: ""1794"",hash: ""347a0326afc14a4cfd0a8580b2f4f19e""})"
"(:VERTEX {memory address: ""7f63bd2e2000"",size: ""11000"",subtype: ""memory"",tgid: ""172956"",source: ""syscall"",type: ""Artifact"",version: ""1795"",hash: ""8388b0cd4f993c382506a92090f14beb""})"
"(:VERTEX {memory address: ""7f63bd2e2000"",size: ""11000"",subtype: ""memory"",tgid: ""172956"",source: ""syscall"",type: ""Artifact"",version: ""1796"",hash: ""b77899f03ef56c2709d2965be31a4dc5""})"
"(:VERTEX {memory address: ""7f63bd2e2000"",size: ""11000"",subtype: ""memory"",tgid: ""172956"",source: ""syscall"",type: ""Artifact"",version: ""1797"",hash: ""146c8962a5fb7432986249e3170c4e2a""})"
"(:VERTEX {memory address: ""7f63bd2e2000"",size: ""11000"",subtype: ""memory"",tgid: ""172956"",source: ""syscall"",type: ""Artifact"",version: ""1798"",hash: ""adb727f32568e9c9c1f2821930a0f9df""})"
"(:VERTEX {memory address: ""7f63bd2e2000"",size: ""11000"",subtype: ""memory"",tgid: ""172956"",source: ""syscall"",type: ""Artifact"",version: ""1799"",hash: ""5b19516ed02510a761921156a446818a""})"
"(:VERTEX {memory address: ""7f63bd2e2000"",size: ""11000"",subtype: ""memory"",tgid: ""172956"",source: ""syscall"",type: ""Artifact"",version: ""1800"",hash: ""4505869472be65e1e14f7629a216260d""})"
"(:VERTEX {memory address: ""7f63bd2e2000"",size: ""11000"",subtype: ""memory"",tgid: ""172956"",source: ""syscall"",type: ""Artifact"",version: ""1801"",hash: ""549038608903e8e40f355848d13a3f2d""})"
"(:VERTEX {memory address: ""7f63bd2e2000"",size: ""11000"",subtype: ""memory"",tgid: ""172956"",source: ""syscall"",type: ""Artifact"",version: ""1802"",hash: ""729cc9c066ff886808b6133844ccbbb1""})"
"(:VERTEX {memory address: ""7f63bd2e2000"",size: ""11000"",subtype: ""memory"",tgid: ""172956"",source: ""syscall"",type: ""Artifact"",version: ""1803"",hash: ""ddf9f4ea924ee0d73ac90ff7d35f3cfd""})"
"(:VERTEX {remote port: ""53"",epoch: ""0"",source: ""syscall"",type: ""Artifact"",version: ""0"",local port: ""37896"",net namespace: ""4026532992"",local address: ""10.1.251.244"",protocol: ""udp"",subtype: ""network socket"",remote address: ""10.152.183.10"",hash: ""ee0c8319eabb9e9c22f64d6279bafc1b""})"
"(:VERTEX {remote port: ""53"",epoch: ""1"",source: ""syscall"",type: ""Artifact"",version: ""0"",local port: ""51665"",net namespace: ""-1"",local address: ""10.1.251.244"",protocol: ""udp"",subtype: ""network socket"",remote address: ""10.152.183.10"",hash: ""0d3fb86a2748d61d69d4ef60a15af0a2""})"
"(:VERTEX {gid: ""1000"",euid: ""1000"",children pid namespace: ""-1"",pid: ""172064"",seen time: ""1693402067.025"",source: ""syscall"",type: ""Process"",net namespace: ""-1"",ipc namespace: ""-1"",ppid: ""3120"",pid namespace: ""-1"",uid: ""1000"",egid: ""1000"",exe: ""/app/cartservice"",mount namespace: ""-1"",name: "".NET ThreadPool"",hash: ""3f27d0e239b70c79b96c8436cf284213"",user namespace: ""-1""})"
"(:VERTEX {memory address: ""7f63bd2e2000"",size: ""11000"",subtype: ""memory"",tgid: ""172956"",source: ""syscall"",type: ""Artifact"",version: ""1804"",hash: ""c0b986dd5e49cd83d8abf0370265740e""})"
"(:VERTEX {memory address: ""7f63bd2e2000"",size: ""11000"",subtype: ""memory"",tgid: ""172956"",source: ""syscall"",type: ""Artifact"",version: ""1805"",hash: ""7028820485b505d07e3ecc8d38ed7292""})"
"(:VERTEX {memory address: ""3030c7dc0000"",size: ""40000"",subtype: ""memory"",tgid: ""172956"",source: ""syscall"",type: ""Artifact"",version: ""65"",hash: ""f07e016242124254455cda21b2455486""})"
"(:VERTEX {memory address: ""7cb45600000"",size: ""40000"",subtype: ""memory"",tgid: ""172956"",source: ""syscall"",type: ""Artifact"",version: ""65"",hash: ""e2cf8ed20c68942f678699507737c2f6""})"
"(:VERTEX {memory address: ""31798280000"",size: ""40000"",subtype: ""memory"",tgid: ""172956"",source: ""syscall"",type: ""Artifact"",version: ""65"",hash: ""5f792fc758be9744d6063948cf1bca24""})"
"(:VERTEX {memory address: ""11f76ac0000"",size: ""40000"",subtype: ""memory"",tgid: ""172956"",source: ""syscall"",type: ""Artifact"",version: ""65"",hash: ""e1ca158573760ff8891d9f7fea418a24""})"
"(:VERTEX {memory address: ""7f63bd2ef000"",size: ""4000"",subtype: ""memory"",tgid: ""172956"",source: ""syscall"",type: ""Artifact"",version: ""67"",hash: ""291014ca53ce287689dde52294f999d3""})"
"(:VERTEX {memory address: ""1dce6d6c0000"",size: ""40000"",subtype: ""memory"",tgid: ""172956"",source: ""syscall"",type: ""Artifact"",version: ""15"",hash: ""fcd93908336b892402296138dbaa980c""})"
"(:VERTEX {memory address: ""24c73be40000"",size: ""40000"",subtype: ""memory"",tgid: ""172956"",source: ""syscall"",type: ""Artifact"",version: ""15"",hash: ""6f500b079b053b439a990ac8d32a69b9""})"
"(:VERTEX {memory address: ""ce06300000"",size: ""40000"",subtype: ""memory"",tgid: ""172956"",source: ""syscall"",type: ""Artifact"",version: ""15"",hash: ""2ea2f31ee5cf5ccba1b15834d515d810""})"
"(:VERTEX {memory address: ""1c0561980000"",size: ""40000"",subtype: ""memory"",tgid: ""172956"",source: ""syscall"",type: ""Artifact"",version: ""15"",hash: ""51a729b1124bd5b444ce9f1db3871f20""})"
"(:VERTEX {memory address: ""7f63bd2e2000"",size: ""11000"",subtype: ""memory"",tgid: ""172956"",source: ""syscall"",type: ""Artifact"",version: ""1806"",hash: ""2757d65352ac9e2737ef61066d92b73b""})"
"(:VERTEX {memory address: ""7f63bd2e2000"",size: ""11000"",subtype: ""memory"",tgid: ""172956"",source: ""syscall"",type: ""Artifact"",version: ""1807"",hash: ""c55272b7d8dc4728e5b311a995cf8dd5""})"
"(:VERTEX {memory address: ""7f63bd2e2000"",size: ""11000"",subtype: ""memory"",tgid: ""172956"",source: ""syscall"",type: ""Artifact"",version: ""1808"",hash: ""d8cc24fe294bbb925e6b4e21d18842cd""})"
"(:VERTEX {memory address: ""7f63bd2e2000"",size: ""11000"",subtype: ""memory"",tgid: ""172956"",source: ""syscall"",type: ""Artifact"",version: ""1809"",hash: ""ae0eddf4447460e048c28eac81c4ce12""})"
"(:VERTEX {memory address: ""7f63bd2e2000"",size: ""11000"",subtype: ""memory"",tgid: ""172956"",source: ""syscall"",type: ""Artifact"",version: ""1810"",hash: ""7707019e121d4a40ff093520e6bb7dc4""})"
"(:VERTEX {memory address: ""7f63bd2f1000"",size: ""2000"",subtype: ""memory"",tgid: ""172956"",source: ""syscall"",type: ""Artifact"",version: ""112"",hash: ""39f0728562a7af7bbfa46d71464ec82d""})"
"(:VERTEX {memory address: ""7f63bd2e8000"",size: ""9000"",subtype: ""memory"",tgid: ""172956"",source: ""syscall"",type: ""Artifact"",version: ""48"",hash: ""1060e669500bb7ab912078e63d4500f0""})"
"(:VERTEX {memory address: ""7f63bd2e6000"",size: ""2000"",subtype: ""memory"",tgid: ""172956"",source: ""syscall"",type: ""Artifact"",version: ""11"",hash: ""e2566b897c6249d8fae42a4a972585dc""})"
"(:VERTEX {memory address: ""7f63bd1bd000"",size: ""9000"",subtype: ""memory"",tgid: ""172956"",source: ""syscall"",type: ""Artifact"",version: ""329"",hash: ""a7470c36ed25625ccec409c872166fa6""})"
"(:VERTEX {memory address: ""7f63bd2e4000"",size: ""2000"",subtype: ""memory"",tgid: ""172956"",source: ""syscall"",type: ""Artifact"",version: ""2"",hash: ""37e0a18be1e95ea0b61df11836b1360e""})"
"(:VERTEX {memory address: ""7f63bb15d000"",size: ""9000"",subtype: ""memory"",tgid: ""172956"",source: ""syscall"",type: ""Artifact"",version: ""195"",hash: ""5f2e69a38cb3b5a3511dae1cb8640e4d""})"
"(:VERTEX {memory address: ""7f63bb105000"",size: ""10000"",subtype: ""memory"",tgid: ""172956"",source: ""syscall"",type: ""Artifact"",version: ""0"",hash: ""79b95d3b98c25ce58b8bc93e39a9467e""})"
"(:VERTEX {memory address: ""7f63bd2e2000"",size: ""2000"",subtype: ""memory"",tgid: ""172956"",source: ""syscall"",type: ""Artifact"",version: ""2"",hash: ""c443716b36b7a0f18430f97182d428f7""})"
"(:VERTEX {memory address: ""7f63bb0fc000"",size: ""9000"",subtype: ""memory"",tgid: ""172956"",source: ""syscall"",type: ""Artifact"",version: ""6"",hash: ""3460f73e4d7ba75418dbbcf6b59567c5""})"
"(:VERTEX {memory address: ""7f63bb0ec000"",size: ""10000"",subtype: ""memory"",tgid: ""172956"",source: ""syscall"",type: ""Artifact"",version: ""1"",hash: ""472e76e5e21075270b5f04daf8c95cc1""})"
"(:VERTEX {memory address: ""7f63bd231000"",size: ""4000"",subtype: ""memory"",tgid: ""172956"",source: ""syscall"",type: ""Artifact"",version: ""129"",hash: ""70a5d6262222ab0698d551f6557a8bf6""})"
"(:VERTEX {memory address: ""7f63bb0e3000"",size: ""9000"",subtype: ""memory"",tgid: ""172956"",source: ""syscall"",type: ""Artifact"",version: ""3"",hash: ""57fe984210f94aed3ce88b0fa0e42bce""})"
"(:VERTEX {memory address: ""7f63bb0d5000"",size: ""e000"",subtype: ""memory"",tgid: ""172956"",source: ""syscall"",type: ""Artifact"",version: ""0"",hash: ""93c0da63d405428539e7e68c32d5b4b4""})"
"(:VERTEX {memory address: ""7f63bb09d000"",size: ""10000"",subtype: ""memory"",tgid: ""172956"",source: ""syscall"",type: ""Artifact"",version: ""0"",hash: ""20515b7f56b4b9290c5b5dc14b1d0290""})"
"(:VERTEX {memory address: ""7f63bb094000"",size: ""9000"",subtype: ""memory"",tgid: ""172956"",source: ""syscall"",type: ""Artifact"",version: ""8"",hash: ""694ae667f3e3e630864f2c6f1c024b19""})"
"(:VERTEX {memory address: ""7f63bb08b000"",size: ""9000"",subtype: ""memory"",tgid: ""172956"",source: ""syscall"",type: ""Artifact"",version: ""16"",hash: ""d3862e4f5e7306f18ee78b181523271c""})"
"(:VERTEX {memory address: ""7f63bb082000"",size: ""9000"",subtype: ""memory"",tgid: ""172956"",source: ""syscall"",type: ""Artifact"",version: ""5"",hash: ""cb64497ef7218ff4e418c735d8038df6""})"
"(:VERTEX {memory address: ""7f63bb079000"",size: ""9000"",subtype: ""memory"",tgid: ""172956"",source: ""syscall"",type: ""Artifact"",version: ""4"",hash: ""1eed84674994ed7da5d32ec8d0de8ee4""})"
"(:VERTEX {memory address: ""7f63bd1e8000"",size: ""5000"",subtype: ""memory"",tgid: ""172956"",source: ""syscall"",type: ""Artifact"",version: ""5"",hash: ""0bcf0ec293126bb59fcf9c93dbb3a49d""})"
"(:VERTEX {memory address: ""7f63bb070000"",size: ""9000"",subtype: ""memory"",tgid: ""172956"",source: ""syscall"",type: ""Artifact"",version: ""3"",hash: ""ace86dd88ea59d0f4ea58b650a34674a""})"
"(:VERTEX {memory address: ""7f63bd29a000"",size: ""2000"",subtype: ""memory"",tgid: ""172956"",source: ""syscall"",type: ""Artifact"",version: ""16"",hash: ""27c388da36b793c7bf56ed6be1a7474e""})"
"(:VERTEX {memory address: ""7f63bb062000"",size: ""e000"",subtype: ""memory"",tgid: ""172956"",source: ""syscall"",type: ""Artifact"",version: ""0"",hash: ""24d7d8ab0e7f12e70e903b0ff3d49d70""})"
"(:VERTEX {memory address: ""7f63bb059000"",size: ""9000"",subtype: ""memory"",tgid: ""172956"",source: ""syscall"",type: ""Artifact"",version: ""63"",hash: ""1c419bc95d601145986318aa5c9c9c2d""})"
"(:VERTEX {memory address: ""7f63bb039000"",size: ""20000"",subtype: ""memory"",tgid: ""172956"",source: ""syscall"",type: ""Artifact"",version: ""0"",hash: ""1443382e757e87a65296bfdaab03e5d0""})"
"(:VERTEX {memory address: ""7f63bb030000"",size: ""9000"",subtype: ""memory"",tgid: ""172956"",source: ""syscall"",type: ""Artifact"",version: ""1"",hash: ""ec7e7b763717800b91b98f64ed784c96""})"
"(:VERTEX {memory address: ""7f63bb01f000"",size: ""11000"",subtype: ""memory"",tgid: ""172956"",source: ""syscall"",type: ""Artifact"",version: ""0"",hash: ""ec62ab24b4e95261219768da1d7aacda""})"
"(:VERTEX {memory address: ""7f63bb01f000"",size: ""11000"",subtype: ""memory"",tgid: ""172956"",source: ""syscall"",type: ""Artifact"",version: ""1"",hash: ""f1c36927b179be79c15d3286517e9cbb""})"
"(:VERTEX {memory address: ""7f63bb027000"",size: ""9000"",subtype: ""memory"",tgid: ""172956"",source: ""syscall"",type: ""Artifact"",version: ""0"",hash: ""e779746fa1650c5a78bcf47d1c3ca840""})"
"(:VERTEX {memory address: ""7f63bb01e000"",size: ""9000"",subtype: ""memory"",tgid: ""172956"",source: ""syscall"",type: ""Artifact"",version: ""1"",hash: ""1d54fed264310a5124188e6319273878""})"
"(:VERTEX {memory address: ""7f63bb158000"",size: ""5000"",subtype: ""memory"",tgid: ""172956"",source: ""syscall"",type: ""Artifact"",version: ""0"",hash: ""8b026b92c1650baaacfb3d7f41fdfc83""})"
"(:VERTEX {memory address: ""7f63bb015000"",size: ""9000"",subtype: ""memory"",tgid: ""172956"",source: ""syscall"",type: ""Artifact"",version: ""5"",hash: ""201f7a7ab48f3d613464a15a2a831094""})"
"(:VERTEX {memory address: ""7f63bb007000"",size: ""e000"",subtype: ""memory"",tgid: ""172956"",source: ""syscall"",type: ""Artifact"",version: ""0"",hash: ""89af83608145785e4b1d61e2c38ef153""})"
"(:VERTEX {memory address: ""7f63baffe000"",size: ""9000"",subtype: ""memory"",tgid: ""172956"",source: ""syscall"",type: ""Artifact"",version: ""12"",hash: ""009fd4d05e6e7fc8117b4d64bd5e1808""})"
"(:VERTEX {memory address: ""7f63baff5000"",size: ""9000"",subtype: ""memory"",tgid: ""172956"",source: ""syscall"",type: ""Artifact"",version: ""6"",hash: ""54d3a5e388bfd1cf53eb98a4af35326e""})"
"(:VERTEX {memory address: ""7f63bafec000"",size: ""9000"",subtype: ""memory"",tgid: ""172956"",source: ""syscall"",type: ""Artifact"",version: ""8"",hash: ""cb0d84f1c81f4af6d6a3acdf45bc61e6""})"
"(:VERTEX {memory address: ""7f63bb0d0000"",size: ""5000"",subtype: ""memory"",tgid: ""172956"",source: ""syscall"",type: ""Artifact"",version: ""0"",hash: ""b52b47bada25d6079b9c19ce1798d7d8""})"
"(:VERTEX {memory address: ""7f63bafde000"",size: ""e000"",subtype: ""memory"",tgid: ""172956"",source: ""syscall"",type: ""Artifact"",version: ""0"",hash: ""688c0336cc1c03de3e36ac2077cfa2ba""})"
"(:VERTEX {memory address: ""7f63bafbe000"",size: ""20000"",subtype: ""memory"",tgid: ""172956"",source: ""syscall"",type: ""Artifact"",version: ""0"",hash: ""1c3ad024261ad457c48f2b4d0faf06ba""})"
"(:VERTEX {memory address: ""7f63bb0d0000"",size: ""5000"",subtype: ""memory"",tgid: ""172956"",source: ""syscall"",type: ""Artifact"",version: ""1"",hash: ""adaf69ef3418723b5867e23e222265dc""})"
"(:VERTEX {memory address: ""7f63bafbe000"",size: ""20000"",subtype: ""memory"",tgid: ""172956"",source: ""syscall"",type: ""Artifact"",version: ""1"",hash: ""f521e4948ab1219be15e5f815b281ff1""})"
"(:VERTEX {memory address: ""7f63bb0d0000"",size: ""5000"",subtype: ""memory"",tgid: ""172956"",source: ""syscall"",type: ""Artifact"",version: ""2"",hash: ""0c15f90908fa791b4d0ad12862a1caf6""})"
"(:VERTEX {memory address: ""7f63bafbe000"",size: ""20000"",subtype: ""memory"",tgid: ""172956"",source: ""syscall"",type: ""Artifact"",version: ""2"",hash: ""9c155cd7432afb52b217e0cbead9b107""})"
"(:VERTEX {memory address: ""7f63bafb5000"",size: ""9000"",subtype: ""memory"",tgid: ""172956"",source: ""syscall"",type: ""Artifact"",version: ""1"",hash: ""de4433e1fdcc538342d445a55a1a0f63""})"
"(:VERTEX {memory address: ""7f63bafac000"",size: ""9000"",subtype: ""memory"",tgid: ""172956"",source: ""syscall"",type: ""Artifact"",version: ""1"",hash: ""53c9465972ad4a3f10790b4207f3b57c""})"
"(:VERTEX {memory address: ""7f63bb0d0000"",size: ""5000"",subtype: ""memory"",tgid: ""172956"",source: ""syscall"",type: ""Artifact"",version: ""3"",hash: ""6136eb4960e65dff9161caa6056b9152""})"
"(:VERTEX {memory address: ""7f63bafbe000"",size: ""20000"",subtype: ""memory"",tgid: ""172956"",source: ""syscall"",type: ""Artifact"",version: ""3"",hash: ""222a31929be42d74f056d7cb47f57363""})"
"(:VERTEX {memory address: ""7f63bafa3000"",size: ""9000"",subtype: ""memory"",tgid: ""172956"",source: ""syscall"",type: ""Artifact"",version: ""1"",hash: ""ff1db4e6eaa31da73d4de49a7325fd71""})"
"(:VERTEX {memory address: ""7f63baf9a000"",size: ""9000"",subtype: ""memory"",tgid: ""172956"",source: ""syscall"",type: ""Artifact"",version: ""1"",hash: ""fa111021248e1bedfb611e47eebe0451""})"
"(:VERTEX {memory address: ""7f63baf91000"",size: ""9000"",subtype: ""memory"",tgid: ""172956"",source: ""syscall"",type: ""Artifact"",version: ""1"",hash: ""a817e1e7bd73d2361596d1cc647bbd6c""})"
"(:VERTEX {memory address: ""7f63baf88000"",size: ""9000"",subtype: ""memory"",tgid: ""172956"",source: ""syscall"",type: ""Artifact"",version: ""1"",hash: ""a844f0203045a417804381aff6ed5e96""})"
"(:VERTEX {memory address: ""7f63bafd5000"",size: ""9000"",subtype: ""memory"",tgid: ""172956"",source: ""syscall"",type: ""Artifact"",version: ""3"",hash: ""9daaf4ffb4d8b8057815f1d27ca262bf""})"
"(:VERTEX {memory address: ""7f63bafcc000"",size: ""9000"",subtype: ""memory"",tgid: ""172956"",source: ""syscall"",type: ""Artifact"",version: ""9"",hash: ""7d2152271299f63a9a3dffb673b2d51e""})"
"(:VERTEX {memory address: ""7f63bafc3000"",size: ""9000"",subtype: ""memory"",tgid: ""172956"",source: ""syscall"",type: ""Artifact"",version: ""6"",hash: ""dfdcf570dc11942ad0288f5a8d19bca1""})"
"(:VERTEX {memory address: ""7f63baf7f000"",size: ""9000"",subtype: ""memory"",tgid: ""172956"",source: ""syscall"",type: ""Artifact"",version: ""1"",hash: ""5a13ec3e748da2ccaaa27d0be4cd6394""})"
"(:VERTEX {memory address: ""7f63bb0d0000"",size: ""5000"",subtype: ""memory"",tgid: ""172956"",source: ""syscall"",type: ""Artifact"",version: ""4"",hash: ""eeb897ae7e65df1ea3971f29e6df3c68""})"
"(:VERTEX {memory address: ""7f63baf5f000"",size: ""20000"",subtype: ""memory"",tgid: ""172956"",source: ""syscall"",type: ""Artifact"",version: ""0"",hash: ""291c1157ba9dabc6ef1f992aa3c09c7f""})"
"(:VERTEX {memory address: ""7f63bb0d0000"",size: ""5000"",subtype: ""memory"",tgid: ""172956"",source: ""syscall"",type: ""Artifact"",version: ""5"",hash: ""b56f635ba678a41007639ebf17913ea6""})"
"(:VERTEX {memory address: ""7f63baf5f000"",size: ""20000"",subtype: ""memory"",tgid: ""172956"",source: ""syscall"",type: ""Artifact"",version: ""1"",hash: ""226deb8bb2c5ed9941b787a9ae0fb934""})"
"(:VERTEX {memory address: ""7f63bb0d0000"",size: ""5000"",subtype: ""memory"",tgid: ""172956"",source: ""syscall"",type: ""Artifact"",version: ""6"",hash: ""0758fb7e6b4af713a4a3af2fa17cd0ea""})"
"(:VERTEX {memory address: ""7f63baf5f000"",size: ""20000"",subtype: ""memory"",tgid: ""172956"",source: ""syscall"",type: ""Artifact"",version: ""2"",hash: ""a0055d21247a81bcb7a51ef331d98d97""})"
"(:VERTEX {memory address: ""7f63baf4e000"",size: ""11000"",subtype: ""memory"",tgid: ""172956"",source: ""syscall"",type: ""Artifact"",version: ""0"",hash: ""5b309be9b83aac6b50894559223b5841""})"
"(:VERTEX {memory address: ""7f63bb015000"",size: ""9000"",subtype: ""memory"",tgid: ""172956"",source: ""syscall"",type: ""Artifact"",version: ""6"",hash: ""8c24b31c526e3c32927385d0d3987c72""})"
"(:VERTEX {memory address: ""7f63baf76000"",size: ""9000"",subtype: ""memory"",tgid: ""172956"",source: ""syscall"",type: ""Artifact"",version: ""2"",hash: ""71a0b6779318eb72cbeeeefe0951c948""})"
"(:VERTEX {memory address: ""7f63baf6d000"",size: ""9000"",subtype: ""memory"",tgid: ""172956"",source: ""syscall"",type: ""Artifact"",version: ""2"",hash: ""50b6890c70dc0a17707f146e00192ab4""})"
"(:VERTEX {memory address: ""7f63baf64000"",size: ""9000"",subtype: ""memory"",tgid: ""172956"",source: ""syscall"",type: ""Artifact"",version: ""3"",hash: ""1c3406ae4ebcb221f5bb325f8f251820""})"
"(:VERTEX {memory address: ""7f63baf5b000"",size: ""9000"",subtype: ""memory"",tgid: ""172956"",source: ""syscall"",type: ""Artifact"",version: ""1"",hash: ""044bacab7375f05eecf0ed8ad97d9559""})"
"(:VERTEX {memory address: ""7f63baf52000"",size: ""9000"",subtype: ""memory"",tgid: ""172956"",source: ""syscall"",type: ""Artifact"",version: ""0"",hash: ""ea3aae01f155fca60901f69ba43cd131""})"
"(:VERTEX {memory address: ""7f63baf49000"",size: ""9000"",subtype: ""memory"",tgid: ""172956"",source: ""syscall"",type: ""Artifact"",version: ""0"",hash: ""8b4944e2024492b57c28789c83afe6dd""})"
"(:VERTEX {memory address: ""7f63baf40000"",size: ""9000"",subtype: ""memory"",tgid: ""172956"",source: ""syscall"",type: ""Artifact"",version: ""0"",hash: ""28fc756f8b6430fe9e64715b107cf1f4""})"
"(:VERTEX {memory address: ""7f63baf37000"",size: ""9000"",subtype: ""memory"",tgid: ""172956"",source: ""syscall"",type: ""Artifact"",version: ""0"",hash: ""fdcec0ff4c0112ba5e49c347742ec4b4""})"
"(:VERTEX {memory address: ""7f63baf52000"",size: ""9000"",subtype: ""memory"",tgid: ""172956"",source: ""syscall"",type: ""Artifact"",version: ""1"",hash: ""d51a44875a03c1762031ca407916157e""})"
"(:VERTEX {memory address: ""7f63baf49000"",size: ""9000"",subtype: ""memory"",tgid: ""172956"",source: ""syscall"",type: ""Artifact"",version: ""1"",hash: ""5d01a7a789529a28cf0e927c64da2762""})"
"(:VERTEX {memory address: ""7f63baf40000"",size: ""9000"",subtype: ""memory"",tgid: ""172956"",source: ""syscall"",type: ""Artifact"",version: ""1"",hash: ""77a4d8c87d72bd0b52d7c41ab8bd904c""})"
"(:VERTEX {memory address: ""7f63baf40000"",size: ""9000"",subtype: ""memory"",tgid: ""172956"",source: ""syscall"",type: ""Artifact"",version: ""2"",hash: ""f42b314b0f4043009f0b694543bb91aa""})"
"(:VERTEX {memory address: ""7f63baf2e000"",size: ""9000"",subtype: ""memory"",tgid: ""172956"",source: ""syscall"",type: ""Artifact"",version: ""0"",hash: ""aadc56a94f808653185c89b300180ac0""})"
"(:VERTEX {memory address: ""7f63baf25000"",size: ""9000"",subtype: ""memory"",tgid: ""172956"",source: ""syscall"",type: ""Artifact"",version: ""0"",hash: ""4dc55366cf3913e02a012b2cd67cf935""})"
"(:VERTEX {memory address: ""7f63bafe3000"",size: ""9000"",subtype: ""memory"",tgid: ""172956"",source: ""syscall"",type: ""Artifact"",version: ""10"",hash: ""1fc49fb0885dd635fce045ea4b9b163d""})"
"(:VERTEX {memory address: ""7f63baf9a000"",size: ""9000"",subtype: ""memory"",tgid: ""172956"",source: ""syscall"",type: ""Artifact"",version: ""2"",hash: ""130264e11499d99a17aa9870d490d1d1""})"
"(:VERTEX {memory address: ""7f63baf52000"",size: ""9000"",subtype: ""memory"",tgid: ""172956"",source: ""syscall"",type: ""Artifact"",version: ""2"",hash: ""573d6cbd09b4adfc507c012ee39243b2""})"
"(:VERTEX {memory address: ""7f63baf25000"",size: ""9000"",subtype: ""memory"",tgid: ""172956"",source: ""syscall"",type: ""Artifact"",version: ""1"",hash: ""8d87e6ef01411f84bbfea5711a17c009""})"
"(:VERTEX {memory address: ""7f63baf05000"",size: ""20000"",subtype: ""memory"",tgid: ""172956"",source: ""syscall"",type: ""Artifact"",version: ""0"",hash: ""227b9e3f1a93daa2b41b642b988267c4""})"
"(:VERTEX {memory address: ""7f63baf05000"",size: ""20000"",subtype: ""memory"",tgid: ""172956"",source: ""syscall"",type: ""Artifact"",version: ""1"",hash: ""cc27d284f02f7eac34ed2552c5978c53""})"
"(:VERTEX {memory address: ""7f63baefc000"",size: ""9000"",subtype: ""memory"",tgid: ""172956"",source: ""syscall"",type: ""Artifact"",version: ""0"",hash: ""b56b5b1e8412657512b864bb7ec2e54e""})"
"(:VERTEX {memory address: ""7f63baef3000"",size: ""9000"",subtype: ""memory"",tgid: ""172956"",source: ""syscall"",type: ""Artifact"",version: ""0"",hash: ""f35e942c25270e295c2450d5dc57d805""})"
"(:VERTEX {memory address: ""7f63baeea000"",size: ""9000"",subtype: ""memory"",tgid: ""172956"",source: ""syscall"",type: ""Artifact"",version: ""0"",hash: ""9b5358fa0af0ca02bbf3b5e5932b30a1""})"
"(:VERTEX {memory address: ""7f63baf05000"",size: ""20000"",subtype: ""memory"",tgid: ""172956"",source: ""syscall"",type: ""Artifact"",version: ""2"",hash: ""febe2737e7e6c98703319333acf1486f""})"
"(:VERTEX {memory address: ""7f63baf05000"",size: ""20000"",subtype: ""memory"",tgid: ""172956"",source: ""syscall"",type: ""Artifact"",version: ""3"",hash: ""2a5fe724b9ab1b0e6b98f838fb2304dc""})"
"(:VERTEX {memory address: ""7f63baf05000"",size: ""20000"",subtype: ""memory"",tgid: ""172956"",source: ""syscall"",type: ""Artifact"",version: ""4"",hash: ""44f6a4f182f5141221dc815813213faa""})"
"(:VERTEX {memory address: ""7f63baefc000"",size: ""9000"",subtype: ""memory"",tgid: ""172956"",source: ""syscall"",type: ""Artifact"",version: ""1"",hash: ""ad63afcc7f3393a5d1f146174f7e2d13""})"
"(:VERTEX {memory address: ""7f63baeea000"",size: ""9000"",subtype: ""memory"",tgid: ""172956"",source: ""syscall"",type: ""Artifact"",version: ""1"",hash: ""f8f075802a4802f9d9b9edb0d5345863""})"
"(:VERTEX {memory address: ""7f63baee1000"",size: ""9000"",subtype: ""memory"",tgid: ""172956"",source: ""syscall"",type: ""Artifact"",version: ""0"",hash: ""7f4f64bf3a0bf93195c82d73ced7104b""})"
"(:VERTEX {memory address: ""7f63baf05000"",size: ""20000"",subtype: ""memory"",tgid: ""172956"",source: ""syscall"",type: ""Artifact"",version: ""5"",hash: ""b851cedd8ceb57b693a2ec0af2bccd7a""})"
"(:VERTEX {memory address: ""7f63baefc000"",size: ""9000"",subtype: ""memory"",tgid: ""172956"",source: ""syscall"",type: ""Artifact"",version: ""2"",hash: ""0991070a2d56c24d48dafed9bd1b50e6""})"
"(:VERTEX {memory address: ""7f63baeea000"",size: ""9000"",subtype: ""memory"",tgid: ""172956"",source: ""syscall"",type: ""Artifact"",version: ""2"",hash: ""e9699dd1375ae894583ae3ece8639bb4""})"
"(:VERTEX {memory address: ""7f63baed4000"",size: ""d000"",subtype: ""memory"",tgid: ""172956"",source: ""syscall"",type: ""Artifact"",version: ""0"",hash: ""be3189434f051c0a90c1674ec04f7503""})"
"(:VERTEX {memory address: ""7f63baefc000"",size: ""9000"",subtype: ""memory"",tgid: ""172956"",source: ""syscall"",type: ""Artifact"",version: ""3"",hash: ""22faf65690bf9aec7a35b0affafe92e9""})"
"(:VERTEX {memory address: ""7f63baeea000"",size: ""9000"",subtype: ""memory"",tgid: ""172956"",source: ""syscall"",type: ""Artifact"",version: ""3"",hash: ""23c6435a49e20d3cf85458bb57619ab9""})"
"(:VERTEX {memory address: ""7f63baecb000"",size: ""9000"",subtype: ""memory"",tgid: ""172956"",source: ""syscall"",type: ""Artifact"",version: ""0"",hash: ""201afbb6aaa79f39408d92a74fcebf8c""})"
"(:VERTEX {memory address: ""7f63baec2000"",size: ""9000"",subtype: ""memory"",tgid: ""172956"",source: ""syscall"",type: ""Artifact"",version: ""0"",hash: ""07feb83d938bbae5e90f9e4785761dc2""})"
"(:VERTEX {memory address: ""7f63baeb1000"",size: ""11000"",subtype: ""memory"",tgid: ""172956"",source: ""syscall"",type: ""Artifact"",version: ""0"",hash: ""f3a10c92e555989f55406b6b2425574c""})"
"(:VERTEX {memory address: ""7f63baea8000"",size: ""9000"",subtype: ""memory"",tgid: ""172956"",source: ""syscall"",type: ""Artifact"",version: ""0"",hash: ""d727aa637302e154179b45496ec23299""})"
"(:VERTEX {memory address: ""7f63baefc000"",size: ""9000"",subtype: ""memory"",tgid: ""172956"",source: ""syscall"",type: ""Artifact"",version: ""4"",hash: ""667b8c89ba33fe53c730fbedc35f3650""})"
"(:VERTEX {memory address: ""7f63bb082000"",size: ""9000"",subtype: ""memory"",tgid: ""172956"",source: ""syscall"",type: ""Artifact"",version: ""6"",hash: ""6a1dfc162fd899d3fcce634c5e0701fb""})"
"(:VERTEX {memory address: ""7f63bb0d0000"",size: ""5000"",subtype: ""memory"",tgid: ""172956"",source: ""syscall"",type: ""Artifact"",version: ""7"",hash: ""74b14b5003a3dcca8de34a76ec6c9789""})"
"(:VERTEX {memory address: ""7f63bafd5000"",size: ""e000"",subtype: ""memory"",tgid: ""172956"",source: ""syscall"",type: ""Artifact"",version: ""0"",hash: ""8a95b45873a8dde6606519c88d8fab60""})"
"(:VERTEX {memory address: ""7f63bb082000"",size: ""9000"",subtype: ""memory"",tgid: ""172956"",source: ""syscall"",type: ""Artifact"",version: ""7"",hash: ""0c434997bd0001edafc93512b12cd1fd""})"
"(:VERTEX {memory address: ""7f63bb0ce000"",size: ""7000"",subtype: ""memory"",tgid: ""172956"",source: ""syscall"",type: ""Artifact"",version: ""0"",hash: ""a1f0f337f98fc381f770383fe03898b9""})"
"(:VERTEX {memory address: ""7f63bafda000"",size: ""9000"",subtype: ""memory"",tgid: ""172956"",source: ""syscall"",type: ""Artifact"",version: ""6"",hash: ""6bb144a6e5ae842e12e313a9c23985b6""})"
"(:VERTEX {memory address: ""7f63bafda000"",size: ""9000"",subtype: ""memory"",tgid: ""172956"",source: ""syscall"",type: ""Artifact"",version: ""7"",hash: ""eefe1afcf98ee2292536486a28878d7a""})"
"(:VERTEX {memory address: ""7f63baf6d000"",size: ""9000"",subtype: ""memory"",tgid: ""172956"",source: ""syscall"",type: ""Artifact"",version: ""3"",hash: ""cf2fc3e65eb6f3b4e4ac77543f3a76f2""})"
"(:VERTEX {memory address: ""7f63baefc000"",size: ""9000"",subtype: ""memory"",tgid: ""172956"",source: ""syscall"",type: ""Artifact"",version: ""5"",hash: ""960d4034b3ae1b629280ff0d5c543c6b""})"
"(:VERTEX {memory address: ""7f63bafda000"",size: ""9000"",subtype: ""memory"",tgid: ""172956"",source: ""syscall"",type: ""Artifact"",version: ""8"",hash: ""3be5c13a772ca0adb89d831f385930a3""})"
"(:VERTEX {memory address: ""7f63baf6d000"",size: ""9000"",subtype: ""memory"",tgid: ""172956"",source: ""syscall"",type: ""Artifact"",version: ""4"",hash: ""b32cdef97ca117d98dc402a636722def""})"
"(:VERTEX {memory address: ""7f63baeea000"",size: ""9000"",subtype: ""memory"",tgid: ""172956"",source: ""syscall"",type: ""Artifact"",version: ""4"",hash: ""2e97cf063e4d5ab5c9bca86697f89b1d""})"
"(:VERTEX {memory address: ""7f63bb0c7000"",size: ""7000"",subtype: ""memory"",tgid: ""172956"",source: ""syscall"",type: ""Artifact"",version: ""0"",hash: ""bc1b94d4d419b0923163d24da5cbbe27""})"
"(:VERTEX {memory address: ""7f63bb0be000"",size: ""9000"",subtype: ""memory"",tgid: ""172956"",source: ""syscall"",type: ""Artifact"",version: ""7"",hash: ""bc39738da6231077f7de5b8a0d419e30""})"
"(:VERTEX {memory address: ""7f63bb0b1000"",size: ""d000"",subtype: ""memory"",tgid: ""172956"",source: ""syscall"",type: ""Artifact"",version: ""0"",hash: ""5c8eedbe4e1e82be2e4dfeef2a994c17""})"
"(:VERTEX {memory address: ""7f63baf6d000"",size: ""9000"",subtype: ""memory"",tgid: ""172956"",source: ""syscall"",type: ""Artifact"",version: ""5"",hash: ""89ddbb32266a47f6144c21fc4ee30034""})"
"(:VERTEX {memory address: ""7f63baeea000"",size: ""9000"",subtype: ""memory"",tgid: ""172956"",source: ""syscall"",type: ""Artifact"",version: ""5"",hash: ""fed978733707a30a94606bc69ffc3817""})"
"(:VERTEX {memory address: ""7f63baed8000"",size: ""9000"",subtype: ""memory"",tgid: ""172956"",source: ""syscall"",type: ""Artifact"",version: ""0"",hash: ""44c7d4e0536ff27620d2ec61bc513123""})"
"(:VERTEX {memory address: ""7f63baecf000"",size: ""9000"",subtype: ""memory"",tgid: ""172956"",source: ""syscall"",type: ""Artifact"",version: ""0"",hash: ""7c87ee37e1e551f16fa65a2d4832b676""})"
"(:VERTEX {memory address: ""7f63bb0c5000"",size: ""9000"",subtype: ""memory"",tgid: ""172956"",source: ""syscall"",type: ""Artifact"",version: ""3"",hash: ""1e4cc73eb568929b8a709f04229a5361""})"
"(:VERTEX {memory address: ""7f63bb0be000"",size: ""7000"",subtype: ""memory"",tgid: ""172956"",source: ""syscall"",type: ""Artifact"",version: ""0"",hash: ""793f899a9e9599abdb212d78716d21c9""})"
"(:VERTEX {memory address: ""7f63baec6000"",size: ""9000"",subtype: ""memory"",tgid: ""172956"",source: ""syscall"",type: ""Artifact"",version: ""0"",hash: ""3e1032af12298aa63ab39c893e1ba74f""})"
"(:VERTEX {memory address: ""7f63baebd000"",size: ""9000"",subtype: ""memory"",tgid: ""172956"",source: ""syscall"",type: ""Artifact"",version: ""0"",hash: ""0a1d4bbe82fcf2d5ac381b090fabeb5f""})"
"(:VERTEX {memory address: ""7f63bb0c6000"",size: ""8000"",subtype: ""memory"",tgid: ""172956"",source: ""syscall"",type: ""Artifact"",version: ""0"",hash: ""b64847d18ad6c13cdd169e5f007d7b40""})"
"(:VERTEX {memory address: ""7f63baecf000"",size: ""9000"",subtype: ""memory"",tgid: ""172956"",source: ""syscall"",type: ""Artifact"",version: ""1"",hash: ""01575c2493748bdf303df06f5e9641f4""})"
"(:VERTEX {memory address: ""7f63bb0fc000"",size: ""9000"",subtype: ""memory"",tgid: ""172956"",source: ""syscall"",type: ""Artifact"",version: ""7"",hash: ""c3d3049b34afb21348bc060e5ddd3d19""})"
"(:VERTEX {memory address: ""7f63bb0bd000"",size: ""9000"",subtype: ""memory"",tgid: ""172956"",source: ""syscall"",type: ""Artifact"",version: ""4"",hash: ""8f3eb9aa3d1a9ba5851aa58bdd36d1e1""})"
"(:VERTEX {memory address: ""7f63bb0b4000"",size: ""9000"",subtype: ""memory"",tgid: ""172956"",source: ""syscall"",type: ""Artifact"",version: ""4"",hash: ""64075ccfcee254beb77290799ac0e647""})"
"(:VERTEX {memory address: ""7f63bafba000"",size: ""9000"",subtype: ""memory"",tgid: ""172956"",source: ""syscall"",type: ""Artifact"",version: ""5"",hash: ""6fe8232d8b9e158d8c00fdae4cc06526""})"
"(:VERTEX {memory address: ""7f63baf6d000"",size: ""9000"",subtype: ""memory"",tgid: ""172956"",source: ""syscall"",type: ""Artifact"",version: ""6"",hash: ""eea3bd040df8eea3fa11a242756e5a0a""})"
"(:VERTEX {memory address: ""7f63baf1c000"",size: ""9000"",subtype: ""memory"",tgid: ""172956"",source: ""syscall"",type: ""Artifact"",version: ""0"",hash: ""e8b6771c7c9caff06fe5f407dfa38a9b""})"
"(:VERTEX {memory address: ""7f63baf13000"",size: ""9000"",subtype: ""memory"",tgid: ""172956"",source: ""syscall"",type: ""Artifact"",version: ""0"",hash: ""ddbe09654e76dfa0da3a55f3948d312c""})"
"(:VERTEX {memory address: ""7f63baf0a000"",size: ""9000"",subtype: ""memory"",tgid: ""172956"",source: ""syscall"",type: ""Artifact"",version: ""0"",hash: ""571083b3d732b6fe8dc7df63c34245cf""})"
"(:VERTEX {memory address: ""7f63baed8000"",size: ""9000"",subtype: ""memory"",tgid: ""172956"",source: ""syscall"",type: ""Artifact"",version: ""1"",hash: ""23208b7d7b32551eb34a65cce24186c6""})"
"(:VERTEX {memory address: ""7f63baec6000"",size: ""9000"",subtype: ""memory"",tgid: ""172956"",source: ""syscall"",type: ""Artifact"",version: ""1"",hash: ""4a3941b1bf844609b42020a6248a8ac5""})"
"(:VERTEX {memory address: ""7f63baebd000"",size: ""9000"",subtype: ""memory"",tgid: ""172956"",source: ""syscall"",type: ""Artifact"",version: ""1"",hash: ""ce10045d07e8a18a1b21ddebe4f88c33""})"
"(:VERTEX {memory address: ""7f63baeb4000"",size: ""9000"",subtype: ""memory"",tgid: ""172956"",source: ""syscall"",type: ""Artifact"",version: ""0"",hash: ""907363d84d88f81ba7b0319af55cac0e""})"
"(:VERTEX {memory address: ""7f63baeab000"",size: ""9000"",subtype: ""memory"",tgid: ""172956"",source: ""syscall"",type: ""Artifact"",version: ""0"",hash: ""ad26b2b2429ee8a160b85a005f2a5271""})"
"(:VERTEX {memory address: ""7f63baea2000"",size: ""9000"",subtype: ""memory"",tgid: ""172956"",source: ""syscall"",type: ""Artifact"",version: ""0"",hash: ""a735260c090fb6a8eb967ff51ca3e00a""})"
"(:VERTEX {memory address: ""7f63bae99000"",size: ""9000"",subtype: ""memory"",tgid: ""172956"",source: ""syscall"",type: ""Artifact"",version: ""0"",hash: ""41770a72bfd022affd9aa757278feba0""})"
"(:VERTEX {memory address: ""7f63bb0cf000"",size: ""6000"",subtype: ""memory"",tgid: ""172956"",source: ""syscall"",type: ""Artifact"",version: ""0"",hash: ""1005366979d449ca241803cc8763abde""})"
"(:VERTEX {memory address: ""7f63baf1c000"",size: ""9000"",subtype: ""memory"",tgid: ""172956"",source: ""syscall"",type: ""Artifact"",version: ""1"",hash: ""79c76c0cc0d33949bd852f5110c4b4e1""})"
"(:VERTEX {memory address: ""7f63bae8f000"",size: ""a000"",subtype: ""memory"",tgid: ""172956"",source: ""syscall"",type: ""Artifact"",version: ""0"",hash: ""fcc3ba0cb4e277d97e9dd378729a0a3a""})"
"(:VERTEX {memory address: ""7f63baf1c000"",size: ""9000"",subtype: ""memory"",tgid: ""172956"",source: ""syscall"",type: ""Artifact"",version: ""2"",hash: ""3ffe20b8e1944a98cbd1b2c29e3ec317""})"
"(:VERTEX {memory address: ""7f63baebd000"",size: ""9000"",subtype: ""memory"",tgid: ""172956"",source: ""syscall"",type: ""Artifact"",version: ""2"",hash: ""0ac80d86dda641e16c4ef97b30bc2aed""})"
"(:VERTEX {memory address: ""7f63bb0cf000"",size: ""6000"",subtype: ""memory"",tgid: ""172956"",source: ""syscall"",type: ""Artifact"",version: ""1"",hash: ""b75a0f6cb19380b387ad9c0171ee1e5f""})"
"(:VERTEX {memory address: ""7f63baf1c000"",size: ""9000"",subtype: ""memory"",tgid: ""172956"",source: ""syscall"",type: ""Artifact"",version: ""3"",hash: ""6b40c0ca5b3d6778bfb1044a4ef3dde8""})"
"(:VERTEX {memory address: ""7f63baf1c000"",size: ""9000"",subtype: ""memory"",tgid: ""172956"",source: ""syscall"",type: ""Artifact"",version: ""4"",hash: ""b7040d7dc5607455dedfb2afe1ed390f""})"
"(:VERTEX {memory address: ""7f63bae79000"",size: ""20000"",subtype: ""memory"",tgid: ""172956"",source: ""syscall"",type: ""Artifact"",version: ""0"",hash: ""50415b480b7391eaa703bc0b3fa84854""})"
"(:VERTEX {memory address: ""7f63baf1c000"",size: ""9000"",subtype: ""memory"",tgid: ""172956"",source: ""syscall"",type: ""Artifact"",version: ""5"",hash: ""2f3e248ad0c38cd6b16702ed6f2d8388""})"
"(:VERTEX {memory address: ""7f63baebd000"",size: ""9000"",subtype: ""memory"",tgid: ""172956"",source: ""syscall"",type: ""Artifact"",version: ""3"",hash: ""3566ed25629521f6cece004142402768""})"
"(:VERTEX {memory address: ""7f63baeab000"",size: ""9000"",subtype: ""memory"",tgid: ""172956"",source: ""syscall"",type: ""Artifact"",version: ""1"",hash: ""dc5985f9f7ed8c5a2f7ef2e4cdb75c00""})"
"(:VERTEX {memory address: ""7f63badf9000"",size: ""80000"",subtype: ""memory"",tgid: ""172956"",source: ""syscall"",type: ""Artifact"",version: ""0"",hash: ""7974e60c77e3e7c24c8475392ad3ebc4""})"
"(:VERTEX {memory address: ""7f63badec000"",size: ""d000"",subtype: ""memory"",tgid: ""172956"",source: ""syscall"",type: ""Artifact"",version: ""0"",hash: ""7f446be2349acd9b9f307c9f4e4cbeba""})"
"(:VERTEX {memory address: ""7f63badd3000"",size: ""19000"",subtype: ""memory"",tgid: ""172956"",source: ""syscall"",type: ""Artifact"",version: ""0"",hash: ""21e6349074e4b097c4f204026ec2e9c3""})"
"(:VERTEX {memory address: ""7f63bade8000"",size: ""11000"",subtype: ""memory"",tgid: ""172956"",source: ""syscall"",type: ""Artifact"",version: ""0"",hash: ""c22126a3b85985acd7649e560ff64567""})"
"(:VERTEX {memory address: ""7f63bd1ba000"",size: ""3000"",subtype: ""memory"",tgid: ""172956"",source: ""syscall"",type: ""Artifact"",version: ""1"",hash: ""c105302908101dc76287da8a946a1be5""})"
"(:VERTEX {memory address: ""7f63badd9000"",size: ""20000"",subtype: ""memory"",tgid: ""172956"",source: ""syscall"",type: ""Artifact"",version: ""0"",hash: ""da3265d67bc838ac33df86174f30dcfe""})"
"(:VERTEX {memory address: ""7f63badd9000"",size: ""20000"",subtype: ""memory"",tgid: ""172956"",source: ""syscall"",type: ""Artifact"",version: ""1"",hash: ""5eb7362ad5d1ec093f0981e1827032a5""})"
"(:VERTEX {memory address: ""7f63bb0c3000"",size: ""12000"",subtype: ""memory"",tgid: ""172956"",source: ""syscall"",type: ""Artifact"",version: ""0"",hash: ""49a38f8d32677cba8300c8c9fd27a438""})"
"(:VERTEX {memory address: ""7f63bb101000"",size: ""4000"",subtype: ""memory"",tgid: ""172956"",source: ""syscall"",type: ""Artifact"",version: ""0"",hash: ""0b3cec68ab6c450ebe8bc13fa3f9f3d0""})"
"(:VERTEX {memory address: ""7f63badd9000"",size: ""20000"",subtype: ""memory"",tgid: ""172956"",source: ""syscall"",type: ""Artifact"",version: ""2"",hash: ""b82d19cef18afc38a8799740b4ba6b25""})"
"(:VERTEX {memory address: ""7f63badd9000"",size: ""20000"",subtype: ""memory"",tgid: ""172956"",source: ""syscall"",type: ""Artifact"",version: ""3"",hash: ""3a0ee1bcc6008ed4793ee3a8527cdca4""})"
"(:VERTEX {memory address: ""7f63badd9000"",size: ""20000"",subtype: ""memory"",tgid: ""172956"",source: ""syscall"",type: ""Artifact"",version: ""4"",hash: ""9381e2ed2a988336920ee8975289fe7d""})"
"(:VERTEX {memory address: ""7f63badd9000"",size: ""20000"",subtype: ""memory"",tgid: ""172956"",source: ""syscall"",type: ""Artifact"",version: ""5"",hash: ""d21463ef57c9bf2844e42405499211b9""})"
"(:VERTEX {memory address: ""7f63badd9000"",size: ""20000"",subtype: ""memory"",tgid: ""172956"",source: ""syscall"",type: ""Artifact"",version: ""6"",hash: ""94e823e39e7ba7ed8cea3af5cc4d7f3f""})"
"(:VERTEX {memory address: ""7f63bb0c7000"",size: ""e000"",subtype: ""memory"",tgid: ""172956"",source: ""syscall"",type: ""Artifact"",version: ""0"",hash: ""b706446daab9d5d8f186650993a588bb""})"
"(:VERTEX {memory address: ""7f63bb0c7000"",size: ""e000"",subtype: ""memory"",tgid: ""172956"",source: ""syscall"",type: ""Artifact"",version: ""1"",hash: ""d8d69fa1434943032ef569f7e25bf955""})"
"(:VERTEX {memory address: ""7f63bb0c7000"",size: ""e000"",subtype: ""memory"",tgid: ""172956"",source: ""syscall"",type: ""Artifact"",version: ""2"",hash: ""111aad15d471db6ea6f94b60434796bb""})"
"(:VERTEX {memory address: ""7f63bb0c7000"",size: ""e000"",subtype: ""memory"",tgid: ""172956"",source: ""syscall"",type: ""Artifact"",version: ""3"",hash: ""235b2341bdf264103db2af8c19b9cfed""})"
"(:VERTEX {memory address: ""7f63bb101000"",size: ""4000"",subtype: ""memory"",tgid: ""172956"",source: ""syscall"",type: ""Artifact"",version: ""1"",hash: ""76f680c1d00b1b45325597adea462500""})"
"(:VERTEX {memory address: ""7f63bd2e2000"",size: ""2000"",subtype: ""memory"",tgid: ""172956"",source: ""syscall"",type: ""Artifact"",version: ""3"",hash: ""5940aa4c974a054b02e64e8ea91ea619""})"
"(:VERTEX {memory address: ""7f63bb0ce000"",size: ""7000"",subtype: ""memory"",tgid: ""172956"",source: ""syscall"",type: ""Artifact"",version: ""1"",hash: ""7c32aaa86f3a76d4ecbe4e30bb087a95""})"
"(:VERTEX {memory address: ""7f63bb0bd000"",size: ""11000"",subtype: ""memory"",tgid: ""172956"",source: ""syscall"",type: ""Artifact"",version: ""0"",hash: ""20dc5fa160944fba05684622997e7a69""})"
"(:VERTEX {memory address: ""7f63bb0cd000"",size: ""8000"",subtype: ""memory"",tgid: ""172956"",source: ""syscall"",type: ""Artifact"",version: ""0"",hash: ""7328dd585cc7d9e805ac4b40e81f0a7f""})"
"(:VERTEX {memory address: ""7f63bb0fd000"",size: ""4000"",subtype: ""memory"",tgid: ""172956"",source: ""syscall"",type: ""Artifact"",version: ""0"",hash: ""916b5439036aa2edb39119846fd73a09""})"
"(:VERTEX {memory address: ""7f63bb0c2000"",size: ""13000"",subtype: ""memory"",tgid: ""172956"",source: ""syscall"",type: ""Artifact"",version: ""0"",hash: ""b308e285345b92af1a9784544bbdbea9""})"
"(:VERTEX {memory address: ""7f63bb0fd000"",size: ""4000"",subtype: ""memory"",tgid: ""172956"",source: ""syscall"",type: ""Artifact"",version: ""1"",hash: ""e79faf60a623bfc4441d8cd70b5bf48e""})"
"(:VERTEX {memory address: ""7f63bb0ce000"",size: ""7000"",subtype: ""memory"",tgid: ""172956"",source: ""syscall"",type: ""Artifact"",version: ""2"",hash: ""2799e6b4cdd4b758f0c18b67596dfe71""})"
"(:VERTEX {memory address: ""7f63bd2ea000"",size: ""9000"",subtype: ""memory"",tgid: ""172956"",source: ""syscall"",type: ""Artifact"",version: ""70"",hash: ""adc5d8edcff346321005369463b10c41""})"
"(:VERTEX {memory address: ""7f63bb0fc000"",size: ""9000"",subtype: ""memory"",tgid: ""172956"",source: ""syscall"",type: ""Artifact"",version: ""8"",hash: ""4c59d9620a72d71376408e04abb3ef7d""})"
"(:VERTEX {memory address: ""7f63bb0e3000"",size: ""9000"",subtype: ""memory"",tgid: ""172956"",source: ""syscall"",type: ""Artifact"",version: ""4"",hash: ""bb0801e47c3e7a75a5a7f96fb7a74178""})"
"(:VERTEX {memory address: ""7f63bd2ea000"",size: ""9000"",subtype: ""memory"",tgid: ""172956"",source: ""syscall"",type: ""Artifact"",version: ""71"",hash: ""4be31d3771cdfdd195213d65201e9e85""})"
"(:VERTEX {memory address: ""7f63bd2ea000"",size: ""9000"",subtype: ""memory"",tgid: ""172956"",source: ""syscall"",type: ""Artifact"",version: ""72"",hash: ""4748244ac884f146ce059f4a356ab60e""})"
"(:VERTEX {memory address: ""7f63bb0fc000"",size: ""9000"",subtype: ""memory"",tgid: ""172956"",source: ""syscall"",type: ""Artifact"",version: ""9"",hash: ""590ed1a017cb41b38337275d87be216a""})"
"(:VERTEX {memory address: ""7f63bb0fc000"",size: ""9000"",subtype: ""memory"",tgid: ""172956"",source: ""syscall"",type: ""Artifact"",version: ""10"",hash: ""189904e761c8a776059f4c797abaf82d""})"
"(:VERTEX {memory address: ""7f63bb0fe000"",size: ""7000"",subtype: ""memory"",tgid: ""172956"",source: ""syscall"",type: ""Artifact"",version: ""0"",hash: ""e6828632479a4e01c98e94b9a7b53f1a""})"
"(:VERTEX {memory address: ""7f63bb0cc000"",size: ""9000"",subtype: ""memory"",tgid: ""172956"",source: ""syscall"",type: ""Artifact"",version: ""18"",hash: ""89a77013001d71fefce5b76e26aac142""})"
"(:VERTEX {memory address: ""7f63bb0c3000"",size: ""9000"",subtype: ""memory"",tgid: ""172956"",source: ""syscall"",type: ""Artifact"",version: ""8"",hash: ""2f9f964ca9e3058f4986e68d7c3eecdd""})"
"(:VERTEX {memory address: ""7f63bb0ba000"",size: ""9000"",subtype: ""memory"",tgid: ""172956"",source: ""syscall"",type: ""Artifact"",version: ""8"",hash: ""8262b974809128e763d5d9fc449cc927""})"
"(:VERTEX {memory address: ""7f63bb0fc000"",size: ""9000"",subtype: ""memory"",tgid: ""172956"",source: ""syscall"",type: ""Artifact"",version: ""11"",hash: ""3fa37cc9d8c4a3d74ff4a98644b88db4""})"
"(:VERTEX {memory address: ""7f63bb0c4000"",size: ""11000"",subtype: ""memory"",tgid: ""172956"",source: ""syscall"",type: ""Artifact"",version: ""3"",hash: ""6f7ad6e1d050c75c1a9606e889291e98""})"
"(:VERTEX {memory address: ""7f63bd1bd000"",size: ""9000"",subtype: ""memory"",tgid: ""172956"",source: ""syscall"",type: ""Artifact"",version: ""330"",hash: ""4d08e6c8a964978237bb158dc7126633""})"
"(:VERTEX {memory address: ""7f63bd1bd000"",size: ""9000"",subtype: ""memory"",tgid: ""172956"",source: ""syscall"",type: ""Artifact"",version: ""331"",hash: ""6f80cc9979a5dc226485ec9ec9fdcc74""})"
"(:VERTEX {memory address: ""7f63bb15d000"",size: ""9000"",subtype: ""memory"",tgid: ""172956"",source: ""syscall"",type: ""Artifact"",version: ""196"",hash: ""a453dcc2ed145c2aeafc7f58c9055ee0""})"
"(:VERTEX {memory address: ""7f63bb0e3000"",size: ""9000"",subtype: ""memory"",tgid: ""172956"",source: ""syscall"",type: ""Artifact"",version: ""5"",hash: ""2e4a3d42ef481ea8ad7a48073f56f8c7""})"
"(:VERTEX {memory address: ""7f63bd1bd000"",size: ""9000"",subtype: ""memory"",tgid: ""172956"",source: ""syscall"",type: ""Artifact"",version: ""332"",hash: ""0ebe9313743dbe2f3a04eb62f0cc23fb""})"
"(:VERTEX {memory address: ""7f63bb0cc000"",size: ""9000"",subtype: ""memory"",tgid: ""172956"",source: ""syscall"",type: ""Artifact"",version: ""19"",hash: ""d584b89cd4836aa18b10b25a136bd7f1""})"
"(:VERTEX {memory address: ""7f63bb0c3000"",size: ""9000"",subtype: ""memory"",tgid: ""172956"",source: ""syscall"",type: ""Artifact"",version: ""9"",hash: ""d79f62e0388e8abcc37825e7a81cf356""})"
"(:VERTEX {memory address: ""7f63bb0c3000"",size: ""9000"",subtype: ""memory"",tgid: ""172956"",source: ""syscall"",type: ""Artifact"",version: ""10"",hash: ""d1b42f920aed72f10db6e5670cb7153f""})"
"(:VERTEX {memory address: ""7f63bb0ba000"",size: ""9000"",subtype: ""memory"",tgid: ""172956"",source: ""syscall"",type: ""Artifact"",version: ""9"",hash: ""90d5152c7b896a59aadd07109b3eafbd""})"
"(:VERTEX {memory address: ""7f63bb0b1000"",size: ""9000"",subtype: ""memory"",tgid: ""172956"",source: ""syscall"",type: ""Artifact"",version: ""7"",hash: ""7eddb9af06f61b85ca8d296541d841c8""})"
"(:VERTEX {memory address: ""7f63bb08b000"",size: ""9000"",subtype: ""memory"",tgid: ""172956"",source: ""syscall"",type: ""Artifact"",version: ""17"",hash: ""aafc97cacfa3ee51a193b9b32aef445f""})"
"(:VERTEX {memory address: ""7f63bb082000"",size: ""9000"",subtype: ""memory"",tgid: ""172956"",source: ""syscall"",type: ""Artifact"",version: ""8"",hash: ""48f8a3b8de4696c91d5fe47612fb9cf0""})"
"(:VERTEX {memory address: ""7f63bb0b1000"",size: ""9000"",subtype: ""memory"",tgid: ""172956"",source: ""syscall"",type: ""Artifact"",version: ""8"",hash: ""ed5cda413940b9f64c811e6f9f964b24""})"
"(:VERTEX {memory address: ""7f63bd2ef000"",size: ""4000"",subtype: ""memory"",tgid: ""172956"",source: ""syscall"",type: ""Artifact"",version: ""68"",hash: ""3597b4649904b33f50ff58a7bb33fe40""})"
"(:VERTEX {memory address: ""7f63bd2e6000"",size: ""9000"",subtype: ""memory"",tgid: ""172956"",source: ""syscall"",type: ""Artifact"",version: ""0"",hash: ""ae70394475e63f55ebcf430c711deb6b""})"
"(:VERTEX {memory address: ""7f63bd1bd000"",size: ""9000"",subtype: ""memory"",tgid: ""172956"",source: ""syscall"",type: ""Artifact"",version: ""333"",hash: ""ae9c8576bde71fa1f1e85415801b04cb""})"
"(:VERTEX {memory address: ""7f63bb15d000"",size: ""9000"",subtype: ""memory"",tgid: ""172956"",source: ""syscall"",type: ""Artifact"",version: ""197"",hash: ""4e7563aeb9187db4352ad9577637f9e7""})"
"(:VERTEX {memory address: ""7f63bb0fc000"",size: ""9000"",subtype: ""memory"",tgid: ""172956"",source: ""syscall"",type: ""Artifact"",version: ""12"",hash: ""b5eb29720033539bf61e155e2dd0c6ed""})"
"(:VERTEX {memory address: ""7f63bb10c000"",size: ""9000"",subtype: ""memory"",tgid: ""172956"",source: ""syscall"",type: ""Artifact"",version: ""23"",hash: ""cb0a8a7ce4e16b551235be9e7ca6786e""})"
"(:VERTEX {memory address: ""7f63bb103000"",size: ""9000"",subtype: ""memory"",tgid: ""172956"",source: ""syscall"",type: ""Artifact"",version: ""64"",hash: ""e69a2858f5c5a8d69ca1d1889784831f""})"
"(:VERTEX {memory address: ""7f63bb0e3000"",size: ""9000"",subtype: ""memory"",tgid: ""172956"",source: ""syscall"",type: ""Artifact"",version: ""6"",hash: ""e3b483c46ecd1a9d0ad9b43b904fdcba""})"
"(:VERTEX {memory address: ""7f63bb0da000"",size: ""9000"",subtype: ""memory"",tgid: ""172956"",source: ""syscall"",type: ""Artifact"",version: ""2"",hash: ""dbc68b8a56112407d99b1c2b0e4b34cd""})"
"(:VERTEX {memory address: ""7f63bb0d2000"",size: ""8000"",subtype: ""memory"",tgid: ""172956"",source: ""syscall"",type: ""Artifact"",version: ""0"",hash: ""a74615186b7574183ad5be4d4a64faac""})"
"(:VERTEX {memory address: ""7f63bb0d1000"",size: ""9000"",subtype: ""memory"",tgid: ""172956"",source: ""syscall"",type: ""Artifact"",version: ""2"",hash: ""1d1b8695e4290ef1d1e2c61e87579eda""})"
"(:VERTEX {memory address: ""7f63bb0c8000"",size: ""9000"",subtype: ""memory"",tgid: ""172956"",source: ""syscall"",type: ""Artifact"",version: ""2"",hash: ""1852861b68314283719a5dcb468a1a4e""})"
"(:VERTEX {memory address: ""7f63bb0bf000"",size: ""9000"",subtype: ""memory"",tgid: ""172956"",source: ""syscall"",type: ""Artifact"",version: ""1"",hash: ""a1d59893cef4e8cb47478de642ed93a3""})"
"(:VERTEX {memory address: ""7f63bb0b6000"",size: ""9000"",subtype: ""memory"",tgid: ""172956"",source: ""syscall"",type: ""Artifact"",version: ""1"",hash: ""7165ffdd5a90163f2d084afb614cbea9""})"
"(:VERTEX {memory address: ""7f63bb0ad000"",size: ""9000"",subtype: ""memory"",tgid: ""172956"",source: ""syscall"",type: ""Artifact"",version: ""3"",hash: ""13abed5652329acc0a0e8edf163fdc18""})"
"(:VERTEX {memory address: ""7f63bb08b000"",size: ""9000"",subtype: ""memory"",tgid: ""172956"",source: ""syscall"",type: ""Artifact"",version: ""18"",hash: ""cedea2ed3d03aca182d67280ead30e36""})"
"(:VERTEX {memory address: ""7f63bb10c000"",size: ""9000"",subtype: ""memory"",tgid: ""172956"",source: ""syscall"",type: ""Artifact"",version: ""24"",hash: ""89be4204a538e41f2f716a85426324ec""})"
"(:VERTEX {memory address: ""7f63bb07d000"",size: ""e000"",subtype: ""memory"",tgid: ""172956"",source: ""syscall"",type: ""Artifact"",version: ""0"",hash: ""95dac8b78423f12a6f52eea5b8f77955""})"
"(:VERTEX {memory address: ""7f63bb10c000"",size: ""9000"",subtype: ""memory"",tgid: ""172956"",source: ""syscall"",type: ""Artifact"",version: ""25"",hash: ""41713477c7b3085dbe7a31310b194b44""})"
"(:VERTEX {memory address: ""7f63bb0e3000"",size: ""9000"",subtype: ""memory"",tgid: ""172956"",source: ""syscall"",type: ""Artifact"",version: ""7"",hash: ""33af0f91d54cb4ed3590c5a5ae5b7684""})"
"(:VERTEX {memory address: ""7f63bb074000"",size: ""9000"",subtype: ""memory"",tgid: ""172956"",source: ""syscall"",type: ""Artifact"",version: ""1"",hash: ""3192208ab76b443091897361e723748f""})"
"(:VERTEX {memory address: ""7f63bb06b000"",size: ""9000"",subtype: ""memory"",tgid: ""172956"",source: ""syscall"",type: ""Artifact"",version: ""77"",hash: ""40133c2b1bca049b2b7f0f5f10d68001""})"
"(:VERTEX {memory address: ""7f63bb062000"",size: ""9000"",subtype: ""memory"",tgid: ""172956"",source: ""syscall"",type: ""Artifact"",version: ""95"",hash: ""0d8121f6f3212de40f92108756e6c10b""})"
"(:VERTEX {memory address: ""7f63bb0e3000"",size: ""9000"",subtype: ""memory"",tgid: ""172956"",source: ""syscall"",type: ""Artifact"",version: ""8"",hash: ""4640783fd04467a6d4383af08a4882ec""})"
"(:VERTEX {memory address: ""7f63bb0e4000"",size: ""8000"",subtype: ""memory"",tgid: ""172956"",source: ""syscall"",type: ""Artifact"",version: ""0"",hash: ""814989137eb4730ed0d137f96646e0ad""})"
"(:VERTEX {memory address: ""7f63bb0fc000"",size: ""7000"",subtype: ""memory"",tgid: ""172956"",source: ""syscall"",type: ""Artifact"",version: ""1"",hash: ""7a18063d18b4d119de2f596632b0ff5d""})"
"(:VERTEX {memory address: ""7f63bb0e3000"",size: ""9000"",subtype: ""memory"",tgid: ""172956"",source: ""syscall"",type: ""Artifact"",version: ""9"",hash: ""f00dd08f0e5d79bd27799390f626c43c""})"
"(:VERTEX {memory address: ""7f63bd1ba000"",size: ""3000"",subtype: ""memory"",tgid: ""172956"",source: ""syscall"",type: ""Artifact"",version: ""2"",hash: ""d95848e2991b14e6b4a34104c11eccef""})"
"(:VERTEX {memory address: ""7f63bb0e3000"",size: ""9000"",subtype: ""memory"",tgid: ""172956"",source: ""syscall"",type: ""Artifact"",version: ""10"",hash: ""764aad07e9c9ae3b0fb1aaf74f4a9681""})"
"(:VERTEX {memory address: ""7f63bb082000"",size: ""9000"",subtype: ""memory"",tgid: ""172956"",source: ""syscall"",type: ""Artifact"",version: ""9"",hash: ""c945d5ed4e176c6ef32f24df5f0238a4""})"
"(:VERTEX {memory address: ""7f63bb079000"",size: ""9000"",subtype: ""memory"",tgid: ""172956"",source: ""syscall"",type: ""Artifact"",version: ""5"",hash: ""d2e34371c63ed28ca70b8e8e6088c72e""})"
"(:VERTEX {memory address: ""7f63bb070000"",size: ""9000"",subtype: ""memory"",tgid: ""172956"",source: ""syscall"",type: ""Artifact"",version: ""4"",hash: ""882172d2c8bba0d845c443b917628d76""})"
"(:VERTEX {memory address: ""7f63bb0ff000"",size: ""4000"",subtype: ""memory"",tgid: ""172956"",source: ""syscall"",type: ""Artifact"",version: ""0"",hash: ""f8713eb36ab1b52a2d600f91cdadcb0b""})"
"(:VERTEX {memory address: ""7f63bb0e5000"",size: ""7000"",subtype: ""memory"",tgid: ""172956"",source: ""syscall"",type: ""Artifact"",version: ""0"",hash: ""417bce40ddb60635e7d48717416cd220""})"
"(:VERTEX {memory address: ""7f63bb082000"",size: ""9000"",subtype: ""memory"",tgid: ""172956"",source: ""syscall"",type: ""Artifact"",version: ""10"",hash: ""1f45a3f881e8be37c28df46b5a502456""})"
"(:VERTEX {memory address: ""7f63bb079000"",size: ""9000"",subtype: ""memory"",tgid: ""172956"",source: ""syscall"",type: ""Artifact"",version: ""6"",hash: ""fe1e8c99ead3dd5631a4ccfae6b1483a""})"
"(:VERTEX {memory address: ""7f63bb05b000"",size: ""15000"",subtype: ""memory"",tgid: ""172956"",source: ""syscall"",type: ""Artifact"",version: ""0"",hash: ""2c434a0ba357d469a168abe18292fda5""})"
"(:VERTEX {memory address: ""7f63bb0e3000"",size: ""9000"",subtype: ""memory"",tgid: ""172956"",source: ""syscall"",type: ""Artifact"",version: ""11"",hash: ""5b0428f862ecf90dfa8ead433ad3dd22""})"
"(:VERTEX {memory address: ""7f63bb0ff000"",size: ""4000"",subtype: ""memory"",tgid: ""172956"",source: ""syscall"",type: ""Artifact"",version: ""1"",hash: ""49a830e6b16e32197f0436196f633055""})"
"(:VERTEX {memory address: ""7f63bb0e5000"",size: ""7000"",subtype: ""memory"",tgid: ""172956"",source: ""syscall"",type: ""Artifact"",version: ""1"",hash: ""10601b5fd95893113344c177e25742e4""})"
"(:VERTEX {memory address: ""7f63bb082000"",size: ""9000"",subtype: ""memory"",tgid: ""172956"",source: ""syscall"",type: ""Artifact"",version: ""11"",hash: ""51fb493cf13722ad01e7ee7250122b0d""})"
"(:VERTEX {memory address: ""7f63bb0e3000"",size: ""9000"",subtype: ""memory"",tgid: ""172956"",source: ""syscall"",type: ""Artifact"",version: ""12"",hash: ""ed4c7445d0248be9bc1a9aa410d98054""})"
"(:VERTEX {memory address: ""7f63bb079000"",size: ""9000"",subtype: ""memory"",tgid: ""172956"",source: ""syscall"",type: ""Artifact"",version: ""7"",hash: ""7c492b59224f1da793e68bdff9e94857""})"
"(:VERTEX {memory address: ""7f63bb067000"",size: ""9000"",subtype: ""memory"",tgid: ""172956"",source: ""syscall"",type: ""Artifact"",version: ""2"",hash: ""e64d4166e065ab9dd2060aa08723f8f8""})"
"(:VERTEX {memory address: ""7f63bb05e000"",size: ""9000"",subtype: ""memory"",tgid: ""172956"",source: ""syscall"",type: ""Artifact"",version: ""4"",hash: ""e6f7f46290564eb8e9ecba69bcc1d04b""})"
"(:VERTEX {memory address: ""7f63bb027000"",size: ""9000"",subtype: ""memory"",tgid: ""172956"",source: ""syscall"",type: ""Artifact"",version: ""1"",hash: ""13f24ea636c95c227169b7b8e0b5de83""})"
"(:VERTEX {memory address: ""7f63bb079000"",size: ""9000"",subtype: ""memory"",tgid: ""172956"",source: ""syscall"",type: ""Artifact"",version: ""8"",hash: ""48d8f133f3ea926d9bcba701087d6dd9""})"
"(:VERTEX {memory address: ""7f63bb067000"",size: ""9000"",subtype: ""memory"",tgid: ""172956"",source: ""syscall"",type: ""Artifact"",version: ""3"",hash: ""31d3f2004fd69251d5da545e5bce22d7""})"
"(:VERTEX {memory address: ""7f63bb027000"",size: ""9000"",subtype: ""memory"",tgid: ""172956"",source: ""syscall"",type: ""Artifact"",version: ""2"",hash: ""f85a41d5dd3900f23e954d9f6f066abc""})"
"(:VERTEX {memory address: ""7f63bd2e6000"",size: ""9000"",subtype: ""memory"",tgid: ""172956"",source: ""syscall"",type: ""Artifact"",version: ""1"",hash: ""e8dc3da06a1e5edb95adc59e066b480a""})"
"(:VERTEX {memory address: ""7f63bd2eb000"",size: ""4000"",subtype: ""memory"",tgid: ""172956"",source: ""syscall"",type: ""Artifact"",version: ""57"",hash: ""a264a3cca97686e44cac64f2cad666f5""})"
"(:VERTEX {memory address: ""7f63bd2e4000"",size: ""7000"",subtype: ""memory"",tgid: ""172956"",source: ""syscall"",type: ""Artifact"",version: ""0"",hash: ""3787c2ce8ebcb04bec2761f56c73f558""})"
"(:VERTEX {memory address: ""7f63bd2e7000"",size: ""8000"",subtype: ""memory"",tgid: ""172956"",source: ""syscall"",type: ""Artifact"",version: ""1"",hash: ""c413b50a79d986cad508ad19bd103e83""})"
"(:VERTEX {memory address: ""7f63bd2e2000"",size: ""11000"",subtype: ""memory"",tgid: ""172956"",source: ""syscall"",type: ""Artifact"",version: ""1811"",hash: ""132791abb322ac43170a38b11aa1fe80""})"
"(:VERTEX {memory address: ""7f63bd2f1000"",size: ""2000"",subtype: ""memory"",tgid: ""172956"",source: ""syscall"",type: ""Artifact"",version: ""113"",hash: ""e291eb620d5f1757815805cecb38ee87""})"
"(:VERTEX {memory address: ""7f63bd2e8000"",size: ""9000"",subtype: ""memory"",tgid: ""172956"",source: ""syscall"",type: ""Artifact"",version: ""49"",hash: ""fa51893c766545a6e2e172dc85c34537""})"
"(:VERTEX {memory address: ""7f63bd2e6000"",size: ""2000"",subtype: ""memory"",tgid: ""172956"",source: ""syscall"",type: ""Artifact"",version: ""12"",hash: ""8e17c4b135ba490e654057b07acee1dd""})"
"(:VERTEX {memory address: ""7f63bd1bd000"",size: ""9000"",subtype: ""memory"",tgid: ""172956"",source: ""syscall"",type: ""Artifact"",version: ""334"",hash: ""6936c53194b0564dfa565ece75f8eb77""})"
"(:VERTEX {memory address: ""7f63bd2e4000"",size: ""2000"",subtype: ""memory"",tgid: ""172956"",source: ""syscall"",type: ""Artifact"",version: ""3"",hash: ""92b8c598c2d2cb4d082e5141b93f5b27""})"
"(:VERTEX {memory address: ""7f63bb15d000"",size: ""9000"",subtype: ""memory"",tgid: ""172956"",source: ""syscall"",type: ""Artifact"",version: ""198"",hash: ""f5dd604e7f33ef04fb2c11ae8002beaf""})"
"(:VERTEX {memory address: ""7f63bb10c000"",size: ""9000"",subtype: ""memory"",tgid: ""172956"",source: ""syscall"",type: ""Artifact"",version: ""26"",hash: ""d3933af1384cc0117f06f75af43752e1""})"
"(:VERTEX {memory address: ""7f63bb103000"",size: ""9000"",subtype: ""memory"",tgid: ""172956"",source: ""syscall"",type: ""Artifact"",version: ""65"",hash: ""03551d8134f274289607d8e2a66946b4""})"
"(:VERTEX {memory address: ""7f63bb0fa000"",size: ""9000"",subtype: ""memory"",tgid: ""172956"",source: ""syscall"",type: ""Artifact"",version: ""46"",hash: ""136a075d873445c760f02fbebe73ca8e""})"
"(:VERTEX {memory address: ""7f63bb0e9000"",size: ""11000"",subtype: ""memory"",tgid: ""172956"",source: ""syscall"",type: ""Artifact"",version: ""7"",hash: ""bbfe19221a4cc4091e72bcb553dd6581""})"
"(:VERTEX {memory address: ""7f63bb0e0000"",size: ""9000"",subtype: ""memory"",tgid: ""172956"",source: ""syscall"",type: ""Artifact"",version: ""5"",hash: ""aaadfd4e752c3b28c31ce927074e64e9""})"
"(:VERTEX {memory address: ""7f63bb0f1000"",size: ""9000"",subtype: ""memory"",tgid: ""172956"",source: ""syscall"",type: ""Artifact"",version: ""101"",hash: ""45819b319058860fa13695d8b3288ac0""})"
"(:VERTEX {memory address: ""7f63bb0d7000"",size: ""9000"",subtype: ""memory"",tgid: ""172956"",source: ""syscall"",type: ""Artifact"",version: ""4"",hash: ""6f9b5b80278d283d5c13503043392dfd""})"
"(:VERTEX {memory address: ""7f63bb0ce000"",size: ""9000"",subtype: ""memory"",tgid: ""172956"",source: ""syscall"",type: ""Artifact"",version: ""5"",hash: ""5cb0d2e62393e7cb89f475215ead6583""})"
"(:VERTEX {memory address: ""7f63bb0ce000"",size: ""9000"",subtype: ""memory"",tgid: ""172956"",source: ""syscall"",type: ""Artifact"",version: ""6"",hash: ""cdf920a8f096e491c25d9c8dc98d9aa5""})"
"(:VERTEX {memory address: ""7f63bb0c5000"",size: ""9000"",subtype: ""memory"",tgid: ""172956"",source: ""syscall"",type: ""Artifact"",version: ""4"",hash: ""bc42097be4c426f213cd1a5b20078c70""})"
"(:VERTEX {memory address: ""7f63bb0bc000"",size: ""9000"",subtype: ""memory"",tgid: ""172956"",source: ""syscall"",type: ""Artifact"",version: ""2"",hash: ""d8c8b122366f1466cd1ebdd1c2f17508""})"
"(:VERTEX {memory address: ""7f63bb0b3000"",size: ""9000"",subtype: ""memory"",tgid: ""172956"",source: ""syscall"",type: ""Artifact"",version: ""2"",hash: ""3fd8c21fb8645db61e9d6c33a6fdcfd7""})"
"(:VERTEX {memory address: ""7f63bb0aa000"",size: ""9000"",subtype: ""memory"",tgid: ""172956"",source: ""syscall"",type: ""Artifact"",version: ""2"",hash: ""e5f3b2b17f6f3e7fc28e868f4c31ebcf""})"
"(:VERTEX {memory address: ""7f63bb0a1000"",size: ""9000"",subtype: ""memory"",tgid: ""172956"",source: ""syscall"",type: ""Artifact"",version: ""3"",hash: ""c90764dd1a91f627d9ada3f6d4507dd9""})"
"(:VERTEX {memory address: ""7f63bb098000"",size: ""9000"",subtype: ""memory"",tgid: ""172956"",source: ""syscall"",type: ""Artifact"",version: ""1"",hash: ""17e893ff6e90324949c73ed3c6622876""})"
"(:VERTEX {memory address: ""7f63bb08f000"",size: ""9000"",subtype: ""memory"",tgid: ""172956"",source: ""syscall"",type: ""Artifact"",version: ""1"",hash: ""18e5effe2a7f3b9c85464837d3314550""})"
"(:VERTEX {memory address: ""7f63bb0d7000"",size: ""9000"",subtype: ""memory"",tgid: ""172956"",source: ""syscall"",type: ""Artifact"",version: ""5"",hash: ""9781015041dc707cdc6faa7e5cde374b""})"
"(:VERTEX {memory address: ""7f63bb0b3000"",size: ""9000"",subtype: ""memory"",tgid: ""172956"",source: ""syscall"",type: ""Artifact"",version: ""3"",hash: ""136b6e7bbc39850d57b6ab46e618d0e5""})"
"(:VERTEX {memory address: ""7f63bb0a1000"",size: ""9000"",subtype: ""memory"",tgid: ""172956"",source: ""syscall"",type: ""Artifact"",version: ""4"",hash: ""9580716c19535f0d472771e83f1956c4""})"
"(:VERTEX {memory address: ""7f63bb085000"",size: ""a000"",subtype: ""memory"",tgid: ""172956"",source: ""syscall"",type: ""Artifact"",version: ""0"",hash: ""1e1e37342f7e7ff46cb89ad849fd5478""})"
"(:VERTEX {memory address: ""7f63bb0b3000"",size: ""9000"",subtype: ""memory"",tgid: ""172956"",source: ""syscall"",type: ""Artifact"",version: ""4"",hash: ""9d05e9279fca4751e4e3b834ce938cd9""})"
"(:VERTEX {memory address: ""7f63bb0a1000"",size: ""9000"",subtype: ""memory"",tgid: ""172956"",source: ""syscall"",type: ""Artifact"",version: ""5"",hash: ""817da62e5e99c797b5badb435a0777e7""})"
"(:VERTEX {memory address: ""7f63bb07c000"",size: ""9000"",subtype: ""memory"",tgid: ""172956"",source: ""syscall"",type: ""Artifact"",version: ""58"",hash: ""f500a9dd55c855ef1b93f78e42024ea4""})"
"(:VERTEX {memory address: ""7f63bb073000"",size: ""9000"",subtype: ""memory"",tgid: ""172956"",source: ""syscall"",type: ""Artifact"",version: ""29"",hash: ""e3765f9f173c8aedb8f65c11dd0606a2""})"
"(:VERTEX {memory address: ""7f63bb06a000"",size: ""9000"",subtype: ""memory"",tgid: ""172956"",source: ""syscall"",type: ""Artifact"",version: ""25"",hash: ""20b8645d153a7c05a3db97032e3fa021""})"
"(:VERTEX {memory address: ""7f63bd1e6000"",size: ""7000"",subtype: ""memory"",tgid: ""172956"",source: ""syscall"",type: ""Artifact"",version: ""250"",hash: ""91d9e5a321c6720f7a8a2ef1ddfef7a7""})"
"(:VERTEX {memory address: ""7f63bb074000"",size: ""11000"",subtype: ""memory"",tgid: ""172956"",source: ""syscall"",type: ""Artifact"",version: ""2"",hash: ""69006ceb82aff4c979739cd9a27db25c""})"
"(:VERTEX {memory address: ""7f63bb074000"",size: ""11000"",subtype: ""memory"",tgid: ""172956"",source: ""syscall"",type: ""Artifact"",version: ""3"",hash: ""8d9090e6e9df9b492d5e7be9d876f617""})"
"(:VERTEX {memory address: ""7f63bd2ea000"",size: ""9000"",subtype: ""memory"",tgid: ""172956"",source: ""syscall"",type: ""Artifact"",version: ""73"",hash: ""6cc396c11316aed282d5b4c951c44b40""})"
"(:VERTEX {memory address: ""7f63bd2ea000"",size: ""9000"",subtype: ""memory"",tgid: ""172956"",source: ""syscall"",type: ""Artifact"",version: ""74"",hash: ""9a4d7858c1c4e07912627f2cc0b86e12""})"
"(:VERTEX {memory address: ""7f63bb10c000"",size: ""9000"",subtype: ""memory"",tgid: ""172956"",source: ""syscall"",type: ""Artifact"",version: ""27"",hash: ""1ce2b5d85c1f12de0e18812cce726039""})"
"(:VERTEX {memory address: ""7f63bd2ea000"",size: ""9000"",subtype: ""memory"",tgid: ""172956"",source: ""syscall"",type: ""Artifact"",version: ""75"",hash: ""2a79291598c3bca97c268d15290a717e""})"
"(:VERTEX {memory address: ""7f63bd2ea000"",size: ""9000"",subtype: ""memory"",tgid: ""172956"",source: ""syscall"",type: ""Artifact"",version: ""76"",hash: ""f4cf96a597f1564c04f6b616a3912413""})"
"(:VERTEX {memory address: ""7f63bb0fa000"",size: ""9000"",subtype: ""memory"",tgid: ""172956"",source: ""syscall"",type: ""Artifact"",version: ""47"",hash: ""d5f04e05ff1925f6f563adf092f3634e""})"
"(:VERTEX {memory address: ""7f63bb0ce000"",size: ""9000"",subtype: ""memory"",tgid: ""172956"",source: ""syscall"",type: ""Artifact"",version: ""7"",hash: ""9f4edd3a8125750f3fe4f4d4f2ba490f""})"
"(:VERTEX {memory address: ""7f63bb0b3000"",size: ""9000"",subtype: ""memory"",tgid: ""172956"",source: ""syscall"",type: ""Artifact"",version: ""5"",hash: ""8c076825ab93d337650b80a1ffa45a86""})"
"(:VERTEX {memory address: ""7f63bb0a1000"",size: ""9000"",subtype: ""memory"",tgid: ""172956"",source: ""syscall"",type: ""Artifact"",version: ""6"",hash: ""47f8d028fdfcc475ca11d21c11441ad4""})"
"(:VERTEX {memory address: ""7f63bb086000"",size: ""9000"",subtype: ""memory"",tgid: ""172956"",source: ""syscall"",type: ""Artifact"",version: ""3"",hash: ""5c9b4e0b09b5c0c014322fc80692230c""})"
"(:VERTEX {memory address: ""7f63bb07d000"",size: ""9000"",subtype: ""memory"",tgid: ""172956"",source: ""syscall"",type: ""Artifact"",version: ""3"",hash: ""f0d475246709c8b2fb9fa9f3c3cb4e6b""})"
"(:VERTEX {memory address: ""7f63bd2ef000"",size: ""4000"",subtype: ""memory"",tgid: ""172956"",source: ""syscall"",type: ""Artifact"",version: ""69"",hash: ""eb68469c689f6b9ad66d5f2a91f401e6""})"
"(:VERTEX {memory address: ""7f63bd2e8000"",size: ""7000"",subtype: ""memory"",tgid: ""172956"",source: ""syscall"",type: ""Artifact"",version: ""0"",hash: ""99b11ea38107204772dc2c870198c44c""})"
"(:VERTEX {memory address: ""7f63bb0fa000"",size: ""9000"",subtype: ""memory"",tgid: ""172956"",source: ""syscall"",type: ""Artifact"",version: ""48"",hash: ""fbbb8cd6e08c52e89a3c453f5b1c193c""})"
"(:VERTEX {memory address: ""7f63bb0ce000"",size: ""9000"",subtype: ""memory"",tgid: ""172956"",source: ""syscall"",type: ""Artifact"",version: ""8"",hash: ""ab74c728d42e7858b4d1bb8b2be9df76""})"
"(:VERTEX {memory address: ""7f63bb068000"",size: ""15000"",subtype: ""memory"",tgid: ""172956"",source: ""syscall"",type: ""Artifact"",version: ""0"",hash: ""38fc66c478f537ad6dcdba910b2593e5""})"
"(:VERTEX {memory address: ""7f63bd2ea000"",size: ""9000"",subtype: ""memory"",tgid: ""172956"",source: ""syscall"",type: ""Artifact"",version: ""77"",hash: ""16576a7c5e0d571123c6a9e9008531b7""})"
"(:VERTEX {memory address: ""7f63bb0fa000"",size: ""9000"",subtype: ""memory"",tgid: ""172956"",source: ""syscall"",type: ""Artifact"",version: ""49"",hash: ""42b797faf5b5f2e0dab0560eda2d0b53""})"
"(:VERTEX {memory address: ""7f63bd2ef000"",size: ""4000"",subtype: ""memory"",tgid: ""172956"",source: ""syscall"",type: ""Artifact"",version: ""70"",hash: ""1c260ea8ff4f4a1f46726bf3df3c2626""})"
"(:VERTEX {memory address: ""7f63bd2e8000"",size: ""7000"",subtype: ""memory"",tgid: ""172956"",source: ""syscall"",type: ""Artifact"",version: ""1"",hash: ""6af687b8edfea3422b70ca0c2dd1c709""})"
"(:VERTEX {memory address: ""7f63bb0fa000"",size: ""9000"",subtype: ""memory"",tgid: ""172956"",source: ""syscall"",type: ""Artifact"",version: ""50"",hash: ""ee0ca17a3a459142cc6b4d65fdc26bcb""})"
"(:VERTEX {memory address: ""7f63bb0ce000"",size: ""9000"",subtype: ""memory"",tgid: ""172956"",source: ""syscall"",type: ""Artifact"",version: ""9"",hash: ""31b6302675372d85cab78f66b92dfb74""})"
"(:VERTEX {memory address: ""7f63bd2ea000"",size: ""9000"",subtype: ""memory"",tgid: ""172956"",source: ""syscall"",type: ""Artifact"",version: ""78"",hash: ""9c98ed26cd608248bea7f5b30348d38b""})"
"(:VERTEX {memory address: ""7f63bb074000"",size: ""9000"",subtype: ""memory"",tgid: ""172956"",source: ""syscall"",type: ""Artifact"",version: ""2"",hash: ""b04e12689d347039def0f6a306e3ff1a""})"
"(:VERTEX {memory address: ""7f63bb06b000"",size: ""9000"",subtype: ""memory"",tgid: ""172956"",source: ""syscall"",type: ""Artifact"",version: ""78"",hash: ""9f791ce04265d9a1e4d0f694d0970a0f""})"
"(:VERTEX {memory address: ""7f63bb062000"",size: ""9000"",subtype: ""memory"",tgid: ""172956"",source: ""syscall"",type: ""Artifact"",version: ""96"",hash: ""9c51bdf583a5770f4212174c9c203547""})"
"(:VERTEX {memory address: ""7f63bb059000"",size: ""9000"",subtype: ""memory"",tgid: ""172956"",source: ""syscall"",type: ""Artifact"",version: ""64"",hash: ""8697e133ed290723fe68f73500dd3c7a""})"
"(:VERTEX {memory address: ""7f63bb030000"",size: ""9000"",subtype: ""memory"",tgid: ""172956"",source: ""syscall"",type: ""Artifact"",version: ""2"",hash: ""8feef3e08b56a5e5e30223f64117b6a3""})"
"(:VERTEX {memory address: ""7f63bb027000"",size: ""9000"",subtype: ""memory"",tgid: ""172956"",source: ""syscall"",type: ""Artifact"",version: ""3"",hash: ""d02d400ee123f6fc8a8b3a9a6e683648""})"
"(:VERTEX {memory address: ""7f63bd2ea000"",size: ""9000"",subtype: ""memory"",tgid: ""172956"",source: ""syscall"",type: ""Artifact"",version: ""79"",hash: ""d0bb3b54b29895a392b9b271f8480d18""})"
"(:VERTEX {memory address: ""7f63bb074000"",size: ""9000"",subtype: ""memory"",tgid: ""172956"",source: ""syscall"",type: ""Artifact"",version: ""3"",hash: ""c9e658758b9417bda3e18826e8a4a52c""})"
"(:VERTEX {memory address: ""7f63bb059000"",size: ""9000"",subtype: ""memory"",tgid: ""172956"",source: ""syscall"",type: ""Artifact"",version: ""65"",hash: ""625f555f99f9aff4e1a6a2c1a30d7746""})"
"(:VERTEX {memory address: ""7f23ee086000"",size: ""10000"",subtype: ""memory"",tgid: ""172093"",source: ""syscall"",type: ""Artifact"",version: ""1"",hash: ""a11ae9feeb7e3ac1138c34d99c55b243""})"
"(:VERTEX {memory address: ""7f63bb016000"",size: ""11000"",subtype: ""memory"",tgid: ""172956"",source: ""syscall"",type: ""Artifact"",version: ""0"",hash: ""0603cb4f3287e83cd7082cf15de4d4e2""})"
"(:VERTEX {memory address: ""7f63bb030000"",size: ""9000"",subtype: ""memory"",tgid: ""172956"",source: ""syscall"",type: ""Artifact"",version: ""3"",hash: ""1c18ef142830d1382cbeb80fdd618d90""})"
"(:VERTEX {memory address: ""7f63bb01e000"",size: ""9000"",subtype: ""memory"",tgid: ""172956"",source: ""syscall"",type: ""Artifact"",version: ""2"",hash: ""d31425054ee488f82a86ce8911b2a0d6""})"
"(:VERTEX {memory address: ""7f63bb015000"",size: ""9000"",subtype: ""memory"",tgid: ""172956"",source: ""syscall"",type: ""Artifact"",version: ""7"",hash: ""00866ed5b7ec362886e19c0f4d08ff2c""})"
"(:VERTEX {memory address: ""7f63bb00c000"",size: ""9000"",subtype: ""memory"",tgid: ""172956"",source: ""syscall"",type: ""Artifact"",version: ""4"",hash: ""69b6ba7c77c7e2f4bc86ad395a0848a3""})"
"(:VERTEX {memory address: ""7f63bb003000"",size: ""9000"",subtype: ""memory"",tgid: ""172956"",source: ""syscall"",type: ""Artifact"",version: ""4"",hash: ""19c112c89b5f3b42700ded552f88fdf2""})"
"(:VERTEX {memory address: ""7f63baffa000"",size: ""9000"",subtype: ""memory"",tgid: ""172956"",source: ""syscall"",type: ""Artifact"",version: ""2"",hash: ""f2e848d2a554887b244c0c3bed9356ab""})"
"(:VERTEX {memory address: ""7f63baff1000"",size: ""9000"",subtype: ""memory"",tgid: ""172956"",source: ""syscall"",type: ""Artifact"",version: ""2"",hash: ""e521a87ec8f7ded925dc0a7c092b56ba""})"
"(:VERTEX {memory address: ""7f63bd1e6000"",size: ""7000"",subtype: ""memory"",tgid: ""172956"",source: ""syscall"",type: ""Artifact"",version: ""251"",hash: ""58dfbb7fb85ca09d4c4a0ddac5a2f9da""})"
"(:VERTEX {memory address: ""7f63bb00c000"",size: ""9000"",subtype: ""memory"",tgid: ""172956"",source: ""syscall"",type: ""Artifact"",version: ""5"",hash: ""3d20f04c037b4ad46991ba14358f1319""})"
"(:VERTEX {memory address: ""7f63baff1000"",size: ""9000"",subtype: ""memory"",tgid: ""172956"",source: ""syscall"",type: ""Artifact"",version: ""3"",hash: ""a79dbaf3d9a76d60920d6c66b964a482""})"
"(:VERTEX {memory address: ""7f63bd299000"",size: ""3000"",subtype: ""memory"",tgid: ""172956"",source: ""syscall"",type: ""Artifact"",version: ""17"",hash: ""680534e7d32cc1ccc42607fead97c4e5""})"
"(:VERTEX {memory address: ""7f63bb00c000"",size: ""9000"",subtype: ""memory"",tgid: ""172956"",source: ""syscall"",type: ""Artifact"",version: ""6"",hash: ""dc6c3729e9e8a6a522a965be1e2042a8""})"
"(:VERTEX {memory address: ""7f63baff1000"",size: ""9000"",subtype: ""memory"",tgid: ""172956"",source: ""syscall"",type: ""Artifact"",version: ""4"",hash: ""f002c7536192a5bb3bf574b4df0a4712""})"
"(:VERTEX {memory address: ""7f63bafe8000"",size: ""9000"",subtype: ""memory"",tgid: ""172956"",source: ""syscall"",type: ""Artifact"",version: ""10"",hash: ""db4821d683ffb6fbd70b4250020e4e1b""})"
"(:VERTEX {memory address: ""7f63bafdf000"",size: ""9000"",subtype: ""memory"",tgid: ""172956"",source: ""syscall"",type: ""Artifact"",version: ""9"",hash: ""6335eea164ae8811fafeb19695846cdb""})"
"(:VERTEX {memory address: ""7f63baff1000"",size: ""9000"",subtype: ""memory"",tgid: ""172956"",source: ""syscall"",type: ""Artifact"",version: ""5"",hash: ""7aa6cb0ebc18e61d03fc424f36e5d66c""})"
"(:VERTEX {memory address: ""7f63bafd3000"",size: ""c000"",subtype: ""memory"",tgid: ""172956"",source: ""syscall"",type: ""Artifact"",version: ""0"",hash: ""da1c497b426a8802563b46a2e3c3e249""})"
"(:VERTEX {memory address: ""7f63baff1000"",size: ""9000"",subtype: ""memory"",tgid: ""172956"",source: ""syscall"",type: ""Artifact"",version: ""6"",hash: ""390799667c1cf5e7753a552cfcc71f1d""})"
"(:VERTEX {memory address: ""7f63bafce000"",size: ""11000"",subtype: ""memory"",tgid: ""172956"",source: ""syscall"",type: ""Artifact"",version: ""0"",hash: ""b9fbed248cbd1bfb61a13bf657513c49""})"
"(:VERTEX {memory address: ""7f63baff1000"",size: ""9000"",subtype: ""memory"",tgid: ""172956"",source: ""syscall"",type: ""Artifact"",version: ""7"",hash: ""71d706786089dfe3542856106c973a85""})"
"(:VERTEX {memory address: ""7f63bafd6000"",size: ""9000"",subtype: ""memory"",tgid: ""172956"",source: ""syscall"",type: ""Artifact"",version: ""5"",hash: ""5d619ad57dd05968ca12e8b60296f8a6""})"
"(:VERTEX {memory address: ""7f63bafcd000"",size: ""9000"",subtype: ""memory"",tgid: ""172956"",source: ""syscall"",type: ""Artifact"",version: ""5"",hash: ""fad85eb9e103ab9e6563d429873f02db""})"
"(:VERTEX {memory address: ""7f63bafc4000"",size: ""9000"",subtype: ""memory"",tgid: ""172956"",source: ""syscall"",type: ""Artifact"",version: ""5"",hash: ""b917ee75e3d9cb6e2982f0d4edb5e841""})"
"(:VERTEX {memory address: ""7f63bafbb000"",size: ""9000"",subtype: ""memory"",tgid: ""172956"",source: ""syscall"",type: ""Artifact"",version: ""2"",hash: ""d812ffbae7703a9d627bdf5c82f63dfb""})"
"(:VERTEX {memory address: ""7f63bafb2000"",size: ""9000"",subtype: ""memory"",tgid: ""172956"",source: ""syscall"",type: ""Artifact"",version: ""2"",hash: ""b74f4df1e20879ab9917202109685874""})"
"(:VERTEX {memory address: ""7f63bafc4000"",size: ""9000"",subtype: ""memory"",tgid: ""172956"",source: ""syscall"",type: ""Artifact"",version: ""6"",hash: ""1fc692558702f4b6e264323476930243""})"
"(:VERTEX {memory address: ""7f63bafbb000"",size: ""9000"",subtype: ""memory"",tgid: ""172956"",source: ""syscall"",type: ""Artifact"",version: ""3"",hash: ""e37ac98a3435463219812bb78904967d""})"
"(:VERTEX {memory address: ""7f63bb030000"",size: ""9000"",subtype: ""memory"",tgid: ""172956"",source: ""syscall"",type: ""Artifact"",version: ""4"",hash: ""32372b7e8598ec803a0b4b89a4dc78aa""})"
"(:VERTEX {memory address: ""7f63bb01e000"",size: ""9000"",subtype: ""memory"",tgid: ""172956"",source: ""syscall"",type: ""Artifact"",version: ""3"",hash: ""da0f4bf4a3a90efb6fe7cfa3e7534551""})"
"(:VERTEX {memory address: ""7f63bb00c000"",size: ""9000"",subtype: ""memory"",tgid: ""172956"",source: ""syscall"",type: ""Artifact"",version: ""7"",hash: ""f53900e03806e912efd5c609151b324e""})"
"(:VERTEX {memory address: ""7f63bb003000"",size: ""9000"",subtype: ""memory"",tgid: ""172956"",source: ""syscall"",type: ""Artifact"",version: ""5"",hash: ""c2b6106fff814743e461da165257849a""})"
"(:VERTEX {memory address: ""7f63bafe8000"",size: ""9000"",subtype: ""memory"",tgid: ""172956"",source: ""syscall"",type: ""Artifact"",version: ""11"",hash: ""65abb848ca4ed49df5721d70552581ab""})"
"(:VERTEX {memory address: ""7f63bafdf000"",size: ""9000"",subtype: ""memory"",tgid: ""172956"",source: ""syscall"",type: ""Artifact"",version: ""10"",hash: ""acf2ed171b7647c288dcfc525db484bc""})"
"(:VERTEX {memory address: ""7f63bb003000"",size: ""9000"",subtype: ""memory"",tgid: ""172956"",source: ""syscall"",type: ""Artifact"",version: ""6"",hash: ""52b1284d1acaae97c2e9b744c2fae866""})"
"(:VERTEX {memory address: ""7f63bafd6000"",size: ""9000"",subtype: ""memory"",tgid: ""172956"",source: ""syscall"",type: ""Artifact"",version: ""6"",hash: ""1aac3560971d616c329001950e9ca814""})"
"(:VERTEX {memory address: ""7f63bb030000"",size: ""9000"",subtype: ""memory"",tgid: ""172956"",source: ""syscall"",type: ""Artifact"",version: ""5"",hash: ""869be3e60b1fab9923ec16bb99bc76fe""})"
"(:VERTEX {memory address: ""7f63bb01e000"",size: ""9000"",subtype: ""memory"",tgid: ""172956"",source: ""syscall"",type: ""Artifact"",version: ""4"",hash: ""2deba604a2bdc66a0ef7bab043dbf0c8""})"
"(:VERTEX {memory address: ""7f63bb10c000"",size: ""9000"",subtype: ""memory"",tgid: ""172956"",source: ""syscall"",type: ""Artifact"",version: ""28"",hash: ""f36cd42615d2913efc04d5942e9b074e""})"
"(:VERTEX {memory address: ""7f63bb103000"",size: ""9000"",subtype: ""memory"",tgid: ""172956"",source: ""syscall"",type: ""Artifact"",version: ""66"",hash: ""9a515cd338e7bf28e9086acf4b1d3d28""})"
"(:VERTEX {memory address: ""7f63bb0fa000"",size: ""9000"",subtype: ""memory"",tgid: ""172956"",source: ""syscall"",type: ""Artifact"",version: ""51"",hash: ""38faa7ed2d217960f0622c2b1ebda37d""})"
"(:VERTEX {memory address: ""7f63bb0f1000"",size: ""9000"",subtype: ""memory"",tgid: ""172956"",source: ""syscall"",type: ""Artifact"",version: ""102"",hash: ""09f7ef2f7016c36d6b680d98df1cb1e4""})"
"(:VERTEX {memory address: ""7f63bb0d7000"",size: ""9000"",subtype: ""memory"",tgid: ""172956"",source: ""syscall"",type: ""Artifact"",version: ""6"",hash: ""03a060206a6becb269f96580a089772c""})"
"(:VERTEX {memory address: ""7f63bb0ce000"",size: ""9000"",subtype: ""memory"",tgid: ""172956"",source: ""syscall"",type: ""Artifact"",version: ""10"",hash: ""7e22f0ba461cbed722cac3f2b0c85fc4""})"
"(:VERTEX {memory address: ""7f63bb0c5000"",size: ""9000"",subtype: ""memory"",tgid: ""172956"",source: ""syscall"",type: ""Artifact"",version: ""5"",hash: ""3b71421b2e171d5a08f03dc5496b8e55""})"
"(:VERTEX {memory address: ""7f63bb0b3000"",size: ""9000"",subtype: ""memory"",tgid: ""172956"",source: ""syscall"",type: ""Artifact"",version: ""6"",hash: ""56058f638c0799ee78f7d3af19dacb1c""})"
"(:VERTEX {memory address: ""7f63bb0aa000"",size: ""9000"",subtype: ""memory"",tgid: ""172956"",source: ""syscall"",type: ""Artifact"",version: ""3"",hash: ""86a64d9c59265d0e5fe962116d642a5c""})"
"(:VERTEX {memory address: ""7f63bb0a1000"",size: ""9000"",subtype: ""memory"",tgid: ""172956"",source: ""syscall"",type: ""Artifact"",version: ""7"",hash: ""2b2415aa913c9779749f18f8743bafde""})"
"(:VERTEX {memory address: ""7f63bb098000"",size: ""9000"",subtype: ""memory"",tgid: ""172956"",source: ""syscall"",type: ""Artifact"",version: ""2"",hash: ""2e9b9405ca5d06df7e700346817f9c3b""})"
"(:VERTEX {memory address: ""7f63bb086000"",size: ""9000"",subtype: ""memory"",tgid: ""172956"",source: ""syscall"",type: ""Artifact"",version: ""4"",hash: ""86e7d6d3a68e7286f1878131da6250ab""})"
"(:VERTEX {memory address: ""7f63bb07d000"",size: ""9000"",subtype: ""memory"",tgid: ""172956"",source: ""syscall"",type: ""Artifact"",version: ""4"",hash: ""213adece277e6b35514bb61127c720ba""})"
"(:VERTEX {memory address: ""7f63bb074000"",size: ""9000"",subtype: ""memory"",tgid: ""172956"",source: ""syscall"",type: ""Artifact"",version: ""4"",hash: ""a6830654dd419a781bb9edda218e2775""})"
"(:VERTEX {memory address: ""7f63bb06b000"",size: ""9000"",subtype: ""memory"",tgid: ""172956"",source: ""syscall"",type: ""Artifact"",version: ""79"",hash: ""f8f617e9bd9420890d9609dae3e18d41""})"
"(:VERTEX {memory address: ""7f63bb0ce000"",size: ""9000"",subtype: ""memory"",tgid: ""172956"",source: ""syscall"",type: ""Artifact"",version: ""11"",hash: ""0bf72c01974f3e10db239b05ea90ebd2""})"
"(:VERTEX {memory address: ""7f63bb098000"",size: ""9000"",subtype: ""memory"",tgid: ""172956"",source: ""syscall"",type: ""Artifact"",version: ""3"",hash: ""16a9651ccad828999685843d9decfd8a""})"
"(:VERTEX {memory address: ""7f63bb06b000"",size: ""9000"",subtype: ""memory"",tgid: ""172956"",source: ""syscall"",type: ""Artifact"",version: ""80"",hash: ""c528080990735db824ac872e82918524""})"
"(:VERTEX {memory address: ""7f63bb062000"",size: ""9000"",subtype: ""memory"",tgid: ""172956"",source: ""syscall"",type: ""Artifact"",version: ""97"",hash: ""928829375751bd5d092a7f130bcdeb3a""})"
"(:VERTEX {memory address: ""7f63bb027000"",size: ""9000"",subtype: ""memory"",tgid: ""172956"",source: ""syscall"",type: ""Artifact"",version: ""4"",hash: ""203d342a3bee784a1e2050bc77dc5ab1""})"
"(:VERTEX {memory address: ""7f63bb098000"",size: ""9000"",subtype: ""memory"",tgid: ""172956"",source: ""syscall"",type: ""Artifact"",version: ""4"",hash: ""2d742e3181116aa1e2b2805389d36849""})"
"(:VERTEX {memory address: ""7f63bb00c000"",size: ""9000"",subtype: ""memory"",tgid: ""172956"",source: ""syscall"",type: ""Artifact"",version: ""8"",hash: ""a84fc730eebb2b327b2c00795943d863""})"
"(:VERTEX {memory address: ""7f63bd231000"",size: ""4000"",subtype: ""memory"",tgid: ""172956"",source: ""syscall"",type: ""Artifact"",version: ""130"",hash: ""7a22bc7d0cc493401005a5428b4ac888""})"
"(:VERTEX {memory address: ""7f63bb104000"",size: ""11000"",subtype: ""memory"",tgid: ""172956"",source: ""syscall"",type: ""Artifact"",version: ""8"",hash: ""86a5ecf52010ce89250b90d2fe3166b9""})"
"(:VERTEX {memory address: ""7f63bd2e2000"",size: ""11000"",subtype: ""memory"",tgid: ""172956"",source: ""syscall"",type: ""Artifact"",version: ""1812"",hash: ""ee187e7df522486653bd9b63d4fce0ce""})"
"(:VERTEX {memory address: ""7f63bd2f1000"",size: ""2000"",subtype: ""memory"",tgid: ""172956"",source: ""syscall"",type: ""Artifact"",version: ""114"",hash: ""c735a1b2b09d98480dd339a2ff5f0ab7""})"
"(:VERTEX {memory address: ""7f63bd2e8000"",size: ""9000"",subtype: ""memory"",tgid: ""172956"",source: ""syscall"",type: ""Artifact"",version: ""50"",hash: ""46b0241a629664b9a386157a645ab4d7""})"
"(:VERTEX {memory address: ""7f63bd1bd000"",size: ""9000"",subtype: ""memory"",tgid: ""172956"",source: ""syscall"",type: ""Artifact"",version: ""335"",hash: ""50626c1cb435ec25a8eb1bccf1330501""})"
"(:VERTEX {memory address: ""7f63bb104000"",size: ""11000"",subtype: ""memory"",tgid: ""172956"",source: ""syscall"",type: ""Artifact"",version: ""9"",hash: ""aec3e08800fcc725445f663e74954469""})"
"(:VERTEX {memory address: ""7f63bb104000"",size: ""11000"",subtype: ""memory"",tgid: ""172956"",source: ""syscall"",type: ""Artifact"",version: ""10"",hash: ""96b48b7ee3f5ab253f37b874f64b7b01""})"
"(:VERTEX {memory address: ""7f63bd2e2000"",size: ""11000"",subtype: ""memory"",tgid: ""172956"",source: ""syscall"",type: ""Artifact"",version: ""1813"",hash: ""e8461d0eeda4a41d8b8c779ddd0248a1""})"
"(:VERTEX {memory address: ""7f63bd2e2000"",size: ""11000"",subtype: ""memory"",tgid: ""172956"",source: ""syscall"",type: ""Artifact"",version: ""1814"",hash: ""6b5c5f0e135b021be2766a4f2bec5533""})"
"(:VERTEX {memory address: ""7f63bd2e2000"",size: ""11000"",subtype: ""memory"",tgid: ""172956"",source: ""syscall"",type: ""Artifact"",version: ""1815"",hash: ""c449e7e040ff7450c96f26de329479fa""})"
"(:VERTEX {memory address: ""7f17b7809000"",size: ""11000"",subtype: ""memory"",tgid: ""173004"",source: ""syscall"",type: ""Artifact"",version: ""134"",hash: ""a8d635127d8df54c7256bf18c3bb0f80""})"
"(:VERTEX {memory address: ""7f17b78fb000"",size: ""1000"",subtype: ""memory"",tgid: ""173004"",source: ""syscall"",type: ""Artifact"",version: ""12"",hash: ""5b3c98aa297b580e6adaca971e1828a5""})"
"(:VERTEX {memory address: ""7f17b7809000"",size: ""11000"",subtype: ""memory"",tgid: ""173004"",source: ""syscall"",type: ""Artifact"",version: ""135"",hash: ""6f828866d66396851fe9e6f236731eb2""})"
"(:VERTEX {memory address: ""7f63bd2e2000"",size: ""11000"",subtype: ""memory"",tgid: ""172956"",source: ""syscall"",type: ""Artifact"",version: ""1816"",hash: ""95df942a63f1c1df726a425b83478ebb""})"
"(:VERTEX {memory address: ""7f63bd2e2000"",size: ""11000"",subtype: ""memory"",tgid: ""172956"",source: ""syscall"",type: ""Artifact"",version: ""1817"",hash: ""ab19309c3d63811fc17570bc4a307ab0""})"
"(:VERTEX {memory address: ""7f63bd2e2000"",size: ""11000"",subtype: ""memory"",tgid: ""172956"",source: ""syscall"",type: ""Artifact"",version: ""1818"",hash: ""c4879ad0ac6efdf96bfad920cecd5c2f""})"
"(:VERTEX {memory address: ""7f63bd2e2000"",size: ""11000"",subtype: ""memory"",tgid: ""172956"",source: ""syscall"",type: ""Artifact"",version: ""1819"",hash: ""503c5fc94fd3d3f6e32563d520535e78""})"
"(:VERTEX {memory address: ""7f63bd2e2000"",size: ""11000"",subtype: ""memory"",tgid: ""172956"",source: ""syscall"",type: ""Artifact"",version: ""1820"",hash: ""7438b0acc1e5ce9da0339b1fa13d31f8""})"
"(:VERTEX {memory address: ""7f63bd2e2000"",size: ""11000"",subtype: ""memory"",tgid: ""172956"",source: ""syscall"",type: ""Artifact"",version: ""1821"",hash: ""56d9c213e4b1a6214982da4a566fbc8e""})"
"(:VERTEX {memory address: ""7f23edf64000"",size: ""19000"",subtype: ""memory"",tgid: ""172093"",source: ""syscall"",type: ""Artifact"",version: ""0"",hash: ""ac56586e33cff33e13d89d2597b60363""})"
"(:VERTEX {memory address: ""7f23edf6f000"",size: ""e000"",subtype: ""memory"",tgid: ""172093"",source: ""syscall"",type: ""Artifact"",version: ""0"",hash: ""5cbc87816cf580c7be106f8425baca35""})"
"(:VERTEX {memory address: ""7f23edf61000"",size: ""e000"",subtype: ""memory"",tgid: ""172093"",source: ""syscall"",type: ""Artifact"",version: ""0"",hash: ""81e859e6a94e72824f3534d5f4b4f7ea""})"
"(:VERTEX {memory address: ""7f23edf73000"",size: ""a000"",subtype: ""memory"",tgid: ""172093"",source: ""syscall"",type: ""Artifact"",version: ""0"",hash: ""0fe3ba650d7247004e1a76f9953ce4f9""})"
"(:VERTEX {memory address: ""7f23edf68000"",size: ""b000"",subtype: ""memory"",tgid: ""172093"",source: ""syscall"",type: ""Artifact"",version: ""0"",hash: ""645b2f55dbd713644cdc8e0e77b2da0c""})"
"(:VERTEX {memory address: ""7f63bd2e2000"",size: ""11000"",subtype: ""memory"",tgid: ""172956"",source: ""syscall"",type: ""Artifact"",version: ""1822"",hash: ""072670a7e73223d6df7e0c9fa28d6c34""})"
"(:VERTEX {memory address: ""7f63bd2e2000"",size: ""11000"",subtype: ""memory"",tgid: ""172956"",source: ""syscall"",type: ""Artifact"",version: ""1823"",hash: ""122bf9459cedb7c6a0fc1718f042c5a1""})"
"(:VERTEX {memory address: ""7f63bd2e2000"",size: ""11000"",subtype: ""memory"",tgid: ""172956"",source: ""syscall"",type: ""Artifact"",version: ""1824"",hash: ""eab1648a72e9e5facdf4a104d76b434c""})"
"(:VERTEX {memory address: ""7f63bd2e2000"",size: ""11000"",subtype: ""memory"",tgid: ""172956"",source: ""syscall"",type: ""Artifact"",version: ""1825"",hash: ""37e30eee7de7fdf51fb588c32ffd9a64""})"
"(:VERTEX {memory address: ""7f63bd2e2000"",size: ""11000"",subtype: ""memory"",tgid: ""172956"",source: ""syscall"",type: ""Artifact"",version: ""1826"",hash: ""8d95d88a9e931aea128171ffef2a10d8""})"
"(:VERTEX {memory address: ""7f63bd2e2000"",size: ""11000"",subtype: ""memory"",tgid: ""172956"",source: ""syscall"",type: ""Artifact"",version: ""1827"",hash: ""54db9630cfaf4856805b67c6f9ff6ebe""})"
"(:VERTEX {memory address: ""7f63bd2e2000"",size: ""11000"",subtype: ""memory"",tgid: ""172956"",source: ""syscall"",type: ""Artifact"",version: ""1828"",hash: ""76ad99c43f2070c83648a7c73e3e7547""})"
"(:VERTEX {memory address: ""7f63bd2e2000"",size: ""11000"",subtype: ""memory"",tgid: ""172956"",source: ""syscall"",type: ""Artifact"",version: ""1829"",hash: ""7430a4802df586f1b449d61efcdca937""})"
"(:VERTEX {path: ""/status/status.json"",subtype: ""file"",permissions: ""0644"",epoch: ""57"",source: ""syscall"",type: ""Artifact"",version: ""0"",hash: ""eed5eab310da66af3ea94e201ff03db0""})"
"(:VERTEX {path: ""/status/status.json"",subtype: ""file"",permissions: ""0644"",epoch: ""58"",source: ""syscall"",type: ""Artifact"",version: ""0"",hash: ""66f713fe4b0215bc109fb43c323f75d6""})"
"(:VERTEX {memory address: ""7f63bd2e2000"",size: ""11000"",subtype: ""memory"",tgid: ""172956"",source: ""syscall"",type: ""Artifact"",version: ""1830"",hash: ""1b8f233b094a21b9f1802e3cf1799ea9""})"
"(:VERTEX {memory address: ""7f63bd2e2000"",size: ""11000"",subtype: ""memory"",tgid: ""172956"",source: ""syscall"",type: ""Artifact"",version: ""1831"",hash: ""d46bce2be063a41d5b788e609a7cfd00""})"
"(:VERTEX {memory address: ""7f63bd2e2000"",size: ""11000"",subtype: ""memory"",tgid: ""172956"",source: ""syscall"",type: ""Artifact"",version: ""1832"",hash: ""5c99300f1cabce09a42b9c5fdbdbdf29""})"
"(:VERTEX {memory address: ""7f63bd2e2000"",size: ""11000"",subtype: ""memory"",tgid: ""172956"",source: ""syscall"",type: ""Artifact"",version: ""1833"",hash: ""a76d6d7870880fc84d060c5cfd44b22b""})"
"(:VERTEX {memory address: ""7f63bd2e2000"",size: ""11000"",subtype: ""memory"",tgid: ""172956"",source: ""syscall"",type: ""Artifact"",version: ""1834"",hash: ""cd9d897ebbaef4f4c5ceb474e3df66c3""})"
"(:VERTEX {memory address: ""7f63bd2e2000"",size: ""11000"",subtype: ""memory"",tgid: ""172956"",source: ""syscall"",type: ""Artifact"",version: ""1835"",hash: ""d459039626d805465ae27d8973998714""})"
"(:VERTEX {memory address: ""7f63bd2e2000"",size: ""11000"",subtype: ""memory"",tgid: ""172956"",source: ""syscall"",type: ""Artifact"",version: ""1836"",hash: ""40d516cbfe09f6d92ad58b0587f217d7""})"
"(:VERTEX {memory address: ""7f63bd2e2000"",size: ""11000"",subtype: ""memory"",tgid: ""172956"",source: ""syscall"",type: ""Artifact"",version: ""1837"",hash: ""3afc4d70d7893bd13b52456c075350d1""})"
"(:VERTEX {memory address: ""7f63bd2e2000"",size: ""11000"",subtype: ""memory"",tgid: ""172956"",source: ""syscall"",type: ""Artifact"",version: ""1838"",hash: ""c2398e62170acf65951ced445862b9e3""})"
"(:VERTEX {memory address: ""7f63bd2e2000"",size: ""11000"",subtype: ""memory"",tgid: ""172956"",source: ""syscall"",type: ""Artifact"",version: ""1839"",hash: ""91b4872ebcadece2b425406097302c76""})"
"(:VERTEX {memory address: ""7f63bd2e2000"",size: ""11000"",subtype: ""memory"",tgid: ""172956"",source: ""syscall"",type: ""Artifact"",version: ""1840"",hash: ""1de2d248ebd05ac0c6cd556b4bec9074""})"
"(:VERTEX {memory address: ""7f63bd2e2000"",size: ""11000"",subtype: ""memory"",tgid: ""172956"",source: ""syscall"",type: ""Artifact"",version: ""1841"",hash: ""5ea237e0b5c588a43fc42e204d4048f1""})"
"(:VERTEX {memory address: ""7f63bd2e2000"",size: ""11000"",subtype: ""memory"",tgid: ""172956"",source: ""syscall"",type: ""Artifact"",version: ""1842"",hash: ""90b6cf93580bc64ef12d980128b4b1f4""})"
"(:VERTEX {memory address: ""7f63bd2e2000"",size: ""11000"",subtype: ""memory"",tgid: ""172956"",source: ""syscall"",type: ""Artifact"",version: ""1843"",hash: ""0fefa6120082b441ea63d48f10baf075""})"
"(:VERTEX {memory address: ""7f63bd2e2000"",size: ""11000"",subtype: ""memory"",tgid: ""172956"",source: ""syscall"",type: ""Artifact"",version: ""1844"",hash: ""552f49f169ff4cbce57eaa0245042242""})"
"(:VERTEX {memory address: ""7f63bd2e2000"",size: ""11000"",subtype: ""memory"",tgid: ""172956"",source: ""syscall"",type: ""Artifact"",version: ""1845"",hash: ""471df038b4ab1a787195954ebcbf392e""})"
"(:VERTEX {memory address: ""7f63bd2e2000"",size: ""11000"",subtype: ""memory"",tgid: ""172956"",source: ""syscall"",type: ""Artifact"",version: ""1846"",hash: ""b85d5aca7a1cf4d2be5946624ce24551""})"
"(:VERTEX {memory address: ""7f63bd2e2000"",size: ""11000"",subtype: ""memory"",tgid: ""172956"",source: ""syscall"",type: ""Artifact"",version: ""1847"",hash: ""fc0d439b265582afeba7a416906a4981""})"
"(:VERTEX {memory address: ""7f63bd2e2000"",size: ""11000"",subtype: ""memory"",tgid: ""172956"",source: ""syscall"",type: ""Artifact"",version: ""1848"",hash: ""a86667bf787c644c7d4044353fedec14""})"
"(:VERTEX {memory address: ""7f63bd2e2000"",size: ""11000"",subtype: ""memory"",tgid: ""172956"",source: ""syscall"",type: ""Artifact"",version: ""1849"",hash: ""ba7babf7bcafe22ed31fcf2720131807""})"
"(:VERTEX {memory address: ""7f63bd2e2000"",size: ""11000"",subtype: ""memory"",tgid: ""172956"",source: ""syscall"",type: ""Artifact"",version: ""1850"",hash: ""882b702d6f094843856a85543a7ee79b""})"
"(:VERTEX {memory address: ""7f63bd2e2000"",size: ""11000"",subtype: ""memory"",tgid: ""172956"",source: ""syscall"",type: ""Artifact"",version: ""1851"",hash: ""b85937cf7d287beb805e592d8b28adcf""})"
"(:VERTEX {memory address: ""7f63bd2e2000"",size: ""11000"",subtype: ""memory"",tgid: ""172956"",source: ""syscall"",type: ""Artifact"",version: ""1852"",hash: ""54b02efb31dd13d73b35e16d0e406a30""})"
"(:VERTEX {memory address: ""7f63bd2e2000"",size: ""11000"",subtype: ""memory"",tgid: ""172956"",source: ""syscall"",type: ""Artifact"",version: ""1853"",hash: ""7defdea263d08be867cde803effdab00""})"
"(:VERTEX {memory address: ""7f63bd2e2000"",size: ""11000"",subtype: ""memory"",tgid: ""172956"",source: ""syscall"",type: ""Artifact"",version: ""1854"",hash: ""dc2baa3b3196ca3fbe3be5737a7cf478""})"
"(:VERTEX {memory address: ""7f63bd2e2000"",size: ""11000"",subtype: ""memory"",tgid: ""172956"",source: ""syscall"",type: ""Artifact"",version: ""1855"",hash: ""5534959e45644a6713fe3b6e53baf458""})"
"(:VERTEX {memory address: ""7f17b7809000"",size: ""11000"",subtype: ""memory"",tgid: ""173004"",source: ""syscall"",type: ""Artifact"",version: ""136"",hash: ""361b3f60171f65a1196467d06b3b4462""})"
"(:VERTEX {memory address: ""7f17b78fb000"",size: ""1000"",subtype: ""memory"",tgid: ""173004"",source: ""syscall"",type: ""Artifact"",version: ""13"",hash: ""25a8525c7056d896262c525be8689741""})"
"(:VERTEX {memory address: ""7f17b7809000"",size: ""11000"",subtype: ""memory"",tgid: ""173004"",source: ""syscall"",type: ""Artifact"",version: ""137"",hash: ""ec4f28b3ed4e0d045f01bfa26bf684a8""})"
"(:VERTEX {memory address: ""7f63bd2e2000"",size: ""11000"",subtype: ""memory"",tgid: ""172956"",source: ""syscall"",type: ""Artifact"",version: ""1856"",hash: ""c4b8456ab1da022ccc7a5a6a72b89a5c""})"
"(:VERTEX {memory address: ""7f63bd2e2000"",size: ""11000"",subtype: ""memory"",tgid: ""172956"",source: ""syscall"",type: ""Artifact"",version: ""1857"",hash: ""7df1a09e91005cefc0d42302835cf39f""})"
"(:VERTEX {memory address: ""7f63bd2e2000"",size: ""11000"",subtype: ""memory"",tgid: ""172956"",source: ""syscall"",type: ""Artifact"",version: ""1858"",hash: ""a2af07098f82c66559ffbd33351cff44""})"
"(:VERTEX {memory address: ""1c0561980000"",size: ""40000"",subtype: ""memory"",tgid: ""172956"",source: ""syscall"",type: ""Artifact"",version: ""16"",hash: ""9a4dcc700d6e2777c9b98646557016d7""})"
"(:VERTEX {memory address: ""ce06300000"",size: ""40000"",subtype: ""memory"",tgid: ""172956"",source: ""syscall"",type: ""Artifact"",version: ""16"",hash: ""a969d52be2fb57360fa95cf19768a68f""})"
"(:VERTEX {memory address: ""24c73be40000"",size: ""40000"",subtype: ""memory"",tgid: ""172956"",source: ""syscall"",type: ""Artifact"",version: ""16"",hash: ""9561d7d335da5d06cac6704e525cbdb4""})"
"(:VERTEX {memory address: ""1dce6d6c0000"",size: ""40000"",subtype: ""memory"",tgid: ""172956"",source: ""syscall"",type: ""Artifact"",version: ""16"",hash: ""b4730157c24f1b00e4f16d953ebb8e07""})"
"(:VERTEX {memory address: ""7f63bd2ef000"",size: ""4000"",subtype: ""memory"",tgid: ""172956"",source: ""syscall"",type: ""Artifact"",version: ""71"",hash: ""bec89c76e9f4e53dccd54bc48d9ebf90""})"
"(:VERTEX {memory address: ""7f63bd2eb000"",size: ""4000"",subtype: ""memory"",tgid: ""172956"",source: ""syscall"",type: ""Artifact"",version: ""58"",hash: ""10946e1e733b99af55a2446dd00d6869""})"
"(:VERTEX {memory address: ""11f76ac0000"",size: ""40000"",subtype: ""memory"",tgid: ""172956"",source: ""syscall"",type: ""Artifact"",version: ""66"",hash: ""ab0213646d00336bd0b06689559a1c33""})"
"(:VERTEX {memory address: ""31798280000"",size: ""40000"",subtype: ""memory"",tgid: ""172956"",source: ""syscall"",type: ""Artifact"",version: ""66"",hash: ""eb302d435c64a4c322f68d74f834314d""})"
"(:VERTEX {memory address: ""7cb45600000"",size: ""40000"",subtype: ""memory"",tgid: ""172956"",source: ""syscall"",type: ""Artifact"",version: ""66"",hash: ""e0f78e21ec8720a3f589a8bd2bee5bc6""})"
"(:VERTEX {memory address: ""3030c7dc0000"",size: ""40000"",subtype: ""memory"",tgid: ""172956"",source: ""syscall"",type: ""Artifact"",version: ""66"",hash: ""6648580e2c1417363888843728c54cef""})"
"(:VERTEX {memory address: ""7f63bd2e2000"",size: ""11000"",subtype: ""memory"",tgid: ""172956"",source: ""syscall"",type: ""Artifact"",version: ""1859"",hash: ""f0e64c644c3b6c51c098d2e6a38d02e2""})"
"(:VERTEX {memory address: ""7f63bd2e2000"",size: ""11000"",subtype: ""memory"",tgid: ""172956"",source: ""syscall"",type: ""Artifact"",version: ""1860"",hash: ""76c948af067c1af5bae6458cd9ee0a53""})"
"(:VERTEX {memory address: ""7f63bd2e2000"",size: ""11000"",subtype: ""memory"",tgid: ""172956"",source: ""syscall"",type: ""Artifact"",version: ""1861"",hash: ""367efe1f63d387d805f955ff1e8d27a1""})"
"(:VERTEX {memory address: ""7f23edf6a000"",size: ""13000"",subtype: ""memory"",tgid: ""172093"",source: ""syscall"",type: ""Artifact"",version: ""0"",hash: ""8c67584d3c4a9742fa5cd417666222e6""})"
"(:VERTEX {memory address: ""7f23edf56000"",size: ""14000"",subtype: ""memory"",tgid: ""172093"",source: ""syscall"",type: ""Artifact"",version: ""0"",hash: ""5b11f84dd3db31a30f75db9ace548f81""})"
"(:VERTEX {memory address: ""7f23edf74000"",size: ""9000"",subtype: ""memory"",tgid: ""172093"",source: ""syscall"",type: ""Artifact"",version: ""0"",hash: ""50d17cb3021361f2efb407ee3b53ffb2""})"
"(:VERTEX {memory address: ""7f23edf6b000"",size: ""9000"",subtype: ""memory"",tgid: ""172093"",source: ""syscall"",type: ""Artifact"",version: ""0"",hash: ""c982a04625b1329ac2aa1cf9b924e1e9""})"
"(:VERTEX {memory address: ""7f23edf73000"",size: ""a000"",subtype: ""memory"",tgid: ""172093"",source: ""syscall"",type: ""Artifact"",version: ""1"",hash: ""7bfc7dcae203bb0154dd1c532ad1c640""})"
"(:VERTEX {memory address: ""7f23edf69000"",size: ""a000"",subtype: ""memory"",tgid: ""172093"",source: ""syscall"",type: ""Artifact"",version: ""0"",hash: ""36ec8089888d5cbd9870ed31928fb0e8""})"
"(:VERTEX {memory address: ""7f63bd2e2000"",size: ""11000"",subtype: ""memory"",tgid: ""172956"",source: ""syscall"",type: ""Artifact"",version: ""1862"",hash: ""9f88d12f6681748b2a3de21f701b3eef""})"
"(:VERTEX {memory address: ""7f63bd2e2000"",size: ""11000"",subtype: ""memory"",tgid: ""172956"",source: ""syscall"",type: ""Artifact"",version: ""1863"",hash: ""8695a9b50328679c5a9f6a9674aca173""})"
"(:VERTEX {memory address: ""7f63bd2e2000"",size: ""11000"",subtype: ""memory"",tgid: ""172956"",source: ""syscall"",type: ""Artifact"",version: ""1864"",hash: ""73148cae7c1c17349447ac84e42a052d""})"
"(:VERTEX {memory address: ""7f63bd2e2000"",size: ""11000"",subtype: ""memory"",tgid: ""172956"",source: ""syscall"",type: ""Artifact"",version: ""1865"",hash: ""dd500d8251963a5cbb84f05c1ac3b053""})"
"(:VERTEX {memory address: ""c0007f0000"",size: ""10000"",subtype: ""memory"",tgid: ""172248"",source: ""syscall"",type: ""Artifact"",version: ""0"",hash: ""b1c8c700ed2e59763a0d4b05789da224""})"
"(:VERTEX {memory address: ""c0007e8000"",size: ""8000"",subtype: ""memory"",tgid: ""172248"",source: ""syscall"",type: ""Artifact"",version: ""0"",hash: ""d045f77939445ab17c15ceca23ade11a""})"
"(:VERTEX {memory address: ""c0007d6000"",size: ""8000"",subtype: ""memory"",tgid: ""172248"",source: ""syscall"",type: ""Artifact"",version: ""0"",hash: ""95e7023c02b83e605796fdaff65c4077""})"
"(:VERTEX {memory address: ""c0007d0000"",size: ""6000"",subtype: ""memory"",tgid: ""172248"",source: ""syscall"",type: ""Artifact"",version: ""0"",hash: ""715c7a849fec1e9e81f7f2483d21c61e""})"
"(:VERTEX {memory address: ""c0007ca000"",size: ""4000"",subtype: ""memory"",tgid: ""172248"",source: ""syscall"",type: ""Artifact"",version: ""0"",hash: ""8fb5ab7274ee0e035f6aa38e2c4c1b05""})"
"(:VERTEX {memory address: ""c0007c6000"",size: ""2000"",subtype: ""memory"",tgid: ""172248"",source: ""syscall"",type: ""Artifact"",version: ""0"",hash: ""fc07f2e73915153eabafa90dd67c0066""})"
"(:VERTEX {memory address: ""c0007ae000"",size: ""2000"",subtype: ""memory"",tgid: ""172248"",source: ""syscall"",type: ""Artifact"",version: ""0"",hash: ""e2539fb86e5461465248c864c3645404""})"
"(:VERTEX {memory address: ""c000794000"",size: ""2000"",subtype: ""memory"",tgid: ""172248"",source: ""syscall"",type: ""Artifact"",version: ""0"",hash: ""d6aff32c7164ade185e0af864ed02b65""})"
"(:VERTEX {memory address: ""c00078e000"",size: ""6000"",subtype: ""memory"",tgid: ""172248"",source: ""syscall"",type: ""Artifact"",version: ""0"",hash: ""0d1a8b2416e3e26942ecce73fbe2cbc0""})"
"(:VERTEX {memory address: ""c000758000"",size: ""2000"",subtype: ""memory"",tgid: ""172248"",source: ""syscall"",type: ""Artifact"",version: ""0"",hash: ""9b7622844c7d43f75fc851d67761d795""})"
"(:VERTEX {memory address: ""c000746000"",size: ""2000"",subtype: ""memory"",tgid: ""172248"",source: ""syscall"",type: ""Artifact"",version: ""0"",hash: ""76f207fc56e75b6b58ace78b79f07bb4""})"
"(:VERTEX {memory address: ""c000726000"",size: ""8000"",subtype: ""memory"",tgid: ""172248"",source: ""syscall"",type: ""Artifact"",version: ""0"",hash: ""61c0540387d2dddea0ddff333b6edc06""})"
"(:VERTEX {memory address: ""c00071e000"",size: ""4000"",subtype: ""memory"",tgid: ""172248"",source: ""syscall"",type: ""Artifact"",version: ""0"",hash: ""ef37dc5a5d5a1437aa47f8bd41f2aa5e""})"
"(:VERTEX {memory address: ""7f23edf74000"",size: ""9000"",subtype: ""memory"",tgid: ""172093"",source: ""syscall"",type: ""Artifact"",version: ""1"",hash: ""68ea81f50a92e9d1f2530c98c8e84e9a""})"
"(:VERTEX {memory address: ""7f23edf6b000"",size: ""9000"",subtype: ""memory"",tgid: ""172093"",source: ""syscall"",type: ""Artifact"",version: ""1"",hash: ""649596c4045d469bafe2f51c8859dd44""})"
"(:VERTEX {memory address: ""7f23edf62000"",size: ""9000"",subtype: ""memory"",tgid: ""172093"",source: ""syscall"",type: ""Artifact"",version: ""0"",hash: ""f920825cc8b42b21a04ee186cccbd79b""})"
"(:VERTEX {memory address: ""7f23edf59000"",size: ""9000"",subtype: ""memory"",tgid: ""172093"",source: ""syscall"",type: ""Artifact"",version: ""0"",hash: ""973a9c711c325c610a100eac6745a0f2""})"
"(:VERTEX {memory address: ""7f23eded9000"",size: ""80000"",subtype: ""memory"",tgid: ""172093"",source: ""syscall"",type: ""Artifact"",version: ""0"",hash: ""cc1026b5fe59856ce80816c9423856a6""})"
"(:VERTEX {memory address: ""7f23edf59000"",size: ""9000"",subtype: ""memory"",tgid: ""172093"",source: ""syscall"",type: ""Artifact"",version: ""1"",hash: ""9cf0f708751c4d24e98fafbb0c44f11f""})"
"(:VERTEX {memory address: ""7f23edec8000"",size: ""11000"",subtype: ""memory"",tgid: ""172093"",source: ""syscall"",type: ""Artifact"",version: ""0"",hash: ""42e67935859e1db0f3f578adc626d8e2""})"
"(:VERTEX {memory address: ""7f23edebf000"",size: ""9000"",subtype: ""memory"",tgid: ""172093"",source: ""syscall"",type: ""Artifact"",version: ""0"",hash: ""a7ac9c13d49285dbd793b9e384f1ec61""})"
"(:VERTEX {memory address: ""7f23edea2000"",size: ""1d000"",subtype: ""memory"",tgid: ""172093"",source: ""syscall"",type: ""Artifact"",version: ""0"",hash: ""324c61187586ff99bbf88e451fb9ab92""})"
"(:VERTEX {memory address: ""7f23ede9f000"",size: ""20000"",subtype: ""memory"",tgid: ""172093"",source: ""syscall"",type: ""Artifact"",version: ""0"",hash: ""cddcbae9bda5923e13bd91dafa94d306""})"
"(:VERTEX {memory address: ""7f23ede9f000"",size: ""20000"",subtype: ""memory"",tgid: ""172093"",source: ""syscall"",type: ""Artifact"",version: ""1"",hash: ""0fdef586014e3f80e347283cbfb42203""})"
"(:VERTEX {memory address: ""7f23ede9f000"",size: ""20000"",subtype: ""memory"",tgid: ""172093"",source: ""syscall"",type: ""Artifact"",version: ""2"",hash: ""9bf087ddf542f2bd031e0771854304d0""})"
"(:VERTEX {memory address: ""7f23ede9f000"",size: ""20000"",subtype: ""memory"",tgid: ""172093"",source: ""syscall"",type: ""Artifact"",version: ""3"",hash: ""0f083732afcd6554bf8880c31f884438""})"
"(:VERTEX {memory address: ""7f23edeb4000"",size: ""b000"",subtype: ""memory"",tgid: ""172093"",source: ""syscall"",type: ""Artifact"",version: ""0"",hash: ""2fa263f4d9436470dbc55498da03b193""})"
"(:VERTEX {memory address: ""7f23edea9000"",size: ""b000"",subtype: ""memory"",tgid: ""172093"",source: ""syscall"",type: ""Artifact"",version: ""0"",hash: ""b04910b645e43c8d295159288e3b4ed0""})"
"(:VERTEX {memory address: ""7f23ede93000"",size: ""16000"",subtype: ""memory"",tgid: ""172093"",source: ""syscall"",type: ""Artifact"",version: ""0"",hash: ""deab37757be6c4e541c9978c6af8e94b""})"
"(:VERTEX {memory address: ""7f23ede13000"",size: ""80000"",subtype: ""memory"",tgid: ""172093"",source: ""syscall"",type: ""Artifact"",version: ""0"",hash: ""f131b5a1c4e8d6bc3f64e2296dabeed7""})"
"(:VERTEX {memory address: ""7f23ede0a000"",size: ""9000"",subtype: ""memory"",tgid: ""172093"",source: ""syscall"",type: ""Artifact"",version: ""0"",hash: ""70af00667cace95caa70c0fbee072670""})"
"(:VERTEX {memory address: ""7f23eddcf000"",size: ""3a7c4"",subtype: ""memory"",tgid: ""172093"",source: ""syscall"",type: ""Artifact"",version: ""0"",hash: ""b77a68429e4261cad476afe86b3653d3""})"
"(:VERTEX {memory address: ""7f23edd91000"",size: ""3d68c"",subtype: ""memory"",tgid: ""172093"",source: ""syscall"",type: ""Artifact"",version: ""0"",hash: ""1bba57ae95e59fbf0a2266f1646db8c3""})"
"(:VERTEX {memory address: ""7f23edec8000"",size: ""11000"",subtype: ""memory"",tgid: ""172093"",source: ""syscall"",type: ""Artifact"",version: ""1"",hash: ""36bd1c5f6a36bba03abfa984f8a11020""})"
"(:VERTEX {memory address: ""7f23eddf8000"",size: ""12000"",subtype: ""memory"",tgid: ""172093"",source: ""syscall"",type: ""Artifact"",version: ""0"",hash: ""97e04c3e332da881982b9f6e617e4ca2""})"
"(:VERTEX {memory address: ""7f23edf6b000"",size: ""9000"",subtype: ""memory"",tgid: ""172093"",source: ""syscall"",type: ""Artifact"",version: ""2"",hash: ""6bcd5fe7e89b77770c9bd67e4f7426d5""})"
"(:VERTEX {memory address: ""7f23edde5000"",size: ""24564"",subtype: ""memory"",tgid: ""172093"",source: ""syscall"",type: ""Artifact"",version: ""0"",hash: ""bb6eb32454541f666a96021bc9803d6d""})"
"(:VERTEX {memory address: ""7f23eddbe000"",size: ""26274"",subtype: ""memory"",tgid: ""172093"",source: ""syscall"",type: ""Artifact"",version: ""0"",hash: ""dd0c16563864e61be07cceb2a3c7639c""})"
"(:VERTEX {memory address: ""7f23edddc000"",size: ""2dfc4"",subtype: ""memory"",tgid: ""172093"",source: ""syscall"",type: ""Artifact"",version: ""0"",hash: ""6268e5d6b6aac4db980e16807272107a""})"
"(:VERTEX {memory address: ""7f23eddab000"",size: ""3048c"",subtype: ""memory"",tgid: ""172093"",source: ""syscall"",type: ""Artifact"",version: ""0"",hash: ""ce1441e89ebd39b2f08dc4d93ba89543""})"
"(:VERTEX {memory address: ""7f23eddd4000"",size: ""35684"",subtype: ""memory"",tgid: ""172093"",source: ""syscall"",type: ""Artifact"",version: ""0"",hash: ""8740a66bab18bb6c72e6c15490a4b4e9""})"
"(:VERTEX {memory address: ""7f23edd9b000"",size: ""3813c"",subtype: ""memory"",tgid: ""172093"",source: ""syscall"",type: ""Artifact"",version: ""0"",hash: ""c98e58f6d73b35e7800a78a0c4b607f5""})"
"(:VERTEX {memory address: ""7f23eddd1000"",size: ""38ba4"",subtype: ""memory"",tgid: ""172093"",source: ""syscall"",type: ""Artifact"",version: ""0"",hash: ""3cbe81b0d82d2a2823aaaa8103983513""})"
"(:VERTEX {memory address: ""7f23edd95000"",size: ""3b904"",subtype: ""memory"",tgid: ""172093"",source: ""syscall"",type: ""Artifact"",version: ""0"",hash: ""db62560f75ed6b7f648bee2dce78fd4e""})"
"(:VERTEX {memory address: ""7f23edf59000"",size: ""9000"",subtype: ""memory"",tgid: ""172093"",source: ""syscall"",type: ""Artifact"",version: ""2"",hash: ""0ed4b917ab2748ef47bbf4f2909a8a0b""})"
"(:VERTEX {memory address: ""7f63bd2e2000"",size: ""11000"",subtype: ""memory"",tgid: ""172956"",source: ""syscall"",type: ""Artifact"",version: ""1866"",hash: ""c0d73f8133d9b7d93adfc60ee133e0a1""})"
"(:VERTEX {memory address: ""7f63bd2e2000"",size: ""11000"",subtype: ""memory"",tgid: ""172956"",source: ""syscall"",type: ""Artifact"",version: ""1867"",hash: ""1e7fee13512e14385518c4ee61101976""})"
"(:VERTEX {memory address: ""7f63bd2e2000"",size: ""11000"",subtype: ""memory"",tgid: ""172956"",source: ""syscall"",type: ""Artifact"",version: ""1868"",hash: ""da5d5207e085448a1d5c9cd77967f70e""})"
"(:VERTEX {memory address: ""7f63bd2e2000"",size: ""11000"",subtype: ""memory"",tgid: ""172956"",source: ""syscall"",type: ""Artifact"",version: ""1869"",hash: ""72b9060ccba06843ffdb3dcc3884d9e2""})"
"(:VERTEX {memory address: ""7f23edf64000"",size: ""19000"",subtype: ""memory"",tgid: ""172093"",source: ""syscall"",type: ""Artifact"",version: ""1"",hash: ""14a676c6f902f9fc4571d14b04aacc60""})"
"(:VERTEX {memory address: ""7f23edf73000"",size: ""a000"",subtype: ""memory"",tgid: ""172093"",source: ""syscall"",type: ""Artifact"",version: ""2"",hash: ""a43cbfbb2131da6ab5f8c147d6ac3c67""})"
"(:VERTEX {memory address: ""7f23edebc000"",size: ""1d000"",subtype: ""memory"",tgid: ""172093"",source: ""syscall"",type: ""Artifact"",version: ""0"",hash: ""b365f7408dc062169e7a82bb07278edb""})"
"(:VERTEX {memory address: ""7f23ede9e000"",size: ""1e000"",subtype: ""memory"",tgid: ""172093"",source: ""syscall"",type: ""Artifact"",version: ""0"",hash: ""b7afee33453950bea6d23399e583dcac""})"
"(:VERTEX {memory address: ""7f23edf69000"",size: ""a000"",subtype: ""memory"",tgid: ""172093"",source: ""syscall"",type: ""Artifact"",version: ""1"",hash: ""05c208af2b80d096a5ea0bcbcb4d8df7""})"
"(:VERTEX {memory address: ""7f23edf5f000"",size: ""a000"",subtype: ""memory"",tgid: ""172093"",source: ""syscall"",type: ""Artifact"",version: ""0"",hash: ""0f3f2678aadbeedd96e8b65f482eb35e""})"
"(:VERTEX {memory address: ""7f23edf69000"",size: ""a000"",subtype: ""memory"",tgid: ""172093"",source: ""syscall"",type: ""Artifact"",version: ""2"",hash: ""d078ae05351caba9b07fb110ed8c9990""})"
"(:VERTEX {memory address: ""7f23edf5e000"",size: ""b000"",subtype: ""memory"",tgid: ""172093"",source: ""syscall"",type: ""Artifact"",version: ""0"",hash: ""ca550f0c88427c5fc63db4f642a62d0a""})"
"(:VERTEX {memory address: ""7f23edf66000"",size: ""d000"",subtype: ""memory"",tgid: ""172093"",source: ""syscall"",type: ""Artifact"",version: ""0"",hash: ""9f62633a1eb49633ad1ac0a12f9bcf8c""})"
"(:VERTEX {memory address: ""7f23edecb000"",size: ""e000"",subtype: ""memory"",tgid: ""172093"",source: ""syscall"",type: ""Artifact"",version: ""0"",hash: ""f264b24ef573136e17e2f32b56befaf6""})"
"(:VERTEX {memory address: ""7f23edf65000"",size: ""e000"",subtype: ""memory"",tgid: ""172093"",source: ""syscall"",type: ""Artifact"",version: ""0"",hash: ""0d62005257152513c6a687d182f6dac1""})"
"(:VERTEX {memory address: ""7f23edeca000"",size: ""f000"",subtype: ""memory"",tgid: ""172093"",source: ""syscall"",type: ""Artifact"",version: ""0"",hash: ""98f8855bbf902e732d370598f892eade""})"
"(:VERTEX {memory address: ""7f63bd2e2000"",size: ""11000"",subtype: ""memory"",tgid: ""172956"",source: ""syscall"",type: ""Artifact"",version: ""1870"",hash: ""c55b2eeeeb2e0aa3e0d91d3495f0c11b""})"
"(:VERTEX {memory address: ""7f63bd2e2000"",size: ""11000"",subtype: ""memory"",tgid: ""172956"",source: ""syscall"",type: ""Artifact"",version: ""1871"",hash: ""afd0271dd9969b895dbab8647fc4a784""})"
"(:VERTEX {memory address: ""7f63bd2e2000"",size: ""11000"",subtype: ""memory"",tgid: ""172956"",source: ""syscall"",type: ""Artifact"",version: ""1872"",hash: ""7632f8dcfb8f3e2421e0e7824a681ef2""})"
"(:VERTEX {memory address: ""7f63bd2e2000"",size: ""11000"",subtype: ""memory"",tgid: ""172956"",source: ""syscall"",type: ""Artifact"",version: ""1873"",hash: ""0a8613176bd4aeaf70a1f5a8dae0757a""})"
"(:VERTEX {memory address: ""7f63bd2e2000"",size: ""11000"",subtype: ""memory"",tgid: ""172956"",source: ""syscall"",type: ""Artifact"",version: ""1874"",hash: ""519742c69cec88c21aecfd8f944d0a87""})"
"(:VERTEX {memory address: ""7f63bd2e2000"",size: ""11000"",subtype: ""memory"",tgid: ""172956"",source: ""syscall"",type: ""Artifact"",version: ""1875"",hash: ""bed258d399e5efa90ab0377720a9d4d3""})"
"(:VERTEX {memory address: ""7f17b7809000"",size: ""11000"",subtype: ""memory"",tgid: ""173004"",source: ""syscall"",type: ""Artifact"",version: ""138"",hash: ""526e116535c44eaa2b556ef4000bf1b8""})"
"(:VERTEX {memory address: ""7f17b78fb000"",size: ""1000"",subtype: ""memory"",tgid: ""173004"",source: ""syscall"",type: ""Artifact"",version: ""14"",hash: ""a7fd83eee8b9a98b5164fb3fbd6449b5""})"
"(:VERTEX {memory address: ""7f17b7809000"",size: ""11000"",subtype: ""memory"",tgid: ""173004"",source: ""syscall"",type: ""Artifact"",version: ""139"",hash: ""4b5aa898075a3f67180c6820c49cfd77""})"
"(:VERTEX {memory address: ""7f63bd2e2000"",size: ""11000"",subtype: ""memory"",tgid: ""172956"",source: ""syscall"",type: ""Artifact"",version: ""1876"",hash: ""36dc7fe7aa355ca8a900cfcd8e58beae""})"
"(:VERTEX {memory address: ""7f63bd2e2000"",size: ""11000"",subtype: ""memory"",tgid: ""172956"",source: ""syscall"",type: ""Artifact"",version: ""1877"",hash: ""dd716719c6a48a02ed59b1bebca033b9""})"
"(:VERTEX {memory address: ""7f63bd2e2000"",size: ""11000"",subtype: ""memory"",tgid: ""172956"",source: ""syscall"",type: ""Artifact"",version: ""1878"",hash: ""bb8844a063faaaf572257508253267c5""})"
"(:VERTEX {memory address: ""7f23edef9000"",size: ""7000"",subtype: ""memory"",tgid: ""172093"",source: ""syscall"",type: ""Artifact"",version: ""0"",hash: ""4ba171bf6011fa74fe8f6d7101c7d5f3""})"
"(:VERTEX {memory address: ""7f23ede53000"",size: ""7000"",subtype: ""memory"",tgid: ""172093"",source: ""syscall"",type: ""Artifact"",version: ""0"",hash: ""d7fb7d67c1ad2cc4aaff6e6a9c24b095""})"
"(:VERTEX {memory address: ""7f23edee1000"",size: ""7000"",subtype: ""memory"",tgid: ""172093"",source: ""syscall"",type: ""Artifact"",version: ""0"",hash: ""d6b794e55e64f078696cec1ae89482d6""})"
"(:VERTEX {memory address: ""7f23edf19000"",size: ""7000"",subtype: ""memory"",tgid: ""172093"",source: ""syscall"",type: ""Artifact"",version: ""0"",hash: ""95066c1fe39e7cf2ab467de008508bfb""})"
"(:VERTEX {memory address: ""7f23ede33000"",size: ""7000"",subtype: ""memory"",tgid: ""172093"",source: ""syscall"",type: ""Artifact"",version: ""0"",hash: ""fdc15ec6c4a56e651568289e1d69a8b0""})"
"(:VERTEX {memory address: ""7f23edf09000"",size: ""7000"",subtype: ""memory"",tgid: ""172093"",source: ""syscall"",type: ""Artifact"",version: ""0"",hash: ""8d7da3faaf1e14fab10700b5c87f040e""})"
"(:VERTEX {memory address: ""7f23ede73000"",size: ""7000"",subtype: ""memory"",tgid: ""172093"",source: ""syscall"",type: ""Artifact"",version: ""0"",hash: ""426f1c4a603cf9d2f701d1a11b744526""})"
"(:VERTEX {memory address: ""7f23ede63000"",size: ""7000"",subtype: ""memory"",tgid: ""172093"",source: ""syscall"",type: ""Artifact"",version: ""0"",hash: ""8af7f90ccda883696be0c777d6f23782""})"
"(:VERTEX {memory address: ""7f23edf01000"",size: ""7000"",subtype: ""memory"",tgid: ""172093"",source: ""syscall"",type: ""Artifact"",version: ""0"",hash: ""291f066f2f0ef1fc90c9d10c944e5a4c""})"
"(:VERTEX {memory address: ""7f23ede4b000"",size: ""7000"",subtype: ""memory"",tgid: ""172093"",source: ""syscall"",type: ""Artifact"",version: ""0"",hash: ""773958df6678c2675cef9f866d54d3cb""})"
"(:VERTEX {memory address: ""7f63bd2e2000"",size: ""11000"",subtype: ""memory"",tgid: ""172956"",source: ""syscall"",type: ""Artifact"",version: ""1879"",hash: ""4fbc7cfc6369865bcff25ac299a53585""})"
"(:VERTEX {memory address: ""7f63bd2e2000"",size: ""11000"",subtype: ""memory"",tgid: ""172956"",source: ""syscall"",type: ""Artifact"",version: ""1880"",hash: ""e32462662decfe499320c3b08846b9e9""})"
"(:VERTEX {memory address: ""7f63bd2e2000"",size: ""11000"",subtype: ""memory"",tgid: ""172956"",source: ""syscall"",type: ""Artifact"",version: ""1881"",hash: ""f6ff9bb21462da979679f1a99cc871d9""})"
"(:VERTEX {memory address: ""7f63bd2e2000"",size: ""11000"",subtype: ""memory"",tgid: ""172956"",source: ""syscall"",type: ""Artifact"",version: ""1882"",hash: ""b02319285a842614ab098f9e13443e2f""})"
"(:VERTEX {memory address: ""7f63bd2e2000"",size: ""11000"",subtype: ""memory"",tgid: ""172956"",source: ""syscall"",type: ""Artifact"",version: ""1883"",hash: ""8de31ac39d95d20ba100ccc25467b9d2""})"
"(:VERTEX {memory address: ""7f63bd2e2000"",size: ""11000"",subtype: ""memory"",tgid: ""172956"",source: ""syscall"",type: ""Artifact"",version: ""1884"",hash: ""9a35e95eee22213bb462d4c2c4d8fe4f""})"
"(:VERTEX {memory address: ""7f63bd2e2000"",size: ""11000"",subtype: ""memory"",tgid: ""172956"",source: ""syscall"",type: ""Artifact"",version: ""1885"",hash: ""b1b3ce8b402b5febaa5a2064e51dd583""})"
"(:VERTEX {memory address: ""7f63bd2e2000"",size: ""11000"",subtype: ""memory"",tgid: ""172956"",source: ""syscall"",type: ""Artifact"",version: ""1886"",hash: ""b27062b0514bdcadaccb8c1a01e39dc2""})"
"(:VERTEX {memory address: ""7f63bd2f1000"",size: ""2000"",subtype: ""memory"",tgid: ""172956"",source: ""syscall"",type: ""Artifact"",version: ""115"",hash: ""0fd6130b79c791f17d8c9df3b21e221e""})"
"(:VERTEX {memory address: ""7f63bd2e8000"",size: ""9000"",subtype: ""memory"",tgid: ""172956"",source: ""syscall"",type: ""Artifact"",version: ""51"",hash: ""0e4922a0b3657effe1c13473faacb26e""})"
"(:VERTEX {memory address: ""7f63bd1bd000"",size: ""9000"",subtype: ""memory"",tgid: ""172956"",source: ""syscall"",type: ""Artifact"",version: ""336"",hash: ""61c77cdf79da6a95680ea37f0a8eb724""})"
"(:VERTEX {memory address: ""7f63bb15d000"",size: ""9000"",subtype: ""memory"",tgid: ""172956"",source: ""syscall"",type: ""Artifact"",version: ""199"",hash: ""57c45f50ca2dbd5f4dde86f77f16726e""})"
"(:VERTEX {memory address: ""7f63bd1bd000"",size: ""9000"",subtype: ""memory"",tgid: ""172956"",source: ""syscall"",type: ""Artifact"",version: ""337"",hash: ""8cb5441a009056a9ad789d3fff914132""})"
"(:VERTEX {memory address: ""7f63bb104000"",size: ""11000"",subtype: ""memory"",tgid: ""172956"",source: ""syscall"",type: ""Artifact"",version: ""11"",hash: ""51d8db79cb1598a3d9d7213c4bb215cf""})"
"(:VERTEX {memory address: ""7f63bd2e2000"",size: ""11000"",subtype: ""memory"",tgid: ""172956"",source: ""syscall"",type: ""Artifact"",version: ""1887"",hash: ""081d2f4d2107148171acc2e607d42ce9""})"
"(:VERTEX {memory address: ""7f63bd2e2000"",size: ""11000"",subtype: ""memory"",tgid: ""172956"",source: ""syscall"",type: ""Artifact"",version: ""1888"",hash: ""0519e0c06396372c36b2bd2863b979a6""})"
"(:VERTEX {memory address: ""7f63bd2e2000"",size: ""11000"",subtype: ""memory"",tgid: ""172956"",source: ""syscall"",type: ""Artifact"",version: ""1889"",hash: ""5e68bb77b192c8294cafad44610cb399""})"
"(:VERTEX {memory address: ""7f63bd2e2000"",size: ""11000"",subtype: ""memory"",tgid: ""172956"",source: ""syscall"",type: ""Artifact"",version: ""1890"",hash: ""45816256227b4d47e1145a481af749d7""})"
"(:VERTEX {memory address: ""7f63bd2e2000"",size: ""11000"",subtype: ""memory"",tgid: ""172956"",source: ""syscall"",type: ""Artifact"",version: ""1891"",hash: ""bc34f595f7ba2039cf390c56613df492""})"
"(:VERTEX {memory address: ""7f63bd2e2000"",size: ""11000"",subtype: ""memory"",tgid: ""172956"",source: ""syscall"",type: ""Artifact"",version: ""1892"",hash: ""8df3ea0a7a27af6ae9f42414ebb6220f""})"
"(:VERTEX {memory address: ""7f63bd2e2000"",size: ""11000"",subtype: ""memory"",tgid: ""172956"",source: ""syscall"",type: ""Artifact"",version: ""1893"",hash: ""11b396deee9997770bc55e164056af45""})"
"(:VERTEX {memory address: ""7f63bd2e2000"",size: ""11000"",subtype: ""memory"",tgid: ""172956"",source: ""syscall"",type: ""Artifact"",version: ""1894"",hash: ""8d3acf98434077c850a279acac9597d6""})"
"(:VERTEX {memory address: ""7f63bd2e2000"",size: ""11000"",subtype: ""memory"",tgid: ""172956"",source: ""syscall"",type: ""Artifact"",version: ""1895"",hash: ""9600a790e8203c6edec61bd9bb93fcc3""})"
"(:VERTEX {memory address: ""7f63bd2e2000"",size: ""11000"",subtype: ""memory"",tgid: ""172956"",source: ""syscall"",type: ""Artifact"",version: ""1896"",hash: ""9c1bfa2472e14cb4dfebf17e416a747c""})"
"(:VERTEX {memory address: ""7f23edf73000"",size: ""a000"",subtype: ""memory"",tgid: ""172093"",source: ""syscall"",type: ""Artifact"",version: ""3"",hash: ""384d6d8d5f5818c3ada92df537bd8796""})"
"(:VERTEX {memory address: ""7f23edf71000"",size: ""c000"",subtype: ""memory"",tgid: ""172093"",source: ""syscall"",type: ""Artifact"",version: ""0"",hash: ""0dddbbf16e483f5f3fc53c491b7cabd3""})"
"(:VERTEX {memory address: ""7f23edf71000"",size: ""c000"",subtype: ""memory"",tgid: ""172093"",source: ""syscall"",type: ""Artifact"",version: ""1"",hash: ""0b9b2f9b96861fcb9ce08d729d22ce40""})"
"(:VERTEX {memory address: ""7f23edf74000"",size: ""9000"",subtype: ""memory"",tgid: ""172093"",source: ""syscall"",type: ""Artifact"",version: ""2"",hash: ""96d8d48cab76985650432c1582977d2d""})"
"(:VERTEX {memory address: ""7f23edf6a000"",size: ""a000"",subtype: ""memory"",tgid: ""172093"",source: ""syscall"",type: ""Artifact"",version: ""0"",hash: ""4e986b5ba3da99653b200a9a46a0db60""})"
"(:VERTEX {memory address: ""7f63bd2e2000"",size: ""11000"",subtype: ""memory"",tgid: ""172956"",source: ""syscall"",type: ""Artifact"",version: ""1897"",hash: ""a2a014afa0ab33078ad13ab3080f61da""})"
"(:VERTEX {memory address: ""7f63bd2e2000"",size: ""11000"",subtype: ""memory"",tgid: ""172956"",source: ""syscall"",type: ""Artifact"",version: ""1898"",hash: ""89af091b8527d4d72084825a5fdbee7d""})"
"(:VERTEX {memory address: ""7f63bd2e2000"",size: ""11000"",subtype: ""memory"",tgid: ""172956"",source: ""syscall"",type: ""Artifact"",version: ""1899"",hash: ""650467087f759aa67c57f71e183d1530""})"
"(:VERTEX {memory address: ""7f63bd2e2000"",size: ""11000"",subtype: ""memory"",tgid: ""172956"",source: ""syscall"",type: ""Artifact"",version: ""1900"",hash: ""b2b917aca26e1717eab18ce886291a5b""})"
"(:VERTEX {memory address: ""7f63bd2e2000"",size: ""11000"",subtype: ""memory"",tgid: ""172956"",source: ""syscall"",type: ""Artifact"",version: ""1901"",hash: ""30eda72d57993b629965440abdfaf59d""})"
"(:VERTEX {memory address: ""7f63bd2e2000"",size: ""11000"",subtype: ""memory"",tgid: ""172956"",source: ""syscall"",type: ""Artifact"",version: ""1902"",hash: ""0d3d4f94248dd0b0c85ce1d80850574f""})"
"(:VERTEX {memory address: ""7f63bd2e2000"",size: ""11000"",subtype: ""memory"",tgid: ""172956"",source: ""syscall"",type: ""Artifact"",version: ""1903"",hash: ""e5dcaf4721b00fbff5a4d1d600150670""})"
"(:VERTEX {memory address: ""7f63bd2e2000"",size: ""11000"",subtype: ""memory"",tgid: ""172956"",source: ""syscall"",type: ""Artifact"",version: ""1904"",hash: ""8a0785e99d2197be440a3a7c3cc950a2""})"
"(:VERTEX {memory address: ""7f63bd2e2000"",size: ""11000"",subtype: ""memory"",tgid: ""172956"",source: ""syscall"",type: ""Artifact"",version: ""1905"",hash: ""0578cc9fd961d3722483c84161345e15""})"
"(:VERTEX {memory address: ""7f63bd2e2000"",size: ""11000"",subtype: ""memory"",tgid: ""172956"",source: ""syscall"",type: ""Artifact"",version: ""1906"",hash: ""1c3c5cfd735d8af618676166d36ad618""})"
"(:VERTEX {memory address: ""7f63bd2e2000"",size: ""11000"",subtype: ""memory"",tgid: ""172956"",source: ""syscall"",type: ""Artifact"",version: ""1907"",hash: ""80e37fffbb87f6a9a9785d36cbd77e5c""})"
"(:VERTEX {remote port: ""53"",epoch: ""0"",source: ""syscall"",type: ""Artifact"",version: ""0"",local port: ""59454"",net namespace: ""-1"",local address: ""10.1.251.244"",protocol: ""udp"",subtype: ""network socket"",remote address: ""10.152.183.10"",hash: ""be4390f41736439df6f388c962047a04""})"
"(:VERTEX {remote port: ""53"",epoch: ""0"",source: ""syscall"",type: ""Artifact"",version: ""0"",local port: ""50485"",net namespace: ""-1"",local address: ""10.1.251.244"",protocol: ""udp"",subtype: ""network socket"",remote address: ""10.152.183.10"",hash: ""67f5136da88559534af45478a4ba7923""})"
"(:VERTEX {memory address: ""7f63bd2e2000"",size: ""11000"",subtype: ""memory"",tgid: ""172956"",source: ""syscall"",type: ""Artifact"",version: ""1908"",hash: ""e8148ca5ff25ce0ac6def7bbf12de8cc""})"
"(:VERTEX {memory address: ""7f63bd2e2000"",size: ""11000"",subtype: ""memory"",tgid: ""172956"",source: ""syscall"",type: ""Artifact"",version: ""1909"",hash: ""982aa286d6793653bcff725296dd42ec""})"
"(:VERTEX {memory address: ""7f63bd2e2000"",size: ""11000"",subtype: ""memory"",tgid: ""172956"",source: ""syscall"",type: ""Artifact"",version: ""1910"",hash: ""fffb8d67d2a8615a1204f7872e376c72""})"
"(:VERTEX {memory address: ""7f63bd2e2000"",size: ""11000"",subtype: ""memory"",tgid: ""172956"",source: ""syscall"",type: ""Artifact"",version: ""1911"",hash: ""7a732466a2c3207ec3b10d9be9b855b6""})"
"(:VERTEX {memory address: ""7f63bd2e2000"",size: ""11000"",subtype: ""memory"",tgid: ""172956"",source: ""syscall"",type: ""Artifact"",version: ""1912"",hash: ""63a602c6bcae696a00ee402bfdd166f5""})"
"(:VERTEX {memory address: ""7f23edf6d000"",size: ""10000"",subtype: ""memory"",tgid: ""172093"",source: ""syscall"",type: ""Artifact"",version: ""0"",hash: ""d802b5eb3f51fb235aa770363ee2ef72""})"
"(:VERTEX {memory address: ""7f23edf6d000"",size: ""10000"",subtype: ""memory"",tgid: ""172093"",source: ""syscall"",type: ""Artifact"",version: ""1"",hash: ""d4be62981de2138ccd050854e9acb0bc""})"
"(:VERTEX {memory address: ""7f23edf6c000"",size: ""11000"",subtype: ""memory"",tgid: ""172093"",source: ""syscall"",type: ""Artifact"",version: ""1"",hash: ""20dd53d93e2f34a2fd58cf712dec6efa""})"
"(:VERTEX {memory address: ""7f23edf6c000"",size: ""11000"",subtype: ""memory"",tgid: ""172093"",source: ""syscall"",type: ""Artifact"",version: ""2"",hash: ""595b3f0ec64967cece178555a84d0b5e""})"
"(:VERTEX {memory address: ""7f23edf6c000"",size: ""11000"",subtype: ""memory"",tgid: ""172093"",source: ""syscall"",type: ""Artifact"",version: ""3"",hash: ""ef3c214196e865162b320479a705a55a""})"
"(:VERTEX {memory address: ""7f23edf72000"",size: ""b000"",subtype: ""memory"",tgid: ""172093"",source: ""syscall"",type: ""Artifact"",version: ""0"",hash: ""1c99b4e52c15f1c35dbc0088d336d548""})"
"(:VERTEX {memory address: ""7f23edf67000"",size: ""b000"",subtype: ""memory"",tgid: ""172093"",source: ""syscall"",type: ""Artifact"",version: ""0"",hash: ""193a54ee4f82f19b58febbc88ced72c1""})"
"(:VERTEX {memory address: ""7f63bd2e2000"",size: ""11000"",subtype: ""memory"",tgid: ""172956"",source: ""syscall"",type: ""Artifact"",version: ""1913"",hash: ""7a7df3d444f77f8ad84d918d196baeb4""})"
"(:VERTEX {memory address: ""7f63bd2e2000"",size: ""11000"",subtype: ""memory"",tgid: ""172956"",source: ""syscall"",type: ""Artifact"",version: ""1914"",hash: ""ca3756620d579f8ffd95341962deb585""})"
"(:VERTEX {memory address: ""7f63bd2e2000"",size: ""11000"",subtype: ""memory"",tgid: ""172956"",source: ""syscall"",type: ""Artifact"",version: ""1915"",hash: ""2807abb9d6b8457a8390c5b061809449""})"
"(:VERTEX {memory address: ""7f23ede83000"",size: ""7000"",subtype: ""memory"",tgid: ""172093"",source: ""syscall"",type: ""Artifact"",version: ""0"",hash: ""a536f98ca9ef241ea68cc1ecece56be3""})"
"(:VERTEX {memory address: ""7f63bd2e2000"",size: ""11000"",subtype: ""memory"",tgid: ""172956"",source: ""syscall"",type: ""Artifact"",version: ""1916"",hash: ""46d33a360cadb3d7143bd7fe54912f85""})"
"(:VERTEX {memory address: ""7f63bd2e2000"",size: ""11000"",subtype: ""memory"",tgid: ""172956"",source: ""syscall"",type: ""Artifact"",version: ""1917"",hash: ""b3633c693bc22d6f6467328713db6276""})"
"(:VERTEX {memory address: ""7f63bd2e2000"",size: ""11000"",subtype: ""memory"",tgid: ""172956"",source: ""syscall"",type: ""Artifact"",version: ""1918"",hash: ""77c271ca4df3c4902d7828efac97e472""})"
"(:VERTEX {memory address: ""7f63bd2e2000"",size: ""11000"",subtype: ""memory"",tgid: ""172956"",source: ""syscall"",type: ""Artifact"",version: ""1919"",hash: ""0377943b8dbe412835f0b1dbd5873141""})"
"(:VERTEX {memory address: ""7f63bd2e2000"",size: ""11000"",subtype: ""memory"",tgid: ""172956"",source: ""syscall"",type: ""Artifact"",version: ""1920"",hash: ""c152e8e0dc5ba19b779e223292de894b""})"
"(:VERTEX {memory address: ""1c0561980000"",size: ""40000"",subtype: ""memory"",tgid: ""172956"",source: ""syscall"",type: ""Artifact"",version: ""17"",hash: ""81080c0e30b646a896dc1a02c2b3cb0c""})"
"(:VERTEX {memory address: ""ce06300000"",size: ""40000"",subtype: ""memory"",tgid: ""172956"",source: ""syscall"",type: ""Artifact"",version: ""17"",hash: ""b164ae9dfbf8e8dde578e1f17036084c""})"
"(:VERTEX {memory address: ""24c73be40000"",size: ""40000"",subtype: ""memory"",tgid: ""172956"",source: ""syscall"",type: ""Artifact"",version: ""17"",hash: ""6bf567de14bfcd1438221dc587e2eb78""})"
"(:VERTEX {memory address: ""1dce6d6c0000"",size: ""40000"",subtype: ""memory"",tgid: ""172956"",source: ""syscall"",type: ""Artifact"",version: ""17"",hash: ""42758c97697d82fa4628c6a22f52ac5b""})"
"(:VERTEX {memory address: ""7f63bd2ef000"",size: ""4000"",subtype: ""memory"",tgid: ""172956"",source: ""syscall"",type: ""Artifact"",version: ""72"",hash: ""51ef8779087dcb2414d767a62fbe3b07""})"
"(:VERTEX {memory address: ""7f63bd2eb000"",size: ""4000"",subtype: ""memory"",tgid: ""172956"",source: ""syscall"",type: ""Artifact"",version: ""59"",hash: ""c39bc4a22dfec1596549d653ecb7bbb0""})"
"(:VERTEX {memory address: ""7f63bd2eb000"",size: ""4000"",subtype: ""memory"",tgid: ""172956"",source: ""syscall"",type: ""Artifact"",version: ""60"",hash: ""910fa08e26932037eb52ec4374f8ba5f""})"
"(:VERTEX {memory address: ""11f76ac0000"",size: ""40000"",subtype: ""memory"",tgid: ""172956"",source: ""syscall"",type: ""Artifact"",version: ""67"",hash: ""c77e0103f5b7523a9d1d5aacac7cd68e""})"
"(:VERTEX {memory address: ""31798280000"",size: ""40000"",subtype: ""memory"",tgid: ""172956"",source: ""syscall"",type: ""Artifact"",version: ""67"",hash: ""898757f3beda0ae5b950affddee590dc""})"
"(:VERTEX {memory address: ""7cb45600000"",size: ""40000"",subtype: ""memory"",tgid: ""172956"",source: ""syscall"",type: ""Artifact"",version: ""67"",hash: ""6563f48655ca4370d7b2a5c3cd0dd02a""})"
"(:VERTEX {memory address: ""3030c7dc0000"",size: ""40000"",subtype: ""memory"",tgid: ""172956"",source: ""syscall"",type: ""Artifact"",version: ""67"",hash: ""0b75256c9af79bc0035ba9b3d8fb8dd5""})"
"(:VERTEX {memory address: ""7f63bd2e2000"",size: ""11000"",subtype: ""memory"",tgid: ""172956"",source: ""syscall"",type: ""Artifact"",version: ""1921"",hash: ""19a17ccdf0bfb784ae7928421c2adf68""})"
"(:VERTEX {memory address: ""7f63bd2e2000"",size: ""11000"",subtype: ""memory"",tgid: ""172956"",source: ""syscall"",type: ""Artifact"",version: ""1922"",hash: ""b13f36902e6e127c88e95cbd48e6fc9d""})"
"(:VERTEX {memory address: ""7f63bd2e2000"",size: ""11000"",subtype: ""memory"",tgid: ""172956"",source: ""syscall"",type: ""Artifact"",version: ""1923"",hash: ""e961ec6ecf131ecac72a87aa00e768c9""})"
"(:VERTEX {memory address: ""7f63bd2e2000"",size: ""11000"",subtype: ""memory"",tgid: ""172956"",source: ""syscall"",type: ""Artifact"",version: ""1924"",hash: ""ac8c299bffb98e21b4b3627409fc928c""})"
"(:VERTEX {memory address: ""7f63bd2f1000"",size: ""2000"",subtype: ""memory"",tgid: ""172956"",source: ""syscall"",type: ""Artifact"",version: ""116"",hash: ""4f35eb7fc70c2db9078438b9a3209bcc""})"
"(:VERTEX {memory address: ""7f63bd2e8000"",size: ""9000"",subtype: ""memory"",tgid: ""172956"",source: ""syscall"",type: ""Artifact"",version: ""52"",hash: ""0bd2e23cbfb604ca84c0a0b196903348""})"
"(:VERTEX {memory address: ""7f63bd1bd000"",size: ""9000"",subtype: ""memory"",tgid: ""172956"",source: ""syscall"",type: ""Artifact"",version: ""338"",hash: ""be9153af8ca65fc28999bbf942b2291a""})"
"(:VERTEX {memory address: ""7f63bb104000"",size: ""11000"",subtype: ""memory"",tgid: ""172956"",source: ""syscall"",type: ""Artifact"",version: ""12"",hash: ""8149401bc67b076c48cfc547726490e8""})"
"(:VERTEX {memory address: ""7f63bb15d000"",size: ""9000"",subtype: ""memory"",tgid: ""172956"",source: ""syscall"",type: ""Artifact"",version: ""200"",hash: ""a113c5aa896612deac59be1dff27963f""})"
"(:VERTEX {memory address: ""7f63bb10c000"",size: ""9000"",subtype: ""memory"",tgid: ""172956"",source: ""syscall"",type: ""Artifact"",version: ""29"",hash: ""37c156e5af68d97c9635dbfc639546d8""})"
"(:VERTEX {memory address: ""7f63bb10c000"",size: ""9000"",subtype: ""memory"",tgid: ""172956"",source: ""syscall"",type: ""Artifact"",version: ""30"",hash: ""2311fad79346d1de0cf4c54de8f75ef2""})"
"(:VERTEX {memory address: ""7f63bd1e6000"",size: ""7000"",subtype: ""memory"",tgid: ""172956"",source: ""syscall"",type: ""Artifact"",version: ""252"",hash: ""94742d6310f463d0e11680e29b18987a""})"
"(:VERTEX {memory address: ""7f63bb103000"",size: ""9000"",subtype: ""memory"",tgid: ""172956"",source: ""syscall"",type: ""Artifact"",version: ""67"",hash: ""f3534cf45bf0af209329ecf1f2cb1a10""})"
"(:VERTEX {memory address: ""7f63bb0fa000"",size: ""9000"",subtype: ""memory"",tgid: ""172956"",source: ""syscall"",type: ""Artifact"",version: ""52"",hash: ""260f70194ef1adbe60a272c9455561cc""})"
"(:VERTEX {memory address: ""7f63bb103000"",size: ""9000"",subtype: ""memory"",tgid: ""172956"",source: ""syscall"",type: ""Artifact"",version: ""68"",hash: ""8c596b9153c8ce95a540e6d187d5d568""})"
"(:VERTEX {memory address: ""7f63bb104000"",size: ""8000"",subtype: ""memory"",tgid: ""172956"",source: ""syscall"",type: ""Artifact"",version: ""1"",hash: ""eb274b65bf7b93cc7b8bd67839606e98""})"
"(:VERTEX {memory address: ""7f63bb103000"",size: ""9000"",subtype: ""memory"",tgid: ""172956"",source: ""syscall"",type: ""Artifact"",version: ""69"",hash: ""8e2b80fc6c0a699c7aac10b73b6073b8""})"
"(:VERTEX {memory address: ""7f63bb0fa000"",size: ""9000"",subtype: ""memory"",tgid: ""172956"",source: ""syscall"",type: ""Artifact"",version: ""53"",hash: ""02875f6cb01374b3375b9d36aec8dde0""})"
"(:VERTEX {memory address: ""7f63bd1bd000"",size: ""9000"",subtype: ""memory"",tgid: ""172956"",source: ""syscall"",type: ""Artifact"",version: ""339"",hash: ""55f32c65d41093e5cb01ce12317eef3b""})"
"(:VERTEX {memory address: ""7f63bb104000"",size: ""11000"",subtype: ""memory"",tgid: ""172956"",source: ""syscall"",type: ""Artifact"",version: ""13"",hash: ""a61c075769aa60d370779c410b37e8b2""})"
"(:VERTEX {memory address: ""7f63bd2e2000"",size: ""11000"",subtype: ""memory"",tgid: ""172956"",source: ""syscall"",type: ""Artifact"",version: ""1925"",hash: ""539a9f6952a97e97c341a33954cc2eef""})"
"(:VERTEX {memory address: ""7f63bd2e2000"",size: ""11000"",subtype: ""memory"",tgid: ""172956"",source: ""syscall"",type: ""Artifact"",version: ""1926"",hash: ""f7ddca1c50ba55f0927d0fc82c0515dc""})"
"(:VERTEX {memory address: ""7f63bd2e2000"",size: ""11000"",subtype: ""memory"",tgid: ""172956"",source: ""syscall"",type: ""Artifact"",version: ""1927"",hash: ""b26d184cf7a871b11c0c2b586f2246dc""})"
"(:VERTEX {memory address: ""7f63bd2e2000"",size: ""11000"",subtype: ""memory"",tgid: ""172956"",source: ""syscall"",type: ""Artifact"",version: ""1928"",hash: ""bc70ebf4c30ad34e0b3876d96ef59306""})"
"(:VERTEX {memory address: ""7f63bd2f1000"",size: ""2000"",subtype: ""memory"",tgid: ""172956"",source: ""syscall"",type: ""Artifact"",version: ""117"",hash: ""ff75f9a7cec457e2a88e015059263c8b""})"
"(:VERTEX {memory address: ""7f63bd2e8000"",size: ""9000"",subtype: ""memory"",tgid: ""172956"",source: ""syscall"",type: ""Artifact"",version: ""53"",hash: ""1ea37481e68c212ae463180ecc7e75d7""})"
"(:VERTEX {memory address: ""7f63bb104000"",size: ""11000"",subtype: ""memory"",tgid: ""172956"",source: ""syscall"",type: ""Artifact"",version: ""14"",hash: ""0c96927389bc7d6737d5c72572bf4f83""})"
"(:VERTEX {memory address: ""7f63bd1bd000"",size: ""9000"",subtype: ""memory"",tgid: ""172956"",source: ""syscall"",type: ""Artifact"",version: ""340"",hash: ""5acdfc7f125c37b2a9575b14f7b4a652""})"
"(:VERTEX {memory address: ""7f63bb15d000"",size: ""9000"",subtype: ""memory"",tgid: ""172956"",source: ""syscall"",type: ""Artifact"",version: ""201"",hash: ""792e55afe0ab5d155838e6d293fd46d4""})"
"(:VERTEX {memory address: ""7f63bb10c000"",size: ""9000"",subtype: ""memory"",tgid: ""172956"",source: ""syscall"",type: ""Artifact"",version: ""31"",hash: ""8f4368939db180d50614fae82076ee81""})"
"(:VERTEX {memory address: ""7f63bb103000"",size: ""9000"",subtype: ""memory"",tgid: ""172956"",source: ""syscall"",type: ""Artifact"",version: ""70"",hash: ""950fcd6152abfbab2bd69577cb3df290""})"
"(:VERTEX {memory address: ""7f63bb0fa000"",size: ""9000"",subtype: ""memory"",tgid: ""172956"",source: ""syscall"",type: ""Artifact"",version: ""54"",hash: ""a44956909ff3781ac2daf8cf237e11d7""})"
"(:VERTEX {memory address: ""7f63bd1e6000"",size: ""7000"",subtype: ""memory"",tgid: ""172956"",source: ""syscall"",type: ""Artifact"",version: ""253"",hash: ""de72fe9b395bd35cfbf49a655ee9a9db""})"
"(:VERTEX {memory address: ""7f63bb10c000"",size: ""9000"",subtype: ""memory"",tgid: ""172956"",source: ""syscall"",type: ""Artifact"",version: ""32"",hash: ""8669f9be7cbc7152e2f3fa81066aeaf1""})"
"(:VERTEX {memory address: ""7f63bb0f1000"",size: ""9000"",subtype: ""memory"",tgid: ""172956"",source: ""syscall"",type: ""Artifact"",version: ""103"",hash: ""4f5c146290a5974105b73931b423c375""})"
"(:VERTEX {memory address: ""7f63bb0e8000"",size: ""9000"",subtype: ""memory"",tgid: ""172956"",source: ""syscall"",type: ""Artifact"",version: ""121"",hash: ""bacfcae839a7cc3cf00eac2d7504e814""})"
"(:VERTEX {memory address: ""7f63bb10c000"",size: ""9000"",subtype: ""memory"",tgid: ""172956"",source: ""syscall"",type: ""Artifact"",version: ""33"",hash: ""4ae81c7b5eac3e07d8b157083f226afb""})"
"(:VERTEX {memory address: ""7f63bd2e5000"",size: ""3000"",subtype: ""memory"",tgid: ""172956"",source: ""syscall"",type: ""Artifact"",version: ""5"",hash: ""b6a9754e438453132d271117fb149f6f""})"
"(:VERTEX {memory address: ""7f63bb0e9000"",size: ""11000"",subtype: ""memory"",tgid: ""172956"",source: ""syscall"",type: ""Artifact"",version: ""8"",hash: ""7e9b26592cbf2dfbba6d6cc472c14180""})"
"(:VERTEX {memory address: ""7f63bb10c000"",size: ""9000"",subtype: ""memory"",tgid: ""172956"",source: ""syscall"",type: ""Artifact"",version: ""34"",hash: ""551ae1ce7d7ff44c5de1cdfebcdf1ad5""})"
"(:VERTEX {memory address: ""7f63bb0f1000"",size: ""9000"",subtype: ""memory"",tgid: ""172956"",source: ""syscall"",type: ""Artifact"",version: ""104"",hash: ""849733796ab3f9e03d62d4aa8dfb7ec4""})"
"(:VERTEX {memory address: ""7f63bb0e8000"",size: ""9000"",subtype: ""memory"",tgid: ""172956"",source: ""syscall"",type: ""Artifact"",version: ""122"",hash: ""62e94b164571b8040d60cb887e7b23e0""})"
"(:VERTEX {memory address: ""7f63bb0df000"",size: ""9000"",subtype: ""memory"",tgid: ""172956"",source: ""syscall"",type: ""Artifact"",version: ""93"",hash: ""67fdeb1c2c582c649e78da8181bdedfa""})"
"(:VERTEX {memory address: ""7f63bb0ce000"",size: ""11000"",subtype: ""memory"",tgid: ""172956"",source: ""syscall"",type: ""Artifact"",version: ""6"",hash: ""876df728348cbf22a59a607f2359cc4b""})"
"(:VERTEX {memory address: ""7f63bd1e6000"",size: ""7000"",subtype: ""memory"",tgid: ""172956"",source: ""syscall"",type: ""Artifact"",version: ""254"",hash: ""2b5b04ce69004f06117be41172e1a1de""})"
"(:VERTEX {memory address: ""7f63bb0f1000"",size: ""9000"",subtype: ""memory"",tgid: ""172956"",source: ""syscall"",type: ""Artifact"",version: ""105"",hash: ""7047671564991e770c4d7f05af3eb21a""})"
"(:VERTEX {memory address: ""7f63bb0e8000"",size: ""9000"",subtype: ""memory"",tgid: ""172956"",source: ""syscall"",type: ""Artifact"",version: ""123"",hash: ""2864eb0bce42c0f8de8a041c992629d5""})"
"(:VERTEX {memory address: ""7f63bd1e6000"",size: ""7000"",subtype: ""memory"",tgid: ""172956"",source: ""syscall"",type: ""Artifact"",version: ""255"",hash: ""9b3ff4f08257b783cb4f4d61835832df""})"
"(:VERTEX {memory address: ""7f63bb0f1000"",size: ""9000"",subtype: ""memory"",tgid: ""172956"",source: ""syscall"",type: ""Artifact"",version: ""106"",hash: ""a0009fb353565e6a0d6a68fcaa153c0e""})"
"(:VERTEX {memory address: ""7f63bb0e8000"",size: ""9000"",subtype: ""memory"",tgid: ""172956"",source: ""syscall"",type: ""Artifact"",version: ""124"",hash: ""66801612739bd6f3aad0e48fd601ed06""})"
"(:VERTEX {memory address: ""7f63bb0ce000"",size: ""11000"",subtype: ""memory"",tgid: ""172956"",source: ""syscall"",type: ""Artifact"",version: ""7"",hash: ""c58befbc72e0de0772acb945073ef859""})"
"(:VERTEX {memory address: ""7f63bb0e8000"",size: ""9000"",subtype: ""memory"",tgid: ""172956"",source: ""syscall"",type: ""Artifact"",version: ""125"",hash: ""be25a8e2608eef838193e0d2f65cf2d5""})"
"(:VERTEX {memory address: ""7f63bb0d6000"",size: ""9000"",subtype: ""memory"",tgid: ""172956"",source: ""syscall"",type: ""Artifact"",version: ""106"",hash: ""17135bbe805fec0b12cca7bdd30a31a0""})"
"(:VERTEX {memory address: ""7f63bd1bd000"",size: ""9000"",subtype: ""memory"",tgid: ""172956"",source: ""syscall"",type: ""Artifact"",version: ""341"",hash: ""8d8fadd4b19be8e6e500a8af02df7fd7""})"
"(:VERTEX {memory address: ""7f63bb10c000"",size: ""9000"",subtype: ""memory"",tgid: ""172956"",source: ""syscall"",type: ""Artifact"",version: ""35"",hash: ""a023fd4e52969d27d458f7ba2bd98846""})"
"(:VERTEX {memory address: ""7f63bb103000"",size: ""9000"",subtype: ""memory"",tgid: ""172956"",source: ""syscall"",type: ""Artifact"",version: ""71"",hash: ""1d7e9f46e4b38b9670143da0681eedce""})"
"(:VERTEX {memory address: ""7f63bb103000"",size: ""9000"",subtype: ""memory"",tgid: ""172956"",source: ""syscall"",type: ""Artifact"",version: ""72"",hash: ""e1f6da1b5dd96f76207a02e28b2b563d""})"
"(:VERTEX {memory address: ""7f63bd2e2000"",size: ""11000"",subtype: ""memory"",tgid: ""172956"",source: ""syscall"",type: ""Artifact"",version: ""1929"",hash: ""1135056fad5c18e901c284b212e868db""})"
"(:VERTEX {memory address: ""7f63bd2e2000"",size: ""11000"",subtype: ""memory"",tgid: ""172956"",source: ""syscall"",type: ""Artifact"",version: ""1930"",hash: ""efdf018bb31a455c92cd527457065e0d""})"
"(:VERTEX {memory address: ""7f63bd2e2000"",size: ""11000"",subtype: ""memory"",tgid: ""172956"",source: ""syscall"",type: ""Artifact"",version: ""1931"",hash: ""049a5a32aa4d40eada22557bc62c5490""})"
"(:VERTEX {memory address: ""7f63bd2e2000"",size: ""11000"",subtype: ""memory"",tgid: ""172956"",source: ""syscall"",type: ""Artifact"",version: ""1932"",hash: ""b8e15119d7c0d2512f6b85ebaf1437f6""})"
"(:VERTEX {memory address: ""7f63bd2e2000"",size: ""11000"",subtype: ""memory"",tgid: ""172956"",source: ""syscall"",type: ""Artifact"",version: ""1933"",hash: ""aee4c5d5b74cf76425020d479a734af4""})"
"(:VERTEX {memory address: ""7f63bd2e2000"",size: ""11000"",subtype: ""memory"",tgid: ""172956"",source: ""syscall"",type: ""Artifact"",version: ""1934"",hash: ""8df1d74f1c74af2f23d23dfec5628b7f""})"
"(:VERTEX {memory address: ""7f63bd2e2000"",size: ""11000"",subtype: ""memory"",tgid: ""172956"",source: ""syscall"",type: ""Artifact"",version: ""1935"",hash: ""dbf5b8d7f1260b2301ee2b1d885b5124""})"
"(:VERTEX {memory address: ""7f63bd2e2000"",size: ""11000"",subtype: ""memory"",tgid: ""172956"",source: ""syscall"",type: ""Artifact"",version: ""1936"",hash: ""e455a156834a504dffc3b7598b85dc24""})"
"(:VERTEX {memory address: ""7f63bd2e2000"",size: ""11000"",subtype: ""memory"",tgid: ""172956"",source: ""syscall"",type: ""Artifact"",version: ""1937"",hash: ""8df764dde06fcd8d270530fc8df245d7""})"
"(:VERTEX {memory address: ""7f63bd2e2000"",size: ""11000"",subtype: ""memory"",tgid: ""172956"",source: ""syscall"",type: ""Artifact"",version: ""1938"",hash: ""f6789c3d525af7a23fbaa63638d433ce""})"
"(:VERTEX {memory address: ""7f63bd2e2000"",size: ""11000"",subtype: ""memory"",tgid: ""172956"",source: ""syscall"",type: ""Artifact"",version: ""1939"",hash: ""6cdcc1cec3cfa6c412de0c7c58296373""})"
"(:VERTEX {memory address: ""7f63bd2e2000"",size: ""11000"",subtype: ""memory"",tgid: ""172956"",source: ""syscall"",type: ""Artifact"",version: ""1940"",hash: ""9b5650432a395435f9820310103bec18""})"
"(:VERTEX {remote port: ""53"",epoch: ""0"",source: ""syscall"",type: ""Artifact"",version: ""0"",local port: ""51644"",net namespace: ""4026532992"",local address: ""10.1.251.244"",protocol: ""udp"",subtype: ""network socket"",remote address: ""10.152.183.10"",hash: ""3bec114762410ff08dbf9457f1ae6daf""})"
"(:VERTEX {remote port: ""53"",epoch: ""0"",source: ""syscall"",type: ""Artifact"",version: ""0"",local port: ""47367"",net namespace: ""4026532992"",local address: ""10.1.251.244"",protocol: ""udp"",subtype: ""network socket"",remote address: ""10.152.183.10"",hash: ""14e791097aaf0fa06b0c0a2e8ebf41c7""})"
"(:VERTEX {memory address: ""7f63bd2e2000"",size: ""11000"",subtype: ""memory"",tgid: ""172956"",source: ""syscall"",type: ""Artifact"",version: ""1941"",hash: ""16e3a37257c8fb839a847f39af0829c0""})"
"(:VERTEX {memory address: ""7f23f4ec6000"",size: ""10000"",subtype: ""memory"",tgid: ""172093"",source: ""syscall"",type: ""Artifact"",version: ""0"",hash: ""c59988b140758c53a45b7c7746458e68""})"
"(:VERTEX {memory address: ""7f63bd2e2000"",size: ""11000"",subtype: ""memory"",tgid: ""172956"",source: ""syscall"",type: ""Artifact"",version: ""1942"",hash: ""9103853502796e4d3b8be53d0e9c9099""})"
"(:VERTEX {memory address: ""7f63bd2e2000"",size: ""11000"",subtype: ""memory"",tgid: ""172956"",source: ""syscall"",type: ""Artifact"",version: ""1943"",hash: ""3e81408a76b13c9b55ff4f8c835ae432""})"
"(:VERTEX {memory address: ""7f63bd2e2000"",size: ""11000"",subtype: ""memory"",tgid: ""172956"",source: ""syscall"",type: ""Artifact"",version: ""1944"",hash: ""3b901803aa0d4ba1df6efa83838dbd4f""})"
"(:VERTEX {memory address: ""7f63bd2e2000"",size: ""11000"",subtype: ""memory"",tgid: ""172956"",source: ""syscall"",type: ""Artifact"",version: ""1945"",hash: ""83a962a60ad4d30b7366275be46193f2""})"
"(:VERTEX {memory address: ""7f23edf74000"",size: ""9000"",subtype: ""memory"",tgid: ""172093"",source: ""syscall"",type: ""Artifact"",version: ""3"",hash: ""04cd0179585380051ca7b627c244b2d4""})"
"(:VERTEX {memory address: ""7f23edf6b000"",size: ""9000"",subtype: ""memory"",tgid: ""172093"",source: ""syscall"",type: ""Artifact"",version: ""3"",hash: ""e018c21613f6fb0d20a991b7bb7bfd66""})"
"(:VERTEX {memory address: ""7f23edf5a000"",size: ""11000"",subtype: ""memory"",tgid: ""172093"",source: ""syscall"",type: ""Artifact"",version: ""0"",hash: ""75fbc2f4f3f5da747816dac7749c7f37""})"
"(:VERTEX {memory address: ""7f23ededa000"",size: ""80000"",subtype: ""memory"",tgid: ""172093"",source: ""syscall"",type: ""Artifact"",version: ""0"",hash: ""bbb89e3b59d54aa36bf8006993734c82""})"
"(:VERTEX {memory address: ""7f23eded1000"",size: ""9000"",subtype: ""memory"",tgid: ""172093"",source: ""syscall"",type: ""Artifact"",version: ""0"",hash: ""b6b4a796ab2b32c860621bf31e8d0a24""})"
"(:VERTEX {memory address: ""7f23edec8000"",size: ""9000"",subtype: ""memory"",tgid: ""172093"",source: ""syscall"",type: ""Artifact"",version: ""0"",hash: ""90f6cb200412748b5b202ed329f683f3""})"
"(:VERTEX {memory address: ""7f23ede48000"",size: ""80000"",subtype: ""memory"",tgid: ""172093"",source: ""syscall"",type: ""Artifact"",version: ""0"",hash: ""c3cef2fa78d70ca013ae9ca0b6fcac59""})"
"(:VERTEX {memory address: ""7f23ede37000"",size: ""11000"",subtype: ""memory"",tgid: ""172093"",source: ""syscall"",type: ""Artifact"",version: ""0"",hash: ""4b72bddf215046c9d09f30f8aefb7730""})"
"(:VERTEX {memory address: ""7f23ede16000"",size: ""20024"",subtype: ""memory"",tgid: ""172093"",source: ""syscall"",type: ""Artifact"",version: ""0"",hash: ""81d1156c038fb744eca6b15d10c8b006""})"
"(:VERTEX {memory address: ""7f23edd96000"",size: ""80000"",subtype: ""memory"",tgid: ""172093"",source: ""syscall"",type: ""Artifact"",version: ""0"",hash: ""65aca2a34c718c00fc912d2389773101""})"
"(:VERTEX {memory address: ""7f23eda6a000"",size: ""100000"",subtype: ""memory"",tgid: ""172093"",source: ""syscall"",type: ""Artifact"",version: ""1"",hash: ""0d87d8e066b3a57ff9e81ae465937a49""})"
"(:VERTEX {memory address: ""7f23edd8d000"",size: ""9000"",subtype: ""memory"",tgid: ""172093"",source: ""syscall"",type: ""Artifact"",version: ""0"",hash: ""a4b060974fa12d3589510c2da37cbe0d""})"
"(:VERTEX {memory address: ""7f23edd7c000"",size: ""11000"",subtype: ""memory"",tgid: ""172093"",source: ""syscall"",type: ""Artifact"",version: ""0"",hash: ""da42149100c1b24febb817151532b1f6""})"
"(:VERTEX {memory address: ""7f23eda49000"",size: ""20024"",subtype: ""memory"",tgid: ""172093"",source: ""syscall"",type: ""Artifact"",version: ""0"",hash: ""5b6b2d4d0ec059e10259fc3a949d3b02""})"
"(:VERTEX {memory address: ""7f23eda49000"",size: ""20024"",subtype: ""memory"",tgid: ""172093"",source: ""syscall"",type: ""Artifact"",version: ""1"",hash: ""0e8592f36b37d2eff667a3bb04ea1d4b""})"
"(:VERTEX {memory address: ""7f23edd73000"",size: ""9000"",subtype: ""memory"",tgid: ""172093"",source: ""syscall"",type: ""Artifact"",version: ""0"",hash: ""9f12f6965f909a0debc132c610697b39""})"
"(:VERTEX {memory address: ""7f23eda38000"",size: ""11000"",subtype: ""memory"",tgid: ""172093"",source: ""syscall"",type: ""Artifact"",version: ""0"",hash: ""2496de138ccad0fae1a2d4ff377996cf""})"
"(:VERTEX {memory address: ""7f23eda27000"",size: ""11000"",subtype: ""memory"",tgid: ""172093"",source: ""syscall"",type: ""Artifact"",version: ""0"",hash: ""f39c582fef09223e0536935344bc7863""})"
"(:VERTEX {memory address: ""7f23ed927000"",size: ""100000"",subtype: ""memory"",tgid: ""172093"",source: ""syscall"",type: ""Artifact"",version: ""0"",hash: ""5eb905ec0848471d5921c484264726a3""})"
"(:VERTEX {memory address: ""7f23ed919000"",size: ""e000"",subtype: ""memory"",tgid: ""172093"",source: ""syscall"",type: ""Artifact"",version: ""0"",hash: ""c79365c2502863be9519070d4efad8f0""})"
"(:VERTEX {memory address: ""7f23ed910000"",size: ""9000"",subtype: ""memory"",tgid: ""172093"",source: ""syscall"",type: ""Artifact"",version: ""0"",hash: ""2a8404f084e1b6b6b1170b7c0e4c7abf""})"
"(:VERTEX {memory address: ""7f23ed8ff000"",size: ""11000"",subtype: ""memory"",tgid: ""172093"",source: ""syscall"",type: ""Artifact"",version: ""0"",hash: ""75c74ac97073f695d78724d91346e3f8""})"
"(:VERTEX {memory address: ""7f23eda27000"",size: ""11000"",subtype: ""memory"",tgid: ""172093"",source: ""syscall"",type: ""Artifact"",version: ""1"",hash: ""528fa4cc48c8a4948bbbf36ca1118406""})"
"(:VERTEX {memory address: ""7f23ed8ee000"",size: ""11000"",subtype: ""memory"",tgid: ""172093"",source: ""syscall"",type: ""Artifact"",version: ""0"",hash: ""9eb23ab04ba6dd92c3e65778e15110d4""})"
"(:VERTEX {memory address: ""7f23ed91e000"",size: ""9000"",subtype: ""memory"",tgid: ""172093"",source: ""syscall"",type: ""Artifact"",version: ""0"",hash: ""d2f283dc6c0379b63afa9ced95d0d3fe""})"
"(:VERTEX {memory address: ""7f23ed89d000"",size: ""509d4"",subtype: ""memory"",tgid: ""172093"",source: ""syscall"",type: ""Artifact"",version: ""0"",hash: ""414f789d3a97d41edf62f6b2bd723367""})"
"(:VERTEX {memory address: ""7f23ed894000"",size: ""9000"",subtype: ""memory"",tgid: ""172093"",source: ""syscall"",type: ""Artifact"",version: ""0"",hash: ""abc1c1787f6455ba51d635c99892fc35""})"
"(:VERTEX {memory address: ""7f23ed8e5000"",size: ""9000"",subtype: ""memory"",tgid: ""172093"",source: ""syscall"",type: ""Artifact"",version: ""0"",hash: ""c1e3934833d275d7b3188210c8fd0539""})"
"(:VERTEX {memory address: ""7f23ed8d4000"",size: ""11000"",subtype: ""memory"",tgid: ""172093"",source: ""syscall"",type: ""Artifact"",version: ""0"",hash: ""0a6ff0d3824148459cb241b9badccefa""})"
"(:VERTEX {memory address: ""7f23ed854000"",size: ""80000"",subtype: ""memory"",tgid: ""172093"",source: ""syscall"",type: ""Artifact"",version: ""0"",hash: ""5a617f9442846442835a405d99007f32""})"
"(:VERTEX {memory address: ""7f23ed843000"",size: ""11000"",subtype: ""memory"",tgid: ""172093"",source: ""syscall"",type: ""Artifact"",version: ""0"",hash: ""459f0b7ed144a628a96b80a9c9986e1d""})"
"(:VERTEX {memory address: ""7f23ed855000"",size: ""8000"",subtype: ""memory"",tgid: ""172093"",source: ""syscall"",type: ""Artifact"",version: ""0"",hash: ""af2dbc3c767ff75518376a5af55c9888""})"
"(:VERTEX {memory address: ""7f23ed85e000"",size: ""8000"",subtype: ""memory"",tgid: ""172093"",source: ""syscall"",type: ""Artifact"",version: ""0"",hash: ""0b6923ed42dee3b29753f753f7077af9""})"
"(:VERTEX {memory address: ""7f23eda2f000"",size: ""9000"",subtype: ""memory"",tgid: ""172093"",source: ""syscall"",type: ""Artifact"",version: ""0"",hash: ""1fa8a0fed8f36ab8864ef935ff564e1b""})"
"(:VERTEX {memory address: ""7f23ed8ee000"",size: ""11000"",subtype: ""memory"",tgid: ""172093"",source: ""syscall"",type: ""Artifact"",version: ""1"",hash: ""37e78c7d4d634a681dcb413bc4e5b584""})"
"(:VERTEX {memory address: ""7f23ed8ee000"",size: ""11000"",subtype: ""memory"",tgid: ""172093"",source: ""syscall"",type: ""Artifact"",version: ""2"",hash: ""4316f61067f39cb7d5e65d2c125103f7""})"
"(:VERTEX {memory address: ""7f23ed8dd000"",size: ""11000"",subtype: ""memory"",tgid: ""172093"",source: ""syscall"",type: ""Artifact"",version: ""0"",hash: ""f1d596de8cb2f837b684611d762685ad""})"
"(:VERTEX {memory address: ""7f23ed91e000"",size: ""9000"",subtype: ""memory"",tgid: ""172093"",source: ""syscall"",type: ""Artifact"",version: ""1"",hash: ""df55c63b5112e529678b63d539bc0588""})"
"(:VERTEX {memory address: ""7f23ed88a000"",size: ""52734"",subtype: ""memory"",tgid: ""172093"",source: ""syscall"",type: ""Artifact"",version: ""0"",hash: ""ed967f9a6a5f9637e680718efd6e2f98""})"
"(:VERTEX {memory address: ""7f23ed80a000"",size: ""80000"",subtype: ""memory"",tgid: ""172093"",source: ""syscall"",type: ""Artifact"",version: ""0"",hash: ""4aef6227b0d25b6e65830583f8b48eb2""})"
"(:VERTEX {memory address: ""7f23ed80b000"",size: ""8000"",subtype: ""memory"",tgid: ""172093"",source: ""syscall"",type: ""Artifact"",version: ""0"",hash: ""0bd3b31a6db8137e430ca4027dd14587""})"
"(:VERTEX {memory address: ""7f23ed85d000"",size: ""80000"",subtype: ""memory"",tgid: ""172093"",source: ""syscall"",type: ""Artifact"",version: ""0"",hash: ""6c934e0751ae8d34787c1b6c21fc99be""})"
"(:VERTEX {memory address: ""7f23ed84c000"",size: ""11000"",subtype: ""memory"",tgid: ""172093"",source: ""syscall"",type: ""Artifact"",version: ""0"",hash: ""23fe4ec4f7e28fcd57bfd2a21ebe622b""})"
"(:VERTEX {memory address: ""7f23ed83b000"",size: ""11000"",subtype: ""memory"",tgid: ""172093"",source: ""syscall"",type: ""Artifact"",version: ""0"",hash: ""16d52958476efcb19f0c5c1c1123a5bf""})"
"(:VERTEX {memory address: ""7f23ed867000"",size: ""8000"",subtype: ""memory"",tgid: ""172093"",source: ""syscall"",type: ""Artifact"",version: ""0"",hash: ""ac02230ccc94ec68c03d3610f1355fb8""})"
"(:VERTEX {memory address: ""7f23ed870000"",size: ""8000"",subtype: ""memory"",tgid: ""172093"",source: ""syscall"",type: ""Artifact"",version: ""0"",hash: ""202f260822d5f157aab5cfef4c1c2f57""})"
"(:VERTEX {memory address: ""7f23ed8ee000"",size: ""11000"",subtype: ""memory"",tgid: ""172093"",source: ""syscall"",type: ""Artifact"",version: ""3"",hash: ""dfbae5f42fcd3ad8150c94f3febdba67""})"
"(:VERTEX {memory address: ""7f23ed8dd000"",size: ""11000"",subtype: ""memory"",tgid: ""172093"",source: ""syscall"",type: ""Artifact"",version: ""1"",hash: ""a60c4d8cee506db3b91b3d83f4b112dd""})"
"(:VERTEX {memory address: ""7f23ed91e000"",size: ""9000"",subtype: ""memory"",tgid: ""172093"",source: ""syscall"",type: ""Artifact"",version: ""2"",hash: ""bb29d775435261aa947995ee3cda3374""})"
"(:VERTEX {memory address: ""7f23ed883000"",size: ""59ad4"",subtype: ""memory"",tgid: ""172093"",source: ""syscall"",type: ""Artifact"",version: ""0"",hash: ""b444fc557d8a7d5f9a7b832f00650757""})"
"(:VERTEX {memory address: ""7f23ed803000"",size: ""80000"",subtype: ""memory"",tgid: ""172093"",source: ""syscall"",type: ""Artifact"",version: ""0"",hash: ""64a61ebf1400927126b4c5cc9204d37e""})"
"(:VERTEX {memory address: ""7f23ed804000"",size: ""8000"",subtype: ""memory"",tgid: ""172093"",source: ""syscall"",type: ""Artifact"",version: ""0"",hash: ""584abe3dc5c80552dc06ec0dca6eee93""})"
"(:VERTEX {memory address: ""7f23ed8cc000"",size: ""11000"",subtype: ""memory"",tgid: ""172093"",source: ""syscall"",type: ""Artifact"",version: ""0"",hash: ""9db196faa2b35947970671060f112c43""})"
"(:VERTEX {memory address: ""7f23ed84c000"",size: ""80000"",subtype: ""memory"",tgid: ""172093"",source: ""syscall"",type: ""Artifact"",version: ""0"",hash: ""8dbdc171778c2eab8e40eec3be28a09e""})"
"(:VERTEX {memory address: ""7f23ed83b000"",size: ""11000"",subtype: ""memory"",tgid: ""172093"",source: ""syscall"",type: ""Artifact"",version: ""1"",hash: ""e992caad490b59ebf2ae00a9fe984fe6""})"
"(:VERTEX {memory address: ""7f23ed84d000"",size: ""8000"",subtype: ""memory"",tgid: ""172093"",source: ""syscall"",type: ""Artifact"",version: ""0"",hash: ""7c25de0fd7769c6e175d62a2c04444af""})"
"(:VERTEX {memory address: ""7f23ed856000"",size: ""8000"",subtype: ""memory"",tgid: ""172093"",source: ""syscall"",type: ""Artifact"",version: ""0"",hash: ""52c59683d86326afcd76d5d1cd7fed19""})"
"(:VERTEX {memory address: ""7f23ed85f000"",size: ""8000"",subtype: ""memory"",tgid: ""172093"",source: ""syscall"",type: ""Artifact"",version: ""0"",hash: ""8fdca16593e736f84cad66bb88c2b025""})"
"(:VERTEX {memory address: ""7f23ed868000"",size: ""8000"",subtype: ""memory"",tgid: ""172093"",source: ""syscall"",type: ""Artifact"",version: ""0"",hash: ""09a65a905874421863df033b8e564a49""})"
"(:VERTEX {memory address: ""7f23ed871000"",size: ""8000"",subtype: ""memory"",tgid: ""172093"",source: ""syscall"",type: ""Artifact"",version: ""0"",hash: ""7146cb51ec1c9eda807f2a555cf60aa3""})"
"(:VERTEX {memory address: ""7f23ed87a000"",size: ""8000"",subtype: ""memory"",tgid: ""172093"",source: ""syscall"",type: ""Artifact"",version: ""0"",hash: ""daf8f9c5f360e5c2ad5caf7cfff4cd56""})"
"(:VERTEX {memory address: ""7f23ed883000"",size: ""8000"",subtype: ""memory"",tgid: ""172093"",source: ""syscall"",type: ""Artifact"",version: ""0"",hash: ""bed3a3986fd9f42337d0ef4b9bf768db""})"
"(:VERTEX {memory address: ""7f23ed88c000"",size: ""9000"",subtype: ""memory"",tgid: ""172093"",source: ""syscall"",type: ""Artifact"",version: ""0"",hash: ""e12f9497c528483448f69176af89193e""})"
"(:VERTEX {memory address: ""7f23ed896000"",size: ""8000"",subtype: ""memory"",tgid: ""172093"",source: ""syscall"",type: ""Artifact"",version: ""0"",hash: ""58e3382e61d1ecf620c00a1f593aa864""})"
"(:VERTEX {memory address: ""7f23ed89f000"",size: ""8000"",subtype: ""memory"",tgid: ""172093"",source: ""syscall"",type: ""Artifact"",version: ""0"",hash: ""4a59407fcc54afda24078080bf752548""})"
"(:VERTEX {memory address: ""7f23ed8a8000"",size: ""8000"",subtype: ""memory"",tgid: ""172093"",source: ""syscall"",type: ""Artifact"",version: ""0"",hash: ""19735654b232de43c1ce666e510bd758""})"
"(:VERTEX {memory address: ""7f23ed8b1000"",size: ""8000"",subtype: ""memory"",tgid: ""172093"",source: ""syscall"",type: ""Artifact"",version: ""0"",hash: ""4b48f61c0c6d3d03f379cd5f64684536""})"
"(:VERTEX {memory address: ""7f23ed8ba000"",size: ""8000"",subtype: ""memory"",tgid: ""172093"",source: ""syscall"",type: ""Artifact"",version: ""0"",hash: ""59e68e0ccea61e20d10006b5c63ba36c""})"
"(:VERTEX {memory address: ""7f23ed8c3000"",size: ""8000"",subtype: ""memory"",tgid: ""172093"",source: ""syscall"",type: ""Artifact"",version: ""0"",hash: ""4b218c5370585938c165433b4e319b78""})"
"(:VERTEX {memory address: ""7f23ed8ee000"",size: ""11000"",subtype: ""memory"",tgid: ""172093"",source: ""syscall"",type: ""Artifact"",version: ""4"",hash: ""53ca9ce3aa33479c1dc1a51f30ad95d8""})"
"(:VERTEX {memory address: ""7f23ed8dd000"",size: ""11000"",subtype: ""memory"",tgid: ""172093"",source: ""syscall"",type: ""Artifact"",version: ""2"",hash: ""4e58b558c6f6d539d128c833bb98dd17""})"
"(:VERTEX {memory address: ""7f23ed91d000"",size: ""a000"",subtype: ""memory"",tgid: ""172093"",source: ""syscall"",type: ""Artifact"",version: ""0"",hash: ""502a6eba4e1252467e7e3acfb7314491""})"
"(:VERTEX {memory address: ""7f23ed881000"",size: ""5b884"",subtype: ""memory"",tgid: ""172093"",source: ""syscall"",type: ""Artifact"",version: ""0"",hash: ""5c3c6f14df38463d06851e3e475199e4""})"
"(:VERTEX {memory address: ""7f23ed877000"",size: ""a000"",subtype: ""memory"",tgid: ""172093"",source: ""syscall"",type: ""Artifact"",version: ""0"",hash: ""00372293987cc09833e77dba09da1ca0""})"
"(:VERTEX {memory address: ""7f23ed8cc000"",size: ""11000"",subtype: ""memory"",tgid: ""172093"",source: ""syscall"",type: ""Artifact"",version: ""1"",hash: ""683ea289df30e233cd2cb8798f6bb38a""})"
"(:VERTEX {memory address: ""7f23ed8c3000"",size: ""9000"",subtype: ""memory"",tgid: ""172093"",source: ""syscall"",type: ""Artifact"",version: ""0"",hash: ""8d3bc4f158c2adc54178e7f0aaa0eb87""})"
"(:VERTEX {memory address: ""7f23ed843000"",size: ""80000"",subtype: ""memory"",tgid: ""172093"",source: ""syscall"",type: ""Artifact"",version: ""0"",hash: ""4c22fa75273d7e8496bc4ff121e5a3d9""})"
"(:VERTEX {memory address: ""7f23ed832000"",size: ""11000"",subtype: ""memory"",tgid: ""172093"",source: ""syscall"",type: ""Artifact"",version: ""0"",hash: ""a011134d7d489f0b11f531a2574bee9b""})"
"(:VERTEX {memory address: ""7f23ed821000"",size: ""11000"",subtype: ""memory"",tgid: ""172093"",source: ""syscall"",type: ""Artifact"",version: ""0"",hash: ""7d33a8332d9df7c76ad5488f78422962""})"
"(:VERTEX {memory address: ""7f23ed844000"",size: ""8000"",subtype: ""memory"",tgid: ""172093"",source: ""syscall"",type: ""Artifact"",version: ""0"",hash: ""02b274949f20f4090f029ec881d94ef1""})"
"(:VERTEX {memory address: ""7f23ed8ee000"",size: ""11000"",subtype: ""memory"",tgid: ""172093"",source: ""syscall"",type: ""Artifact"",version: ""5"",hash: ""5d9fa8e8f0777bbfa7d4b0fefe7ab143""})"
"(:VERTEX {memory address: ""7f23ed8dd000"",size: ""11000"",subtype: ""memory"",tgid: ""172093"",source: ""syscall"",type: ""Artifact"",version: ""3"",hash: ""a7213c281e36cc4e881c43f8f03df5a9""})"
"(:VERTEX {memory address: ""7f23ed8cc000"",size: ""11000"",subtype: ""memory"",tgid: ""172093"",source: ""syscall"",type: ""Artifact"",version: ""2"",hash: ""972ea7600e9159546abefc7564272ddf""})"
"(:VERTEX {memory address: ""7f23ed91d000"",size: ""a000"",subtype: ""memory"",tgid: ""172093"",source: ""syscall"",type: ""Artifact"",version: ""1"",hash: ""77c13a60f383ccd78fd56d601b9bb6dd""})"
"(:VERTEX {memory address: ""7f23ed86a000"",size: ""61644"",subtype: ""memory"",tgid: ""172093"",source: ""syscall"",type: ""Artifact"",version: ""0"",hash: ""82f887437e2eeaebcf4022d265febc8b""})"
"(:VERTEX {memory address: ""7f23ed860000"",size: ""a000"",subtype: ""memory"",tgid: ""172093"",source: ""syscall"",type: ""Artifact"",version: ""0"",hash: ""f0e630bc344ce93cf2450b44b2de1434""})"
"(:VERTEX {memory address: ""7f23ed8bb000"",size: ""11000"",subtype: ""memory"",tgid: ""172093"",source: ""syscall"",type: ""Artifact"",version: ""0"",hash: ""34e9865c71eba99acd25bde3602c4298""})"
"(:VERTEX {memory address: ""7f23ed8b2000"",size: ""9000"",subtype: ""memory"",tgid: ""172093"",source: ""syscall"",type: ""Artifact"",version: ""0"",hash: ""c6401d625269b21e9c33b118f5cb3c0a""})"
"(:VERTEX {memory address: ""7f23ed8a1000"",size: ""11000"",subtype: ""memory"",tgid: ""172093"",source: ""syscall"",type: ""Artifact"",version: ""0"",hash: ""31362ee4952e2868e3f60fe0bf26932a""})"
"(:VERTEX {memory address: ""7f23ed821000"",size: ""80000"",subtype: ""memory"",tgid: ""172093"",source: ""syscall"",type: ""Artifact"",version: ""0"",hash: ""c8bfb83bd28fb8188b7836f3a74ad450""})"
"(:VERTEX {memory address: ""7f23ed810000"",size: ""11000"",subtype: ""memory"",tgid: ""172093"",source: ""syscall"",type: ""Artifact"",version: ""0"",hash: ""e4d529f282d9ce19f9135ef49f30045b""})"
"(:VERTEX {memory address: ""7f23ed822000"",size: ""8000"",subtype: ""memory"",tgid: ""172093"",source: ""syscall"",type: ""Artifact"",version: ""0"",hash: ""23588aaefa1708695053a1838ef6326d""})"
"(:VERTEX {memory address: ""7f23ed82b000"",size: ""8000"",subtype: ""memory"",tgid: ""172093"",source: ""syscall"",type: ""Artifact"",version: ""0"",hash: ""b401859de3daec1eea969a80a6d8a39e""})"
"(:VERTEX {memory address: ""7f23ed834000"",size: ""8000"",subtype: ""memory"",tgid: ""172093"",source: ""syscall"",type: ""Artifact"",version: ""0"",hash: ""718b897b0ae8921fbff741d15e5517e5""})"
"(:VERTEX {memory address: ""7f23ed8dd000"",size: ""11000"",subtype: ""memory"",tgid: ""172093"",source: ""syscall"",type: ""Artifact"",version: ""4"",hash: ""327bfb800d9ec85c9ef4d35c28f10bfb""})"
"(:VERTEX {memory address: ""7f23ed8cc000"",size: ""11000"",subtype: ""memory"",tgid: ""172093"",source: ""syscall"",type: ""Artifact"",version: ""3"",hash: ""1b29536125c4759e055e7c28034aa11f""})"
"(:VERTEX {memory address: ""7f23ed91c000"",size: ""b000"",subtype: ""memory"",tgid: ""172093"",source: ""syscall"",type: ""Artifact"",version: ""0"",hash: ""305d307a5a2bcad11df6bc859fcb1b87""})"
"(:VERTEX {memory address: ""7f23ed863000"",size: ""688f4"",subtype: ""memory"",tgid: ""172093"",source: ""syscall"",type: ""Artifact"",version: ""0"",hash: ""eb48a96c3be26c8da9199e604fb76e20""})"
"(:VERTEX {memory address: ""7f23ed8bb000"",size: ""11000"",subtype: ""memory"",tgid: ""172093"",source: ""syscall"",type: ""Artifact"",version: ""1"",hash: ""f74c26bbfa20511aea6be2c20253b3a6""})"
"(:VERTEX {memory address: ""7f23ed8b2000"",size: ""9000"",subtype: ""memory"",tgid: ""172093"",source: ""syscall"",type: ""Artifact"",version: ""1"",hash: ""f1ce32ed2a4eef58d0bdc8cd40268e6b""})"
"(:VERTEX {memory address: ""7f23ed8a1000"",size: ""11000"",subtype: ""memory"",tgid: ""172093"",source: ""syscall"",type: ""Artifact"",version: ""1"",hash: ""3090f1e0e15b8ee591177f5757014729""})"
"(:VERTEX {memory address: ""7f23ed821000"",size: ""80000"",subtype: ""memory"",tgid: ""172093"",source: ""syscall"",type: ""Artifact"",version: ""1"",hash: ""1f95ddb2b8c19fa208451971fb365993""})"
"(:VERTEX {memory address: ""7f23ed810000"",size: ""11000"",subtype: ""memory"",tgid: ""172093"",source: ""syscall"",type: ""Artifact"",version: ""1"",hash: ""109647f39e4bb009cadc1388e9390525""})"
"(:VERTEX {memory address: ""7f23ed83d000"",size: ""8000"",subtype: ""memory"",tgid: ""172093"",source: ""syscall"",type: ""Artifact"",version: ""0"",hash: ""2a387960cfa04e9e6aa9d16a177c60e1""})"
"(:VERTEX {memory address: ""7f23ed8dd000"",size: ""11000"",subtype: ""memory"",tgid: ""172093"",source: ""syscall"",type: ""Artifact"",version: ""5"",hash: ""029cca53df9e9ef6d78e3236ce7b08c7""})"
"(:VERTEX {memory address: ""7f23ed8cc000"",size: ""11000"",subtype: ""memory"",tgid: ""172093"",source: ""syscall"",type: ""Artifact"",version: ""4"",hash: ""df678da8d64decc8e1233ff2df61ef9b""})"
"(:VERTEX {memory address: ""7f23ed91b000"",size: ""c000"",subtype: ""memory"",tgid: ""172093"",source: ""syscall"",type: ""Artifact"",version: ""0"",hash: ""4dd423a982d2022d12e6ede0b7d50820""})"
"(:VERTEX {memory address: ""7f23ed85d000"",size: ""6e7a4"",subtype: ""memory"",tgid: ""172093"",source: ""syscall"",type: ""Artifact"",version: ""0"",hash: ""74cad09cf733b8ce5740a43501664f4e""})"
"(:VERTEX {memory address: ""7f23ed851000"",size: ""c000"",subtype: ""memory"",tgid: ""172093"",source: ""syscall"",type: ""Artifact"",version: ""0"",hash: ""367dd7f5d404c7da80838727303244af""})"
"(:VERTEX {memory address: ""7f23ed8bb000"",size: ""11000"",subtype: ""memory"",tgid: ""172093"",source: ""syscall"",type: ""Artifact"",version: ""2"",hash: ""006eeea67a4931b94a067c099ddd306a""})"
"(:VERTEX {memory address: ""7f23ed8b2000"",size: ""9000"",subtype: ""memory"",tgid: ""172093"",source: ""syscall"",type: ""Artifact"",version: ""2"",hash: ""01db2c5ca2cab9c2c04de0d0534bf2f2""})"
"(:VERTEX {memory address: ""7f23ed8a1000"",size: ""11000"",subtype: ""memory"",tgid: ""172093"",source: ""syscall"",type: ""Artifact"",version: ""2"",hash: ""78799448c84a55d80ededcbef30ef2e8""})"
"(:VERTEX {memory address: ""7f23ed821000"",size: ""80000"",subtype: ""memory"",tgid: ""172093"",source: ""syscall"",type: ""Artifact"",version: ""2"",hash: ""58e999be0367fbb1c47c9b1335c30841""})"
"(:VERTEX {memory address: ""7f23ed721000"",size: ""100000"",subtype: ""memory"",tgid: ""172093"",source: ""syscall"",type: ""Artifact"",version: ""0"",hash: ""d38e79c85477070d7ce7767a82f042f5""})"
"(:VERTEX {memory address: ""7f23ed710000"",size: ""11000"",subtype: ""memory"",tgid: ""172093"",source: ""syscall"",type: ""Artifact"",version: ""0"",hash: ""dcfea86214c9b8a6f96aeb556cd37762""})"
"(:VERTEX {memory address: ""7f23ed846000"",size: ""8000"",subtype: ""memory"",tgid: ""172093"",source: ""syscall"",type: ""Artifact"",version: ""0"",hash: ""dfeb915095a36f5a1271c69c24cc967b""})"
"(:VERTEX {memory address: ""7f23ed8dd000"",size: ""11000"",subtype: ""memory"",tgid: ""172093"",source: ""syscall"",type: ""Artifact"",version: ""6"",hash: ""13eadc2e93d2b48ca7c70428aabdbd3f""})"
"(:VERTEX {memory address: ""7f23ed8cc000"",size: ""11000"",subtype: ""memory"",tgid: ""172093"",source: ""syscall"",type: ""Artifact"",version: ""5"",hash: ""0b12d1f983a599496d4012ad7bae77d2""})"
"(:VERTEX {memory address: ""7f23ed91b000"",size: ""c000"",subtype: ""memory"",tgid: ""172093"",source: ""syscall"",type: ""Artifact"",version: ""1"",hash: ""fe4dc5d470dc253926b09790bdefc17c""})"
"(:VERTEX {memory address: ""7f23ed857000"",size: ""74654"",subtype: ""memory"",tgid: ""172093"",source: ""syscall"",type: ""Artifact"",version: ""0"",hash: ""1ee66065c98b9bdd3ef5ec9194b46863""})"
"(:VERTEX {memory address: ""7f23ed84b000"",size: ""c000"",subtype: ""memory"",tgid: ""172093"",source: ""syscall"",type: ""Artifact"",version: ""0"",hash: ""492d289d9c4a1a57b7a36366b359c06f""})"
"(:VERTEX {memory address: ""7f23ed8c3000"",size: ""9000"",subtype: ""memory"",tgid: ""172093"",source: ""syscall"",type: ""Artifact"",version: ""1"",hash: ""f9abe1632515be00bbddf02dbf6b37ee""})"
"(:VERTEX {memory address: ""7f23ed8b2000"",size: ""11000"",subtype: ""memory"",tgid: ""172093"",source: ""syscall"",type: ""Artifact"",version: ""0"",hash: ""f118d1da7e4b7e12c0a02ecd14fe14cb""})"
"(:VERTEX {memory address: ""7f23ed832000"",size: ""80000"",subtype: ""memory"",tgid: ""172093"",source: ""syscall"",type: ""Artifact"",version: ""0"",hash: ""c5d8d7f3948e6442061396dbc777e917""})"
"(:VERTEX {memory address: ""7f23ed821000"",size: ""11000"",subtype: ""memory"",tgid: ""172093"",source: ""syscall"",type: ""Artifact"",version: ""1"",hash: ""a91e4ce448f2967cb82a64bd3ba51f56""})"
"(:VERTEX {memory address: ""7f23ed710000"",size: ""11000"",subtype: ""memory"",tgid: ""172093"",source: ""syscall"",type: ""Artifact"",version: ""1"",hash: ""9b0a0dafa0e48308369ada5257bc64c4""})"
"(:VERTEX {memory address: ""7f23ed833000"",size: ""8000"",subtype: ""memory"",tgid: ""172093"",source: ""syscall"",type: ""Artifact"",version: ""0"",hash: ""378598bd6cf6b3e39d1410489a0437e0""})"
"(:VERTEX {memory address: ""7f23ed83c000"",size: ""8000"",subtype: ""memory"",tgid: ""172093"",source: ""syscall"",type: ""Artifact"",version: ""0"",hash: ""3ab95ba429775c2a40f1ffa404f65dc4""})"
"(:VERTEX {memory address: ""7f23ed845000"",size: ""8000"",subtype: ""memory"",tgid: ""172093"",source: ""syscall"",type: ""Artifact"",version: ""0"",hash: ""f3ae2796fa1eaf41037026bc97e5d817""})"
"(:VERTEX {memory address: ""7f23ed84e000"",size: ""8000"",subtype: ""memory"",tgid: ""172093"",source: ""syscall"",type: ""Artifact"",version: ""0"",hash: ""3b2d62a9a03c7c7b89bc139a2d1d5c11""})"
"(:VERTEX {memory address: ""7f23ed857000"",size: ""8000"",subtype: ""memory"",tgid: ""172093"",source: ""syscall"",type: ""Artifact"",version: ""0"",hash: ""eb77182aedd5b12e140682dd8438fa19""})"
"(:VERTEX {memory address: ""7f23ed860000"",size: ""8000"",subtype: ""memory"",tgid: ""172093"",source: ""syscall"",type: ""Artifact"",version: ""0"",hash: ""9d0566f8e7b071e3086d3ad64db1b47a""})"
"(:VERTEX {memory address: ""7f23ed869000"",size: ""8000"",subtype: ""memory"",tgid: ""172093"",source: ""syscall"",type: ""Artifact"",version: ""0"",hash: ""80c87284123a939c1c2687ca1c4871f9""})"
"(:VERTEX {memory address: ""7f23ed8dd000"",size: ""11000"",subtype: ""memory"",tgid: ""172093"",source: ""syscall"",type: ""Artifact"",version: ""7"",hash: ""24bd42bf7e9c782c42d96d61f53f90c7""})"
"(:VERTEX {memory address: ""7f23ed8cc000"",size: ""11000"",subtype: ""memory"",tgid: ""172093"",source: ""syscall"",type: ""Artifact"",version: ""6"",hash: ""446f02e7df465a6a107ca50d26954d35""})"
"(:VERTEX {memory address: ""7f23ed91a000"",size: ""d000"",subtype: ""memory"",tgid: ""172093"",source: ""syscall"",type: ""Artifact"",version: ""0"",hash: ""f5f84b7d4eb4175b6cb9cbfb745f15f9""})"
"(:VERTEX {memory address: ""7f23ed851000"",size: ""7a5f4"",subtype: ""memory"",tgid: ""172093"",source: ""syscall"",type: ""Artifact"",version: ""0"",hash: ""9d343f7c8f66d91a9d1a23d73b841eae""})"
"(:VERTEX {memory address: ""7f23ed844000"",size: ""d000"",subtype: ""memory"",tgid: ""172093"",source: ""syscall"",type: ""Artifact"",version: ""0"",hash: ""e36568747c4ca5eba306d3b6028ad2d3""})"
"(:VERTEX {memory address: ""7f23ed8c3000"",size: ""9000"",subtype: ""memory"",tgid: ""172093"",source: ""syscall"",type: ""Artifact"",version: ""2"",hash: ""726f0a43582fc3ca62481ab50c20022b""})"
"(:VERTEX {memory address: ""7f23ed8b2000"",size: ""11000"",subtype: ""memory"",tgid: ""172093"",source: ""syscall"",type: ""Artifact"",version: ""1"",hash: ""ac1793c873dfe8bb5e1b7664010dc2e9""})"
"(:VERTEX {memory address: ""7f23ed832000"",size: ""80000"",subtype: ""memory"",tgid: ""172093"",source: ""syscall"",type: ""Artifact"",version: ""1"",hash: ""c5d4cce7b46a9ab7367449a16f42a120""})"
"(:VERTEX {memory address: ""7f23ed821000"",size: ""11000"",subtype: ""memory"",tgid: ""172093"",source: ""syscall"",type: ""Artifact"",version: ""2"",hash: ""e319ce67bbee854b39a06d2545015e2f""})"
"(:VERTEX {memory address: ""7f23ed710000"",size: ""11000"",subtype: ""memory"",tgid: ""172093"",source: ""syscall"",type: ""Artifact"",version: ""2"",hash: ""9ceb939b599404b93b91c36739cd4bca""})"
"(:VERTEX {memory address: ""7f23ed8c3000"",size: ""9000"",subtype: ""memory"",tgid: ""172093"",source: ""syscall"",type: ""Artifact"",version: ""3"",hash: ""dfed1de5234ecb3ab2052f051d759d0c""})"
"(:VERTEX {memory address: ""7f23ed8b2000"",size: ""11000"",subtype: ""memory"",tgid: ""172093"",source: ""syscall"",type: ""Artifact"",version: ""2"",hash: ""75e0d8c3f2065fe38c6c3981b269fe16""})"
"(:VERTEX {memory address: ""7f23ed832000"",size: ""80000"",subtype: ""memory"",tgid: ""172093"",source: ""syscall"",type: ""Artifact"",version: ""2"",hash: ""61e8296fde8578eb414067f03988d661""})"
"(:VERTEX {memory address: ""7f23ed821000"",size: ""11000"",subtype: ""memory"",tgid: ""172093"",source: ""syscall"",type: ""Artifact"",version: ""3"",hash: ""acd6d689c405bc468a20a86cc182fa56""})"
"(:VERTEX {memory address: ""7f23ed710000"",size: ""11000"",subtype: ""memory"",tgid: ""172093"",source: ""syscall"",type: ""Artifact"",version: ""3"",hash: ""036836e0c13daf25adfa397d9c536d8d""})"
"(:VERTEX {memory address: ""7f23ed872000"",size: ""9000"",subtype: ""memory"",tgid: ""172093"",source: ""syscall"",type: ""Artifact"",version: ""0"",hash: ""a2fd10f47f5a01a4693aa1a3f9898dab""})"
"(:VERTEX {memory address: ""7f23ed87c000"",size: ""8000"",subtype: ""memory"",tgid: ""172093"",source: ""syscall"",type: ""Artifact"",version: ""0"",hash: ""ca4a889e847c60a56350df7ffb89f00f""})"
"(:VERTEX {memory address: ""7f23ed885000"",size: ""8000"",subtype: ""memory"",tgid: ""172093"",source: ""syscall"",type: ""Artifact"",version: ""0"",hash: ""3216a277fd6b97eca4c166eeec5ee898""})"
"(:VERTEX {memory address: ""7f23ed8dd000"",size: ""11000"",subtype: ""memory"",tgid: ""172093"",source: ""syscall"",type: ""Artifact"",version: ""8"",hash: ""510c7dd9319046fbcbf13e1c11ec607e""})"
"(:VERTEX {memory address: ""7f23ed8cc000"",size: ""11000"",subtype: ""memory"",tgid: ""172093"",source: ""syscall"",type: ""Artifact"",version: ""7"",hash: ""a561803b78e24c28fdc5c19fa7b12fb2""})"
"(:VERTEX {memory address: ""7f23ed8bd000"",size: ""f000"",subtype: ""memory"",tgid: ""172093"",source: ""syscall"",type: ""Artifact"",version: ""0"",hash: ""8a26d0258303197f80b4432950af3f90""})"
"(:VERTEX {memory address: ""7f23ed830000"",size: ""8ca74"",subtype: ""memory"",tgid: ""172093"",source: ""syscall"",type: ""Artifact"",version: ""0"",hash: ""cbd5c5af6859927ae4ba6c21977274ed""})"
"(:VERTEX {memory address: ""7f23ed821000"",size: ""f000"",subtype: ""memory"",tgid: ""172093"",source: ""syscall"",type: ""Artifact"",version: ""0"",hash: ""43a6127f1a1e5cd3af6fe359af68d644""})"
"(:VERTEX {memory address: ""7f23ed91e000"",size: ""9000"",subtype: ""memory"",tgid: ""172093"",source: ""syscall"",type: ""Artifact"",version: ""3"",hash: ""eda05ef26a00c5616685a3fa44fec7e0""})"
"(:VERTEX {memory address: ""7f23ed8ac000"",size: ""11000"",subtype: ""memory"",tgid: ""172093"",source: ""syscall"",type: ""Artifact"",version: ""0"",hash: ""1ef80616440449404957cae4ee012d02""})"
"(:VERTEX {memory address: ""7f23ed82c000"",size: ""80000"",subtype: ""memory"",tgid: ""172093"",source: ""syscall"",type: ""Artifact"",version: ""0"",hash: ""ae3a6f2e804d763fd05f7eca80ab8a00""})"
"(:VERTEX {memory address: ""7f23ed710000"",size: ""11000"",subtype: ""memory"",tgid: ""172093"",source: ""syscall"",type: ""Artifact"",version: ""4"",hash: ""2754df31c836c672921cbc1be944e81b""})"
"(:VERTEX {memory address: ""7f23ed6ff000"",size: ""11000"",subtype: ""memory"",tgid: ""172093"",source: ""syscall"",type: ""Artifact"",version: ""0"",hash: ""5aaffbfc184edb8ad04475b6af551c21""})"
"(:VERTEX {memory address: ""7f23ed82d000"",size: ""8000"",subtype: ""memory"",tgid: ""172093"",source: ""syscall"",type: ""Artifact"",version: ""0"",hash: ""cb9a4b883d3eb29e2f474c938daee0e3""})"
"(:VERTEX {memory address: ""7f23ed836000"",size: ""8000"",subtype: ""memory"",tgid: ""172093"",source: ""syscall"",type: ""Artifact"",version: ""0"",hash: ""db5b599a02d55cf2c4f8690dbcdfaa97""})"
"(:VERTEX {memory address: ""7f23ed83f000"",size: ""8000"",subtype: ""memory"",tgid: ""172093"",source: ""syscall"",type: ""Artifact"",version: ""0"",hash: ""dee7ce379b7dbe3f4a78d2ef7b6e50d4""})"
"(:VERTEX {memory address: ""7f23ed848000"",size: ""8000"",subtype: ""memory"",tgid: ""172093"",source: ""syscall"",type: ""Artifact"",version: ""0"",hash: ""419dd8d74861aa457f3e3c09a162e38e""})"
"(:VERTEX {memory address: ""7f23ed851000"",size: ""8000"",subtype: ""memory"",tgid: ""172093"",source: ""syscall"",type: ""Artifact"",version: ""0"",hash: ""2bff78ce0fed752d5c8d6bb12d934ddc""})"
"(:VERTEX {memory address: ""7f23ed85a000"",size: ""8000"",subtype: ""memory"",tgid: ""172093"",source: ""syscall"",type: ""Artifact"",version: ""0"",hash: ""755957ff566b3a408149139fb0fe3a74""})"
"(:VERTEX {memory address: ""7f23ed863000"",size: ""8000"",subtype: ""memory"",tgid: ""172093"",source: ""syscall"",type: ""Artifact"",version: ""0"",hash: ""42fa50e8e0822750f34f93d13e03bc66""})"
"(:VERTEX {memory address: ""7f23ed86c000"",size: ""9000"",subtype: ""memory"",tgid: ""172093"",source: ""syscall"",type: ""Artifact"",version: ""0"",hash: ""9ce0703cb35540a47763f12daeea409d""})"
"(:VERTEX {memory address: ""7f23ed876000"",size: ""8000"",subtype: ""memory"",tgid: ""172093"",source: ""syscall"",type: ""Artifact"",version: ""0"",hash: ""4f55c92e4a4b5713b896d19eed5f32eb""})"
"(:VERTEX {memory address: ""7f23ed87f000"",size: ""8000"",subtype: ""memory"",tgid: ""172093"",source: ""syscall"",type: ""Artifact"",version: ""0"",hash: ""b49cb0b8d09921ca9d6183379b21bd62""})"
"(:VERTEX {memory address: ""7f23ed888000"",size: ""8000"",subtype: ""memory"",tgid: ""172093"",source: ""syscall"",type: ""Artifact"",version: ""0"",hash: ""997498fe86faf2dc8858816901883e92""})"
"(:VERTEX {memory address: ""7f23ed8dd000"",size: ""11000"",subtype: ""memory"",tgid: ""172093"",source: ""syscall"",type: ""Artifact"",version: ""9"",hash: ""6c60baca6f55806452e55ca2d91589fb""})"
"(:VERTEX {memory address: ""7f23ed8cc000"",size: ""11000"",subtype: ""memory"",tgid: ""172093"",source: ""syscall"",type: ""Artifact"",version: ""8"",hash: ""cfead9713710190345e321992a95d90f""})"
"(:VERTEX {memory address: ""7f23ed8bd000"",size: ""f000"",subtype: ""memory"",tgid: ""172093"",source: ""syscall"",type: ""Artifact"",version: ""1"",hash: ""6d9989765f85d52cb0d447e92b8bf617""})"
"(:VERTEX {memory address: ""7f23ed82a000"",size: ""92dd4"",subtype: ""memory"",tgid: ""172093"",source: ""syscall"",type: ""Artifact"",version: ""0"",hash: ""f18d5fb57e715d3de6b7a8afd813ef87""})"
"(:VERTEX {memory address: ""7f23ed712000"",size: ""f000"",subtype: ""memory"",tgid: ""172093"",source: ""syscall"",type: ""Artifact"",version: ""0"",hash: ""93cf99f2dd3b4b2705787003fd3d7eba""})"
"(:VERTEX {memory address: ""7f23ed91e000"",size: ""9000"",subtype: ""memory"",tgid: ""172093"",source: ""syscall"",type: ""Artifact"",version: ""4"",hash: ""9a3eea2a90adf4d1c2cd191d8d5023b4""})"
"(:VERTEX {memory address: ""7f23ed8ac000"",size: ""11000"",subtype: ""memory"",tgid: ""172093"",source: ""syscall"",type: ""Artifact"",version: ""1"",hash: ""de18850301a4a0f57574923e55272f39""})"
"(:VERTEX {memory address: ""7f23ed82c000"",size: ""80000"",subtype: ""memory"",tgid: ""172093"",source: ""syscall"",type: ""Artifact"",version: ""1"",hash: ""a8d0d5fe0ba02867ae15d7870d77f166""})"
"(:VERTEX {memory address: ""7f23ed710000"",size: ""11000"",subtype: ""memory"",tgid: ""172093"",source: ""syscall"",type: ""Artifact"",version: ""5"",hash: ""1426a4eeb2679a2b6742bcc37ab70b3c""})"
"(:VERTEX {memory address: ""7f23ed6ff000"",size: ""11000"",subtype: ""memory"",tgid: ""172093"",source: ""syscall"",type: ""Artifact"",version: ""1"",hash: ""78a0bd346fc06932ea94ff48641f5402""})"
"(:VERTEX {memory address: ""7f23ed891000"",size: ""8000"",subtype: ""memory"",tgid: ""172093"",source: ""syscall"",type: ""Artifact"",version: ""0"",hash: ""d1f2e7f4fabc414b68ebeccc942833ab""})"
"(:VERTEX {memory address: ""7f23ed8dd000"",size: ""11000"",subtype: ""memory"",tgid: ""172093"",source: ""syscall"",type: ""Artifact"",version: ""10"",hash: ""87c52fd1ca0c940d95ca509b9857e654""})"
"(:VERTEX {memory address: ""7f23ed8cc000"",size: ""11000"",subtype: ""memory"",tgid: ""172093"",source: ""syscall"",type: ""Artifact"",version: ""9"",hash: ""19b99bd2400a70fd2f9cafef0e188745""})"
"(:VERTEX {memory address: ""7f23ed8bc000"",size: ""10000"",subtype: ""memory"",tgid: ""172093"",source: ""syscall"",type: ""Artifact"",version: ""0"",hash: ""7504c49b2e70b97fb071baab6a61471f""})"
"(:VERTEX {memory address: ""7f23ed822000"",size: ""99224"",subtype: ""memory"",tgid: ""172093"",source: ""syscall"",type: ""Artifact"",version: ""0"",hash: ""acd458ed67adbf2a5a660ff6b595a222""})"
"(:VERTEX {memory address: ""7f23ed82c000"",size: ""8000"",subtype: ""memory"",tgid: ""172093"",source: ""syscall"",type: ""Artifact"",version: ""0"",hash: ""26bd598a0191f21a455ce5f475141f29""})"
"(:VERTEX {memory address: ""7f23ed683000"",size: ""9d414"",subtype: ""memory"",tgid: ""172093"",source: ""syscall"",type: ""Artifact"",version: ""0"",hash: ""1a6186c5ee37591a9c7688471feaca7a""})"
"(:VERTEX {memory address: ""7f23edd82000"",size: ""b000"",subtype: ""memory"",tgid: ""172093"",source: ""syscall"",type: ""Artifact"",version: ""0"",hash: ""b3334e3a2a254e1fcb0f1424e7076221""})"
"(:VERTEX {memory address: ""7f23ed598000"",size: ""45584"",subtype: ""memory"",tgid: ""172093"",source: ""syscall"",type: ""Artifact"",version: ""0"",hash: ""152a49aa474e84dba24c3e8973a0ae04""})"
"(:VERTEX {memory address: ""7f23ed54f000"",size: ""48cfc"",subtype: ""memory"",tgid: ""172093"",source: ""syscall"",type: ""Artifact"",version: ""0"",hash: ""7178d7ff53aaae6911cfc1c35ce207f2""})"
"(:VERTEX {memory address: ""7f23ede27000"",size: ""201e4"",subtype: ""memory"",tgid: ""172093"",source: ""syscall"",type: ""Artifact"",version: ""0"",hash: ""5466cb4b74dbeeb13ba852a69b6176f3""})"
"(:VERTEX {memory address: ""7f23eda49000"",size: ""201e4"",subtype: ""memory"",tgid: ""172093"",source: ""syscall"",type: ""Artifact"",version: ""0"",hash: ""b20f607d94b3545563f0a05673b02edb""})"
"(:VERTEX {memory address: ""7f23ede1c000"",size: ""b000"",subtype: ""memory"",tgid: ""172093"",source: ""syscall"",type: ""Artifact"",version: ""0"",hash: ""9786ea5552138ecd5432db20182eeb3e""})"
"(:VERTEX {memory address: ""7f23edf5a000"",size: ""9000"",subtype: ""memory"",tgid: ""172093"",source: ""syscall"",type: ""Artifact"",version: ""0"",hash: ""b535b5b28651eb675675482c80d01674""})"
"(:VERTEX {memory address: ""7f23ed596000"",size: ""479c4"",subtype: ""memory"",tgid: ""172093"",source: ""syscall"",type: ""Artifact"",version: ""0"",hash: ""4d4e5946f0f5c3faa02e837846ba4494""})"
"(:VERTEX {memory address: ""7f23ed54a000"",size: ""4b30c"",subtype: ""memory"",tgid: ""172093"",source: ""syscall"",type: ""Artifact"",version: ""0"",hash: ""cc153c85210aa7a5ede59d029d1572d7""})"
"(:VERTEX {memory address: ""7f23ede27000"",size: ""201e4"",subtype: ""memory"",tgid: ""172093"",source: ""syscall"",type: ""Artifact"",version: ""1"",hash: ""6eabb6ac776865b9c83d9411d7c2c092""})"
"(:VERTEX {memory address: ""7f23eda49000"",size: ""201e4"",subtype: ""memory"",tgid: ""172093"",source: ""syscall"",type: ""Artifact"",version: ""1"",hash: ""4a403474b984a5c4abd749f3af11c452""})"
"(:VERTEX {memory address: ""7f23eded1000"",size: ""9000"",subtype: ""memory"",tgid: ""172093"",source: ""syscall"",type: ""Artifact"",version: ""1"",hash: ""df7122fa44e9b1b2b88a26a2cb113c48""})"
"(:VERTEX {memory address: ""7f23eda49000"",size: ""20024"",subtype: ""memory"",tgid: ""172093"",source: ""syscall"",type: ""Artifact"",version: ""2"",hash: ""713e50c7cf24f0ff1089a6f860b1bc4d""})"
"(:VERTEX {memory address: ""7f23ede16000"",size: ""11000"",subtype: ""memory"",tgid: ""172093"",source: ""syscall"",type: ""Artifact"",version: ""0"",hash: ""9a49d876f549fb81ee5ed57109e90771""})"
"(:VERTEX {memory address: ""7f23ed212000"",size: ""10ede4"",subtype: ""memory"",tgid: ""172093"",source: ""syscall"",type: ""Artifact"",version: ""0"",hash: ""7db9f21d7a86062ce1d9a54e313476a5""})"
"(:VERTEX {memory address: ""7f23ed0f5000"",size: ""11c694"",subtype: ""memory"",tgid: ""172093"",source: ""syscall"",type: ""Artifact"",version: ""0"",hash: ""3f8f57b568a2f725459ef34b71bfa2c1""})"
"(:VERTEX {memory address: ""7f23ede27000"",size: ""201e4"",subtype: ""memory"",tgid: ""172093"",source: ""syscall"",type: ""Artifact"",version: ""2"",hash: ""b230f3604f7262f5839d7315747e93d8""})"
"(:VERTEX {memory address: ""7f23ed5bd000"",size: ""201e4"",subtype: ""memory"",tgid: ""172093"",source: ""syscall"",type: ""Artifact"",version: ""0"",hash: ""eb9e47aa9ce8a42b41603fbe92c6b0de""})"
"(:VERTEX {remote port: ""56426"",epoch: ""0"",source: ""syscall"",type: ""Artifact"",version: ""0"",local port: ""8080"",net namespace: ""-1"",local address: ""0000:0000:0000:0000:0000:0000:0000:0000"",protocol: ""tcp"",subtype: ""network socket"",remote address: ""0000:0000:0000:0000:0000:FFFF:C0A8:2F80"",hash: ""090c11a9b91b9803fb7967f53d8e7b83""})"
"(:VERTEX {remote port: ""56434"",epoch: ""0"",source: ""syscall"",type: ""Artifact"",version: ""0"",local port: ""8080"",net namespace: ""-1"",local address: ""0000:0000:0000:0000:0000:0000:0000:0000"",protocol: ""tcp"",subtype: ""network socket"",remote address: ""0000:0000:0000:0000:0000:FFFF:C0A8:2F80"",hash: ""63338e03c13fb67df8542f5d7fcacf7b""})"
"(:VERTEX {remote port: ""35944"",epoch: ""1"",source: ""syscall"",type: ""Artifact"",version: ""0"",local port: ""8080"",net namespace: ""-1"",local address: ""0000:0000:0000:0000:0000:0000:0000:0000"",protocol: ""tcp"",subtype: ""network socket"",remote address: ""0000:0000:0000:0000:0000:FFFF:C0A8:2F80"",hash: ""42eb13435e5f8c78fb69deef9410989c""})"
"(:VERTEX {remote port: ""55264"",epoch: ""0"",source: ""syscall"",type: ""Artifact"",version: ""0"",local port: ""50051"",net namespace: ""-1"",local address: ""0000:0000:0000:0000:0000:0000:0000:0000"",protocol: ""tcp"",subtype: ""network socket"",remote address: ""0000:0000:0000:0000:0000:FFFF:C0A8:2F80"",hash: ""6561eee68c7d00c867b685fc670d101d""})"
"(:VERTEX {remote port: ""43218"",epoch: ""0"",source: ""syscall"",type: ""Artifact"",version: ""0"",local port: ""6379"",net namespace: ""-1"",local address: ""0.0.0.0"",protocol: ""tcp"",subtype: ""network socket"",remote address: ""192.168.47.128"",hash: ""fd55ea8152781b8ad46e48729528329f""})"
"(:VERTEX {remote port: ""43234"",epoch: ""0"",source: ""syscall"",type: ""Artifact"",version: ""0"",local port: ""6379"",net namespace: ""-1"",local address: ""0.0.0.0"",protocol: ""tcp"",subtype: ""network socket"",remote address: ""192.168.47.128"",hash: ""4fbca1167151e4b78b0202bffa5ff258""})"
"(:VERTEX {memory address: ""7f23ecff5000"",size: ""100000"",subtype: ""memory"",tgid: ""172093"",source: ""syscall"",type: ""Artifact"",version: ""0"",hash: ""7f502c24d4f676e9e2497b8f36f8e4f3""})"
"(:VERTEX {remote port: ""35956"",epoch: ""1"",source: ""syscall"",type: ""Artifact"",version: ""0"",local port: ""8080"",net namespace: ""-1"",local address: ""0000:0000:0000:0000:0000:0000:0000:0000"",protocol: ""tcp"",subtype: ""network socket"",remote address: ""0000:0000:0000:0000:0000:FFFF:C0A8:2F80"",hash: ""e3111405a94bfc22c758f76613204656""})"
"(:VERTEX {memory address: ""7f891c026000"",size: ""1000"",subtype: ""memory"",tgid: ""172967"",source: ""syscall"",type: ""Artifact"",version: ""0"",hash: ""734c4a64d0fc1045a11b500989eff481""})"
"(:VERTEX {gid: ""1000"",euid: ""1000"",children pid namespace: ""-1"",pid: ""172104"",seen time: ""1693402080.870"",source: ""syscall"",type: ""Process"",net namespace: ""-1"",ipc namespace: ""-1"",ppid: ""3533"",pid namespace: ""-1"",uid: ""1000"",egid: ""1000"",exe: ""/usr/local/bin/python3.10"",mount namespace: ""-1"",name: ""python"",hash: ""928325c9832fb1dd468316908017530c"",user namespace: ""-1""})"
"(:VERTEX {memory address: ""7f7e5e7fd000"",size: ""801000"",subtype: ""memory"",tgid: ""172104"",source: ""syscall"",type: ""Artifact"",version: ""0"",hash: ""05f5150255c58e9aecf1d55ffe38cfc1""})"
"(:VERTEX {memory address: ""7f7e5e7fe000"",size: ""800000"",subtype: ""memory"",tgid: ""172104"",source: ""syscall"",type: ""Artifact"",version: ""0"",hash: ""84ad98f6e0e15dc7fab29ff08aba5003""})"
"(:VERTEX {gid: ""1000"",euid: ""1000"",children pid namespace: ""4026533530"",start time: ""1693402080.870"",ns pid: ""20"",pid: ""182843"",source: ""syscall"",type: ""Process"",net namespace: ""4026532934"",ipc namespace: ""4026533429"",ppid: ""172104"",pid namespace: ""4026533530"",uid: ""1000"",egid: ""1000"",exe: ""/usr/local/bin/python3.10"",mount namespace: ""4026533529"",name: ""python"",hash: ""e8ebc6ccc484f6656ae8beec83565f0f"",user namespace: ""4026531837""})"
"(:VERTEX {memory address: ""7f7e54000000"",size: ""4000000"",subtype: ""memory"",tgid: ""172104"",source: ""syscall"",type: ""Artifact"",version: ""0"",hash: ""9511fc994f057a9f80b9b33df443c7ff""})"
"(:VERTEX {memory address: ""7f7e54000000"",size: ""21000"",subtype: ""memory"",tgid: ""172104"",source: ""syscall"",type: ""Artifact"",version: ""0"",hash: ""d6dc33ceb84b4aca5243ab36f39acb24""})"
"(:VERTEX {memory address: ""7f23ecef5000"",size: ""100000"",subtype: ""memory"",tgid: ""172093"",source: ""syscall"",type: ""Artifact"",version: ""0"",hash: ""1117f804b1bb0a94cf11ea02f91c4090""})"
"(:VERTEX {memory address: ""7f23ed8ee000"",size: ""11000"",subtype: ""memory"",tgid: ""172093"",source: ""syscall"",type: ""Artifact"",version: ""6"",hash: ""dbe5490acd8946f31fb24540e3f06c79""})"
"(:VERTEX {memory address: ""7f23ede27000"",size: ""20024"",subtype: ""memory"",tgid: ""172093"",source: ""syscall"",type: ""Artifact"",version: ""0"",hash: ""ef1c2195db9771374773b56c0f23f799""})"
"(:VERTEX {memory address: ""7f23ed5cc000"",size: ""12000"",subtype: ""memory"",tgid: ""172093"",source: ""syscall"",type: ""Artifact"",version: ""0"",hash: ""0ed45a332d0fdd037c1cb1393128e0fc""})"
"(:VERTEX {memory address: ""7f23edd6f000"",size: ""4000"",subtype: ""memory"",tgid: ""172093"",source: ""syscall"",type: ""Artifact"",version: ""0"",hash: ""15065563693e1ab195f6d64b1443f4a4""})"
"(:VERTEX {memory address: ""7f23ed4cb000"",size: ""8000"",subtype: ""memory"",tgid: ""172093"",source: ""syscall"",type: ""Artifact"",version: ""0"",hash: ""f74f38320cff6f8515b7d1bbaf120396""})"
"(:VERTEX {memory address: ""7f23ed4d4000"",size: ""8000"",subtype: ""memory"",tgid: ""172093"",source: ""syscall"",type: ""Artifact"",version: ""0"",hash: ""f42c105a2af238b3cc1b9956d7080640""})"
"(:VERTEX {memory address: ""7f23edf78000"",size: ""5000"",subtype: ""memory"",tgid: ""172093"",source: ""syscall"",type: ""Artifact"",version: ""0"",hash: ""86276282630b24e0b2ff12c8257ca041""})"
"(:VERTEX {memory address: ""7f23ed4dd000"",size: ""8000"",subtype: ""memory"",tgid: ""172093"",source: ""syscall"",type: ""Artifact"",version: ""0"",hash: ""90ea478fcc3a8a943a7e599bce89ab48""})"
"(:VERTEX {remote port: ""54650"",epoch: ""0"",source: ""syscall"",type: ""Artifact"",version: ""0"",local port: ""3550"",net namespace: ""4026533110"",local address: ""0000:0000:0000:0000:0000:0000:0000:0000"",protocol: ""tcp"",subtype: ""network socket"",remote address: ""0000:0000:0000:0000:0000:FFFF:C0A8:2F80"",hash: ""5d1ff3b78a82cd582aebd16b0c2a0192""})"